lt_dp_posx,lt_dp_posy,lt_dp_velx,lt_dp_vely,ball_posx,ball_posy,ball_posz,ball_vel_x,ball_vel_y,ball_rot_x,ball_rot_y,ball_rot_z,rt_gk_posx,rt_gk_posy,rt_gk_velx,rt_gk_vely,action_left,action_top_left,action_top,action_top_right,action_right,action_bottom_right,action_bottom,action_bottom_left,action_sprint,action_dribble,sel_action
-1.0110293626785278,-0.0,0.0,-0.0,0.019999999552965164,-0.0,0.11061639338731766,-0.0,0.0,0.0,-0.0,0.0,1.0110293626785278,0.0,-0.0,0.0,0,0,0,0,0,0,0,0,0,0,5
0.0,-0.0,0.0,-0.0,0.019999999552965164,-0.0,0.11059734225273132,-0.0,0.0,0.0,-0.0,0.0,1.0110293626785278,0.0,-0.0,0.0,0,0,0,0,1,0,0,0,0,0,5
0.0,-0.0,0.0,-0.0,0.019999999552965164,-0.0,0.10930104553699493,-0.0,0.0,0.0,-0.0,0.0,1.0109632015228271,-5.533358059944815e-12,-0.0006619621999561787,-5.533357799736294e-11,0,0,0,0,1,0,0,0,0,0,5
0.002605511574074626,1.3680566401941263e-10,0.004109719302505255,2.5224112729094195e-11,0.019999999552965164,-0.0,0.11075475811958313,-0.0,0.0,0.0,-0.0,0.0,1.007768154144287,-2.1731465238428171e-10,-0.004207386635243893,-2.3128930715099472e-10,0,0,0,0,1,0,0,0,0,0,5
0.005889641121029854,-1.5970879063686994e-09,0.005736230872571468,-3.9207298518917355e-10,0.019999999552965164,-0.0,0.11053141206502914,-0.0,0.0,0.0,-0.0,0.0,1.0026906728744507,-3.971626638676895e-10,-0.005775339435786009,-1.1847492431549256e-10,0,0,0,0,1,0,0,0,0,0,13
0.011982080526649952,-2.3340314125874784e-09,0.007240616716444492,-2.362129658539658e-10,0.02691209688782692,-4.666663722119324e-10,0.12254813313484192,0.008374633267521858,-5.659687718484463e-10,2.0085038233280672e-12,1.0416755685582757e-05,-2.8667975111862365e-12,0.9961044192314148,-1.0109590942164459e-10,-0.007231095340102911,6.272694030862169e-10,0,0,0,0,1,0,0,0,1,0,5
0.019974837079644203,-2.479345617700801e-09,0.008583002723753452,-1.7994919443431456e-10,0.03486180678009987,-1.0046676823805e-09,0.11699162423610687,0.007705577649176121,-5.217304921423249e-10,7.288690484497096e-12,4.558203727356158e-05,0.0,0.9881436228752136,3.880270549316833e-10,-0.008531177416443825,3.552722283028942e-10,0,0,0,0,1,0,0,0,1,0,13
0.029211096465587616,-2.6511925987904306e-09,0.009742094203829765,-1.496287399538332e-10,0.04233737289905548,-1.510824132466837e-09,0.10775913298130035,0.007286667823791504,-4.933667918649576e-10,6.8923690539623994e-12,4.31035332439933e-05,6.943401107667453e-19,0.9790472984313965,5.641647704557329e-10,-0.009335489943623543,2.524929709757373e-10,0,0,0,0,1,0,0,0,1,0,5
0.03715028613805771,-4.070698444991194e-09,0.009281553328037262,-1.6718125495085445e-10,0.049390897154808044,-1.9884056623453716e-09,0.11127554625272751,0.006866077426820993,-4.648892382164149e-10,6.494466856660219e-12,4.061513391206972e-05,-6.942896010505913e-19,0.9695028066635132,7.583078054373971e-10,-0.009924523532390594,1.5517284679411603e-10,0,0,0,0,1,0,0,0,1,0,18
0.04607756808400154,-4.900661654261285e-09,0.010248887352645397,-1.0085627472067316e-10,0.05977779999375343,1.4214143448043615e-05,0.1403011828660965,0.013893861323595047,2.8018363082082942e-05,2.857442211734451e-07,7.852933777030557e-06,3.574642164494435e-07,0.9590960144996643,8.475800616913887e-10,-0.010777922347187996,3.3698932533354764e-11,0,0,0,0,1,0,0,0,1,0,16
0.05666933208703995,1.209588958772656e-06,0.010675542056560516,4.048628852615366e-06,0.0735815018415451,4.204217475489713e-05,0.12649618089199066,0.013696718961000443,2.7571653845370747e-05,2.785293133911182e-07,8.640456144348718e-06,3.6553785776050063e-07,0.9481951594352722,3.133981465452962e-07,-0.01080527063459158,7.773384140818962e-07,0,0,0,0,1,0,0,0,1,0,16
0.06764684617519379,9.054887414094992e-06,0.011330842971801758,1.0955336620099843e-05,0.08641690015792847,6.69076616759412e-05,0.12636925280094147,0.01235953439027071,2.3456506824004464e-05,-9.507835585509383e-08,4.876920866081491e-05,3.7999774349373183e-07,0.9369930624961853,1.7016812989822938e-06,-0.011505099013447762,1.8785112843033858e-06,0,0,0,0,1,0,0,0,1,0,18
0.07936257123947144,2.4316739654750563e-05,0.012014280073344707,1.7938891687663272e-05,0.09837605804204941,8.939208782976493e-05,0.11752312630414963,0.011652267538011074,2.1826706870342605e-05,-3.049231338536629e-07,6.892834790050983e-05,9.110068385428938e-14,0.9251608848571777,4.133554284635466e-06,-0.012094132602214813,2.698516937016393e-06,0,0,0,0,1,0,0,0,1,0,18
0.09171651303768158,4.395041105453856e-05,0.01260839868336916,2.160557050956413e-05,0.10968796163797379,0.00011058121890528128,0.11176754534244537,0.0110254418104887,2.0652551029343158e-05,-2.885046797018731e-07,6.521696195704862e-05,-4.55424103106266e-14,0.9127786755561829,7.071146683301777e-06,-0.012599019333720207,3.167506292811595e-06,0,0,0,0,1,0,0,0,1,0,5
0.10458483546972275,6.889075302751735e-05,0.013062182813882828,2.7766725906985812e-05,0.12037452310323715,0.00013059900084044784,0.11096896231174469,0.010411463677883148,1.9502460418152623e-05,-2.7244587386121566e-07,6.158681935630739e-05,-4.553507500530338e-14,0.899957001209259,1.053145660989685e-05,-0.012988903559744358,3.6939165966032306e-06,0,0,0,0,1,0,0,0,1,0,16
0.11779036372900009,-0.0011668414808809757,0.013238980434834957,2.145966936950572e-05,0.13045881688594818,0.0001494886091677472,0.10908360034227371,0.009821703657507896,1.8397733583697118e-05,-2.570160688719625e-07,5.8098921726923436e-05,-4.5528430878865114e-14,0.8867981433868408,1.4444732187257614e-05,-0.013286225497722626,4.1307107494503725e-06,0,0,0,0,1,0,0,0,1,0,5
0.1310293972492218,-0.0022505000233650208,0.013239067979156971,9.537812729831785e-06,0.1431073695421219,2.7994654374197125e-05,0.1472282111644745,0.015537279658019543,-0.00025914341676980257,-6.145261011170078e-08,1.0351108358008787e-05,-7.97656298345828e-07,0.8733821511268616,1.8871487554861233e-05,-0.01351272314786911,4.659941168938531e-06,0,0,0,0,1,0,0,0,1,0,5
0.14428842067718506,-0.0022447635419666767,0.01333785429596901,1.321675972576486e-05,0.15853729844093323,-0.0002293430588906631,0.14566361904144287,0.015342291444540024,-0.00025587400887161493,-6.145261011170078e-08,1.0351108358008787e-05,-7.97656298345828e-07,0.8597712516784668,2.090071575366892e-05,-0.013683823868632317,-5.618849627353484e-06,0,0,0,0,1,0,0,0,1,0,16
0.15778285264968872,-0.002170633291825652,0.013610019348561764,0.00013727426994591951,0.17323258519172668,-0.0004734790127258748,0.12910307943820953,0.014003572054207325,-0.00023157746181823313,1.456201971450355e-06,4.381480175652541e-05,-1.918556336022448e-06,0.8460135459899902,6.810936952206248e-07,-0.01381285022944212,-3.174980156472884e-05,0,0,0,0,1,0,0,0,1,0,16
0.17150762677192688,-0.0019523954251781106,0.013809168711304665,0.0002824732509907335,0.18681393563747406,-0.0006976486183702946,0.11690471321344376,0.013139991089701653,-0.0002164687612093985,3.0237451937864535e-06,7.772020762786269e-05,-3.6456715467661494e-13,0.8321458697319031,-4.448002437129617e-05,-0.013908217661082745,-5.4098116379464045e-05,0,0,0,0,1,0,0,0,1,0,13
0.1854040026664734,-0.0016744860913604498,0.013961861841380596,0.00025186705170199275,0.19959409534931183,-0.000908189918845892,0.1149793490767479,0.012468472123146057,-0.0002054059732472524,2.8694814773189137e-06,7.375453424174339e-05,3.644905015830202e-13,0.8181960582733154,-9.837359539233148e-05,-0.013980444520711899,-5.371358565753326e-05,0,0,0,0,1,0,0,0,1,0,18
0.19943185150623322,-0.0014582672156393528,0.01407651323825121,0.0001880950730992481,0.21168439090251923,-0.001107366057112813,0.10733582079410553,0.011780688539147377,-0.00019407537183724344,2.711302158786566e-06,6.968885281821713e-05,0.0,0.8041843175888062,-0.00015183963114395738,-0.01403443980962038,-5.325360325514339e-05,0,0,0,0,1,0,0,0,1,0,0
0.2135240137577057,-0.0013057789765298367,0.01412181742489338,0.00012587745732162148,0.22309879958629608,-0.0012954073026776314,0.11101727187633514,0.01111898198723793,-0.0001831744593800977,2.5588706193957478e-06,6.577090243808925e-05,0.0,0.790126621723175,-0.00020509536261670291,-0.014075110666453838,-5.344365490600467e-05,0,0,0,0,1,0,0,0,1,0,16
0.22758762538433075,-0.0012173341820016503,0.013973958790302277,6.227651465451345e-05,0.23551695048809052,-0.0014140820130705833,0.13666029274463654,0.015916774049401283,2.147306440747343e-05,8.988234299067699e-07,1.2282899660931434e-05,-9.630429076423752e-07,0.7760343551635742,-0.00025879297754727304,-0.014105264097452164,-5.390040678321384e-05,0,0,0,0,1,0,0,0,1,0,16
0.24116477370262146,-0.0010370410745963454,0.013312673196196556,5.693384082405828e-06,0.2513216733932495,-0.001392776146531105,0.15771380066871643,0.015713201835751534,2.1191086489125155e-05,8.988234299067699e-07,1.2282899660931434e-05,-9.630429076423752e-07,0.7619162201881409,-0.0003122023190371692,-0.014127703383564949,-5.068489190307446e-05,0,0,0,0,1,0,0,0,1,0,13
0.25447729229927063,0.0007004057988524437,0.013312689028680325,3.3214616905752337e-06,0.2666681110858917,-0.0013729291968047619,0.12169547379016876,0.014493783004581928,1.5940669982228428e-05,4.634405286196852e-07,4.097482451470569e-05,-1.2733747212223534e-07,0.7477784156799316,-0.0003564234357327223,-0.014145233668386936,-3.8925940316403285e-05,0,0,0,0,1,0,0,0,1,0,5
0.26778995990753174,0.001016146270558238,0.013312697410583496,9.482557175033435e-07,0.28235700726509094,-0.00113308138679713,0.1742367297410965,0.015752393752336502,0.0002633905678521842,4.0487327623850433e-07,-7.757118396511942e-07,1.8028227088962012e-07,0.7336263656616211,-0.000388864689739421,-0.014157154597342014,-2.7130896341986954e-05,0,0,0,0,1,0,0,0,1,0,7
0.28118664026260376,0.0010013086721301079,0.013516930863261223,-4.796623034053482e-05,0.2979988157749176,-0.0008715346339158714,0.1347707211971283,0.01555195078253746,0.0002600571315269917,4.0487327623850433e-07,-7.757118396511942e-07,1.8028227088962012e-07,0.7194635272026062,-0.0004008950782008469,-0.01416697259992361,1.89383774795715e-06,0,0,0,0,1,0,0,0,1,0,18
0.29483333230018616,0.0008800413925200701,0.013742377050220966,-0.0001832566485973075,0.3125383257865906,-0.000629585178103298,0.13702881336212158,0.014029093086719513,0.00023286580108106136,-9.924951882567257e-07,3.129049582639709e-05,1.9085771327809198e-06,0.7052929401397705,-0.0003819704579655081,-0.014173283241689205,3.286320861661807e-05,0,0,0,0,0,1,0,0,1,0,7
0.3086709678173065,0.0006342396955005825,0.01390891894698143,-0.00026568182511255145,0.3262609839439392,-0.000402056728489697,0.11793908476829529,0.01318079698830843,0.00021800672402605414,-2.3809025151422247e-06,6.290276360232383e-05,1.172635393231758e-06,0.6911165714263916,-0.0003367283788975328,-0.014178192242980003,4.8304893425665796e-05,0,0,0,0,0,1,0,0,1,0,6
0.32250943779945374,0.0005904858116991818,0.01397092454135418,-0.00021635601297020912,0.3390592932701111,-0.0001904797536553815,0.1149919331073761,0.012490350753068924,0.00020646967459470034,-2.884269633796066e-06,7.388213998638093e-05,7.289858820758166e-13,0.6769359111785889,-0.0002884813293348998,-0.014182399027049541,4.819906098418869e-05,0,0,0,0,0,1,0,0,1,0,6
0.33550921082496643,0.0016543602105230093,0.01361006312072277,0.00015642996004316956,0.3511820137500763,9.913527719618287e-06,0.10941587388515472,0.011816035024821758,0.00019532296573743224,-2.7287080683890963e-06,6.98973672115244e-05,0.0,0.6627519726753235,-0.00024012198264244944,-0.014185204170644283,5.0290749641135335e-05,0,0,0,0,0,1,0,0,1,0,12
0.34852954745292664,0.0022211705800145864,0.012725241482257843,0.0006778085371479392,0.3649826645851135,0.0027574801351875067,0.15521076321601868,0.014225674793124199,0.003360981121659279,3.6201963666826487e-06,1.611016887181904e-05,1.7479993402957916e-05,0.6485655307769775,-0.00017778821347746998,-0.01418730802834034,7.218763494165614e-05,0,0,0,0,0,1,0,0,1,0,6
0.3609176278114319,0.003835872281342745,0.01214847806841135,0.0023421344812959433,0.37910178303718567,0.006092769093811512,0.11946232616901398,0.013959459029138088,0.0032939384691417217,2.3932013846206246e-06,1.7754782675183378e-05,1.8869353880290873e-05,0.6343775391578674,-9.355605288874358e-05,-0.01418871060013771,9.408697223989293e-05,0,0,0,0,0,1,0,0,1,0,18
0.3727577030658722,0.006389925722032785,0.011874997988343239,0.002564546884968877,0.3921743333339691,0.009134726598858833,0.130285382270813,0.012716471217572689,0.0029448512941598892,-2.2740059648640454e-05,5.1151320803910494e-05,2.398928700131364e-05,0.620195746421814,0.00017682362522464246,-0.01416697259992361,0.0005265167565084994,0,0,0,0,0,1,0,0,1,0,16
0.3849062919616699,0.008981588296592236,0.012358496896922588,0.0026003452949225903,0.4045092463493347,0.011982547119259834,0.11858467012643814,0.012015972286462784,0.0027701067738234997,-3.8698875869158655e-05,7.107978308340535e-05,-5.831057858785016e-12,0.6060692071914673,0.0010370765812695026,-0.01408422738313675,0.0011327769607305527,0,0,0,0,0,1,0,0,1,0,18
0.3974859118461609,0.011573991738259792,0.012745927087962627,0.0025825637858361006,0.41617557406425476,0.014672059565782547,0.11102475225925446,0.011379636824131012,0.0026234097313135862,-3.6649998946813866e-05,6.73165122861974e-05,0.0,0.5920565128326416,0.0024891786742955446,-0.013956602662801743,0.0016744626918807626,0,0,0,0,0,1,0,0,1,0,12
0.41038069128990173,0.014185099862515926,0.01299942284822464,0.0026445782277733088,0.42720139026641846,0.017213892191648483,0.11248773336410522,0.010743958875536919,0.0024768642615526915,-3.4601562219904736e-05,6.355402001645416e-05,-1.1657982738888517e-11,0.5781673789024353,0.004382804501801729,-0.013830030336976051,0.0020723985508084297,0,0,0,0,0,1,0,0,1,0,5
0.4233332872390747,0.017030144110322,0.012941759079694748,0.002654050709679723,0.4376112222671509,0.01961372420191765,0.10797764360904694,0.01013909000903368,0.0023374208249151707,-3.265400664531626e-05,5.9976860939059407e-05,8.742136355099905e-12,0.5644193291664124,0.006672226823866367,-0.013676811940968037,0.0024663275107741356,0,0,0,0,1,0,0,0,1,0,0
0.435280978679657,0.019895656034350395,0.011681132949888706,0.0020371221471577883,0.44743332266807556,0.021878059953451157,0.1113424226641655,0.009567737579345703,0.0022057045716792345,-3.081324030063115e-05,5.659583257511258e-05,0.0,0.5508987307548523,0.009473639540374279,-0.013372126966714859,0.0030954915564507246,0,0,0,0,1,0,0,0,1,0,4
0.4452933967113495,0.02166944183409214,0.008467365987598896,0.0011533356737345457,0.4948524236679077,0.021355990320444107,0.4809344410896301,0.06274309754371643,-0.001826859312132001,-1.2567556950671133e-05,3.399427077965811e-05,0.0017524289432913065,0.5377359390258789,0.012922225520014763,-0.012980840168893337,0.003734644502401352,0,0,0,0,1,0,0,0,1,0,12
0.4532661437988281,0.02289264090359211,0.0073944819159805775,0.0011787174735218287,0.5559380054473877,0.019266201183199883,0.8373404145240784,0.059762388467788696,-0.0023017677012830973,-1.2567556950671133e-05,3.399427077965811e-05,0.0017524289432913065,0.5253241062164307,0.016765670850872993,-0.011408679187297821,0.0035590531770139933,0,0,0,0,1,0,0,0,1,0,18
0.46036356687545776,0.02370646968483925,0.006899062544107437,0.0005705647636204958,0.6141552925109863,0.016713885590434074,1.0034937858581543,0.05697987601161003,-0.002753562293946743,-1.2567556950671133e-05,3.399427077965811e-05,0.0017524289432913065,0.5160202383995056,0.019569499418139458,-0.0072882454842329025,0.002083852421492338,0,0,0,0,1,0,0,0,1,0,13
0.46664959192276,0.02422633394598961,0.00613261666148901,0.0005071813357062638,0.6696817278862,0.013723979704082012,0.9919047951698303,0.05435924604535103,-0.0031792072113603354,-1.2567556950671133e-05,3.399427077965811e-05,0.0017524289432913065,0.5117196440696716,0.020749127492308617,-0.0016882139025256038,0.0005376253393478692,0,0,0,0,1,0,0,0,1,0,10
0.4736592173576355,0.024629192426800728,0.007703725248575211,0.0002481435367371887,0.7226637005805969,0.010323542170226574,0.8141902685165405,0.05187356472015381,-0.003577254479750991,-1.2567556950671133e-05,3.399427077965811e-05,0.0017524289432913065,0.5132861137390137,0.02098921500146389,0.0033192774280905724,4.6913704863982275e-05,0,0,0,0,1,0,0,0,1,0,4
0.4821198880672455,0.024566596373915672,0.009032557718455791,-0.00037502445047721267,0.7732243537902832,0.006540419068187475,0.4810697138309479,0.04950237274169922,-0.00394739443436265,-1.2567556950671133e-05,3.399427077965811e-05,0.0017524289432913065,0.5174921751022339,0.02093992941081524,0.004921941086649895,-0.00012136247096350417,0,0,0,0,1,0,0,0,1,0,16
0.49134838581085205,0.02396315149962902,0.009357313625514507,-0.0006610166747123003,0.819682240486145,0.002626401372253895,0.1703953742980957,0.03835178166627884,-0.003162337001413107,-7.051314696582267e-06,5.232674811850302e-05,0.0015940380981191993,0.5235580205917358,0.020688548684120178,0.006745077669620514,-0.0003085213538724929,0,0,0,0,1,0,0,0,1,0,14
0.5012413263320923,0.023252813145518303,0.01036795973777771,-0.0007615626091137528,0.8574191927909851,-0.0006343823624774814,0.3697313368320465,0.03722970187664032,-0.0033392913173884153,-7.051314696582267e-06,5.232674811850302e-05,0.0015940380981191993,0.5312450528144836,0.02029033564031124,0.008119289763271809,-0.0004295834223739803,0,0,0,0,1,0,0,0,1,0,18
0.5120407938957214,0.022442854940891266,0.011177306063473225,-0.0008489800966344774,0.8940199017524719,-0.004064800217747688,0.40485766530036926,0.03608261048793793,-0.0035030636936426163,-7.051314696582267e-06,5.232674811850302e-05,0.0015940380981191993,0.540191650390625,0.019762417301535606,0.00940872821956873,-0.0005789522547274828,0,0,0,0,1,0,0,0,1,0,5
0.5236058235168457,0.02156088501214981,0.011924355290830135,-0.0009188161347992718,0.9294610619544983,-0.007652154192328453,0.28438425064086914,0.03491320461034775,-0.003654544008895755,-7.051314696582267e-06,5.232674811850302e-05,0.0015940380981191993,0.55000239610672,0.01913348399102688,0.01003548689186573,-0.0006397149409167469,0,0,0,0,1,0,0,0,1,0,12
0.5358278751373291,0.020610922947525978,0.012506636790931225,-0.0009839299600571394,0.9629428386688232,-0.011255341582000256,0.14487190544605255,0.030029157176613808,-0.0031696073710918427,2.3875898023106856e-06,7.510418072342873e-05,0.0013142903335392475,0.5606534481048584,0.018426142632961273,0.010864993557333946,-0.000719942559953779,0,0,0,0,1,0,0,0,1,0,6
0.5485495328903198,0.0196102075278759,0.01293560117483139,-0.0010190923931077123,0.9925855398178101,-0.014461888931691647,0.22373069822788239,0.02931670844554901,-0.0032354278955608606,2.3875898023106856e-06,7.510418072342873e-05,0.0013142903335392475,0.5721360445022583,0.01763293705880642,0.011712620966136456,-0.0008088009781204164,0,0,0,0,1,0,0,0,1,0,18
