lt_dp_posx,lt_dp_posy,lt_dp_velx,lt_dp_vely,ball_posx,ball_posy,ball_posz,ball_vel_x,ball_vel_y,ball_rot_x,ball_rot_y,ball_rot_z,rt_gk_posx,rt_gk_posy,rt_gk_velx,rt_gk_vely,action_left,action_top_left,action_top,action_top_right,action_right,action_bottom_right,action_bottom,action_bottom_left,action_sprint,action_dribble,sel_action
-1.0110293626785278,-0.0,0.0,-0.0,0.019999999552965164,-0.0,0.11061639338731766,-0.0,0.0,0.0,-0.0,0.0,1.0110293626785278,0.0,-0.0,0.0,0,0,0,0,0,0,0,0,0,0,5
0.0,-0.0,0.0,-0.0,0.019999999552965164,-0.0,0.11059734225273132,-0.0,0.0,0.0,-0.0,0.0,1.010373830795288,-5.178543011075121e-11,-0.0026071772444993258,-1.9923605820704182e-10,0,0,0,0,1,0,0,0,0,0,5
0.002606003312394023,1.3665313325361694e-10,0.004109717905521393,2.5224038135984728e-11,0.019999999552965164,-0.0,0.10930104553699493,-0.0,0.0,0.0,-0.0,0.0,1.0064098834991455,-2.8306179622461514e-10,-0.0046870289370417595,-2.1158365337559104e-10,0,0,0,0,1,0,0,0,0,0,5
0.005889748688787222,-1.6158692162093757e-09,0.005736221559345722,-3.9490347103487977e-10,0.019999999552965164,-0.0,0.11075475811958313,-0.0,0.0,0.0,-0.0,0.0,1.0008678436279297,-4.217382554294602e-10,-0.006225530058145523,-5.989382600990467e-11,0,0,0,0,1,0,0,0,0,0,13
0.011982083320617676,-2.3429196360780224e-09,0.0072406274266541,-2.111960745176944e-10,0.026900917291641235,-4.6274134524182386e-10,0.1217871755361557,0.008351038210093975,-5.605533814900809e-10,2.108325233146635e-12,1.1187295058334712e-05,-2.89301178499346e-12,0.9938530325889587,7.715295763377483e-11,-0.007639211602509022,5.6700544259769e-10,0,0,0,0,1,0,0,0,1,0,13
0.019974837079644203,-2.4627933026266646e-09,0.008582981303334236,-1.7202612945244056e-10,0.03485063090920448,-9.970021475069757e-10,0.11043358594179153,0.007717124652117491,-5.187968943332066e-10,7.247685524652825e-12,4.5650209358427674e-05,6.9439496318111525e-19,0.9855127334594727,4.845512879825264e-10,-0.008886702358722687,2.5915092294326314e-10,0,0,0,0,1,0,0,0,1,0,13
0.029211096465587616,-2.6306974376666403e-09,0.00974207278341055,-1.4700585193594407e-10,0.042326509952545166,-1.4995814590079704e-09,0.11174360662698746,0.0072822971269488335,-4.895649441394312e-10,6.839157712379418e-12,4.307704875827767e-05,-6.943396454776508e-19,0.9762466549873352,6.559147669449317e-10,-0.009335489943623543,2.1356356960655631e-10,0,0,0,0,1,0,0,0,1,0,18
0.03713470324873924,-4.082219007273125e-09,0.009281536564230919,-1.671843774531112e-10,0.04937131702899933,-1.973180507874872e-09,0.11065375059843063,0.006851977203041315,-4.6063611258695403e-10,6.434930713283826e-12,4.053097291034646e-05,-6.942879466893662e-19,0.9664705991744995,8.219406821829978e-10,-0.010197303257882595,1.2096565416008787e-10,0,0,0,0,1,0,0,0,1,0,13
0.04605286568403244,-4.930922781198888e-09,0.010248887352645397,-1.0085627472067316e-10,0.059750452637672424,1.4215445844456553e-05,0.14030303061008453,0.013893932104110718,2.8020915124216117e-05,2.857948970813595e-07,7.81207563704811e-06,3.571965976334468e-07,0.9558171629905701,8.758110903173133e-10,-0.011003718711435795,-7.351907711089511e-13,0,0,0,0,1,0,0,0,1,0,5
0.05664462968707085,1.2097353874196415e-06,0.010675542056560516,4.049217750434764e-06,0.07355422526597977,4.204603465041146e-05,0.12650543451309204,0.013696862384676933,2.7574442356126383e-05,2.785988613140944e-07,8.597886335337535e-06,3.652596376468864e-07,0.9449081420898438,2.9786403388243343e-07,-0.011030365712940693,5.443247346192948e-07,0,0,0,0,1,0,0,0,1,0,18
0.06762214750051498,9.056175258592702e-06,0.011330842971801758,1.095693096431205e-05,0.08638953417539597,6.691413727821782e-05,0.1263657957315445,0.012359187006950378,2.3458509531337768e-05,-9.481671270350489e-08,4.8724446969572455e-05,3.8030304949643323e-07,0.9335045218467712,1.14506065074238e-06,-0.011688821017742157,1.0960820873151533e-06,0,0,0,0,1,0,0,0,1,0,16
0.07933786511421204,2.432025212328881e-05,0.012014280073344707,1.794157833501231e-05,0.09834809601306915,8.939964027376845e-05,0.11752373725175858,0.011651546694338322,2.1827383534400724e-05,-3.0493254143948434e-07,6.892407691339031e-05,0.0,0.9214994311332703,2.4867717911547516e-06,-0.012258922681212425,1.5912519302219152e-06,0,0,0,0,1,0,0,0,1,0,18
0.09169181436300278,4.3957261368632317e-05,0.01260839868336916,2.1609357645502314e-05,0.10965929925441742,0.00011058945528930053,0.11176758259534836,0.011024761013686657,2.06531876756344e-05,-2.885136609620531e-07,6.521293107653037e-05,4.554240014623123e-14,0.908973217010498,4.633683147403644e-06,-0.01272664312273264,2.6446957690495765e-06,0,0,0,0,1,0,0,0,1,0,5
0.10456013679504395,6.890178337926045e-05,0.013062182813882828,2.7771237000706606e-05,0.12034520506858826,0.00013060781930107623,0.11096901446580887,0.01041081640869379,1.950305340869818e-05,-2.724541161569505e-07,6.158300675451756e-05,0.0,0.896040678024292,7.85753127274802e-06,-0.01308637484908104,3.5770488011621637e-06,0,0,0,0,1,0,0,0,1,0,13
0.11776566505432129,-0.0011668261140584946,0.013238980434834957,2.146351835108362e-05,0.13042888045310974,0.00014949800970498472,0.10908360779285431,0.009821095503866673,1.839830474636983e-05,-2.5702399852889357e-07,5.809531648992561e-05,-2.2764210357234874e-14,0.8827971816062927,1.172372776636621e-05,-0.013360556215047836,4.136657025810564e-06,0,0,0,0,1,0,0,0,1,0,16
0.1310046911239624,-0.002250482328236103,0.013239067979156971,9.537812729831785e-06,0.1430773138999939,2.8006292268401012e-05,0.14723025262355804,0.015537700615823269,-0.0002591396332718432,-6.14872135429323e-08,1.03487554952153e-05,-7.976235565365641e-07,0.8693169951438904,1.6183545085368678e-05,-0.013568822294473648,4.7168814489850774e-06,0,0,0,0,1,0,0,0,1,0,13
0.14426371455192566,-0.002244745148345828,0.01333785429596901,1.3218542335380334e-05,0.15850768983364105,-0.0002293275174451992,0.14566990733146667,0.015342693775892258,-0.0002558699925430119,-6.14872135429323e-08,1.03487554952153e-05,-7.976235565365641e-07,0.8556575179100037,1.352034723822726e-05,-0.013726599514484406,-1.3486381249094848e-05,0,0,0,0,1,0,0,0,1,0,5
0.15775816142559052,-0.0021706100087612867,0.013610019348561764,0.0001372831902699545,0.1732035130262375,-0.0004734619287773967,0.1291017085313797,0.014004062861204147,-0.0002315764722879976,1.4559375358658144e-06,4.380958489491604e-05,-1.9186613826605026e-06,0.8418633937835693,-1.4017616194905713e-05,-0.013844406232237816,-3.8622925785603e-05,0,0,0,0,1,0,0,0,1,0,16
0.17148293554782867,-0.0019523572409525514,0.013809168711304665,0.00028249286697246134,0.18678519129753113,-0.0006976292352192104,0.11690501868724823,0.013140304014086723,-0.00021646525419782847,3.0236953989515314e-06,7.772201934130862e-05,-3.6456718178166925e-13,0.827968180179596,-6.373017822625116e-05,-0.013932760804891586,-5.354213499231264e-05,0,0,0,0,1,0,0,0,1,0,16
0.185379296541214,-0.0016744290478527546,0.013962037861347198,0.0002518830879125744,0.19956570863723755,-0.0009081672178581357,0.11497912555932999,0.012468775734305382,-0.00020540285913739353,2.8694371394522022e-06,7.375631685135886e-05,0.0,0.8139973282814026,-0.0001175143479485996,-0.013998677022755146,-5.397136919782497e-05,0,0,0,0,1,0,0,0,1,0,13
0.19940713047981262,-0.0014581973664462566,0.014076338149607182,0.00018810488109011203,0.21165631711483002,-0.001107340445742011,0.10733610391616821,0.011780964210629463,-0.00019407234503887594,2.7112587304145563e-06,6.969047535676509e-05,0.0,0.7999699115753174,-0.0001716916449368,-0.014048464596271515,-5.433754631667398e-05,0,0,0,0,1,0,0,0,1,0,18
0.21349824965000153,-0.0013057815376669168,0.014121859334409237,0.00012588340905494988,0.22307099401950836,-0.0012953787809237838,0.11101726442575455,0.011119242757558823,-0.0001831716508604586,2.5588315111235715e-06,6.577243766514584e-05,-3.6434852530853323e-13,0.7859002947807312,-0.00022583603276871145,-0.01408492773771286,-5.39819520781748e-05,0,0,0,0,1,0,0,0,1,0,16
0.22756001353263855,-0.001217469573020935,0.013973782770335674,6.227919220691547e-05,0.23548932373523712,-0.0014140569837763906,0.13666029274463654,0.01591677777469158,2.1455480236909352e-05,8.98811151728296e-07,1.228343626280548e-05,-9.63107140705688e-07,0.7717990279197693,-0.00027960585430264473,-0.014112977311015129,-5.3591153118759394e-05,0,0,0,0,1,0,0,0,1,0,13
0.24113716185092926,-0.0010371662210673094,0.013312673196196556,5.693384082405828e-06,0.2512940466403961,-0.0013927686959505081,0.15771378576755524,0.015713201835751534,2.1173716959310696e-05,8.98811151728296e-07,1.228343626280548e-05,-9.63107140705688e-07,0.7576742172241211,-0.0003305892169009894,-0.014133312739431858,-4.637496385839768e-05,0,0,0,0,1,0,0,0,1,0,0
0.2544496953487396,0.0007003791979514062,0.013312687166035175,3.321034000691725e-06,0.26664045453071594,-0.0013729386264458299,0.12169548869132996,0.014493786729872227,1.5924812032608315e-05,4.635190578028414e-07,4.097518103662878e-05,-1.2748016331443068e-07,0.7435317039489746,-0.00037048684316687286,-0.014148740097880363,-3.459217259660363e-05,0,0,0,0,1,0,0,0,1,0,0
0.26776236295700073,0.0010161374229937792,0.013312697410583496,9.482557175033435e-07,0.28232938051223755,-0.0011330923298373818,0.17423677444458008,0.0157524012029171,0.0002633905678521842,4.049073538681114e-07,-7.755898536743189e-07,1.801922167032899e-07,0.7293760776519775,-0.00039861403638496995,-0.014160661026835442,-2.298316940141376e-05,0,0,0,0,1,0,0,0,1,0,13
0.28115904331207275,0.001001299824565649,0.013516930863261223,-4.796623034053482e-05,0.2979711890220642,-0.000871545635163784,0.13477078080177307,0.015551959164440632,0.0002600571315269917,4.049073538681114e-07,-7.755898536743189e-07,1.801922167032899e-07,0.7152106761932373,-0.0004156591894570738,-0.014169075526297092,-1.2184284059912898e-05,0,0,0,0,1,0,0,0,1,0,13
0.29480573534965515,0.0008800321957096457,0.013742377050220966,-0.00018325755081605166,0.3125106990337372,-0.0006295964121818542,0.13702881336212158,0.014029094949364662,0.00023286549549084157,-9.92471768768155e-07,3.129056131001562e-05,1.908532112793182e-06,0.7010380029678345,-0.0004218977701384574,-0.014175387099385262,-1.3720297147301608e-06,0,0,0,0,0,1,0,0,1,0,6
0.3086433708667755,0.0006342297419905663,0.01390891894698143,-0.00026568316388875246,0.3262333571910858,-0.00040206831181421876,0.11793908476829529,0.013180803507566452,0.00021800637478008866,-2.380890919084777e-06,6.290282180998474e-05,1.1726241382348235e-06,0.6868597269058228,-0.0004137205833103508,-0.014180295169353485,1.7446478523197584e-05,0,0,0,0,0,1,0,0,1,0,7
0.32248184084892273,0.0005904754507355392,0.013970919884741306,-0.00021635637676808983,0.3390316665172577,-0.00019049167167395353,0.1149919331073761,0.012490356341004372,0.00020646938355639577,-2.8842657684435835e-06,7.388216181425378e-05,7.289858820758166e-13,0.6726775169372559,-0.000384819955797866,-0.014183100312948227,3.827379259746522e-05,0,0,0,0,0,1,0,0,1,0,7
0.3354816436767578,0.0016543518286198378,0.013610409572720528,0.00015642719517927617,0.3511544167995453,9.90133594314102e-06,0.10941586643457413,0.01181604154407978,0.00019532274745870382,-2.72870488515764e-06,6.989739631535485e-05,0.0,0.6584925651550293,-0.00033597147557884455,-0.014185905456542969,5.557344411499798e-05,0,0,0,0,0,1,0,0,1,0,12
0.348501980304718,0.0022211619652807713,0.012725591659545898,0.0006778067909181118,0.3649550676345825,0.0027574673295021057,0.15521076321601868,0.014225677587091923,0.003360981121659279,3.6201963666826487e-06,1.6110185242723674e-05,1.747999522194732e-05,0.6443054676055908,-0.0002737989416345954,-0.014188009314239025,6.757213122909889e-05,0,0,0,0,0,1,0,0,1,0,6
0.3608900308609009,0.0038358625024557114,0.01214847806841135,0.0023421344812959433,0.37907418608665466,0.006092757452279329,0.11946232616901398,0.013959459029138088,0.0032939387019723654,2.3932013846206246e-06,1.7754795408109203e-05,1.8869355699280277e-05,0.6301169395446777,-0.00019962752412538975,-0.014189411886036396,7.957104389788583e-05,0,0,0,0,0,1,0,0,1,0,6
0.372730016708374,0.006389913614839315,0.011874647811055183,0.002564546884968877,0.3921467363834381,0.009134714491665363,0.1302853524684906,0.012716463766992092,0.002944850828498602,-2.2740074200555682e-05,5.115132807986811e-05,2.398925607849378e-05,0.615941047668457,0.0001871987769845873,-0.014157154597342014,0.0006380290724337101,0,0,0,0,0,1,0,0,1,0,6
0.38487833738327026,0.00898157712072134,0.012358496896922588,0.0026003452949225903,0.4044816493988037,0.011982535943388939,0.11858467012643814,0.01201596949249506,0.002770106540992856,-3.8698875869158655e-05,7.107977580744773e-05,-5.831057858785016e-12,0.6018263697624207,0.0011313967406749725,-0.014073006808757782,0.0011942024575546384,0,0,0,0,0,1,0,0,1,0,12
0.39745771884918213,0.0115739731118083,0.012745576910674572,0.0025825495831668377,0.41614797711372375,0.014672048389911652,0.11102475225925446,0.011379636824131012,0.0026234097313135862,-3.6649998946813866e-05,6.73165122861974e-05,0.0,0.587817370891571,0.002602527616545558,-0.013958706520497799,0.0016689568292349577,0,0,0,0,0,1,0,0,1,0,12
0.410352498292923,0.014185051433742046,0.01299942284822464,0.002644564025104046,0.42717379331588745,0.01721387915313244,0.11248773336410522,0.010743958875536919,0.0024768642615526915,-3.4601562219904736e-05,6.355402001645416e-05,-1.1657982738888517e-11,0.5739300847053528,0.004502462688833475,-0.013824771158397198,0.002088312292471528,0,0,0,0,0,1,0,0,1,0,5
0.42330509424209595,0.01703006401658058,0.012941757217049599,0.0026540150865912437,0.43758365511894226,0.019613713026046753,0.10797764360904694,0.01013909000903368,0.0023374208249151707,-3.265400664531626e-05,5.9976860939059407e-05,8.742136355099905e-12,0.560195803642273,0.006826423108577728,-0.013640698045492172,0.0025502375792711973,0,0,0,0,1,0,0,0,1,0,12
0.4352527856826782,0.019895540550351143,0.011681130155920982,0.0020371011923998594,0.44740572571754456,0.02187804877758026,0.1113424226641655,0.009567737579345703,0.0022057045716792345,-3.081324030063115e-05,5.659583257511258e-05,0.0,0.5467257499694824,0.009729634039103985,-0.013319534249603748,0.0031897183507680893,0,0,0,0,1,0,0,0,1,0,7
0.4452652037143707,0.021669302135705948,0.008467365987598896,0.0011533071519806981,0.49608343839645386,0.021562175825238228,0.24062815308570862,0.06444904953241348,-0.001580265467055142,1.278759737033397e-05,3.318090966786258e-05,0.0020030178129673004,0.5336161255836487,0.013263302855193615,-0.012927546165883541,0.0038123016711324453,0,0,0,0,1,0,0,0,1,0,16
0.45323801040649414,0.022892486304044724,0.0073944819159805775,0.0011787174735218287,0.5587127208709717,0.019642502069473267,0.26747357845306396,0.06117641180753708,-0.002188743557780981,1.278759737033397e-05,3.318090966786258e-05,0.0020030178129673004,0.5217881798744202,0.01685757376253605,-0.010419593192636967,0.0031391398515552282,0,0,0,0,0,1,0,0,1,0,13
0.4603354036808014,0.023706302046775818,0.0068994127213954926,0.000570550502743572,0.6181926727294922,0.017146524041891098,0.11832743138074875,0.05812162905931473,-0.0027383966371417046,1.278759737033397e-05,3.318090966786258e-05,0.0020030178129673004,0.5138420462608337,0.019191380590200424,-0.005688036326318979,0.0016076285392045975,0,0,0,0,0,1,0,0,1,0,5
0.466621458530426,0.024226151406764984,0.006132967304438353,0.0005071813357062638,0.6687601208686829,0.014412623830139637,0.15709556639194489,0.048976831138134,-0.0028895821887999773,1.508515197201632e-05,5.679785317624919e-05,0.0018317580688744783,0.5112834572792053,0.01990015059709549,0.00012096236605430022,3.533500057528727e-05,0,0,0,0,0,1,0,0,1,0,3
0.47363024950027466,0.0246388241648674,0.00770232267677784,0.0002697609306778759,0.7146127223968506,0.011450151912868023,0.1289299726486206,0.04194679111242294,-0.0029078784864395857,1.9286539099994116e-05,8.767643157625571e-05,0.001548498054035008,0.5139409303665161,0.01990559697151184,0.0036565696354955435,8.013829938136041e-05,0,0,0,0,0,1,0,0,1,0,7
0.4820922315120697,0.024618856608867645,0.00903851818293333,-0.0003120260371360928,0.7533202171325684,0.008607386611402035,0.10959859192371368,0.03588062897324562,-0.0027431922499090433,2.569635762483813e-05,0.0001297071430599317,0.0010669955518096685,0.5184510350227356,0.019939804449677467,0.00519717438146472,-0.00016809080261737108,0,0,0,0,0,1,0,0,1,0,7
0.4913662374019623,0.024089591577649117,0.009379411116242409,-0.0005795887554995716,0.78659987449646,0.006006956100463867,0.10910924524068832,0.031497523188591,-0.002488412894308567,3.380663838470355e-05,0.000180483068106696,0.00018197805911768228,0.5245456695556641,0.01971311867237091,0.006810709368437529,-0.00027059135027229786,0,0,0,0,0,1,0,0,1,0,18
0.5012826919555664,0.023466777056455612,0.010386992245912552,-0.0006671271403320134,0.8164048194885254,0.003651806153357029,0.10927814245223999,0.02850884385406971,-0.0022527396213263273,3.1468352972297e-05,0.0001686272444203496,0.0,0.5322926640510559,0.01936471275985241,0.008201046846807003,-0.0003777405945584178,0,0,0,0,0,1,0,0,1,0,5
0.5121071934700012,0.02275673672556877,0.011205337941646576,-0.000744466669857502,0.843499481678009,0.0015108137158676982,0.10946513712406158,0.025998873636126518,-0.002054404467344284,2.869822310458403e-05,0.00015378312673419714,-1.1738407121320016e-11,0.541337788105011,0.018901141360402107,0.009435344487428665,-0.0004935765755362809,0,0,0,0,0,1,0,0,1,0,3
0.52370685338974,0.021984310820698738,0.011954723857343197,-0.000803546339739114,0.8682907819747925,-0.0004481665091589093,0.10959871858358383,0.023851219564676285,-0.0018846988677978516,2.6327850719098933e-05,0.00014108124014455825,-5.861487510638863e-12,0.5513517260551453,0.018354136496782303,0.010294496081769466,-0.0005597922136075795,0,0,0,0,0,1,0,0,1,0,13
0.535966694355011,0.021154657006263733,0.012541982345283031,-0.000858214742038399,0.8910972476005554,-0.0022503072395920753,0.10969535261392593,0.021989883854985237,-0.0017376181203871965,2.4273429517052136e-05,0.0001300723379245028,-1.1710700117961714e-11,0.5622184872627258,0.017736954614520073,0.011088477447628975,-0.0006283335969783366,0,0,0,0,0,1,0,0,1,0,18
0.5487325191497803,0.020281219854950905,0.012974710203707218,-0.0008905131835490465,0.9121729135513306,-0.003915682900696993,0.10976636409759521,0.02035863883793354,-0.001608718535862863,2.2472921045846306e-05,0.00012042409798596054,1.755116711688043e-11,0.5739170908927917,0.017045337706804276,0.011893930844962597,-0.0006978982710279524,0,0,0,0,0,1,0,0,1,0,12
0.5618870854377747,0.019378356635570526,0.013316337019205093,-0.0009174089645966887,0.9317235946655273,-0.005460554268211126,0.10981928557157516,0.018915005028247833,-0.0014946440933272243,2.0879464500467293e-05,0.00011188538337592036,0.0,0.5862034559249878,0.01630234345793724,0.012433006428182125,-0.0007504627574235201,0,0,0,0,0,1,0,0,1,0,18
0.5753346681594849,0.018452534452080727,0.01356393750756979,-0.0009354553185403347,0.9499181509017944,-0.006898269988596439,0.10985923558473587,0.017626283690333366,-0.0013928102562204003,1.945696749316994e-05,0.00010426274093333632,-1.4607369133723402e-11,0.5989782810211182,0.015508363023400307,0.012907697819173336,-0.0008007850265130401,0,0,0,0,0,1,0,0,1,0,18
0.5889999270439148,0.01751043274998665,0.013757715933024883,-0.0009509135852567852,0.9668969511985779,-0.008239923976361752,0.10988975316286087,0.016466928645968437,-0.0013011993141844869,1.8177248421125114e-05,9.740520181367174e-05,0.0,0.6121134161949158,0.014678508043289185,0.013212021440267563,-0.0008323893998749554,0,0,0,0,0,1,0,0,1,0,5
0.6028323769569397,0.016554569825530052,0.013903070241212845,-0.0009630003478378057,0.982778012752533,-0.009494823403656483,0.10991330444812775,0.015416650101542473,-0.0012182074133306742,1.7017922800732777e-05,9.119277819991112e-05,-5.837722666379719e-12,0.6255098581314087,0.01381958182901144,0.013480526395142078,-0.0008664716733619571,0,0,0,0,0,1,0,0,1,0,18
0.6167837977409363,0.015590633265674114,0.014004433527588844,-0.000968577282037586,0.9976609945297241,-0.010670858435332775,0.10993165522813797,0.014459161087870598,-0.0011425480479374528,1.596101174072828e-05,8.552918006898835e-05,2.9178389305412056e-12,0.6391205787658691,0.012934905476868153,0.013646446168422699,-0.0008844928233884275,0,0,0,0,0,1,0,0,1,0,18
0.6308283805847168,0.014620387926697731,0.014084998518228531,-0.0009738811641000211,1.0116312503814697,-0.011774769984185696,0.10994607210159302,0.013581236824393272,-0.0010731752263382077,1.4991916941653471e-05,8.033616904867813e-05,2.9169594257388853e-12,0.6528684496879578,0.01203454565256834,0.013769744895398617,-0.0008997262339107692,0,0,0,0,0,1,0,0,1,0,5
