lt_dp_posx,lt_dp_posy,lt_dp_velx,lt_dp_vely,ball_posx,ball_posy,ball_posz,ball_vel_x,ball_vel_y,ball_rot_x,ball_rot_y,ball_rot_z,rt_gk_posx,rt_gk_posy,rt_gk_velx,rt_gk_vely,action_left,action_top_left,action_top,action_top_right,action_right,action_bottom_right,action_bottom,action_bottom_left,action_sprint,action_dribble,sel_action
-1.0110293626785278,-0.0,0.0,-0.0,0.019999999552965164,-0.0,0.11061639338731766,0.0,-0.0,0.0,-0.0,0.0,1.0110293626785278,0.0,-0.0,0.0,5
0.0011741208145394921,1.364561103001094e-10,0.0034112120047211647,2.39630232323762e-10,0.019999999552965164,-0.0,0.11059734225273132,0.0,-0.0,0.0,-0.0,0.0,1.0106345415115356,-3.390556065074879e-12,-0.001967654563486576,-1.656696134444413e-11,5
0.004355048295110464,-9.983348592257357e-10,0.005103932693600655,-2.578988689272421e-10,0.019999999552965164,-0.0,0.10930104553699493,0.0,-0.0,0.0,-0.0,0.0,1.0068784952163696,-2.7606614910746785e-11,-0.004527849145233631,-2.288013008222567e-11,13
0.008538314141333103,-3.462048869806722e-09,0.006663437932729721,-2.9444008342593975e-10,0.022722704336047173,-5.369803560140163e-11,0.12282465398311615,0.008984892629086971,-1.7676360375418199e-10,-1.5230929039690422e-13,-1.8995540813193657e-05,-4.546411803887235e-13,1.0014904737472534,-4.296368122380656e-11,-0.006076167803257704,-7.351004353839397e-12,18
0.01598997786641121,-3.5634126760442086e-09,0.008070972748100758,7.850647215645878e-11,0.031380198895931244,-2.2271184896283103e-10,0.1136370524764061,0.008366111665964127,-1.622822987101813e-10,-2.278670524838433e-12,-4.9652790039544925e-05,0.0,0.9946169853210449,4.0287054248189236e-10,-0.007505276706069708,5.872892727687429e-10,18
0.02475563809275627,-4.040080714418082e-09,0.009305556304752827,-5.076573050821764e-10,0.039517030119895935,-3.8054925877162304e-10,0.11435746401548386,0.00794003251940012,-1.5401990793861842e-10,-2.151610703840512e-12,-4.696716132457368e-05,1.7360614664670058e-19,0.986401379108429,8.316922150974904e-10,-0.008770297281444073,2.7942687053084114e-10,16
0.034479111433029175,-5.169040750985232e-09,0.010254036635160446,-2.804458332228421e-10,0.04721947759389877,-5.299605754238712e-10,0.1102282926440239,0.007505617570132017,-1.4559321803719882e-10,-2.033939639975446e-12,-4.439852273208089e-05,3.471838331104505e-19,0.9771802425384521,9.95511340029509e-10,-0.009335489943623543,2.2840719593464343e-10,16
0.042502839118242264,-1.4973132067552797e-08,0.009685560129582882,-1.5893855676019086e-10,0.05448368564248085,-6.708709143765645e-10,0.10938470810651779,0.007070214953273535,-1.3714732127745322e-10,-1.9159352923625583e-12,-4.1822637285804376e-05,-1.7357843609618005e-19,0.9674903154373169,1.1755595386020445e-09,-0.010107545182108879,1.3903264650672043e-10,18
0.051580291241407394,-1.9610800094937986e-08,0.010337285697460175,-9.285331531438956e-11,0.06574800610542297,1.7677570212981664e-05,0.14239628612995148,0.014027789235115051,2.9305814678082243e-05,3.805136259416031e-07,-4.348843503976241e-05,-2.4706105605787343e-08,0.9569175243377686,1.2527399118056337e-09,-0.01093008928000927,2.5712128606802942e-11,0
0.062205880880355835,1.8252670770380064e-06,0.010675542056560516,5.271378540783189e-06,0.07965981960296631,4.676334356190637e-05,0.11350950598716736,0.013696781359612942,2.8752991056535393e-05,3.833103789929737e-07,-4.824214556720108e-05,-1.9500236092540035e-08,0.9460111856460571,5.21949004905764e-07,-0.010957437567412853,1.025578399094229e-06,18
0.07325635105371475,1.1081955562985968e-05,0.011405261233448982,1.27171279018512e-05,0.09280692040920258,7.47152153053321e-05,0.11875072121620178,0.012887864373624325,2.7437166863819584e-05,3.833222592675156e-07,-7.624142017448321e-05,-1.3670177999563354e-13,0.9346734285354614,2.2263184291659854e-06,-0.011628516018390656,2.260150949950912e-06,13
0.08503962308168411,2.833636972354725e-05,0.012080897577106953,1.9670513211167417e-05,0.10532154142856598,0.0001013577712001279,0.10667920857667923,0.012209479697048664,2.5992945666075684e-05,3.631366780609824e-07,-7.222659041872248e-05,4.555775854763085e-14,0.9227253198623657,4.934351636620704e-06,-0.012204927392303944,2.9531822747230763e-06,5
0.09745142608880997,5.010229142499156e-05,0.012659587897360325,2.4107441277010366e-05,0.11715810000896454,0.00012655678438022733,0.1103602945804596,0.011535903438925743,2.455895628372673e-05,3.430909316648467e-07,-6.823955482104793e-05,9.109766841699715e-14,0.9102458953857422,8.265554242825601e-06,-0.012685270980000496,3.6745327633980196e-06,13
0.11036387085914612,7.793957047397271e-05,0.013101013377308846,3.095455394941382e-05,0.1283315122127533,0.00015034402895253152,0.11027603596448898,0.01088267844170332,2.3168278858065605e-05,3.2365736046813254e-07,-6.437434058170766e-05,9.108134439803767e-14,0.8973493576049805,1.2352656085568015e-05,-0.013054819777607918,4.37877588410629e-06,5
0.12327875196933746,-5.0688424380496144e-05,0.013404903002083302,3.237801502109505e-05,0.13887085020542145,0.00017278136510867625,0.10931514203548431,0.010264716111123562,2.185269295296166e-05,3.052818158266746e-07,-6.0719474276993424e-05,-9.106676865508131e-14,0.8841332197189331,1.7012205717037432e-05,-0.01333671435713768,4.9374298214388546e-06,16
0.1362370103597641,-0.001863190089352429,0.013405032455921173,1.888682891149074e-05,0.1488126963376999,0.00019394667469896376,0.11076347529888153,0.009682689793407917,2.0613608285202645e-05,2.87965036704918e-07,-5.727525058318861e-05,-2.2763458191977712e-14,0.8706738948822021,2.229099663964007e-05,-0.0135505897924304,5.54862435819814e-06,5
0.14956115186214447,-0.0021843460854142904,0.013405084609985352,5.395432253862964e-06,0.16382825374603271,-3.665814801934175e-05,0.1548154056072235,0.015509046614170074,-0.0002565655158832669,-7.443182425959094e-07,-5.069772669230588e-05,-4.4432985646380985e-07,0.8570301532745361,2.4795728677418083e-05,-0.013712574727833271,-3.1442441468243487e-06,5
0.1629745215177536,-0.0021672723814845085,0.013516930863261223,5.011674147681333e-05,0.1791805624961853,-0.00029038896900601685,0.10312295705080032,0.01503717340528965,-0.0002472722844686359,-1.2437046734703472e-06,-5.777960177510977e-05,-7.273511073435657e-07,0.8432477116584778,1.3601562386611477e-05,-0.013833887875080109,-1.7518235836178064e-05,13
0.17662137746810913,-0.00204299995675683,0.013742552138864994,0.0001869810512289405,0.19365909695625305,-0.0005257088341750205,0.12097139656543732,0.014247585088014603,-0.00023149399203248322,-3.2342600206902716e-06,-8.428723231190816e-05,1.4588116955746577e-12,0.8293611407279968,-1.1464758244983386e-05,-0.013925748877227306,-3.0931245419196784e-05,13
0.19045907258987427,-0.001792776514776051,0.013909094035625458,0.000270199408987537,0.20749416947364807,-0.0007504999521188438,0.1172947958111763,0.013526659458875656,-0.00021978050062898546,-3.070468210353283e-06,-8.001864625839517e-05,0.0,0.8153963685035706,-4.915024692309089e-05,-0.013993768021464348,-4.322149834479205e-05,16
0.2044418603181839,-0.001556189963594079,0.01403742004185915,0.00020714574202429503,0.22061023116111755,-0.0009636091417632997,0.11216963082551956,0.012777877040207386,-0.00020761429914273322,-2.9003044801356737e-06,-7.558405923191458e-05,-3.6452538578791993e-13,0.8013734817504883,-9.915595728671178e-05,-0.014044958166778088,-5.556174801313318e-05,5
0.21853359043598175,-0.001383286784403026,0.014131911098957062,0.0001453397999284789,0.23298245668411255,-0.0011646327329799533,0.10966363549232483,0.012046403251588345,-0.00019572940072976053,-2.7343396595824743e-06,-7.125888805603608e-05,3.6444436878058095e-13,0.7873075008392334,-0.0001558663643663749,-0.014082123525440693,-5.6617729569552466e-05,16
0.23267342150211334,0.0002387855784036219,0.014139799401164055,8.918209641706198e-05,0.24464379251003265,-0.0013541057705879211,0.11078713089227676,0.011353492736816406,-0.00018447097681928426,-2.576986389613012e-06,-6.715817289659753e-05,7.287439965711351e-13,0.7732090950012207,-0.00021235602616798133,-0.014110172167420387,-5.6379773013759404e-05,16
0.2466457337141037,0.0009378171525895596,0.013680142350494862,3.2355659641325474e-05,0.2590639889240265,-0.0012319751549512148,0.15332436561584473,0.015699828043580055,0.00025076529709622264,-6.786268436087539e-09,-5.4323791118804365e-05,1.861410368064753e-07,0.7590866684913635,-0.0002670599496923387,-0.014131209813058376,-5.1010854804189876e-05,16
0.26007771492004395,0.0009414833621121943,0.013462760485708714,-2.354864773224108e-05,0.27464839816093445,-0.000983075238764286,0.12300873547792435,0.015453727915883064,0.00024649928673170507,9.274705092821023e-08,-5.5394899391103536e-05,2.6273227149431477e-07,0.7449462413787842,-0.00031229580054059625,-0.014147337526082993,-4.050517964060418e-05,16
