lt_dp_posx,lt_dp_posy,lt_dp_velx,lt_dp_vely,ball_posx,ball_posy,ball_posz,ball_vel_x,ball_vel_y,ball_rot_x,ball_rot_y,ball_rot_z,rt_gk_posx,rt_gk_posy,rt_gk_velx,rt_gk_vely,action_left,action_top_left,action_top,action_top_right,action_right,action_bottom_right,action_bottom,action_bottom_left,action_sprint,action_dribble,sel_action
-1.0110293626785278,-0.0,0.0,-0.0,0.019999999552965164,-0.0,0.11061639338731766,-0.0,0.0,0.0,-0.0,0.0,1.0110293626785278,0.0,-0.0,0.0,0,0,0,0,0,0,0,0,0,0,5
0.0018559683812782168,1.0662123267612955e-10,0.003761105705052614,2.5890256952210144e-11,0.019999999552965164,-0.0,0.11059734225273132,-0.0,0.0,0.0,-0.0,0.0,1.0110293626785278,0.0,-0.0,0.0,0,0,0,0,1,0,0,0,0,0,5
0.0051171546801924706,-1.242467462247987e-09,0.005418804008513689,-3.8793526724312244e-10,0.019999999552965164,-0.0,0.10930104553699493,-0.0,0.0,0.0,-0.0,0.0,1.010831356048584,-1.6290448157096904e-11,-0.0013190157478675246,-1.075542016559794e-10,0,0,0,0,1,0,0,0,0,0,13
0.01054830476641655,-2.3025912287977235e-09,0.006952005438506603,-2.5532281844320437e-10,0.024873042479157448,-3.642681156712513e-10,0.12240666896104813,0.007911467924714088,-5.919166268242293e-10,1.86374873867301e-12,8.354207238880917e-06,-2.6272100814295207e-12,1.007331371307373,-2.405464161192583e-10,-0.004367968533188105,-2.2714843894711123e-10,0,0,0,0,1,0,0,0,0,0,5
0.018100934103131294,-1.28906981444743e-06,0.008328305557370186,-1.3618922656277732e-10,0.032380226999521255,-9.26762167008377e-10,0.11689220368862152,0.007256743963807821,-5.440517480970186e-10,7.600457589684861e-12,4.2926621972583234e-05,0.0,1.0020980834960938,-4.1034708964104993e-10,-0.0059268055483698845,-1.0619213841600583e-10,0,0,0,0,1,0,0,0,1,0,16
0.02631440944969654,-5.988582415739074e-06,0.009301362559199333,-2.3895777023774656e-10,0.03941595181822777,-1.4542433923736553e-09,0.11169417947530746,0.0068491739220917225,-5.134955238794703e-10,7.173309255620319e-12,4.05141145165544e-05,-2.0828627026947563e-18,0.9953674674034119,-6.62843835375071e-10,-0.007369237951934338,-1.1824307089014496e-09,0,0,0,0,1,0,0,0,1,0,0
0.03398887813091278,-1.1099125913460739e-05,0.009278613142669201,-1.509500163754396e-10,0.046039968729019165,-1.9508588078309685e-09,0.1109515130519867,0.006439860910177231,-4.828086819230748e-10,6.7447128611342055e-12,3.8093439798103645e-05,-6.942414177799101e-19,0.9872784614562988,-4.403585052159542e-09,-0.008651789277791977,-6.03778094188101e-09,0,0,0,0,1,0,0,0,1,0,5
0.043284911662340164,-1.2966931535629556e-05,0.01024928130209446,-8.355166558615679e-11,0.057583775371313095,-2.10634261748055e-05,0.14486855268478394,0.01364416629076004,-2.972616312035825e-05,-2.7764943411057175e-07,7.386308425338939e-06,-3.4996782005691784e-07,0.9781137704849243,-2.9156423053677827e-08,-0.009335489943623543,-1.1625575524476517e-07,0,0,0,0,1,0,0,0,1,0,13
0.05377814546227455,-1.510261427029036e-05,0.010600992478430271,-5.373569820221746e-06,0.07109471410512924,-5.044161662226543e-05,0.11017846316099167,0.01320032961666584,-2.8423502953955904e-05,-2.2156011425522593e-07,1.3277972357172985e-05,-4.0520635025131924e-07,0.968501091003418,-4.004827758308238e-07,-0.010017086751759052,-5.887783913749445e-07,0,0,0,0,1,0,0,0,1,0,0
0.06484215706586838,-2.375602525717113e-05,0.01141761988401413,-1.1829078175651375e-05,0.0834537222981453,-7.609408930875361e-05,0.12249815464019775,0.012023801915347576,-2.468044294801075e-05,1.594063689935865e-07,5.260594480205327e-05,-3.244207960051426e-07,0.9580104947090149,-1.3082639043204836e-06,-0.010855057276785374,-1.1752786122087855e-06,0,0,0,0,1,0,0,0,1,0,5
0.07663851976394653,-3.9323225792031735e-05,0.012097726576030254,-1.739849176374264e-05,0.09508338570594788,-9.981117909774184e-05,0.11299540102481842,0.011352213099598885,-2.3120823243516497e-05,3.230085781069647e-07,6.715473864460364e-05,-4.5546493009432365e-14,0.9471069574356079,-2.8657125312747667e-06,-0.010882405564188957,-1.8911484858108452e-06,0,0,0,0,1,0,0,0,1,0,18
0.08906497806310654,-5.896562652196735e-05,0.012672561220824718,-2.2076077584642917e-05,0.10609089583158493,-0.00012222994701005518,0.11217886209487915,0.01072979997843504,-2.1853167709195986e-05,3.0528693173437205e-07,6.347033195197582e-05,0.0,0.9358362555503845,-5.2710570344061125e-06,-0.01156821008771658,-2.8074998681404395e-06,0,0,0,0,1,0,0,0,1,0,5
0.10198859870433807,-8.474539936287329e-05,0.013110830448567867,-2.8854734409833327e-05,0.11648819595575333,-0.00014340592315420508,0.11062079668045044,0.010128417983651161,-2.0628353013307787e-05,2.881713498936733e-07,5.9911904827458784e-05,9.106367190262615e-14,0.9239458441734314,-8.478929885313846e-06,-0.012150231748819351,-3.426502644288121e-06,0,0,0,0,1,0,0,0,1,0,16
0.11521001905202866,-3.4283271816093475e-05,0.013239067979156971,-1.903650445456151e-05,0.1262982338666916,-0.00016338583372998983,0.11057727783918381,0.009554718621075153,-1.945991607499309e-05,2.718519169775391e-07,5.651901665260084e-05,4.552554757871266e-14,0.911514401435852,-1.222134869749425e-05,-0.012642495334148407,-4.035670826851856e-06,0,0,0,0,1,0,0,0,1,0,13
0.12844905257225037,-1.4942090274416842e-05,0.013238980434834957,-7.138654382288223e-06,0.14010457694530487,-0.0001578575320309028,0.1553572714328766,0.015567420981824398,1.600748328201007e-05,9.625562569226531e-08,9.858847079158295e-06,-4.6018641342016053e-08,0.8986548185348511,-1.6619047528365627e-05,-0.013021862134337425,-4.687248292611912e-06,0,0,0,0,1,0,0,0,1,0,16
0.14173707365989685,-1.775152668415103e-05,0.013399211689829826,-2.9732834718743106e-06,0.15556389093399048,-0.000141960073960945,0.13457973301410675,0.015371020883321762,1.581024298502598e-05,9.625562569226531e-08,9.858847079158295e-06,-4.6018641342016053e-08,0.8854668736457825,-2.1009309421060607e-05,-0.013312171213328838,-4.018180788989412e-06,0,0,0,0,1,0,0,0,1,0,13
0.15528453886508942,-2.5207798898918554e-05,0.013657527975738049,-1.1612845810304862e-05,0.17006579041481018,-0.00012737882207147777,0.12917275726795197,0.013953902758657932,1.3832713193551172e-05,-4.428552813351416e-08,4.543735121842474e-05,1.0637243974542798e-07,0.8720289468765259,-2.4518172722309828e-05,-0.013532358221709728,-3.102384880548925e-06,0,0,0,0,1,0,0,0,1,0,16
0.1690525859594345,-4.167702354607172e-05,0.013849840499460697,-1.9565237380447797e-05,0.18353363871574402,-0.00011414448817959055,0.11964201927185059,0.013061105273663998,1.2763207450916525e-05,-1.7830072351898707e-07,7.726065086899325e-05,-2.2784879655213773e-14,0.8584014177322388,-2.7126900022267364e-05,-0.013698549941182137,-2.1465259578690166e-06,0,0,0,0,1,0,0,0,1,0,16
0.1829843819141388,-5.942002826486714e-05,0.013992540538311005,-1.587437145644799e-05,0.19622841477394104,-0.00010173920600209385,0.11298847943544388,0.012383297085762024,1.2100860658392776e-05,-1.6905184452298272e-07,7.325295882765204e-05,-2.2780071896205158e-14,0.8446311354637146,-2.8615977498702705e-05,-0.013824069872498512,-9.72151497080631e-07,0,0,0,0,1,0,0,0,1,0,5
0.19703751802444458,-7.301424193428829e-05,0.014098076149821281,-1.1776941391872242e-05,0.2082265168428421,-9.001477155834436e-05,0.11262310296297073,0.011688959784805775,1.1422359420976136e-05,-1.5956669585648342e-07,6.914287223480642e-05,-2.277540643873168e-14,0.8307538032531738,-2.9001175789744593e-05,-0.013917334377765656,-6.993274581645892e-08,0,0,0,0,1,0,0,0,1,0,5
0.21086116135120392,-8.122692815959454e-05,0.014123672619462013,-7.610873126395745e-06,0.21955309808254242,-7.894651935203001e-05,0.10996855795383453,0.011032863520085812,1.0781232049339451e-05,-1.5061363001223071e-07,6.526334618683904e-05,-6.831375607340914e-14,0.8167963624000549,-2.9077633371343836e-05,-0.013987457379698753,-8.182492905461913e-08,0,0,0,0,1,0,0,0,1,0,5
0.22465115785598755,-8.536501991329715e-05,0.013827226124703884,-3.31165392708499e-06,0.23296551406383514,-7.425015064654872e-05,0.14891782402992249,0.015878066420555115,-1.1796704484368092e-06,-5.351975929102082e-08,1.2376298400340602e-05,5.7840015443844095e-08,0.8027788400650024,-2.916599260061048e-05,-0.01404004916548729,-9.37171193982067e-08,0,0,0,0,1,0,0,0,1,0,5
0.23811818659305573,-0.0005909905885346234,0.013312697410583496,-3.5064070402768266e-07,0.24873164296150208,-7.542150706285611e-05,0.14991971850395203,0.015674646943807602,-1.1658383982648957e-06,-5.351975929102082e-08,1.2376298400340602e-05,5.7840015443844095e-08,0.7887166142463684,-2.9535794965340756e-05,-0.014078617095947266,-7.062622557896248e-07,0,0,0,0,1,0,0,0,1,0,13
0.2514308989048004,-0.0024671736173331738,0.013312697410583496,-1.926456434375723e-07,0.26397350430488586,-0.00010300387657480314,0.13529248535633087,0.015918001532554626,-0.00026641314616426826,-2.4793632746877847e-07,-7.402875894513272e-07,-3.695593306929368e-07,0.7746210098266602,-3.066404315177351e-05,-0.014108069241046906,-1.4738792515345267e-06,0,0,0,0,1,0,0,0,1,0,18
0.2647435963153839,-0.0024672774598002434,0.013312697410583496,-3.2083839585084206e-08,0.27977827191352844,-0.0003675072512123734,0.17415598034858704,0.015713145956397057,-0.0002629626542329788,-2.4793632746877847e-07,-7.402875894513272e-07,-3.695593306929368e-07,0.7605001926422119,-3.584221485652961e-05,-0.01413050852715969,-1.5369914763141423e-05,0,0,0,0,1,0,0,0,1,0,16
0.2781887352466583,-0.002438835334032774,0.013567769899964333,7.29675666661933e-05,0.2953675091266632,-0.0006283900584094226,0.11523109674453735,0.015384137630462646,-0.0002573816746007651,-1.6230234223257867e-07,1.3049535709797055e-06,-5.371051088332024e-07,0.7463610172271729,-6.97085342835635e-05,-0.014145934954285622,-4.900962449028157e-05,0,0,0,0,1,0,0,0,1,0,5
0.29187852144241333,-0.0022900416515767574,0.0137797174975276,0.00020979979308322072,0.309619277715683,-0.0008660097955726087,0.13555394113063812,0.01399865373969078,-0.00023324920039158314,1.095326751965331e-06,3.1319399568019435e-05,-1.959222799996496e-06,0.7322081327438354,-0.0001372454862575978,-0.0141578558832407,-8.270167018054053e-05,0,0,0,0,1,0,0,0,1,0,18
0.30574822425842285,-0.002033134689554572,0.013937669806182384,0.0002552126825321466,0.32315486669540405,-0.0010912950383499265,0.12166547775268555,0.01302570290863514,-0.0002165357582271099,2.658038965819287e-06,6.840143032604828e-05,-7.707173494964081e-07,0.718045175075531,-0.0002204534102929756,-0.014166271314024925,-8.362251537619159e-05,0,0,0,0,0,1,0,0,1,0,6
0.31964603066444397,-0.001642068033106625,0.013993986882269382,0.00020349767873995006,0.3358214795589447,-0.0013018359895795584,0.11578303575515747,0.012361951172351837,-0.00020547454187180847,2.8704821488645393e-06,7.312555680982769e-05,3.6447871088439443e-13,0.7038744688034058,-0.00030457766843028367,-0.014173283241689205,-8.453334157820791e-05,0,0,0,0,0,1,0,0,1,0,6
0.33285143971443176,-0.00029017668566666543,0.013600388541817665,0.0005653801490552723,0.34781014919281006,-0.0015011046780273318,0.11158439517021179,0.011679880321025848,-0.00019413749396335334,2.712053174036555e-06,6.908957584528252e-05,-3.6440555434280597e-13,0.6896982192993164,-0.00038889498682692647,-0.014178192242980003,-8.33992671687156e-05,0,0,0,0,0,1,0,0,1,0,16
0.34590208530426025,0.0006412654183804989,0.012665636837482452,0.0010674524819478393,0.3614007830619812,0.0014987527392804623,0.1541302353143692,0.013987143523991108,0.0037658880464732647,5.6698427215451375e-06,1.658029214013368e-05,1.77723886736203e-05,0.6755177974700928,-0.0004709193017333746,-0.014182399027049541,-8.089851326076314e-05,0,0,0,0,0,1,0,0,1,0,13
0.35816386342048645,0.0026410326827317476,0.011974573135375977,0.0027157259173691273,0.3752812147140503,0.005235182121396065,0.1190633475780487,0.013714566826820374,0.0036865309812128544,4.084939973836299e-06,1.8371547412243672e-05,1.955896004801616e-05,0.6613340973854065,-0.0005338460323400795,-0.014185204170644283,3.223133535357192e-05,0,0,0,0,0,1,0,0,1,0,12
0.36980968713760376,0.005548735614866018,0.011680757626891136,0.002917519072070718,0.3881292939186096,0.008634070865809917,0.1299496293067932,0.01249690167605877,0.003287635277956724,-2.4861403289833106e-05,5.0761613238137215e-05,2.5969968191930093e-05,0.6471589803695679,-0.00019610293384175748,-0.01415925845503807,0.0005875607021152973,0,0,0,0,0,1,0,0,1,0,10
0.38176414370536804,0.008497429080307484,0.012166359461843967,0.002958928467705846,0.4002482295036316,0.01181108970195055,0.11871546506881714,0.011806214228272438,0.0030898170080035925,-4.316528793424368e-05,6.983896309975535e-05,5.830701373110703e-12,0.6330390572547913,0.0006960339960642159,-0.014080720953643322,0.0011408799327909946,0,0,0,0,0,1,0,0,1,0,15
0.3941558301448822,0.011447824537754059,0.012561503797769547,0.0029395928140729666,0.41171205043792725,0.01481128204613924,0.11092668026685715,0.011181972920894623,0.002926445798948407,-4.0883536712499335e-05,6.614722224185243e-05,5.829677886259876e-12,0.6190069317817688,0.0020639218855649233,-0.013995871879160404,0.0015226687537506223,0,0,0,0,0,1,0,0,1,0,6
0.4068663418292999,0.014417106285691261,0.012814297340810299,0.003003018908202648,0.42254638671875,0.017646748572587967,0.11246868968009949,0.010557579807937145,0.0027630343101918697,-3.859933349303901e-05,6.245153053896502e-05,0.0,0.6050621867179871,0.003772423602640629,-0.01390050444751978,0.0018601961201056838,0,0,0,0,0,1,0,0,1,0,14
0.41968947649002075,0.017594600096344948,0.012758703902363777,0.0030062878504395485,0.4327755868434906,0.020323853939771652,0.10796912014484406,0.009963258169591427,0.002607493894174695,-3.642696174210869e-05,5.893675916013308e-05,0.0,0.5912275314331055,0.0058266897685825825,-0.013770075514912605,0.002233548555523157,0,0,0,0,1,0,0,0,1,0,6
0.43163251876831055,0.020724501460790634,0.01153877004981041,0.0023553315550088882,0.4424273371696472,0.022849829867482185,0.11134351044893265,0.009401875548064709,0.002460573334246874,-3.437371560721658e-05,5.561472789850086e-05,-5.82706322430071e-12,0.5775534510612488,0.008295203559100628,-0.013590560294687748,0.002659914316609502,0,0,0,0,1,0,0,0,1,0,3
0.4415894150733948,0.02274947613477707,0.008385672233998775,0.0013842679327353835,0.49338048696517944,0.023571806028485298,0.2153877168893814,0.06761512160301208,-0.00023332513228524476,-1.5667864090573858e-06,3.6932655348209664e-05,0.002073997166007757,0.5640762448310852,0.0111868130043149,-0.013379840180277824,0.003080184105783701,0,0,0,0,1,0,0,0,1,0,13
0.4494759738445282,0.02419000305235386,0.007311736699193716,0.0013802610337734222,0.5590078830718994,0.022944319993257523,0.1995631903409958,0.06404242664575577,-0.0009431772632524371,-1.5667864090573858e-06,3.6932655348209664e-05,0.002073997166007757,0.5524685382843018,0.014016282744705677,-0.009840025566518307,0.002621349645778537,0,0,0,0,1,0,0,0,1,0,11
0.4565144181251526,0.025197546929121017,0.0068562873639166355,0.0007590609020553529,0.618491530418396,0.021713048219680786,0.14230293035507202,0.05394132435321808,-0.0013854224234819412,3.09035073087216e-07,6.145916267996654e-05,0.001903355703689158,0.5455467700958252,0.016336513683199883,-0.004329050425440073,0.002124021528288722,0,0,0,0,1,0,0,0,1,0,0
0.462761253118515,0.025889158248901367,0.006094399839639664,0.000674758804962039,0.669860303401947,0.020100675523281097,0.12110158801078796,0.04656846821308136,-0.0016623204573988914,3.549098664734629e-06,9.032259549712762e-05,0.001653728075325489,0.5440343618392944,0.018918203189969063,0.000729630992282182,0.002875695936381817,0,0,0,0,1,0,0,0,1,0,17
0.4697367250919342,0.02649400569498539,0.007677779532968998,0.00048168539069592953,0.7122647166252136,0.018422041088342667,0.11097607761621475,0.038954079151153564,-0.0016433442942798138,1.1802047083619982e-05,0.00015078460273798555,0.0009790637996047735,0.5474608540534973,0.021161319687962532,0.005103910807520151,0.0015775553183630109,0,0,0,0,1,0,0,0,1,0,18
0.47819215059280396,0.026708083227276802,0.009050439111888409,-6.088800000725314e-05,0.7482635974884033,0.016845744103193283,0.10885310918092728,0.0339091420173645,-0.0015151302795857191,1.817982592910994e-05,0.00018708517018239945,0.0003460873558651656,0.5536227822303772,0.022171828895807266,0.006896257400512695,0.0006989571265876293,0,0,0,0,1,0,0,0,1,0,8
0.48750752210617065,0.02643601968884468,0.00943471398204565,-0.0003201254294253886,0.780228316783905,0.015415109694004059,0.10911746323108673,0.030500078573822975,-0.001365075004287064,1.9068405890720896e-05,0.00018040311988443136,-1.1775196269436794e-11,0.5612995624542236,0.02271825075149536,0.00828890223056078,0.0003787889436352998,0,0,0,0,1,0,0,0,1,0,2
0.4975165128707886,0.026084190234541893,0.010450798086822033,-0.00037990117562003434,0.8091440200805664,0.014120950363576412,0.10935284197330475,0.027692019939422607,-0.0012393957003951073,1.731313022901304e-05,0.00016379685257561505,-5.875767754293104e-12,0.5702341794967651,0.022851677611470222,0.0093158558011055,-8.665488712722436e-05,0,0,0,0,1,0,0,0,1,0,16
0.5084439516067505,0.025669552385807037,0.01130559854209423,-0.0004380228347145021,0.8354957699775696,0.012941543012857437,0.10951855033636093,0.02531144767999649,-0.001132849371060729,1.5824987713131122e-05,0.00014971777272876352,0.0,0.5796236395835876,0.022645149379968643,0.009629656560719013,-0.0002384756226092577,0,0,0,0,1,0,0,0,1,0,7
0.5201756954193115,0.025211315602064133,0.01205240935087204,-0.0004750975058414042,0.8596570491790771,0.011860172264277935,0.10963717103004456,0.023264599964022636,-0.001041240175254643,1.4545417798217386e-05,0.0001376119180349633,0.0,0.5897592902183533,0.02236219495534897,0.010525478981435299,-0.000321893603540957,0,0,0,0,1,0,0,0,1,0,18
0.5325582027435303,0.024716181680560112,0.012629874050617218,-0.0005107747274450958,0.8819222450256348,0.010863659903407097,0.10972348600625992,0.021483182907104492,-0.0009615103481337428,1.3431736988422927e-05,0.0001270756038138643,8.78065155307528e-12,0.6006126403808594,0.022000502794981003,0.010864173993468285,-0.00037753410288132727,0,0,0,0,1,0,0,0,1,0,15
0.5454404354095459,0.02419227920472622,0.013070948421955109,-0.0005324206431396306,0.9025276899337769,0.009941434487700462,0.10978724807500839,0.019916236400604248,-0.0008913797209970653,1.245212752110092e-05,0.00011780759086832404,2.9245551293188843e-12,0.6116070747375488,0.02160550095140934,0.01129122357815504,-0.0004156211798544973,0,0,0,0,1,0,0,0,1,0,1
0.5587022304534912,0.023650776594877243,0.01340403314679861,-0.00054834847105667,0.9216654896736145,0.00908488966524601,0.10983499139547348,0.01852499693632126,-0.0008291126578114927,1.1582335901039187e-05,0.00010957866470562294,0.0,0.6232403516769409,0.021165499463677406,0.011894281953573227,-0.0004587276198435575,0,0,0,0,1,0,0,0,1,0,15
0.5722492933273315,0.02309553511440754,0.013653320260345936,-0.0005600269651040435,0.9394944310188293,0.00828692689538002,0.10987119376659393,0.017279459163546562,-0.0007733670645393431,1.080362835637061e-05,0.00010221140837529674,0.0,0.6354444026947021,0.020691949874162674,0.012437035329639912,-0.00048636249266564846,0,0,0,0,1,0,0,0,1,0,13
0.5860094428062439,0.022530844435095787,0.013839147053658962,-0.0005681691691279411,0.9561468362808228,0.007541627623140812,0.10989895462989807,0.01615602895617485,-0.0007230862393043935,1.0101250154548325e-05,9.556632721796632e-05,0.0,0.6481214165687561,0.020190151408314705,0.012857072055339813,-0.0005137977423146367,0,0,0,0,1,0,0,0,1,0,2
0.5999333262443542,0.021967004984617233,0.013980214484035969,-0.0005694375722669065,0.9717339873313904,0.006844003684818745,0.1099204570055008,0.015135903842747211,-0.0006774287903681397,9.463455171498936e-06,8.953228098107502e-05,0.0,0.6611623764038086,0.019664790481328964,0.013178236782550812,-0.0005329054547473788,0,0,0,0,1,0,0,0,1,0,8
0.6139765977859497,0.02140481024980545,0.01408341433852911,-0.0005697347223758698,0.9863505363464355,0.006189817562699318,0.10993725806474686,0.014203917235136032,-0.000635716482065618,8.88076738192467e-06,8.401955710723996e-05,-1.4587886020683838e-12,0.6744815111160278,0.019123375415802002,0.01342436857521534,-0.0005479777464643121,0,0,0,0,1,0,0,0,1,0,0
0.6281042098999023,0.020838910713791847,0.014157012104988098,-0.0005738296313211322,1.0000778436660767,0.005575437564402819,0.10995049774646759,0.013347700238227844,-0.0005973949446342885,8.34544698591344e-06,7.895502494648099e-05,-1.458367281104156e-12,0.688011646270752,0.01856846734881401,0.013609493151307106,-0.0005598273710347712,0,0,0,0,1,0,0,0,1,0,13
0.6422945261001587,0.02027314156293869,0.014213019981980324,-0.0005720222252421081,1.0129855871200562,0.00499773072078824,0.10996100306510925,0.01255705114454031,-0.000562008295673877,7.851114787627012e-06,7.427821401506662e-05,2.916003159422753e-12,0.701701283454895,0.01800376921892166,0.01374903880059719,-0.0005684828502126038,0,0,0,0,1,0,0,0,1,0,18
