lt_dp_posx,lt_dp_posy,lt_dp_velx,lt_dp_vely,ball_posx,ball_posy,ball_posz,ball_vel_x,ball_vel_y,ball_rot_x,ball_rot_y,ball_rot_z,rt_gk_posx,rt_gk_posy,rt_gk_velx,rt_gk_vely,action_left,action_top_left,action_top,action_top_right,action_right,action_bottom_right,action_bottom,action_bottom_left,action_sprint,action_dribble,sel_action
-1.0110293626785278,-0.0,0.0,-0.0,0.019999999552965164,-0.0,0.11061639338731766,-0.0,0.0,0.0,-0.0,0.0,1.0110293626785278,0.0,-0.0,0.0,5
0.0022227545268833637,1.214716660591364e-10,0.003935635089874268,2.5671381687075723e-11,0.019999999552965164,-0.0,0.11059734225273132,-0.0,0.0,0.0,-0.0,0.0,1.0110293626785278,0.0,-0.0,0.0,5
0.005271322093904018,-2.6352731108403304e-09,0.005585023667663336,-4.004820364222894e-10,0.019999999552965164,-0.0,0.10930104553699493,-0.0,0.0,0.0,-0.0,0.0,1.010831356048584,-1.629409801529036e-11,-0.0013190157478675246,-1.0758220703177557e-10,13
0.010625659488141537,-4.5637658097064104e-09,0.007103427313268185,-2.554758071759977e-10,0.025320498272776604,-5.634832600520667e-10,0.1260860562324524,0.008659591898322105,-9.180178284218243e-10,2.2965069516184267e-12,6.04173601459479e-06,-4.012789232843428e-12,1.007331371307373,-2.408699628642097e-10,-0.004367968533188105,-2.2775932528862342e-10,16
0.01848970539867878,-4.6795465280524695e-09,0.008461274206638336,-1.3390841213656302e-10,0.03355647996068001,-1.4382255386635734e-09,0.11838945001363754,0.007918355986475945,-8.42004965750931e-10,1.176400036412284e-11,4.684515806729905e-05,0.0,1.0020980834960938,-4.118137775233066e-10,-0.0059268055483698845,-1.0783250681267731e-10,13
0.027614345774054527,-4.809848963560626e-09,0.009638728573918343,-8.884844249212875e-11,0.041250068694353104,-2.2563302337630375e-09,0.1135486587882042,0.007504452485591173,-7.979922833634134e-10,1.1148005261973903e-11,4.439179610926658e-05,-6.943675111245361e-19,0.9953674674034119,-4.9759536768778645e-11,-0.007369237951934338,6.022891074763947e-10,13
0.03612228110432625,-6.656200479682184e-09,0.009277104400098324,-1.8268359047723948e-10,0.048517677932977676,-3.0291376074131904e-09,0.11264698207378387,0.007074202410876751,-7.522412137639378e-10,1.0508609607495778e-11,4.1845705709420145e-05,-2.0829425256238677e-18,0.9872784614562988,3.887979382888318e-10,-0.008651789277791977,2.8345639724314253e-10,18
0.04460865631699562,-8.484513536188842e-09,0.010067443363368511,-1.1342846106821014e-10,0.05758916214108467,8.605913535575382e-06,0.13116511702537537,0.013979627750813961,2.82593955489574e-05,2.9465124384842056e-07,7.136271051422227e-06,3.4855759167840006e-07,0.9781137704849243,1.4081589227998847e-08,-0.009335489943623543,9.038920723014598e-08,18
0.055106088519096375,4.77037247037515e-07,0.010675542056560516,2.4280604975501774e-06,0.07142878323793411,3.651112274383195e-05,0.13711479306221008,0.013769258745014668,2.7762731406255625e-05,2.854166609722597e-07,8.147850167006254e-06,3.5950483834312763e-07,0.968501091003418,3.200530898084253e-07,-0.010017086751759052,4.896153882327781e-07,5
0.06596015393733978,6.92342246111366e-06,0.011177010834217072,9.552155461278744e-06,0.08453243225812912,6.21985673205927e-05,0.12683330476284027,0.012486477382481098,2.3782886273693293e-05,-6.458757439986584e-08,4.5695003791479394e-05,4.101929391708836e-07,0.9580104947090149,1.0791773092933e-06,-0.010855057276785374,9.851463573795627e-07,18
0.07753842324018478,2.0731586118927225e-05,0.011883500963449478,1.7103986465372145e-05,0.09663836658000946,8.502074342686683e-05,0.1176246926188469,0.011771108955144882,2.2048556274967268e-05,-3.080120904996875e-07,6.962900806684047e-05,0.0,0.9471069574356079,2.414531309113954e-06,-0.010882405564188957,1.6471323078803835e-06,16
0.08977188169956207,3.966278745792806e-05,0.012501724064350128,2.055774712061975e-05,0.10808058828115463,0.00010645325528457761,0.11083377152681351,0.011161502450704575,2.090670204779599e-05,-2.920708368492342e-07,6.602532812394202e-05,4.554409760025753e-14,0.9358362555503845,4.5374390538199805e-06,-0.01156821008771658,2.495082526365877e-06,16
0.10254812240600586,6.3369981944561e-05,0.012981190346181393,2.649111411301419e-05,0.1188960000872612,0.00012671167496591806,0.10950885713100433,0.010538773611187935,1.9740258721867576e-05,-2.757730328539765e-07,6.234108150238171e-05,-4.5536562395158756e-14,0.9239458441734314,7.403536983474623e-06,-0.012150231748819351,3.0699388844368514e-06,5
0.11571427434682846,-0.0007769088260829449,0.013238980434834957,2.3831020371289924e-05,0.1291036754846573,0.00014583177107851952,0.11070510745048523,0.009941724129021168,1.8621918570715934e-05,-2.6014203058366547e-07,5.880753815290518e-05,-6.829461990506477e-14,0.911514401435852,1.0772861060104333e-05,-0.012642495334148407,3.6477613321039826e-06,5
0.12895330786705017,-0.0022525659296661615,0.013239067979156971,1.1915582035726402e-05,0.140615314245224,7.988599827513099e-05,0.13553325831890106,0.01557299867272377,-0.0002598423161543906,-6.126012408458337e-08,1.036990033753682e-05,-7.978075018399977e-07,0.8986548185348511,1.4764882507734e-05,-0.013021862134337425,4.2675405893533025e-06,0
0.14219574630260468,-0.0022468690294772387,0.013272990472614765,3.3491965041321237e-06,0.15608079731464386,-0.0001781393657438457,0.15389469265937805,0.015377793461084366,-0.0002565539616625756,-6.126012408458337e-08,1.036990033753682e-05,-7.978075018399977e-07,0.8854668736457825,1.4141606698103715e-05,-0.013312171213328838,-6.375813882186776e-06,16
0.15563490986824036,-0.002196631161496043,0.013562160544097424,0.00010679462866391987,0.17103396356105804,-0.00042704708175733685,0.12458185106515884,0.014172323048114777,-0.00023464793048333377,1.2913152431792696e-06,4.019002153654583e-05,-1.932192162712454e-06,0.8720290064811707,8.911899129770973e-08,-0.013531656935811043,-2.0148068870184943e-05,16
0.16931922733783722,-0.0020076557993888855,0.013774283230304718,0.00025409332010895014,0.18478500843048096,-0.0006542741321027279,0.10572804510593414,0.013355893082916737,-0.00022030368563719094,2.1954676867608214e-06,5.991645957692526e-05,-1.4151382856653072e-06,0.8584018349647522,-2.6584802981233224e-05,-0.013698549941182137,-3.175219535478391e-05,0
0.1831846684217453,-0.001725860289297998,0.013934689573943615,0.00026497329236008227,0.19769737124443054,-0.0008670638198964298,0.11271274089813232,0.01260455697774887,-0.000207717705052346,2.90160551230656e-06,7.455514423782006e-05,7.290113066167614e-13,0.8446321487426758,-6.515711720567197e-05,-0.013823368586599827,-4.392299888422713e-05,13
0.19718925654888153,-0.0014969457406550646,0.014056352898478508,0.00020027445862069726,0.20992252230644226,-0.001068528858013451,0.11237554252147675,0.011916355229914188,-0.00019637640798464417,2.7433950435806764e-06,7.049003761494532e-05,3.6443049099277314e-13,0.8307552933692932,-0.00011510786862345412,-0.013917334377765656,-5.312293069437146e-05,16
0.2112855464220047,-0.0013310274807736278,0.014121859334409237,0.00013841709005646408,0.22146748006343842,-0.0012587840901687741,0.11105363070964813,0.011247918009757996,-0.0001853607827797532,2.5894830741890473e-06,6.653536547673866e-05,3.643614002093315e-13,0.8167979121208191,-0.0001679316774243489,-0.013986756093800068,-5.2566250815289095e-05,5
0.22538252174854279,-0.0012291098246350884,0.014120737090706825,7.549019937869161e-05,0.2329203486442566,-0.001418543979525566,0.12036368995904922,0.016202325001358986,2.2783331587561406e-05,9.569889698468614e-07,8.313909347634763e-06,-1.1230620202695718e-06,0.8027804493904114,-0.00022015640570316464,-0.01404004916548729,-5.193593824515119e-05,13
0.23909927904605865,-0.0011891196481883526,0.013386151753365993,1.1927167179237586e-05,0.24877412617206573,-0.0013969874707981944,0.16152387857437134,0.015753796324133873,2.1391195332398638e-05,8.989440516415925e-07,1.2278042959223967e-05,-9.624997119317413e-07,0.7887182235717773,-0.0002678928431123495,-0.014078617095947266,-4.2743027734104544e-05,18
0.2524116039276123,0.000357985234586522,0.013312599621713161,3.7958748180244584e-06,0.2643519937992096,-0.00137598707806319,0.10267231613397598,0.015166591852903366,1.9513561710482463e-05,7.958136052366171e-07,1.9121653167530894e-05,-7.102553354343399e-07,0.7746224999427795,-0.0003043721953872591,-0.014108069241046906,-3.1343904993264005e-05,16
0.2657240331172943,0.0010161364916712046,0.013312522321939468,1.4232747389542055e-06,0.2798015773296356,-0.0011855685152113438,0.17040634155273438,0.01579304225742817,0.0002640736638568342,4.045866432988987e-07,-7.778239137223864e-07,1.8104755383774318e-07,0.7605017423629761,-0.00032962075783871114,-0.01413050852715969,-2.0694968043244444e-05,18
0.2790824770927429,0.0010100062936544418,0.013462585397064686,-2.7134015908814035e-05,0.29548346996307373,-0.0009233541204594076,0.1504458338022232,0.015591677278280258,0.0002607136848382652,4.045866432988987e-07,-7.778239137223864e-07,1.8104755383774318e-07,0.7463624477386475,-0.00034510751720517874,-0.014145934954285622,-1.1221322893106844e-05,0
0.29268333315849304,0.0009155547013506293,0.013702932745218277,-0.0001561351091368124,0.31032794713974,-0.0006759605021215975,0.1344221979379654,0.01407252624630928,0.00023360838531516492,-9.809391485759988e-07,3.1020234018797055e-05,1.904934265439806e-06,0.7322092056274414,-0.0003511075337883085,-0.0141578558832407,-1.7253976238862379e-06,0
0.30648720264434814,0.000688004307448864,0.01387876644730568,-0.0002729546104092151,0.32421186566352844,-0.00044560377136804163,0.10671103000640869,0.013519799336791039,0.00022400567831937224,-1.4116085367277265e-06,4.0852839447325096e-05,1.9270405573479366e-06,0.7180460691452026,-0.00034182443050667644,-0.01416697259992361,1.8293358152732253e-05,6
0.32044389843940735,0.0004429569817148149,0.014014454558491707,-0.00021702845697291195,0.3371511399745941,-0.0002316628088010475,0.10754548758268356,0.012635797262191772,0.0002088762412313372,-2.9181892386986874e-06,7.475016900571063e-05,0.0,0.7038753032684326,-0.00031251166365109384,-0.014173283241689205,3.833083246718161e-05,6
0.33353251218795776,0.0014054286293685436,0.013691570609807968,0.00015737237117718905,0.3494088053703308,-2.9037024432909675e-05,0.11276651173830032,0.01195143349468708,0.00019756334950216115,-2.7599380700848997e-06,7.069655111990869e-05,0.0,0.6896989941596985,-0.00026684990734793246,-0.014178192242980003,4.7820296458667144e-05,12
0.34656211733818054,0.002101719845086336,0.013037989847362041,0.0003355185326654464,0.36273258924484253,0.00208508362993598,0.15035368502140045,0.014260595664381981,0.0033694044686853886,3.6201511193212355e-06,1.6110083379317075e-05,1.7479884263593704e-05,0.6755185127258301,-0.0002176833077101037,-0.014182399027049541,5.02678012708202e-05,12
0.3590753972530365,0.003386939875781536,0.01239776611328125,0.0019756159745156765,0.3768967390060425,0.005431510973721743,0.1345832198858261,0.014085211791098118,0.003327844897285104,3.6201511193212355e-06,1.6110083379317075e-05,1.7479884263593704e-05,0.6613349914550781,-0.00015233384328894317,-0.014183100312948227,0.00014429005386773497,12
0.37098395824432373,0.005877894349396229,0.011766658164560795,0.002545606577768922,0.3902234137058258,0.008544874377548695,0.13146385550498962,0.012800402007997036,0.0029664048925042152,-2.1424861188279465e-05,4.942740633850917e-05,2.4914461391745135e-05,0.6471630930900574,0.0002450300380587578,-0.014157154597342014,0.0006043026805855334,6
0.3830345869064331,0.00846150703728199,0.012268739752471447,0.002599931787699461,0.4026968777179718,0.01142739225178957,0.11832620203495026,0.012131649069488049,0.002796776592731476,-3.9069920603651553e-05,7.176122744567692e-05,5.831256484623015e-12,0.6330375671386719,0.0011017312062904239,-0.014094044454395771,0.0010629091411828995,7
0.39553558826446533,0.011057214811444283,0.01267580408602953,0.002587796887382865,0.41448986530303955,0.01414609607309103,0.11485911905765533,0.011504095047712326,0.0026521040126681328,-3.704997288878076e-05,6.805108569096774e-05,-5.8301983033026694e-12,0.6189827919006348,0.0023660026490688324,-0.014023921452462673,0.0014086266746744514,6
0.4083782434463501,0.013656959868967533,0.012956647202372551,0.0026292065158486366,0.4256429970264435,0.016717301681637764,0.11186166107654572,0.010865462012588978,0.002504877047613263,-3.499162630760111e-05,6.427042535506189e-05,-5.829178285898795e-12,0.6050034165382385,0.003948748577386141,-0.013940474949777126,0.0017249234952032566,14
0.4213826060295105,0.01640917919576168,0.013046467676758766,0.002675442025065422,0.4361737370491028,0.019145004451274872,0.11103268712759018,0.01025848276913166,0.0023649469949305058,-3.30378461512737e-05,6.068185030017048e-05,0.0,0.5911194682121277,0.005856556352227926,-0.013826875016093254,0.002078605117276311,17
0.43359342217445374,0.019390055909752846,0.011752490885555744,0.0020900643430650234,0.4461106061935425,0.021435804665088654,0.10831203311681747,0.009679327718913555,0.002231431193649769,-3.117326195933856e-05,5.725707524106838e-05,-8.741161440506406e-12,0.5773777961730957,0.008160511031746864,-0.01366734504699707,0.0024876168463379145,12
0.444156289100647,0.02143057808279991,0.009226448833942413,0.0013418032322078943,0.48110729455947876,0.023000504821538925,0.330366849899292,0.05992399901151657,0.0008997565601021051,-9.772267731023021e-06,3.893377652275376e-05,0.0004690220230259001,0.5638118982315063,0.010870697908103466,-0.013478714041411877,0.0028914455324411392,7
0.4523825943470001,0.022656822577118874,0.0073944819159805775,0.0011787317926064134,0.5395504832267761,0.023800892755389214,0.6132073402404785,0.05725665017962456,0.0007198274834081531,-9.772267731023021e-06,3.893377652275376e-05,0.0004690220230259001,0.5521149039268494,0.013542219065129757,-0.009921719320118427,0.002493342151865363,4
0.4595790505409241,0.023592276498675346,0.006899062544107437,0.0005705647636204958,0.5954115390777588,0.02442416176199913,0.6998998522758484,0.05473940819501877,0.0005450843600556254,-9.772267731023021e-06,3.893377652275376e-05,0.0004690220230259001,0.5451347827911377,0.015893924981355667,-0.004377786070108414,0.0023311120457947254,13
0.4660184383392334,0.024124806746840477,0.00613261666148901,0.0005071813357062638,0.6488248705863953,0.024875713512301445,0.6032774448394775,0.05234488099813461,0.0003758676175493747,-9.772267731023021e-06,3.893377652275376e-05,0.0004690220230259001,0.54352867603302,0.01874294877052307,0.0006812460487708449,0.0029020332731306553,12
0.47214722633361816,0.023882834240794182,0.006094049196690321,-0.001178974169306457,0.6999012231826782,0.02516118623316288,0.3352320194244385,0.0500527061522007,0.00021238233603071421,-9.772267731023021e-06,3.893377652275376e-05,0.0004690220230259001,0.5469046235084534,0.021023977547883987,0.005037644412368536,0.001666092430241406,18
0.47831568121910095,0.021580126136541367,0.006162769626826048,-0.0030825012363493443,0.7457045316696167,0.025334002450108528,0.20327799022197723,0.04041897878050804,0.00018459938291925937,-9.08846686797915e-06,5.7711720728548244e-05,0.0004300988803151995,0.5529908537864685,0.022223813459277153,0.006822978612035513,0.0009565547225065529,18
0.48470479249954224,0.017972024157643318,0.006993378046900034,-0.003664587624371052,0.7854540944099426,0.025472596287727356,0.3081662058830261,0.039195988327264786,0.00010090730938827619,-9.08846686797915e-06,5.7711720728548244e-05,0.0004300988803151995,0.5606040954589844,0.023067720234394073,0.008237361907958984,0.0007099226932041347,4
0.492588609457016,0.014517760835587978,0.008309938944876194,-0.003265279345214367,0.8239603638648987,0.02552740089595318,0.2381879985332489,0.0379369743168354,1.7092186681111343e-05,-9.08846686797915e-06,5.7711720728548244e-05,0.0004300988803151995,0.5695080161094666,0.023571128025650978,0.009304635226726532,0.00030988710932433605,11
0.5012715458869934,0.012540535070002079,0.009416131302714348,-0.0010804696939885616,0.8600909113883972,0.025524206459522247,0.15044371783733368,0.0331147164106369,2.182123535021674e-05,-7.571870810352266e-06,8.146614709403366e-05,0.0003599526244215667,0.5788978934288025,0.02377043291926384,0.009633162058889866,0.00017945561558008194,8
0.5109072923660278,0.011710152961313725,0.010042986832559109,-0.0006849249475635588,0.8927438259124756,0.025520412251353264,0.170765221118927,0.0322616770863533,-2.4963730538729578e-05,-7.571870810352266e-06,8.146614709403366e-05,0.0003599526244215667,0.5890398621559143,0.023929551243782043,0.010534594766795635,0.0001390870165778324,14
0.5215401649475098,0.01125755999237299,0.011007193475961685,-0.00022349607024807483,0.923683226108551,0.02548990398645401,0.1350570023059845,0.029274724423885345,-1.726123082335107e-05,-5.2226805564714596e-06,0.00010975378245348111,0.00025428476510569453,0.5999060869216919,0.024045124650001526,0.010878197848796844,0.00010084307723445818,13
0.5330552458763123,0.011167487129569054,0.011839349754154682,-2.075196971418336e-05,0.95216304063797,0.02546592243015766,0.11942578107118607,0.027183296158909798,-1.4817816008871887e-05,-2.0087461507500848e-06,0.0001407146773999557,0.00010693426156649366,0.6109163761138916,0.02413436770439148,0.011308753862977028,8.176388655556366e-05,12
0.545287013053894,0.0112204160541296,0.012471988797187805,0.00014854017354082316,0.9782031774520874,0.02545291744172573,0.11411508172750473,0.025115612894296646,-1.2175134543213062e-05,1.7008922270633775e-07,0.00014857029600534588,9.165553786858599e-14,0.6225687861442566,0.024206943809986115,0.01191461831331253,6.542251503560692e-05,18
0.5580601096153259,0.011459858156740665,0.012971007265150547,0.0003003955353051424,1.0022237300872803,0.02544127032160759,0.11080664396286011,0.023150868713855743,-1.1222699868085328e-05,1.567668448387849e-07,0.00013693340588361025,-4.5774338095980194e-14,0.6347939968109131,0.024271082133054733,0.012458773329854012,6.145837687654421e-05,13
