lt_dp_posx,lt_dp_posy,lt_dp_velx,lt_dp_vely,ball_posx,ball_posy,ball_posz,ball_vel_x,ball_vel_y,ball_rot_x,ball_rot_y,ball_rot_z,rt_gk_posx,rt_gk_posy,rt_gk_velx,rt_gk_vely,action_left,action_top_left,action_top,action_top_right,action_right,action_bottom_right,action_bottom,action_bottom_left,action_sprint,action_dribble,sel_action
-1.0110293626785278,-0.0,0.0,-0.0,0.019999999552965164,-0.0,0.11061639338731766,0.0,-0.0,0.0,-0.0,0.0,1.0110293626785278,0.0,-0.0,0.0,0,0,0,0,0,0,0,0,0,0,5
0.0,-0.0,0.0,-0.0,0.019999999552965164,-0.0,0.11059734225273132,0.0,-0.0,0.0,-0.0,0.0,1.0110293626785278,0.0,-0.0,0.0,0,0,0,0,1,0,0,0,0,0,5
0.0,-0.0,0.0,-0.0,0.019999999552965164,-0.0,0.10930104553699493,0.0,-0.0,0.0,-0.0,0.0,1.0089819431304932,-1.5615271228841543e-11,-0.003723537316545844,-2.552534225652714e-11,0,0,0,0,1,0,0,0,0,0,5
0.0011742409551516175,1.3643361440607293e-10,0.0034112136345356703,2.3963026007933763e-10,0.019999999552965164,-0.0,0.11075475811958313,0.0,-0.0,0.0,-0.0,0.0,1.0043776035308838,-3.788986485675494e-11,-0.005314630456268787,-1.7259107337741497e-11,0,0,0,0,1,0,0,0,0,0,5
0.004355194512754679,-9.771559117410789e-10,0.005103938281536102,-2.3148706562725607e-10,0.019999999552965164,-0.0,0.11053141206502914,0.0,-0.0,0.0,-0.0,0.0,0.9982317090034485,8.936450884844405e-11,-0.006807551719248295,6.672513097605304e-10,0,0,0,0,1,0,0,0,0,0,13
0.008538313210010529,-3.439343698730113e-09,0.006663426756858826,-3.542344473306258e-10,0.02272110804915428,-2.401155385634013e-10,0.12206600606441498,0.008977130055427551,-7.917650979294422e-10,-3.3805985354823376e-12,-1.925346441566944e-05,-1.8745146494053566e-12,0.9906662106513977,6.611160507929981e-10,-0.008160226047039032,4.563843192251227e-10,0,0,0,0,1,0,0,0,1,0,18
0.015989981591701508,-3.657014246982726e-09,0.008070995099842548,-7.288332437571654e-11,0.03136187046766281,-1.0010482442979196e-09,0.11363866925239563,0.00835032295435667,-7.344803099051944e-10,-1.0293307872721869e-11,-4.953729148837738e-05,6.944848673739421e-19,0.9818469882011414,9.394076627700088e-10,-0.009317257441580296,1.1709931635461857e-10,0,0,0,0,1,0,0,0,1,0,18
0.02475566230714321,-3.816629234876245e-09,0.009305577725172043,-1.575874986059489e-10,0.03948330506682396,-1.7153971576533422e-09,0.11435475945472717,0.00792497955262661,-6.970690691332493e-10,-9.737841609458453e-12,-4.6878129069227725e-05,0.0,0.9724517464637756,1.1172561764638544e-09,-0.009637720882892609,1.764789286928803e-10,0,0,0,0,1,0,0,0,1,0,18
0.034221503883600235,-4.304198775173518e-09,0.010056434199213982,-2.5303861783676496e-10,0.04717102274298668,-2.3915975866373174e-09,0.11023221909999847,0.007491174153983593,-6.589126466671757e-10,-9.2050195590887e-12,-4.4313081161817536e-05,-1.388731506731469e-18,0.9623057246208191,1.2305808594348377e-09,-0.010538101196289062,5.40870924436998e-11,0,0,0,0,1,0,0,0,1,0,0
0.04248494654893875,-5.735156793917895e-09,0.009685609489679337,-1.377486041898024e-10,0.05442111939191818,-3.0293054731345137e-09,0.10938604176044464,0.0070563675835728645,-6.206675173814347e-10,-8.670670084698351e-12,-4.174073183094151e-05,2.7772483600939804e-18,0.9514368772506714,1.647869285470449e-09,-0.010879600420594215,9.503441367186838e-10,0,0,0,0,1,0,0,0,1,0,5
0.05221288278698921,-6.173943134513138e-09,0.01050952635705471,-7.845207816714606e-11,0.06711333245038986,2.3539816538686864e-05,0.14591693878173828,0.014017813839018345,2.926232264144346e-05,3.8007601688150316e-07,-4.3082745833089575e-05,-2.6629042082504384e-08,0.9404253959655762,2.3336541588037107e-09,-0.011310156434774399,4.915544637995595e-10,0,0,0,0,1,0,0,0,1,0,13
0.06288903951644897,3.1001504794403445e-06,0.010763458907604218,6.489365205197828e-06,0.08094481378793716,5.2501141908578575e-05,0.11522690206766129,0.013381498865783215,2.8419235604815185e-05,3.926411125121376e-07,-6.93334877723828e-05,-4.6652202101427065e-09,0.9287715554237366,2.588249614632332e-09,-0.011916019953787327,7.092678527831353e-11,0,0,0,0,1,0,0,0,1,0,0
0.07409841567277908,1.3910388588556089e-05,0.011549495160579681,1.4633183127443772e-05,0.09398728609085083,8.024661656236276e-05,0.10902407765388489,0.012782126665115356,2.71947355940938e-05,3.7993970636307495e-07,-7.561677193734795e-05,-1.3669725345156342e-13,0.9165447354316711,4.509354880610772e-07,-0.012460877187550068,1.0441603990329895e-06,0,0,0,0,1,0,0,0,1,0,16
0.08601444959640503,3.233020834159106e-05,0.012209135107696056,2.019296334765386e-05,0.10639084875583649,0.00010663591092452407,0.11389370262622833,0.012094142846763134,2.5731002097018063e-05,3.594509507820476e-07,-7.153906335588545e-05,4.5556186454480743e-14,0.9038431644439697,2.4601747554697795e-06,-0.01288231648504734,2.7991027309326455e-06,0,0,0,0,1,0,0,0,1,0,5
0.09853748977184296,5.5072068789741024e-05,0.012757848016917706,2.5386449124198407e-05,0.11811836808919907,0.00013158691581338644,0.1114998608827591,0.01142380852252245,2.4304825274157338e-05,3.395256840121874e-07,-6.757347728125751e-05,4.5547394252488244e-14,0.8907760381698608,5.944609256403055e-06,-0.013204882852733135,3.810130010606372e-06,0,0,0,0,1,0,0,0,1,0,13
0.11153464019298553,8.424968837061897e-05,0.01317543163895607,3.229550566175021e-05,0.12918555736541748,0.00015513304970227182,0.11083120852708817,0.010777592658996582,2.2929967599338852e-05,3.2032312446972355e-07,-6.375171506078914e-05,4.553939826146616e-14,0.8774299025535583,1.019025694404263e-05,-0.013451716862618923,4.600779448082903e-06,0,0,0,0,1,0,0,0,1,0,5
0.1238897442817688,-4.0095332224154845e-05,0.013405018486082554,2.9636057661264203e-05,0.1396242380142212,0.00017734196444507688,0.1104738712310791,0.010166743770241737,2.163035242119804e-05,3.021727934537921e-07,-6.013937672832981e-05,1.365968156728098e-13,0.8638719320297241,1.5188465113169514e-05,-0.013637542724609375,5.256847998680314e-06,0,0,0,0,1,0,0,0,1,0,13
0.13466542959213257,-0.0006011612131260335,0.013405082747340202,1.6164800399565138e-05,0.1500743329524994,0.000187491430551745,0.11951543390750885,0.015621257945895195,-8.760225318837911e-05,-8.034831466829928e-08,-4.608477320289239e-05,-4.047637958137784e-08,0.8501538634300232,2.0678138753282838e-05,-0.01377778872847557,5.683922609023284e-06,0,0,0,0,1,0,0,0,1,0,16
0.1480685919523239,-0.0005924055585637689,0.013386151753365993,2.6901409455604153e-06,0.16540931165218353,0.00010194352944381535,0.15080535411834717,0.015240778215229511,-8.499582327203825e-05,-1.9504635417888494e-07,-5.070620682090521e-05,-1.4329451403227722e-07,0.8363156914710999,2.6580375561024994e-05,-0.013882973231375217,6.079497779865051e-06,0,0,0,0,1,0,0,0,1,0,16
0.16151389479637146,-0.0005818722420372069,0.013568121008574963,2.4915329049690627e-05,0.18036244809627533,1.9023133063456044e-05,0.1231798455119133,0.014477768912911415,-7.930370338726789e-05,-9.631978628021898e-07,-8.029711898416281e-05,-1.3574313584285846e-07,0.8223875761032104,2.9398970582406037e-05,-0.01396151166409254,-1.2662254675888107e-06,0,0,0,0,1,0,0,0,1,0,0
0.17520558834075928,-0.0005325039965100586,0.013783223927021027,6.903239409439266e-05,0.19450676441192627,-5.840642916155048e-05,0.11392323672771454,0.013819847255945206,-7.565123087260872e-05,-1.0566818673396483e-06,-8.173663809429854e-05,0.0,0.8083919882774353,2.2990958314039744e-05,-0.014021116308867931,-1.0625668437569402e-05,0,0,0,0,1,0,0,0,1,0,16
0.18908041715621948,-0.0004482886870391667,0.01394275389611721,8.365014946321025e-05,0.2079356610774994,-0.000131917666294612,0.11454194039106369,0.013096258975565434,-7.169023592723534e-05,-1.0014731515184394e-06,-7.74661311879754e-05,-1.8228105656825644e-13,0.7943460941314697,8.16055489849532e-06,-0.014064592309296131,-1.615787550690584e-05,0,0,0,0,1,0,0,0,1,0,13
0.20309141278266907,-0.0003759416867978871,0.014061436988413334,6.311203469522297e-05,0.2206358015537262,-0.00020143941219430417,0.11014704406261444,0.012375476770102978,-6.774457870051265e-05,-9.464091021982313e-07,-7.320681470446289e-05,0.0,0.7802626490592957,-7.83774066803744e-06,-0.014097549952566624,-1.5865849491092376e-05,0,0,0,0,1,0,0,0,1,0,16
0.21698367595672607,-0.00026906598941423,0.014141123741865158,4.384481144370511e-05,0.23262111842632294,-0.0002670480462256819,0.10926466435194016,0.011674540117383003,-6.390758790075779e-05,-8.927966632654716e-07,-6.905978807481006e-05,0.0,0.7661510705947876,-2.3537810193374753e-05,-0.014122093096375465,-1.5563056876999326e-05,0,0,0,0,1,0,0,0,1,0,18
0.22863619029521942,0.0003846451290883124,0.014141228049993515,2.5576560801710002e-05,0.24392548203468323,-0.00032892925082705915,0.11069917678833008,0.011007561348378658,-6.0256475990172476e-05,-8.417611638833478e-07,-6.511207902804017e-05,9.108438016412063e-14,0.7520185708999634,-3.92783731513191e-05,-0.014140325598418713,-1.5885065295151435e-05,0,0,0,0,1,0,0,0,1,0,16
0.2420443445444107,0.0005121572758071125,0.013533234596252441,6.993385795794893e-06,0.25889408588409424,-0.00025248006568290293,0.15284356474876404,0.015309540554881096,9.084164048545063e-05,5.080564591253278e-08,-5.3893905715085566e-05,9.308212156611262e-08,0.7378703951835632,-5.533838702831417e-05,-0.014154350385069847,-1.620256261958275e-05,0,0,0,0,1,0,0,0,1,0,0
0.2554630935192108,0.0005089447950012982,0.013516930863261223,-1.5654686649213545e-05,0.2740236818790436,-0.00016299331036861986,0.11552874743938446,0.014695494435727596,8.525356679456308e-05,8.796275210443127e-07,-7.793528493493795e-05,2.1554281204316794e-07,0.7237108945846558,-6.858158303657547e-05,-0.014164167456328869,-7.566995918750763e-06,0,0,0,0,1,0,0,0,1,0,5
0.2691110372543335,0.0004668662149924785,0.013745006173849106,-6.440919969463721e-05,0.28835341334342957,-8.004350820556283e-05,0.11054418236017227,0.014049316756427288,8.131662616506219e-05,1.136098262577434e-06,-8.311451529152691e-05,1.8233892585921285e-13,0.7095428705215454,-6.811146886320785e-05,-0.014171179383993149,7.048362931527663e-06,0,0,0,0,1,0,0,0,1,0,6
0.2829532325267792,0.00037988589610904455,0.013914178125560284,-9.431935905013233e-05,0.30198290944099426,-1.1569726439120132e-06,0.10648694634437561,0.013303838670253754,7.70018741604872e-05,1.0757805739558535e-06,-7.870179251767695e-05,3.645867516308826e-13,0.6953684687614441,-5.346044054022059e-05,-0.014176088385283947,1.8729944713413715e-05,0,0,0,0,0,1,0,0,1,0,6
0.29693982005119324,0.00029660071595571935,0.01404004916548729,-7.361904135905206e-05,0.3148782253265381,7.348025974351913e-05,0.113223135471344,0.012565980665385723,7.27311780792661e-05,1.0160445071960567e-06,-7.433166319970042e-05,-1.8225069890742684e-13,0.6811895370483398,-3.478859071037732e-05,-0.01418099645525217,1.8624028598424047e-05,0,0,0,0,0,1,0,0,1,0,6
0.3106912672519684,0.000759422779083252,0.013905331492424011,-6.253532774280757e-05,0.32705122232437134,0.0001439368206774816,0.11170138418674469,0.011856533586978912,6.862492591608316e-05,9.586726719135186e-07,-7.013446156634018e-05,0.0,0.6670068502426147,-1.6223581042140722e-05,-0.014184502884745598,1.8516524505685084e-05,0,0,0,0,0,1,0,0,1,0,7
0.32377326488494873,0.0021436449605971575,0.013444838114082813,0.0003180367639288306,0.3388715088367462,0.0005675527499988675,0.11983098089694977,0.014561885967850685,0.0036362905520945787,1.3664799553225748e-05,-4.80287017126102e-05,-3.074387109336385e-07,0.6528215408325195,6.256961569306441e-06,-0.014185905456542969,2.7349162337486632e-05,0,0,0,0,0,0,1,0,1,0,12
0.33668583631515503,0.0028438360895961523,0.012385495007038116,0.0014527508756145835,0.3531818389892578,0.004128987435251474,0.15067175030708313,0.01422369945794344,0.003539217635989189,1.7348615074297413e-05,-5.178971332497895e-05,2.5481670036242576e-06,0.638634204864502,3.969379758927971e-05,-0.014188009314239025,3.841789293801412e-05,0,0,0,0,0,0,1,0,1,0,12
0.3488624095916748,0.005081136245280504,0.011816795915365219,0.002702400553971529,0.36714455485343933,0.007590041030198336,0.12330443412065506,0.01353954803198576,0.003329165279865265,4.2741623474285007e-05,-7.658058893866837e-05,2.8447143449739087e-06,0.6244467496871948,0.00014285305223893374,-0.014183100312948227,0.0002840879315044731,0,0,0,0,0,0,1,0,1,0,12
0.36064448952674866,0.0077710989862680435,0.011960198171436787,0.0027184851933270693,0.3803780972957611,0.010842995718121529,0.11390013992786407,0.012932718731462955,0.003178991610184312,4.4403623178368434e-05,-7.648989412700757e-05,5.832687197809827e-12,0.6102904081344604,0.0007551824674010277,-0.014126300811767578,0.0008805365068838,0,0,0,0,0,0,1,0,1,0,12
0.3728604316711426,0.010508601553738117,0.012411439791321754,0.002743225311860442,0.3929440379142761,0.013931836001574993,0.11457094550132751,0.012253946624696255,0.003012143075466156,4.2078008846146986e-05,-7.248376641655341e-05,1.1662938843859383e-11,0.5962237119674683,0.0019621727988123894,-0.014009896665811539,0.0014733558055013418,0,0,0,0,0,0,1,0,1,0,16
0.3854731023311615,0.013249903917312622,0.01275714673101902,0.0027498132549226284,0.40482765436172485,0.016852950677275658,0.1101025938987732,0.01157983485609293,0.0028464384377002716,3.9765480323694646e-05,-6.850022327853367e-05,1.1660647274147617e-11,0.5822705626487732,0.003645556978881359,-0.013902958482503891,0.0018547881627455354,0,0,0,0,0,0,1,0,1,0,6
0.3983572721481323,0.016045207157731056,0.012975580990314484,0.002834143815562129,0.4160423278808594,0.019609631970524788,0.10925104469060898,0.010923919267952442,0.0026852088049054146,3.75127128791064e-05,-6.461957673309371e-05,-1.1658540452486044e-11,0.568437933921814,0.005708632525056601,-0.013771478086709976,0.002232953207567334,0,0,0,0,0,1,0,0,1,0,5
0.4112846851348877,0.01904197223484516,0.012983206659555435,0.002866254188120365,0.42661988735198975,0.02220969647169113,0.11069868505001068,0.010299812071025372,0.002531797392293811,3.536830627126619e-05,-6.0925620346097276e-05,-1.1656649603897229e-11,0.5547682642936707,0.008188141509890556,-0.013562160544097424,0.0027222426142543554,0,0,0,0,1,0,0,0,1,0,5
0.4231801927089691,0.022148219868540764,0.0116100599989295,0.0022022139746695757,0.43659496307373047,0.024661656469106674,0.11053500324487686,0.00971481204032898,0.002387998392805457,3.3359981898684055e-05,-5.7466055295662954e-05,-5.827489966275801e-12,0.5413627624511719,0.011217228136956692,-0.013269045390188694,0.0032783125061541796,0,0,0,0,1,0,0,0,1,0,18
0.4333198368549347,0.024190282449126244,0.008720509707927704,0.0013310657814145088,0.4786056578159332,0.025766143575310707,0.2521804869174957,0.06280701607465744,0.00016217037045862526,3.932588242605561e-06,3.573587719074567e-06,0.0012219819473102689,0.5283519625663757,0.014764814637601376,-0.012442294508218765,0.003617787966504693,0,0,0,0,1,0,0,0,1,0,7
0.441346138715744,0.02552245557308197,0.0073534599505364895,0.0012832680949941278,0.5396887063980103,0.02569621615111828,0.4098889231681824,0.05971940979361534,-0.00025507467216812074,3.932588242605561e-06,3.573587719074567e-06,0.0012219819473102689,0.5178645253181458,0.018035300076007843,-0.008549058809876442,0.0029390081763267517,0,0,0,0,0,0,1,0,1,0,10
0.4484620988368988,0.02649819105863571,0.006878376007080078,0.0006682279636152089,0.597847044467926,0.025226496160030365,0.4728497862815857,0.05692126974463463,-0.0006405892199836671,3.932588242605561e-06,3.573587719074567e-06,0.0012219819473102689,0.5123570561408997,0.02055584080517292,-0.002849102020263672,0.002267842646688223,0,0,0,0,0,0,1,0,1,0,0
0.4548056721687317,0.02711445279419422,0.00611438462510705,0.0005939930560998619,0.6533468961715698,0.024388477206230164,0.4453516900539398,0.054371464997529984,-0.0009949564700946212,3.932588242605561e-06,3.573587719074567e-06,0.0012219819473102689,0.5120965838432312,0.0233177337795496,0.0021215747110545635,0.002638104371726513,0,0,0,0,0,0,1,0,1,0,9
0.4616604447364807,0.0276647936552763,0.0075897942297160625,0.000458050548331812,0.706417441368103,0.023212626576423645,0.33105453848838806,0.052036136388778687,-0.0013195016654208302,3.932588242605561e-06,3.573587719074567e-06,0.0012219819473102689,0.5164617896080017,0.02517353929579258,0.005642105359584093,0.0012103450717404485,0,0,0,0,0,0,1,0,1,0,13
0.4701135456562042,0.027911009266972542,0.00899219699203968,2.1293231839081272e-05,0.7572571635246277,0.021727820858359337,0.1331215798854828,0.0498870424926281,-0.0016159899532794952,3.932588242605561e-06,3.573587719074567e-06,0.0012219819473102689,0.5230229496955872,0.025902433320879936,0.0072317966260015965,0.000543172296602279,0,0,0,0,0,0,1,0,1,0,1
0.4795551002025604,0.027729133144021034,0.009456489235162735,-0.0002454221830703318,0.8009889721870422,0.020190587267279625,0.19602014124393463,0.042433835566043854,-0.0016020284965634346,1.8205711285190773e-06,-1.7763497453415766e-05,0.0011203533504158258,0.5310023427009583,0.026308685541152954,0.008562382310628891,0.0002696468436624855,1,0,0,0,0,0,0,0,1,0,2
0.4896400272846222,0.0274652149528265,0.010467289946973324,-0.0002970258938148618,0.8426170349121094,0.018487894907593727,0.17180205881595612,0.04097956791520119,-0.0017824426759034395,1.8205711285190773e-06,-1.7763497453415766e-05,0.0011203533504158258,0.5401175618171692,0.026379801332950592,0.009333737194538116,-0.00010306755575584248,0,1,0,0,0,0,0,0,1,0,5
0.5006389617919922,0.027149342000484467,0.011373321525752544,-0.00033658614847809076,0.8812075257301331,0.01670560985803604,0.1364866942167282,0.035550281405448914,-0.0017073333729058504,-2.0848865460720845e-06,-4.6596764150308445e-05,0.0009509020601399243,0.5496004819869995,0.026246707886457443,0.009826702065765858,-0.00015719655493739992,0,0,0,0,1,0,0,0,1,0,8
0.5124697685241699,0.026807773858308792,0.012101673521101475,-0.00036994455149397254,0.915858268737793,0.014964736998081207,0.11489102244377136,0.032651402056217194,-0.0016892623389139771,-5.767034053860698e-06,-7.09962987457402e-05,0.0007884750375524163,0.5599161982536316,0.026050103828310966,0.010692021809518337,-0.00022980585345067084,0,0,0,0,0,0,0,1,1,0,16
0.524924635887146,0.026431947946548462,0.012669061310589314,-0.000403772370191291,0.9461882710456848,0.01336095854640007,0.108591228723526,0.028534702956676483,-0.001528393942862749,-1.310039351665182e-05,-0.00011744877701858059,0.000432315660873428,0.5708059668540955,0.025790855288505554,0.01079755648970604,-0.00027463765582069755,0,0,0,0,0,0,0,1,1,0,2
0.5378769636154175,0.02603769302368164,0.013121058233082294,-0.0004139077791478485,0.9730156660079956,0.011915188282728195,0.10954481363296509,0.025632964447140694,-0.0013841280015185475,-1.9340406652190723e-05,-0.00015164466458372772,-1.1735713963123562e-11,0.5819278359413147,0.025488149374723434,0.01142971683293581,-0.0003258862707298249,0,1,0,0,0,0,0,0,1,0,13
0.5511953830718994,0.02562311850488186,0.01344175636768341,-0.0004389160603750497,0.997472882270813,0.010594547726213932,0.10962142050266266,0.02354113571345806,-0.0012711748713627458,-1.775743112375494e-05,-0.0001392475242028013,0.0,0.5936872959136963,0.025134539231657982,0.012021205388009548,-0.00037091769627295434,0,1,0,0,0,0,0,0,1,0,10
