lt_dp_posx,lt_dp_posy,lt_dp_velx,lt_dp_vely,ball_posx,ball_posy,ball_posz,ball_vel_x,ball_vel_y,ball_rot_x,ball_rot_y,ball_rot_z,rt_gk_posx,rt_gk_posy,rt_gk_velx,rt_gk_vely,action_left,action_top_left,action_top,action_top_right,action_right,action_bottom_right,action_bottom,action_bottom_left,action_sprint,action_dribble,sel_action
-1.0110293626785278,-0.0,0.0,-0.0,0.019999999552965164,-0.0,0.11061639338731766,-0.0,0.0,0.0,-0.0,0.0,1.0110293626785278,0.0,-0.0,0.0,5
0.0018559683812782168,1.0662123267612955e-10,0.003761105705052614,2.5890256952210144e-11,0.019999999552965164,-0.0,0.11059734225273132,-0.0,0.0,0.0,-0.0,0.0,1.0110293626785278,0.0,-0.0,0.0,5
0.0051171546801924706,-1.242467462247987e-09,0.005418804008513689,-3.8793526724312244e-10,0.019999999552965164,-0.0,0.10930104553699493,-0.0,0.0,0.0,-0.0,0.0,1.0106345415115356,-3.1877365330723606e-11,-0.001967654563486576,-1.5588236257357835e-10,13
0.01054830476641655,-2.3025912287977235e-09,0.006952005438506603,-2.5532281844320437e-10,0.024873042479157448,-3.642681156712513e-10,0.12240666896104813,0.007911467924714088,-5.919166268242293e-10,1.86374873867301e-12,8.354207238880917e-06,-2.6272100814295207e-12,1.0068784952163696,-2.6253479945559377e-10,-0.004527849145233631,-2.210527316748312e-10,5
0.01828034222126007,-2.4195390135872685e-09,0.008375131525099277,-1.376566083344244e-10,0.032380226999521255,-9.26762167008377e-10,0.11689220368862152,0.007256743963807821,-5.440517480970186e-10,7.600457589684861e-12,4.2926621972583234e-05,0.0,1.0014904737472534,-4.1839237630014736e-10,-0.006076167803257704,-8.575001125832316e-11,13
0.027319680899381638,-2.5805821923796657e-09,0.0093061039224267,-1.2479714484037174e-10,0.03941595181822777,-1.4542433923736553e-09,0.11169417947530746,0.0068491739220917225,-5.134955238794703e-10,7.173309255620319e-12,4.05141145165544e-05,-2.0828627026947563e-18,0.9946169853210449,1.3692523677388824e-11,-0.007505276706069708,5.83488979355451e-10,5
0.036625802516937256,-2.64618860157384e-09,0.009306125342845917,-1.7177115632649453e-11,0.046039968729019165,-1.9508588078309685e-09,0.1109515130519867,0.006439860910177231,-4.828086819230748e-10,6.7447128611342055e-12,3.8093439798103645e-05,-6.942414177799101e-19,0.986401379108429,4.344507809062037e-10,-0.008770297281444073,2.675669408258585e-10,16
0.0449155755341053,-2.720557779056776e-09,0.009191160090267658,-1.709368618874052e-10,0.0522572323679924,-2.416978839292483e-09,0.10915891081094742,0.0060372729785740376,-4.5262590897543475e-10,6.323081381404139e-12,3.571210254449397e-05,0.0,0.9771802425384521,7.870102902707288e-10,-0.009335489943623543,8.6374035701553e-10,16
0.05371864512562752,-2.78674217035757e-09,0.009191167540848255,-7.038452459751099e-11,0.06095658615231514,-2.720936143063568e-09,0.13082067668437958,0.00969159509986639,-2.3946711280586896e-10,2.226429110518957e-12,1.8259272110299207e-05,-1.96988822823152e-12,0.9674903154373169,1.4900609635049022e-09,-0.010107545182108879,5.678783554508016e-10,5
0.0629098191857338,-2.9034883386458432e-09,0.009191167540848255,-2.2120871800979103e-10,0.07029604911804199,-2.9537505774612782e-09,0.11981052160263062,0.009000837802886963,-2.261226206279332e-10,3.158881359613397e-12,5.324234007275663e-05,0.0,0.9569175243377686,1.8525246892053815e-09,-0.01093008928000927,1.912532909820186e-10,5
0.07210099697113037,-3.072150756011638e-09,0.009191211313009262,-1.2065967669450117e-10,0.079374298453331,-3.171712226190948e-09,0.12380372732877731,0.010052044875919819,-2.022913087040834e-10,8.44047379731927e-13,1.5704357792856172e-05,-1.6608213285543294e-12,0.9460111856460571,2.0763040176063896e-09,-0.010957437567412853,1.7294066179118772e-10,18
0.08129215985536575,-3.137508919337506e-09,0.009191123768687248,-2.010937943941471e-11,0.08917395770549774,-3.3690308320899476e-09,0.11864742636680603,0.009607515297830105,-1.9352590363563849e-10,1.3921500671004727e-12,2.7824760763905942e-05,-1.5599368585056395e-12,0.9346734285354614,2.168234702892846e-09,-0.011628516018390656,2.5013484339364567e-11,0
0.09082471579313278,-3.331761311287096e-09,0.009191120974719524,-1.709375696545834e-10,0.09838735312223434,-3.5547549348535767e-09,0.11621421575546265,0.009006572887301445,-1.8157619852132711e-10,2.5367039198365138e-12,5.3278952691471204e-05,3.4728914354218616e-19,0.9227253198623657,2.4034536583172894e-09,-0.012204927392303944,7.048414074617426e-10,5
0.10016102343797684,-3.4487579458897244e-09,0.009191123768687248,-7.038452459751099e-11,0.10800760239362717,-3.7326284285654765e-09,0.13345150649547577,0.009796214289963245,-1.7479849512280765e-10,9.024084647937802e-13,2.2322004952002317e-05,-1.471173551904903e-12,0.9102458953857422,3.142508919751208e-09,-0.012685270980000496,5.810641967585184e-10,18
0.10951671749353409,-3.555704397584236e-09,0.009191173128783703,-2.212088290320935e-10,0.11751158535480499,-3.902150158552331e-09,0.11991177499294281,0.009182424284517765,-1.6372678213194547e-10,2.2872229284154333e-12,5.4316449677571654e-05,1.7365134431235836e-19,0.8973493576049805,3.4050320341094675e-09,-0.013054819777607918,1.2127163162567456e-10,16
0.11911482363939285,-3.700127093608785e-09,0.009191123768687248,-1.2065967669450117e-10,0.12672625482082367,-4.062560510220692e-09,0.12372160702943802,0.010017776861786842,-1.5923889984392758e-10,5.199621657715758e-13,1.6185040294658393e-05,-1.328406351933098e-12,0.8841332197189331,3.6252503221589905e-09,-0.01333671435713768,1.685788175720404e-10,16
0.12830600142478943,-3.765485256934653e-09,0.009191123768687248,-2.010937943941471e-11,0.13648869097232819,-4.217630689140606e-09,0.11821829527616501,0.0095664756372571,-1.5187839874641895e-10,1.0169600621681707e-12,2.8736278181895614e-05,-1.254427334576591e-12,0.8706738948822021,3.6678764470110536e-09,-0.0135505897924304,-5.912803580088166e-11,0
0.13789814710617065,-3.908549039977061e-09,0.009191188961267471,-1.7093594595340988e-10,0.14566762745380402,-4.363233330195726e-09,0.11640065908432007,0.008974912576377392,-1.4234748102470718e-10,1.98866183936941e-12,5.309168773237616e-05,-3.4728673954853092e-19,0.8570301532745361,4.3597547794149705e-09,-0.013712574727833271,1.0216040235988544e-09,16
0.14725980162620544,-4.003783082850987e-09,0.009191123768687248,-7.038452459751099e-11,0.15526476502418518,-4.503000194944207e-09,0.1333138346672058,0.009775049984455109,-1.374117208907677e-10,6.417973249205067e-13,2.2367086785379797e-05,-1.2170230101471446e-12,0.8432477116584778,5.00152452787006e-09,-0.013833887875080109,3.413902771587374e-10,18
0.1566154807806015,-4.0884953200759355e-09,0.009191173128783703,-2.2121018905529866e-10,0.16474545001983643,-4.636116823775183e-09,0.11994459480047226,0.009160231798887253,-1.2846615438100173e-10,1.7946415837785668e-12,5.418520959210582e-05,0.0,0.8293613195419312,5.455520923902668e-09,-0.013925047591328621,1.2716436792459263e-09,0
0.16621360182762146,-4.1779188997281835e-09,0.009191211313009262,-1.2065967669450117e-10,0.17394037544727325,-4.761634198047204e-09,0.12368994951248169,0.01000470295548439,-1.2317624697999463e-10,3.2409003866001873e-13,1.6158621292561293e-05,-1.1008857670954941e-12,0.8153970837593079,6.354244241890683e-09,-0.013993066735565662,5.924090662468018e-10,18
0.17540477216243744,-4.243276841009447e-09,0.009191211313009262,-2.010937943941471e-11,0.18368811905384064,-4.881468118611565e-09,0.1180683895945549,0.009550060145556927,-1.1727312176912363e-10,7.372733608519699e-13,2.8863505576737225e-05,-1.0337506675325847e-12,0.8013744354248047,6.569894850372293e-09,-0.014044256880879402,-9.339727602419856e-11,16
0.18499693274497986,-4.331475622620928e-09,0.009191188961267471,-1.7093476634144622e-10,0.19285188615322113,-4.99379559926183e-09,0.11646270006895065,0.008960539475083351,-1.0980598375009976e-10,1.534041448557344e-12,5.300666452967562e-05,-1.736428140122914e-19,0.7873084545135498,7.572258375887486e-09,-0.014082123525440693,8.45124303872069e-10,18
0.19435858726501465,-4.4033852120151096e-09,0.009191211313009262,-7.03879246555239e-11,0.20243830978870392,-5.09968201001243e-09,0.13325141370296478,0.00976522732526064,-1.0322129262441138e-10,4.137422555169218e-13,2.238680281152483e-05,-9.968249099420734e-13,0.7732098698616028,8.021898700860675e-09,-0.014110873453319073,1.2558587503264107e-10,5
0.2037142664194107,-4.465626091132435e-09,0.009191173128783703,-2.212093841436058e-10,0.21190820634365082,-5.199556785129289e-09,0.11995989829301834,0.009150002151727676,-9.628540326156454e-11,1.3450849592130942e-12,5.412473183241673e-05,-3.473001812334849e-19,0.7590870261192322,8.612932589358024e-09,-0.014131911098957062,1.1233443064639914e-09,16
0.21331238746643066,-4.4994674652798494e-09,0.009191211313009262,-1.2065967669450117e-10,0.221094012260437,-5.292961624547843e-09,0.12367511540651321,0.009998559951782227,-8.895240100059709e-11,1.4360929979917447e-13,1.614743086975068e-05,-8.917845845460293e-13,0.7449461221694946,9.32431998279526e-09,-0.014147337526082993,3.7404465635937356e-10,18
0.22250355780124664,-4.564825406561113e-09,0.009191211313009262,-2.010937943941471e-11,0.23083487153053284,-5.3793827170522945e-09,0.11799795925617218,0.009542370215058327,-8.448614724487769e-11,4.713116832574804e-13,2.892399425036274e-05,-8.30284517354396e-13,0.7307917475700378,9.465401795694106e-09,-0.01415925845503807,1.422221007629787e-09,16
0.23209571838378906,-4.598831093716171e-09,0.009191188961267471,-1.709379165992786e-10,0.23999157547950745,-5.4601847487845134e-09,0.11649189889431,0.008953818120062351,-7.897123233124859e-11,1.103264831922579e-12,5.296688323142007e-05,0.0,0.7166271209716797,1.0453909737861977e-08,-0.014168374240398407,6.33484542600371e-10,5
0.24145735800266266,-4.6477008908141215e-09,0.009191211313009262,-7.038452459751099e-11,0.2495729923248291,-5.5335966919756174e-09,0.13322199881076813,0.009760604240000248,-7.031040333282945e-11,1.9479238372050595e-13,2.239574314444326e-05,-7.874956654656262e-13,0.7024551630020142,1.0653125492865456e-08,-0.014174685813486576,-1.5620381377257075e-10,5
0.2508130371570587,-4.688081922665788e-09,0.009191173128783703,-2.2120984211060346e-10,0.2590378522872925,-5.6014903826451246e-09,0.11996714025735855,0.009145161136984825,-6.532368396205968e-11,9.125564887080273e-13,5.409607183537446e-05,0.0,0.6882778406143188,1.1376654285299992e-08,-0.014179594814777374,9.172800852219609e-10,12
0.26041117310523987,-4.667852326889488e-09,0.009191211313009262,-1.2065967669450117e-10,0.26821935176849365,-5.663966629043671e-09,0.12366810441017151,0.009995656087994576,-5.587323312350456e-11,-3.048895093641854e-14,1.614133179828059e-05,-6.910018347447422e-13,0.674096405506134,1.1833593660526276e-08,-0.014183100312948227,8.023353509356568e-11,6
0.26960235834121704,-4.733210268170751e-09,0.009191211313009262,-2.010937943941471e-11,0.27795693278312683,-5.718101103724393e-09,0.1179647222161293,0.009538741782307625,-5.2813520917682766e-11,2.1269636984837248e-13,2.8951451895409264e-05,-6.35446014383978e-13,0.6599117517471313,1.205281474625508e-08,-0.014185905456542969,1.2356780043631943e-09,5
0.27919450402259827,-4.7150887638736094e-09,0.009191188961267471,-1.7093729209882724e-10,0.28711026906967163,-5.768447053355885e-09,0.1165056899189949,0.008950634859502316,-4.9180198108400575e-11,6.870705176673098e-13,5.294806032907218e-05,8.682121959803817e-20,0.6457247734069824,1.2796764536915362e-08,-0.014188009314239025,3.4157726647165987e-10,6
0.28855615854263306,-4.741797621221622e-09,0.009191211313009262,-7.038452459751099e-11,0.29668930172920227,-5.810514736026562e-09,0.13320811092853546,0.009758424013853073,-3.856085242781582e-11,-1.718922076345778e-14,2.239980676677078e-05,-5.859641656440207e-13,0.6315360069274902,1.2646482971945261e-08,-0.014189411886036396,-5.527410751327011e-10,13
0.2978228032588959,-4.48699566391042e-09,0.008466321974992752,-1.641992236622869e-10,0.3061518371105194,-5.847560213823044e-09,0.11997051537036896,0.00914291013032198,-3.5457976832464766e-11,4.95339500753561e-13,5.408276410889812e-05,-4.3412448337177455e-20,0.6188019514083862,1.2527667792028296e-08,-0.011036676354706287,3.835706752219892e-10,7
0.3067174255847931,-3.850816110428923e-09,0.008272073231637478,-1.1346925482547121e-10,0.31520846486091614,-5.848553197296269e-09,0.12253624200820923,0.009383164346218109,1.3330804515820915e-10,-3.3012026272316586e-13,1.7139351257355884e-05,-7.639262757531268e-14,0.6105004549026489,1.317585418547651e-08,-0.006574742961674929,6.970390376004332e-10,6
0.31498947739601135,-3.916425850292171e-09,0.008272073231637478,-2.645326839523232e-11,0.3242945671081543,-5.7198423775162155e-09,0.1112457662820816,0.008842695504426956,1.2498041490616174e-10,-1.0752711655098723e-12,3.570008266251534e-05,2.6274216634834813e-13,0.6049574017524719,1.3763505002373222e-08,-0.004288729280233383,4.547201504223608e-10,7
0.3238750100135803,-1.69050928811032e-09,0.008272189646959305,-1.599878424185519e-10,0.33282774686813354,-5.5994293646222104e-09,0.11060310900211334,0.00834683421999216,1.177692665610408e-10,-1.6452816756565292e-12,4.937592530041002e-05,-1.736202474912052e-19,0.6017711162567139,1.4101298795310413e-08,-0.0018386279698461294,1.9488589908522869e-10,12
0.33193206787109375,-0.00026642149896360934,0.009156953543424606,-2.138922788885722e-10,0.3409251272678375,-5.485178977693295e-09,0.11242831498384476,0.007896119728684425,1.1140992295377572e-10,-1.5563391504366808e-12,4.6706718421773985e-05,1.7360467323123447e-19,0.6017560958862305,-1.62310079758754e-05,0.0027179718017578125,-4.326487396610901e-05,18
0.3405344784259796,-0.0007789101800881326,0.009365919977426529,-0.0004235180967953056,0.3545459806919098,5.106294702272862e-05,0.14672045409679413,0.06710901856422424,0.0005106833996251225,-9.820481864153408e-06,4.1257706470787525e-05,-0.0011400089133530855,0.6052451133728027,-5.2527298976201564e-05,0.0041183303110301495,-3.0070634238654748e-05,6
0.3490089774131775,-0.0012941118329763412,0.008579913526773453,-0.0004294662503525615,0.41976702213287354,0.0007746424525976181,0.39157798886299133,0.06371595710515976,0.0008926684968173504,-9.820481864153408e-06,4.1257706470787525e-05,-0.0011400089133530855,0.6096864342689514,0.0001315636036451906,0.003332745051011443,-8.286328920803498e-06,6
0.3567778766155243,-0.0016535697504878044,0.007349603343755007,-0.00048095101374201477,0.4817291796207428,0.0018608436221256852,0.4290952682495117,0.06055857241153717,0.0012390036135911942,-9.820481864153408e-06,4.1257706470787525e-05,-0.0011400089133530855,0.6114869713783264,0.0008681314066052437,0.0010572918690741062,-1.5543622794211842e-05,6
0.363495796918869,-0.0024241236969828606,0.0060835303738713264,-0.0007157762302085757,0.540640652179718,0.003272850066423416,0.27226123213768005,0.05758894234895706,0.001547903404571116,-9.820481864153408e-06,4.1257706470787525e-05,-0.0011400089133530855,0.6117660403251648,0.0016159710939973593,4.004362563136965e-05,-9.725681593408808e-07,13
0.36974209547042847,-0.003135435748845339,0.00673392228782177,-0.0006866298499517143,0.59348464012146,0.004896719474345446,0.17811772227287292,0.047057121992111206,0.0016251489287242293,-1.1043259291909635e-05,6.315444625215605e-05,-0.0010448289103806019,0.611673891544342,0.002722874516621232,2.8801835583180946e-07,-2.8518970518476294e-10,16
