lt_dp_posx,lt_dp_posy,lt_dp_velx,lt_dp_vely,ball_posx,ball_posy,ball_posz,ball_vel_x,ball_vel_y,ball_rot_x,ball_rot_y,ball_rot_z,rt_gk_posx,rt_gk_posy,rt_gk_velx,rt_gk_vely,action_left,action_top_left,action_top,action_top_right,action_right,action_bottom_right,action_bottom,action_bottom_left,action_sprint,action_dribble,sel_action
-1.0110293626785278,-0.0,0.0,-0.0,0.019999999552965164,-0.0,0.11061639338731766,0.0,-0.0,0.0,-0.0,0.0,1.0110293626785278,0.0,-0.0,0.0,0,0,0,0,0,0,0,0,0,0,5
0.0,-0.0,0.0,-0.0,0.019999999552965164,-0.0,0.11059734225273132,0.0,-0.0,0.0,-0.0,0.0,1.0109632015228271,-5.900687924387249e-13,-0.0006619621999561787,-5.900687924387249e-12,0,0,0,0,1,0,0,0,0,0,5
0.0015068008797243237,1.6729921614722087e-10,0.003586257342249155,2.42457776078453e-10,0.019999999552965164,-0.0,0.10930104553699493,0.0,-0.0,0.0,-0.0,0.0,1.007768154144287,-2.3127210216355998e-11,-0.004207386635243893,-2.4562249803516956e-11,0,0,0,0,1,0,0,0,0,0,5
0.0047621107660233974,-6.655095363683472e-10,0.0052583664655685425,-3.1212532558555495e-10,0.019999999552965164,-0.0,0.11075475811958313,0.0,-0.0,0.0,-0.0,0.0,1.0026906728744507,-4.209868564863939e-11,-0.005775339435786009,-1.2325308308691607e-11,0,0,0,0,1,0,0,0,0,0,13
0.009853105992078781,-1.7132782970108451e-09,0.006805261597037315,-2.6657762108861505e-10,0.02441324107348919,-2.385739106269824e-10,0.12463226169347763,0.008678829297423363,-4.689139632141348e-10,-2.7889134144448713e-12,-2.3611062715644948e-05,-1.3541227601027161e-12,0.9961044192314148,2.816218369616763e-10,-0.007231095340102911,6.274587516230667e-10,0,0,0,0,1,0,0,0,1,0,13
0.017438050359487534,-1.8602481777207913e-09,0.00819813646376133,-3.446914143001578e-10,0.032777246087789536,-6.900826021727369e-10,0.1163645014166832,0.008125124499201775,-4.3843853547720357e-10,-6.124985935107574e-12,-4.806309152627364e-05,0.0,0.9881436228752136,7.712269711745989e-10,-0.008531177416443825,3.56018464708896e-10,0,0,0,0,1,0,0,0,1,0,5
0.026320859789848328,-2.489617401124633e-09,0.009414422325789928,-6.445948774747023e-10,0.04066177085042,-1.1155377732663396e-09,0.10947545617818832,0.007686356548219919,-4.1476219680980364e-10,-5.794259603369989e-12,-4.546787386061624e-05,6.943909823744173e-19,0.9790472984313965,9.483250851261005e-10,-0.009335489943623543,2.5238716672149053e-10,0,0,0,0,1,0,0,0,1,0,18
0.03545873612165451,-4.666904640515668e-09,0.009781300090253353,-8.594371325720829e-10,0.048102185130119324,-1.5170286138399547e-09,0.11092846095561981,0.007241664454340935,-3.9076608615573605e-10,-5.458860360268991e-12,-4.283598900656216e-05,-3.4716728949819944e-19,0.9695028066635132,1.1418391787643145e-09,-0.009924523532390594,1.5413932630270466e-10,0,0,0,0,1,0,0,0,1,0,16
0.04349726811051369,-8.414210661555899e-09,0.009783406741917133,-4.609770065666652e-10,0.0551045723259449,-1.8948829172416026e-09,0.11044289916753769,0.014519652351737022,2.9958113373140804e-05,3.7274296005307406e-07,-3.3605047065066174e-05,-3.770929524193889e-08,0.9590960144996643,1.2294303353144187e-09,-0.010777922347187996,3.147976324058277e-11,0,0,0,0,1,0,0,0,1,0,18
0.05365075170993805,-9.042609327991613e-09,0.010675586760044098,-2.377836261224786e-10,0.06918628513813019,2.937154749815818e-05,0.14369232952594757,0.013972408138215542,2.918044810940046e-05,3.802940398145438e-07,-4.303434252506122e-05,-2.3596033571493535e-08,0.9481951594352722,3.311281489004614e-07,-0.01080527063459158,8.205348080991826e-07,0,0,0,0,1,0,0,0,1,0,18
0.06437833607196808,4.6069071686360985e-06,0.010933945886790752,7.956353329063859e-06,0.08285224437713623,5.810818402096629e-05,0.12247620522975922,0.013206139206886292,2.8106942409067415e-05,3.9296654108511575e-07,-7.556099444627762e-05,-1.1365430818699451e-09,0.9369930624961853,1.7966057157536852e-06,-0.011505099013447762,1.982987441806472e-06,0,0,0,0,1,0,0,0,1,0,18
0.07574000209569931,1.7141766875283793e-05,0.011687506921589375,1.648608122195583e-05,0.09575716406106949,8.557972614653409e-05,0.11547338217496872,0.012616364285349846,2.685726030904334e-05,3.7518006479331234e-07,-7.462725625373423e-05,9.112675891653765e-14,0.9251608848571777,4.365357199276332e-06,-0.012094132602214813,2.858069137801067e-06,0,0,0,0,1,0,0,0,1,0,13
0.08778546005487442,3.6508146877167746e-05,0.01233079843223095,2.0934705389663577e-05,0.10800774395465851,0.00011165831529069692,0.11361543089151382,0.011946264654397964,2.5430779714952223e-05,3.552694067820994e-07,-7.066680700518191e-05,0.0,0.9127786755561829,7.522140549554024e-06,-0.012599019333720207,3.44752970704576e-06,0,0,0,0,1,0,0,0,1,0,18
0.10041385889053345,6.0415964981075376e-05,0.012850848957896233,2.6786663511302322e-05,0.11958439648151398,0.00013630226021632552,0.11140753328800201,0.011277900077402592,2.400797893642448e-05,3.3539024002493534e-07,-6.671266601188108e-05,4.554555110879502e-14,0.899957001209259,1.1343020560161676e-05,-0.012988903559744358,4.1193757169821765e-06,0,0,0,0,1,0,0,0,1,0,16
0.11340278387069702,9.08595320652239e-05,0.013245721347630024,3.2615283998893574e-05,0.13050729036331177,0.00015955453272908926,0.10943228751420975,0.010637659579515457,2.2645059289061464e-05,3.1635144637220947e-07,-6.292564648902044e-05,-4.5537731300625967e-14,0.8867981433868408,1.5718533177278005e-05,-0.013286225497722626,4.621799689630279e-06,0,0,0,0,1,0,0,0,1,0,16
0.1257094293832779,-0.0005499363178387284,0.013404987752437592,2.697495074244216e-05,0.14080984890460968,0.00018148620438296348,0.11077036708593369,0.010033826343715191,2.135964678018354e-05,2.9838699333595287e-07,-5.9352325479267165e-05,-9.106154415586265e-14,0.8733821511268616,2.0675664927694015e-05,-0.01351272314786911,5.221282663114835e-06,0,0,0,0,1,0,0,0,1,0,18
0.13767769932746887,-0.0016872149426490068,0.013405084609985352,1.3485907402355224e-05,0.15235058963298798,0.00013417589070741087,0.13454997539520264,0.015493322163820267,-0.00020464672707021236,-5.729491476813564e-07,-5.047698869020678e-05,-3.465337954366987e-07,0.8597712516784668,2.5605137125239708e-05,-0.013683823868632317,3.5718337585421978e-06,0,0,0,0,1,0,0,0,1,0,18
0.15106552839279175,-0.0016808481886982918,0.013344252482056618,2.9873619951104047e-06,0.16773056983947754,-6.890407530590892e-05,0.14534130692481995,0.01529262587428093,-0.00020192806550767273,-5.85482553105976e-07,-5.070257611805573e-05,-3.562799406608974e-07,0.8460135459899902,2.6484201953280717e-05,-0.013812148943543434,-1.2485404567996738e-06,0,0,0,0,1,0,0,0,1,0,16
0.16456593573093414,-0.001642844290472567,0.013615979813039303,7.967130659380928e-05,0.18260879814624786,-0.00026376862660981715,0.12779931724071503,0.0143929747864604,-0.00018658618500921875,-2.5937501959560905e-06,-8.494561188854277e-05,-1.6397681434909828e-08,0.8321455717086792,2.2596110284212045e-05,-0.01390891894698143,-6.995070634729927e-06,0,0,0,0,1,0,0,0,1,0,0
0.17829732596874237,-0.001503993640653789,0.013816531747579575,0.00018559431191533804,0.19672581553459167,-0.0004467752587515861,0.11422672867774963,0.013810373842716217,-0.00017903151456266642,-2.50063203566242e-06,-8.167911437340081e-05,0.0,0.818195104598999,6.616910468437709e-06,-0.013981145806610584,-2.3339642211794853e-05,0,0,0,0,1,0,0,0,1,0,16
0.1921997219324112,-0.0012994019780308008,0.013966945931315422,0.00019096123287454247,0.21015799045562744,-0.0006209040875546634,0.11416908353567123,0.013109500519931316,-0.00016994566249195486,-2.3740540200378746e-06,-7.754464604659006e-05,-1.093690893058663e-12,0.8041830062866211,-2.5760833523236215e-05,-0.014035141095519066,-3.978611857746728e-05,0,0,0,0,1,0,0,0,1,0,13
0.2062314748764038,-0.0011361372889950871,0.014079668559134007,0.0001413043646607548,0.222865030169487,-0.0007856330485083163,0.11155664175748825,0.012372254393994808,-0.00016038834291975945,-2.2405301933758892e-06,-7.318332063732669e-05,7.289595901731338e-13,0.7901247143745422,-6.990119436522946e-05,-0.014075110666453838,-4.448246181709692e-05,0,0,0,0,1,0,0,0,1,0,18
0.220354363322258,-0.0005495441146194935,0.014140325598418713,9.550560207571834e-05,0.23484639823436737,-0.0009409542544744909,0.110824353992939,0.011664287187159061,-0.00015121053729671985,-2.1123489659657935e-06,-6.899651634739712e-05,3.6440390093449293e-13,0.7760319113731384,-0.00011417121277190745,-0.01410596538335085,-4.409166285768151e-05,0,0,0,0,1,0,0,0,1,0,0
0.23449279367923737,0.0012734696501865983,0.014121216721832752,5.202187821851112e-05,0.24663293361663818,-0.0010470637353137136,0.12001118808984756,0.01591932214796543,0.00026048420113511384,-1.7452921952099132e-07,-4.988915679859929e-05,-8.536243711887437e-08,0.7619134783744812,-0.00015766281285323203,-0.014127703383564949,-4.181148324278183e-05,0,0,0,0,1,0,0,0,1,0,0
0.2482096552848816,0.0013010273687541485,0.013386151753365993,8.218810762627982e-06,0.2622804343700409,-0.000792661274317652,0.15339630842208862,0.015552896074950695,0.0002527864708099514,1.8366506537859095e-07,-5.402102033258416e-05,2.445555651320319e-07,0.747775673866272,-0.0001958189532160759,-0.014145233668386936,-3.5160992410965264e-05,0,0,0,0,1,0,0,0,1,0,5
0.2616548240184784,0.0012754453346133232,0.013567769899964333,-7.202287088148296e-05,0.27756956219673157,-0.0005457305815070868,0.12103412300348282,0.014778228476643562,0.0002340234786970541,2.83186454907991e-06,-8.283060742542148e-05,3.69928613963566e-07,0.733623743057251,-0.00022731062199454755,-0.014157154597342014,-2.848643998731859e-05,0,0,0,0,1,0,0,0,1,0,16
0.2753445506095886,0.0011242954060435295,0.013779542408883572,-0.00021481556177604944,0.29204684495925903,-0.00031663384288549423,0.11014305800199509,0.014215784147381783,0.00022495446319226176,3.142944933642866e-06,-8.410044392803684e-05,-3.646988852405719e-13,0.7194609045982361,-0.00024058744020294398,-0.01416697259992361,1.2682029364441405e-06,0,0,0,0,1,0,0,0,1,0,0
0.2892138659954071,0.0008601099834777415,0.013937318697571754,-0.000263027788605541,0.3058452010154724,-9.828483598539606e-05,0.10969007760286331,0.01348600909113884,0.0002134063543053344,2.981477109642583e-06,-7.977979112183675e-05,-3.646085711996039e-13,0.7052901983261108,-0.00022152882593218237,-0.01417398452758789,3.3618518500588834e-05,0,0,0,0,0,1,0,0,1,0,7
0.3027665317058563,0.0010891087586060166,0.013817518949508667,-0.000228006363613531,0.3189114034175873,0.00010847789235413074,0.1101132333278656,0.012727368623018265,0.0002014013152802363,2.8136034870840376e-06,-7.528774585807696e-05,3.6451966662146007e-13,0.6911138892173767,-0.0001749528746586293,-0.014178192242980003,4.9835896788863465e-05,0,0,0,0,0,1,0,0,1,0,6
0.31555795669555664,0.002170621883124113,0.013426112942397594,0.00015634960436727852,0.33149290084838867,0.0006286588031798601,0.1195676401257515,0.014608782716095448,0.003442046931013465,1.3737703739025164e-05,-5.00378773722332e-05,-2.8993423484280356e-07,0.676933228969574,-0.00012508261715993285,-0.014182399027049541,4.989772423868999e-05,0,0,0,0,0,1,0,0,1,0,12
0.32848116755485535,0.0026890160515904427,0.012416348792612553,0.0012235208414494991,0.34584736824035645,0.003998795989900827,0.1496572047472,0.014266980811953545,0.0033489130437374115,1.750724004523363e-05,-5.400653390097432e-05,2.4643431970616803e-06,0.6627492904663086,-7.078209455357864e-05,-0.014185204170644283,9.366057929582894e-05,0,0,0,0,0,1,0,0,1,0,12
0.34071141481399536,0.004738491028547287,0.011891476809978485,0.002560140797868371,0.35984888672828674,0.007272446993738413,0.12348359078168869,0.013585456646978855,0.003151401411741972,4.309046198613942e-05,-7.950374128995463e-05,7.818895255695679e-07,0.6485731601715088,0.00026321428595110774,-0.014164167456328869,0.0005305464146658778,0,0,0,0,0,1,0,0,1,0,12
0.3525676429271698,0.007286933250725269,0.012034527957439423,0.0025756978429853916,0.37313586473464966,0.010354429483413696,0.11386150866746902,0.012989467009902,0.003012965666130185,4.208468089927919e-05,-7.682567229494452e-05,2.9163962911304964e-11,0.6344354152679443,0.001033575157634914,-0.014110873453319073,0.0009663313976489007,0,0,0,0,0,1,0,0,1,0,2
0.36485716700553894,0.009881439618766308,0.012483666650950909,0.0026007089763879776,0.3857559263706207,0.013281695544719696,0.11461259424686432,0.01230578776448965,0.002854381687939167,3.987411764683202e-05,-7.279034616658464e-05,-5.831560061231311e-12,0.6203572154045105,0.0021870830096304417,-0.014055476523935795,0.0012712384341284633,0,0,0,0,0,1,0,0,1,0,18
0.3775405287742615,0.012481319718062878,0.012827620841562748,0.0026085444260388613,0.39769065380096436,0.016050001606345177,0.11003613471984863,0.011629787273705006,0.002697579562664032,3.768585156649351e-05,-6.879565626149997e-05,5.830406470119787e-12,0.6063327789306641,0.0035950965248048306,-0.01399797573685646,0.0015197651227936149,0,0,0,0,0,1,0,0,1,0,12
0.3904961943626404,0.015133455395698547,0.013048158027231693,0.0026894670445472,0.40895384550094604,0.018662551417946815,0.10923182219266891,0.010971345007419586,0.0025448512751609087,3.555186412995681e-05,-6.490005762316287e-05,-5.829343951990751e-12,0.592373251914978,0.005255960859358311,-0.013922242447733879,0.0017917861696332693,0,0,0,0,0,1,0,0,1,0,5
0.40359821915626526,0.017908364534378052,0.013163238763809204,0.0027508356142789125,0.41957828402519226,0.02112693525850773,0.11118966341018677,0.010347619652748108,0.0024001768324524164,3.352997009642422e-05,-6.12090589129366e-05,-1.4570988512985217e-11,0.5785094499588013,0.007228045724332333,-0.013813551515340805,0.00211921613663435,0,0,0,0,1,0,0,0,1,0,5
0.41590866446495056,0.02102958969771862,0.011988949030637741,0.0023033679462969303,0.4296014904975891,0.023451874032616615,0.10842721909284592,0.009763422422111034,0.002264668932184577,3.163760629831813e-05,-5.775455429102294e-05,-2.9137785934052474e-12,0.5647642612457275,0.00952606275677681,-0.013686629012227058,0.0024438616819679737,0,0,0,0,1,0,0,0,1,0,5
0.42657536268234253,0.023241901770234108,0.009474333375692368,0.0014508169842883945,0.4614832103252411,0.025074053555727005,0.3035265803337097,0.06482531130313873,0.0006354267825372517,1.4970226402510889e-05,1.7508175460534403e-06,0.0017134931404143572,0.5511955618858337,0.01223023422062397,-0.013459078967571259,0.002931129653006792,0,0,0,0,1,0,0,0,1,0,12
0.43493109941482544,0.024502554908394814,0.00771319167688489,0.0012360120890662074,0.5244677066802979,0.02538423426449299,0.7024208307266235,0.06153019145131111,4.943010208080523e-05,1.4970226402510889e-05,1.7508175460534403e-06,0.0017134931404143572,0.5378867387771606,0.015435232780873775,-0.013179288245737553,0.0034274952486157417,0,0,0,0,1,0,0,0,1,0,6
0.442168653011322,0.02552449144423008,0.006894153542816639,0.0005949912592768669,0.5843362212181091,0.025128468871116638,0.9902655482292175,0.05855264887213707,-0.0004998474614694715,1.4970226402510889e-05,1.7508175460534403e-06,0.0017134931404143572,0.5252397656440735,0.01893816515803337,-0.011617295444011688,0.0032566238660365343,0,0,0,0,1,0,0,0,1,0,18
0.4486800730228424,0.02608645148575306,0.006128409411758184,0.0005289128166623414,0.6413792371749878,0.024344103410840034,1.173305630683899,0.05584508925676346,-0.001011521671898663,1.4970226402510889e-05,1.7508175460534403e-06,0.0017134931404143572,0.5158002972602844,0.021532410755753517,-0.007343292236328125,0.0019778048153966665,0,0,0,0,1,0,0,0,1,0,17
0.4552570879459381,0.026591699570417404,0.0072412630543112755,0.0004425573570188135,0.695844829082489,0.023068556562066078,1.2568821907043457,0.05336901172995567,-0.001486093970015645,1.4970226402510889e-05,1.7508175460534403e-06,0.0017134931404143572,0.5114948153495789,0.022672194987535477,-0.0017288853414356709,0.0004164054698776454,0,0,0,0,1,0,0,0,1,0,13
0.4633043706417084,0.0268385149538517,0.008671073243021965,4.577294384944253e-05,0.747946560382843,0.0213382039219141,1.2456011772155762,0.05109275504946709,-0.0019249810138717294,1.4970226402510889e-05,1.7508175460534403e-06,0.0017134931404143572,0.5129249691963196,0.022648382931947708,0.003166409209370613,6.231394763744902e-06,0,0,0,0,1,0,0,0,1,0,9
0.47248727083206177,0.02661009691655636,0.009320413693785667,-0.00034345395397394896,0.7978694438934326,0.0191876832395792,1.143469214439392,0.04899010807275772,-0.002330161165446043,1.4970226402510889e-05,1.7508175460534403e-06,0.0017134931404143572,0.5169486403465271,0.022752022370696068,0.0047241938300430775,9.485409100307152e-05,0,0,0,0,1,0,0,0,1,0,18
0.4821943938732147,0.02624107524752617,0.010162591934204102,-0.0003953014384023845,0.8457748889923096,0.016649458557367325,0.9540032148361206,0.047039132565259933,-0.002703919541090727,1.4970226402510889e-05,1.7508175460534403e-06,0.0017134931404143572,0.5225112438201904,0.02271469496190548,0.006244813557714224,-4.8710397095419466e-05,0,0,0,0,1,0,0,0,1,0,2
0.4928600788116455,0.02581135742366314,0.011050701141357422,-0.0004570449818857014,0.8918038606643677,0.013753630220890045,0.6803207397460938,0.04522120580077171,-0.0030486714094877243,1.4970226402510889e-05,1.7508175460534403e-06,0.0017134931404143572,0.5295459032058716,0.02264527603983879,0.007657092995941639,-8.825195254758e-05,0,0,0,0,1,0,0,0,1,0,8
0.504346489906311,0.025332974269986153,0.011813703924417496,-0.0004932358278892934,0.9360806345939636,0.010527875274419785,0.32521334290504456,0.043520521372556686,-0.0033668361138552427,1.4970226402510889e-05,1.7508175460534403e-06,0.0017134931404143572,0.5379534363746643,0.02252301201224327,0.00902190525084734,-0.0001561930257594213,0,0,0,0,1,0,0,0,1,0,8
0.5165171027183533,0.02482643909752369,0.012457861565053463,-0.0005271543050184846,0.9753794074058533,0.007371888030320406,0.21014060080051422,0.03383966535329819,-0.0027185084763914347,9.305365892942064e-06,-1.949509714904707e-05,0.0015386097365990281,0.5477333664894104,0.022307634353637695,0.010069985873997211,-0.00022412223916035146,0,0,0,0,1,0,0,0,1,0,4
0.5292325019836426,0.024293307214975357,0.012926488183438778,-0.0005451264441944659,1.0087034702301025,0.0045800358057022095,0.37494656443595886,0.032906997948884964,-0.002850422402843833,9.305365892942064e-06,-1.949509714904707e-05,0.0015386097365990281,0.5584374070167542,0.02202429808676243,0.010912046767771244,-0.00029511484899558127,0,0,0,0,1,0,0,0,1,0,18
