lt_dp_posx,lt_dp_posy,lt_dp_velx,lt_dp_vely,ball_posx,ball_posy,ball_posz,ball_vel_x,ball_vel_y,ball_rot_x,ball_rot_y,ball_rot_z,rt_gk_posx,rt_gk_posy,rt_gk_velx,rt_gk_vely,action_left,action_top_left,action_top,action_top_right,action_right,action_bottom_right,action_bottom,action_bottom_left,action_sprint,action_dribble,sel_action
-1.0110293626785278,-0.0,0.0,-0.0,0.019999999552965164,-0.0,0.11061639338731766,-0.0,0.0,0.0,-0.0,0.0,1.0110293626785278,0.0,-0.0,0.0,0,0,0,0,0,0,0,0,0,0,5
0.000559650594368577,4.934865016625878e-11,0.0026072831824421883,2.1259022320307963e-11,0.019999999552965164,-0.0,0.11059734225273132,-0.0,0.0,0.0,-0.0,0.0,1.0085934400558472,-1.7055430678869499e-10,-0.003884820267558098,-2.392741005330379e-10,0,0,0,0,1,0,0,0,0,0,5
0.003778970567509532,-4.769091233036704e-10,0.004770989064127207,-2.7890331710800353e-10,0.019999999552965164,-0.0,0.10930104553699493,-0.0,0.0,0.0,-0.0,0.0,1.0038305521011353,-3.7194536339768547e-10,-0.0054703038185834885,-1.5051691837353331e-10,0,0,0,0,1,0,0,0,0,0,13
0.007856177166104317,-2.1815389494861392e-09,0.006355717778205872,-3.5538866294260174e-10,0.021781770512461662,-1.1909907782214901e-10,0.11938153952360153,0.00884426012635231,-5.913219358610888e-10,6.829482996923569e-14,-2.424975718895439e-06,-1.4215649057208735e-12,0.9975366592407227,-2.276486776864317e-10,-0.006950602866709232,6.568576793597458e-10,0,0,0,0,1,0,0,0,1,0,16
0.015018402598798275,-2.3913506730366407e-09,0.0077974372543394566,-5.904814137647207e-11,0.03017400950193405,-6.8111760676004e-10,0.1046176478266716,0.00802589114755392,-5.382028156475371e-10,3.800132517689514e-12,2.2556398107553832e-05,-2.996338637276108e-12,0.989837646484375,3.201771903160733e-10,-0.008285746909677982,4.280875376405646e-10,0,0,0,0,1,0,0,0,1,0,5
0.023530634120106697,-2.527440035038353e-09,0.009069569408893585,-1.7580663314031852e-10,0.03789006173610687,-1.1988626757997167e-09,0.11265537887811661,0.0075294747948646545,-5.052310791953118e-10,7.057759758566373e-12,4.45375990238972e-05,0.0,0.9809144139289856,5.600152008788939e-10,-0.009325672872364521,7.345363206567868e-11,0,0,0,0,1,0,0,0,1,0,5
0.0325397364795208,-3.175186780168815e-09,0.009742066264152527,-2.3446986019415306e-10,0.045190852135419846,-1.6887491405270794e-09,0.11220602691173553,0.007112400606274605,-4.772453543466781e-10,6.667087021350326e-12,4.2072257201652974e-05,-1.3886375183343676e-18,0.971478283405304,7.507517940652519e-10,-0.00973448995500803,1.7627749260284986e-10,0,0,0,0,1,0,0,0,1,0,18
0.040325090289115906,-4.623375016166165e-09,0.009685550816357136,-1.271507066302746e-10,0.05207172781229019,-2.1504589220455728e-09,0.1110357940196991,0.006694129668176174,-4.4917919383991034e-10,6.274955381690983e-12,3.9597736758878455e-05,-3.4713490020733916e-19,0.961243748664856,8.648250449105888e-10,-0.010619443841278553,5.7301531575237874e-11,0,0,0,0,1,0,0,0,1,0,5
0.05024059861898422,-4.948630838441659e-09,0.010593279264867306,-7.153703324158656e-11,0.06529542058706284,2.5388393623870797e-05,0.14664572477340698,0.013831168413162231,2.788686651911121e-05,2.8575817623277544e-07,7.840380931156687e-06,3.5737735970542417e-07,0.9503563046455383,8.231133108438371e-08,-0.010805971920490265,2.6863656898967747e-07,0,0,0,0,1,0,0,0,1,0,0
0.06094235181808472,3.5162649965059245e-06,0.010849579237401485,6.552664672199171e-06,0.07887290418148041,5.2555467846104875e-05,0.1154119074344635,0.012866290286183357,2.4851311536622234e-05,3.0719213839347503e-08,3.5405355447437614e-05,4.670975499720953e-07,0.9392877221107483,6.470888251897122e-07,-0.011376773938536644,7.942373372316069e-07,0,0,0,0,1,0,0,0,1,0,0
0.07222867012023926,1.4283632481237873e-05,0.011619224213063717,1.448939110559877e-05,0.09126890450716019,7.611807086504996e-05,0.11317076534032822,0.01207677461206913,2.2739033738616854e-05,-1.8346686658787803e-07,5.784278619103134e-05,2.601897222120897e-07,0.9275738596916199,1.738605874379573e-06,-0.011977027170360088,1.28845556446322e-06,0,0,0,0,1,0,0,0,1,0,5
0.0842098519206047,3.172151991748251e-05,0.01227075606584549,1.8933587853098288e-05,0.10295230150222778,9.800990665098652e-05,0.11222558468580246,0.011404491029679775,2.1362624465837143e-05,-2.9842166782145796e-07,6.745853170286864e-05,0.0,0.9152939915657043,3.384663841643487e-06,-0.012507859617471695,2.0591483007592615e-06,0,0,0,0,1,0,0,0,1,0,13
0.09678632766008377,5.317878458299674e-05,0.012805094011127949,2.3983895516721532e-05,0.11401162296533585,0.00011872598406625912,0.10860062390565872,0.010778321884572506,2.0189700080663897e-05,-2.8205394642100146e-07,6.375857628881931e-05,0.0,0.9025512933731079,6.0523184401972685e-06,-0.01291878055781126,3.159589823553688e-06,0,0,0,0,1,0,0,0,1,0,18
0.10982368886470795,-8.294291910715401e-05,0.013207074254751205,2.8783482775907032e-05,0.12445391714572906,0.0001382862392347306,0.10880786180496216,0.010171067900955677,1.9052205971092917e-05,-2.6615924753059517e-07,6.016558108967729e-05,0.0,0.8894527554512024,9.609260814613663e-06,-0.013232932426035404,3.7888105453021126e-06,0,0,0,0,1,0,0,0,1,0,5
0.12306258827447891,-0.0019212415209040046,0.013239067979156971,1.6690726624801755e-05,0.13430537283420563,0.00015673974121455103,0.11073843389749527,0.00959472730755806,1.7972617570194416e-05,-2.510714693926275e-07,5.675496504409239e-05,-2.276298385352725e-14,0.8760826587677002,1.3731527360505424e-05,-0.013472052291035652,4.389080459077377e-06,0,0,0,0,1,0,0,0,1,0,0
0.13630163669586182,-0.002247875090688467,0.013239067979156971,4.768015060108155e-06,0.14927753806114197,-7.533267489634454e-05,0.1585695594549179,0.01545926183462143,-0.0002578230923973024,-6.146967734821374e-08,1.035015611705603e-05,-7.976342999427288e-07,0.8625065684318542,1.786230677680578e-05,-0.013653671368956566,1.8290434127266053e-06,0,0,0,0,1,0,0,0,1,0,5
0.1496303379535675,-0.0022306214086711407,0.013456800021231174,5.1401875680312514e-05,0.16461288928985596,-0.0003310632018838078,0.11723601073026657,0.015127704478800297,-0.00025208969600498676,4.724155644453276e-08,1.2753409464494325e-05,-9.64665900937689e-07,0.8487749099731445,1.183897620649077e-05,-0.013789709657430649,-1.2451704606064595e-05,0,0,0,0,1,0,0,0,1,0,16
0.1632256656885147,-0.0021006495226174593,0.013697322458028793,0.00019715163216460496,0.17874552309513092,-0.0005649912054650486,0.12570562958717346,0.013747993856668472,-0.00022708752658218145,1.7046553466570913e-06,4.925694884150289e-05,-1.8302758917343454e-06,0.8349266052246094,-8.02448903414188e-06,-0.013891388662159443,-2.595113437564578e-05,0,0,0,0,1,0,0,0,1,0,16
0.17702443897724152,-0.001835228642448783,0.013874909840524197,0.00028795780963264406,0.1919815093278885,-0.0007831855909898877,0.11795704066753387,0.012889313511550426,-0.00021233597362879664,2.9664179237443022e-06,7.624718273291364e-05,3.6453820647860957e-13,0.820990264415741,-4.040432031615637e-05,-0.01396852359175682,-3.746250877156854e-05,0,0,0,0,1,0,0,0,1,0,16
0.19097812473773956,-0.0015803551068529487,0.014012000523507595,0.00022547453409060836,0.204489067196846,-0.0009892320958897471,0.10695106536149979,0.012192836962640285,-0.00020086235599592328,2.806143811540096e-06,7.212757918750867e-05,0.0,0.8069885969161987,-8.40980137581937e-05,-0.014026024378836155,-4.8797850467963144e-05,0,0,0,0,1,0,0,0,1,0,16
0.20504838228225708,-0.0013891496928408742,0.014113328419625759,0.00016351351223420352,0.2163046896457672,-0.0011838802602142096,0.11112786829471588,0.011514301411807537,-0.00018968430231325328,2.6499058094486827e-06,6.811174534959719e-05,7.287769563171786e-13,0.7929384112358093,-0.00013746813056059182,-0.014068098738789558,-5.4573833040194586e-05,0,0,0,0,1,0,0,0,1,0,16
0.21912969648838043,-0.001263184123672545,0.014121955260634422,0.00010070069401990622,0.22745779156684875,-0.001367614371702075,0.11018572002649307,0.010862733237445354,-0.00017895059136208147,2.4999146717163967e-06,6.425639730878174e-05,0.0,0.7788518071174622,-0.00019213826453778893,-0.014100355096161366,-5.474349745782092e-05,0,0,0,0,1,0,0,0,1,0,16
0.23307929933071136,-0.0011989318300038576,0.013680142350494862,3.6580924643203616e-05,0.24183879792690277,-0.0014055233914405107,0.15713411569595337,0.015835177153348923,2.1336431018426083e-05,8.98818086625397e-07,1.2283048818062525e-05,-9.630631438994897e-07,0.7647380232810974,-0.0002469625324010849,-0.014123495668172836,-5.490681360242888e-05,0,0,0,0,1,0,0,0,1,0,18
0.24646534025669098,-0.00037904115743003786,0.013312696479260921,4.743987574329367e-06,0.25756216049194336,-0.0013843219494447112,0.13813935220241547,0.01563193090260029,2.1112224203534424e-05,8.98818086625397e-07,1.2283048818062525e-05,-9.630631438994897e-07,0.7506043314933777,-0.00030208591488189995,-0.014141728170216084,-5.529783447855152e-05,0,0,0,0,1,0,0,0,1,0,5
0.25977790355682373,0.001015214598737657,0.013312697410583496,2.3724217044218676e-06,0.27285051345825195,-0.0012916377745568752,0.15094324946403503,0.01587524451315403,0.00026546086883172393,4.048850996696274e-07,-7.756724471619236e-07,1.8025129122634098e-07,0.7364553809165955,-0.0003575904411263764,-0.014155051670968533,-5.567170228459872e-05,0,0,0,0,1,0,0,0,1,0,18
0.27309373021125793,0.0010160949314013124,0.013344252482056618,-1.8706660966927302e-06,0.28861331939697266,-0.0010280704591423273,0.17014357447624207,0.015671689063310623,0.0002620417217258364,4.048850996696274e-07,-7.756724471619236e-07,1.8025129122634098e-07,0.7222950458526611,-0.00040133140282705426,-0.014164868742227554,-2.57031661021756e-05,0,0,0,0,1,0,0,0,1,0,6
0.2865939736366272,0.0009694091277197003,0.013615629635751247,-0.00010002226190408692,0.3040311634540558,-0.0007704457966610789,0.11693180352449417,0.014496018178761005,0.00024104696058202535,-6.415264124370879e-07,2.3245951524586417e-05,1.708660420263186e-06,0.7081261277198792,-0.0004033800505567342,-0.014171880669891834,1.7311906049144454e-05,0,0,0,0,0,1,0,0,1,0,16
0.3003241717815399,0.0007935829344205558,0.01381425280123949,-0.00023570125631522387,0.3181069791316986,-0.0005367600824683905,0.13001017272472382,0.013940147124230862,0.00023135211085900664,-1.017597014651983e-06,3.1864852644503117e-05,1.91616959455132e-06,0.6939509510993958,-0.00036486805765889585,-0.014177490957081318,4.798249574378133e-05,0,0,0,0,0,1,0,0,1,0,0
0.31422436237335205,0.000533431360963732,0.013965018093585968,-0.00024292546731885523,0.33143413066864014,-0.0003161305794492364,0.1211722195148468,0.012896730564534664,0.0002131971123162657,-2.8383076369209448e-06,7.317458221223205e-05,3.3008225841513195e-07,0.6797710657119751,-0.0003159022016916424,-0.014181697741150856,4.976983473170549e-05,0,0,0,0,0,1,0,0,1,0,7
0.3282546401023865,0.0003256062336731702,0.014078617095947266,-0.00017999301780946553,0.3439658284187317,-0.00010897673928411677,0.1123911663889885,0.01222968939691782,0.00020216072152834386,-2.824262537615141e-06,7.234507938846946e-05,-3.6446426389044606e-13,0.6655877232551575,-0.00026515056379139423,-0.014184502884745598,5.1554721721913666e-05,0,0,0,0,0,1,0,0,1,0,12
0.3399055004119873,-0.00011405958503019065,0.013162855058908463,-0.00016828427033033222,0.3558153510093689,8.690096001373604e-05,0.10903258621692657,0.01154313888400793,0.0001908118574647233,-2.6656643967726268e-06,6.828249024692923e-05,3.6439140550445503e-13,0.6514021754264832,-0.00021321975509636104,-0.014186606742441654,5.212821997702122e-05,0,0,0,0,0,1,0,0,1,0,18
0.35084202885627747,-0.0003352384374011308,0.009989738464355469,-0.00012771729961968958,0.3665563762187958,-4.1798946767812595e-05,0.13130253553390503,0.010403045453131199,-0.0002035521756624803,-1.365501844929895e-07,2.9694396289414726e-05,-4.0534359868615866e-07,0.6372146010398865,-0.00016085125389508903,-0.01418871060013771,5.256491567706689e-05,0,0,0,0,0,1,0,0,1,0,6
0.3603537678718567,-0.00045210460666567087,0.009546210058033466,-0.00010920002387138084,0.3766156733036041,-0.00023600884014740586,0.1210637018084526,0.009760529734194279,-0.00018673582235351205,2.6086950128956232e-06,5.773701559519395e-05,0.0,0.62302565574646,-0.00011563546286197379,-0.014190113171935081,2.7704061722033657e-05,0,0,0,0,0,1,0,0,1,0,6
0.3704671859741211,-0.0005598333664238453,0.010549671947956085,-0.00010405547072878107,0.38612738251686096,-0.00041798438178375363,0.11576247960329056,0.00929002184420824,-0.00017773406580090523,2.4829473659337964e-06,5.495392542798072e-05,3.64182127380111e-13,0.6088355779647827,-0.00011552164505701512,-0.014190814457833767,-2.246102667413652e-05,0,0,0,0,0,1,0,0,1,0,6
0.381557822227478,-0.00032489525619894266,0.01131401490420103,-0.00010664768342394382,0.39514270424842834,-0.0005904633435420692,0.11159592121839523,0.00878614466637373,-0.00016809407679829746,2.34823801292805e-06,5.19724671903532e-05,1.8207076200437572e-13,0.5946448445320129,-0.0001652120117796585,-0.014190814457833767,-6.898961146362126e-05,0,0,0,0,0,1,0,0,1,0,14
0.39312613010406494,-0.00024303107056766748,0.010830000974237919,-0.0005086964229121804,0.40955880284309387,-0.0005388707504607737,0.13127677142620087,0.06734690070152283,0.0019855063874274492,3.537362545102951e-06,4.641998384613544e-05,-0.0005290353437885642,0.5804537534713745,-0.00024178381136152893,-0.014191164635121822,-8.27754192869179e-05,0,0,0,0,0,1,0,0,1,0,12
0.40238645672798157,-0.0008027655421756208,0.008569395169615746,-0.0005102881113998592,0.4745648503303528,0.0014755952870473266,0.21541288495063782,0.06347488611936569,0.0020499182865023613,3.4463982956367545e-06,4.74087028123904e-05,-0.0005268561071716249,0.5671306252479553,-0.00032010243739932775,-0.011893230490386486,-6.425702304113656e-05,0,0,0,0,0,1,0,0,1,0,7
0.4101465344429016,-0.0012354098726063967,0.007338033057749271,-0.0005501718842424452,0.5356754064559937,0.003544439096003771,0.12092339992523193,0.055058568716049194,0.0019014744320884347,1.2340647117525805e-06,6.758564268238842e-05,-0.00047815125435590744,0.5578888654708862,-0.0003527865628711879,-0.006786865182220936,-3.7036782032373594e-06,0,0,0,0,0,1,0,0,1,0,3
0.4168466329574585,-0.0020692020189017057,0.00606705155223608,-0.0007730387151241302,0.5628972053527832,0.004278418142348528,0.31360673904418945,0.009729484096169472,-2.6824647648027167e-05,8.256110959337093e-07,5.474785211845301e-05,-0.00037481976323761046,0.5539960265159607,-0.0003232522285543382,-0.0027372557669878006,4.58493668702431e-05,0,0,0,0,0,1,0,0,1,0,5
0.4230756163597107,-0.002841643523424864,0.006714638322591782,-0.0007604511920362711,0.5725939273834229,0.00425329152494669,0.5215327143669128,0.009668883867561817,-2.3782893549650908e-05,8.256110959337093e-07,5.474785211845301e-05,-0.00037481976323761046,0.5512700080871582,-0.000264921021880582,-0.0026296167634427547,6.634314195252955e-05,0,0,0,0,1,0,0,0,1,0,6
0.4306465983390808,-0.0034614356700330973,0.008242972195148468,-0.0004596188373398036,0.5822263956069946,0.004231065511703491,0.627238392829895,0.009601697325706482,-2.0977769963792525e-05,8.256110959337093e-07,5.474785211845301e-05,-0.00037481976323761046,0.549959659576416,-0.00022691422782372683,8.555019303457811e-05,2.0700761069747387e-06,0,0,0,0,0,1,0,0,1,0,18
0.43959248065948486,-0.003603661432862282,0.009333035908639431,0.00011980818817391992,0.5917879343032837,0.004211579915136099,0.6317833065986633,0.009527331218123436,-1.8266842744196765e-05,8.256110959337093e-07,5.474785211845301e-05,-0.00037481976323761046,0.5520355105400085,-0.0002585992915555835,0.0030493035446852446,-3.449993164394982e-05,0,0,0,0,1,0,0,0,1,0,13
0.4490905702114105,-0.003486333414912224,0.009876139461994171,0.00011912729678442702,0.6012701392173767,0.0041948226280510426,0.5360168218612671,0.009443515911698341,-1.5503150279982947e-05,8.256110959337093e-07,5.474785211845301e-05,-0.00037481976323761046,0.5554910898208618,-0.0002743191726040095,0.0036534140817821026,2.1625398858304834e-06,0,0,0,0,1,0,0,0,1,0,13
0.4595020115375519,-0.0033655737061053514,0.010822450742125511,0.00012126621732022613,0.6106616258621216,0.00418092543259263,0.34067046642303467,0.009346697479486465,-1.2544254786917008e-05,8.256110959337093e-07,5.474785211845301e-05,-0.00037481976323761046,0.5595498085021973,-0.0002499052498023957,0.004663537722080946,4.6087323426036164e-05,0,0,0,0,1,0,0,0,1,0,18
0.47078150510787964,-0.003241472877562046,0.011646046303212643,0.00012927291390951723,0.6199352741241455,0.004169851541519165,0.1303415596485138,0.009156632237136364,-1.1644875485217199e-05,1.4248071522615646e-07,5.410094672697596e-05,-4.040013983075408e-12,0.5649789571762085,-0.00015152116247918457,0.006019367836415768,0.0001469471026211977,0,0,0,0,1,0,0,0,1,0,13
0.48281410336494446,-0.003102736547589302,0.012323085218667984,0.00014704736531712115,0.6290460228919983,0.00415826914831996,0.27773764729499817,0.009084487333893776,-1.1548740985745098e-05,1.6229436994308344e-07,5.403679460869171e-05,0.0,0.5718004107475281,1.5324110790970735e-05,0.0074547878466546535,0.00018267524137627333,0,0,0,0,1,0,0,0,1,0,16
0.49543488025665283,-0.002945877145975828,0.012843398377299309,0.00016313919331878424,0.6380962133407593,0.004146764520555735,0.3240080177783966,0.009021090343594551,-1.1468151569715701e-05,1.6229436994308344e-07,5.403679460869171e-05,0.0,0.5799676775932312,0.00021603310597129166,0.008723314851522446,0.0002148788480553776,0,0,0,0,1,0,0,0,1,0,11
0.5085052251815796,-0.002778276801109314,0.013239243067800999,0.0001714025711407885,0.6470789909362793,0.0041353446431458,0.2700180411338806,0.00895012728869915,-1.1377939699741546e-05,1.6229436994308344e-07,5.403679460869171e-05,0.0,0.5891692042350769,0.00044291833182796836,0.009430857375264168,0.00023223887546919286,0,0,0,0,1,0,0,0,1,0,18
0.5219151973724365,-0.0026025534607470036,0.013536916114389896,0.0001790509995771572,0.6559852957725525,0.004124021623283625,0.11648566275835037,0.008868484757840633,-1.1274149983364623e-05,1.6229436994308344e-07,5.403679460869171e-05,0.0,0.5991255044937134,0.000687667983584106,0.010362092405557632,0.00025429873494431376,0,0,0,0,1,0,0,0,1,0,11
0.5355796813964844,-0.002421735553070903,0.013759206049144268,0.00018114001431968063,0.6647229194641113,0.004112914204597473,0.18957075476646423,0.008701496757566929,-1.1061894838348962e-05,1.55135523982608e-07,5.167266135686077e-05,5.689650410967834e-14,0.6099038124084473,0.0009515821002423763,0.01098268199712038,0.00026839826023206115,0,0,0,0,1,0,0,0,1,0,6
0.5494339466094971,-0.0022407008800655603,0.013924696482717991,0.0001808815577533096,0.6733908653259277,0.00410189526155591,0.18269909918308258,0.008639481849968433,-1.098306256608339e-05,1.55135523982608e-07,5.167266135686077e-05,5.689650410967834e-14,0.620833158493042,0.0012179218465462327,0.011165001429617405,0.00027143373154103756,0,0,0,0,1,0,0,0,1,0,12
0.5634289383888245,-0.002058673882856965,0.014046710915863514,0.00018642137001734227,0.6819660067558289,0.004090994130820036,0.125241219997406,0.008450087159872055,-1.0742294762167148e-05,1.5006224884928088e-07,4.998282383894548e-05,-2.2757232499815393e-14,0.6323557496070862,0.0014974026707932353,0.01179610937833786,0.0002855648926924914,0,0,0,0,1,0,0,0,1,0,3
0.5775275230407715,-0.0018636381719261408,0.01413646899163723,0.00020188400230836123,0.6903518438339233,0.0040803337469697,0.1414162963628769,0.008358854800462723,-1.0626315088302363e-05,1.492588097562475e-07,4.971522866981104e-05,-2.2757019047512685e-14,0.6444635987281799,0.0017899489030241966,0.012352186255156994,0.000297852122457698,0,0,0,0,1,0,0,0,1,0,6
0.5917021632194519,-0.0016534728929400444,0.014202735386788845,0.00021691527217626572,0.6985814571380615,0.00406987126916647,0.12586523592472076,0.00806561578065157,-1.0253535037918482e-05,1.4324210440008756e-07,4.7711153456475586e-05,1.137773279454371e-14,0.6570700407028198,0.002092761220410466,0.012796767055988312,0.0003064238408114761,0,0,0,0,1,0,0,0,1,0,18
0.6059333682060242,-0.0014459221856668591,0.01425252202898264,0.00019983686797786504,0.7064917087554932,0.004059815779328346,0.11578536778688431,0.007743502501398325,-9.844042324402835e-06,1.3751795790994947e-07,4.5804554247297347e-05,-1.1377023827966858e-14,0.6700616478919983,0.002403137506917119,0.01313756499439478,0.0003143414214719087,0,0,0,0,1,0,0,0,1,0,9
0.6202066540718079,-0.0012556178262457252,0.01428898610174656,0.00018246971012558788,0.7140160799026489,0.004050250630825758,0.11285421252250671,0.0073366849683225155,-9.326867257186677e-06,1.3029602996539325e-07,4.339908991823904e-05,-1.1376170018756026e-14,0.6838390231132507,0.0027469610795378685,0.012794536538422108,0.0003081100294366479,0,0,0,0,1,0,0,0,1,0,3
