lt_dp_posx,lt_dp_posy,lt_dp_velx,lt_dp_vely,ball_posx,ball_posy,ball_posz,ball_vel_x,ball_vel_y,ball_rot_x,ball_rot_y,ball_rot_z,rt_gk_posx,rt_gk_posy,rt_gk_velx,rt_gk_vely,action_left,action_top_left,action_top,action_top_right,action_right,action_bottom_right,action_bottom,action_bottom_left,action_sprint,action_dribble,sel_action
-1.0110293626785278,-0.0,0.0,-0.0,0.019999999552965164,-0.0,0.11061639338731766,-0.0,0.0,0.0,-0.0,0.0,1.0110293626785278,0.0,-0.0,0.0,5
0.0022227545268833637,1.214716660591364e-10,0.003935635089874268,2.5671381687075723e-11,0.019999999552965164,-0.0,0.11059734225273132,-0.0,0.0,0.0,-0.0,0.0,1.010831356048584,-1.6282579451409873e-11,-0.0013190157478675246,-1.0749379164565198e-10,5
0.005271322093904018,-2.6352731108403304e-09,0.005585023667663336,-4.004820364222894e-10,0.019999999552965164,-0.0,0.10930104553699493,-0.0,0.0,0.0,-0.0,0.0,1.007331371307373,-2.398486409482814e-10,-0.004367968533188105,-2.258308401392739e-10,13
0.010625659488141537,-4.5637658097064104e-09,0.007103427313268185,-2.554758071759977e-10,0.024887273088097572,-6.01184990678405e-10,0.12252745032310486,0.007935192435979843,-9.771773390454541e-10,3.2052813094679555e-12,8.281082955363672e-06,-4.2581446181577665e-12,1.0020980834960938,-4.071844528219515e-10,-0.0059268055483698845,-1.0265515520968549e-10,5
0.01849902607500553,-4.680491105801821e-09,0.008507401682436466,-1.393989645936955e-10,0.032417863607406616,-1.5302314970710995e-09,0.11682867258787155,0.007279176265001297,-8.986955624123993e-10,1.2554875541970212e-11,4.305932452552952e-05,0.0,0.9953674674034119,-4.262087904827183e-11,-0.007369237951934338,6.023311294178768e-10,16
0.02760276570916176,-4.785462692780129e-09,0.0092874551191926,-2.808513664687151e-11,0.039475344121456146,-2.4015556210343902e-09,0.11168938875198364,0.006870601326227188,-8.482526903108578e-10,1.1849726928858662e-11,4.0640876250108704e-05,-1.3885801326793717e-18,0.9872784614562988,3.960347327858216e-10,-0.008651789277791977,2.836051393728667e-10,16
0.03689020127058029,-4.71366634613446e-09,0.0092874551191926,1.535146315623237e-10,0.0461203008890152,-3.221950706233656e-09,0.11094774305820465,0.0064604394137859344,-7.9761386384547e-10,1.1142460218382944e-11,3.821516293101013e-05,0.0,0.9781137704849243,6.660968998595251e-10,-0.009335489943623543,9.032642966921856e-10,16
0.045067574828863144,-4.921482332775895e-09,0.009191183373332024,-6.37109143220016e-10,0.052357714623212814,-3.992030706001515e-09,0.10916008055210114,0.006057104095816612,-7.478178631892263e-10,1.0446848247580576e-11,3.5829423723043874e-05,-6.942008342311067e-19,0.968501091003418,1.3903276308013801e-09,-0.010017086751759052,5.895668953037614e-10,16
0.05382366105914116,-5.146987280824078e-09,0.009191167540848255,-2.623364581122445e-10,0.06106317415833473,-4.468817316194418e-09,0.1308203935623169,0.009691962040960789,-3.6027567040797237e-10,3.7779484401978536e-12,1.8305474441149272e-05,-2.9298982944653273e-12,0.9580104947090149,1.7695582776866559e-09,-0.010855057276785374,1.9933953099293689e-10,18
0.06301483511924744,-5.326744378919557e-09,0.009191167540848255,-2.2121056375556947e-10,0.07040322571992874,-4.8198427471390914e-09,0.11981094628572464,0.00900168064981699,-3.415780713833527e-10,4.7717684838188834e-12,5.324730955180712e-05,1.0418661381568514e-18,0.9471069574356079,1.985768438572677e-09,-0.010882405564188957,1.8008858293505625e-10,5
0.07220600545406342,-5.508822731314922e-09,0.009191167540848255,-1.2065967669450117e-10,0.0794820785522461,-5.1437241133101e-09,0.12380309402942657,0.010051751509308815,-2.7895291632162866e-10,1.4522959657786716e-12,1.5707571947132237e-05,-2.2885337288419683e-12,0.9358362555503845,2.0789281407473936e-09,-0.01156821008771658,2.4814600027567302e-11,0
0.08139718323945999,-5.574181116685395e-09,0.009191123768687248,-2.010937943941471e-11,0.08928141742944717,-5.41615330362788e-09,0.1186438798904419,0.009607157669961452,-2.674319377060641e-10,2.1267757520371244e-12,2.7830288672703318e-05,-2.093856555154816e-12,0.9239458441734314,2.2270016941661197e-09,-0.012150231748819351,6.105687067048393e-10,5
0.09093116968870163,-5.832864857779896e-09,0.009191172197461128,-1.7093645943155877e-10,0.09849448502063751,-5.673213898660379e-09,0.11621580272912979,0.009006262756884098,-2.5138491288601017e-10,3.5119645906689367e-12,5.327712278813124e-05,3.4728909184339787e-19,0.911514401435852,2.9675599755307758e-09,-0.012642495334148407,6.223640491853644e-10,5
0.10026808828115463,-5.977252914846076e-09,0.009191123768687248,-7.038112453949807e-11,0.10811463743448257,-5.914642553506155e-09,0.13345138728618622,0.009796204045414925,-2.35292341166371e-10,1.3580565708451453e-12,2.232159567938652e-05,-1.8927804202456544e-12,0.8986548185348511,3.2553433282345168e-09,-0.013021862134337425,1.2782970211858147e-12,0
0.10962378233671188,-6.112314210326986e-09,0.009191173128783703,-2.2120931475466676e-10,0.11761858314275742,-6.1430465159162395e-09,0.11991177499294281,0.0091824010014534,-2.2081082795555318e-10,3.084673358758061e-12,5.431631507235579e-05,-3.473026886247167e-19,0.8854668736457825,3.4577674057345575e-09,-0.013312171213328838,1.7465752455425587e-10,5
0.11922189593315125,-6.326279500257215e-09,0.009191123768687248,-1.2066307675251409e-10,0.1268332451581955,-6.359057724836248e-09,0.12372162193059921,0.01001778431236744,-2.131699816665389e-10,8.350077356986119e-13,1.6184991181944497e-05,-1.6814367823428378e-12,0.8720289468765259,3.4960514483373117e-09,-0.013532358221709728,-7.269974205970087e-11,13
0.12841306626796722,-6.391636997449268e-09,0.009191211313009262,-2.0112779497427624e-11,0.1365956813097,-6.566811983077514e-09,0.11821839958429337,0.00956648401916027,-2.0359834651539899e-10,1.4589651101820644e-12,2.873618359444663e-05,-1.5844362497366427e-12,0.8584014177322388,4.0569489989650265e-09,-0.013698549941182137,1.0783557380378284e-09,13
0.13800522685050964,-6.6005756416132044e-09,0.009191188961267471,-1.7093397530754117e-10,0.14577463269233704,-6.762189475040259e-09,0.11640061438083649,0.008974924683570862,-1.9103962856092949e-10,2.6689134843133067e-12,5.309176412993111e-05,-3.4728673954853092e-19,0.8446311354637146,4.748687221223236e-09,-0.013824069872498512,3.818028393443029e-10,16
0.14736688137054443,-6.723815726417115e-09,0.009191123768687248,-7.03879246555239e-11,0.155371755361557,-6.950066744337846e-09,0.1333138644695282,0.009775057435035706,-1.849194963821077e-10,9.755009300338457e-13,2.236707769043278e-05,-1.5300866042927685e-12,0.8307538032531738,5.082697374092504e-09,-0.013917334377765656,1.3341953097878445e-09,16
0.1567225605249405,-6.8344356840555065e-09,0.009191173128783703,-2.2120764942012983e-10,0.16485244035720825,-7.129377088688216e-09,0.11994458734989166,0.009160236455500126,-1.7321133416459134e-10,2.419721107510542e-12,5.418523869593628e-05,-3.473009567153092e-19,0.8167963624000549,6.0309384153356405e-09,-0.013987457379698753,6.311795530677955e-10,16
0.16632068157196045,-6.987944889402797e-09,0.009191211313009262,-1.2066307675251409e-10,0.17404741048812866,-7.298943227596055e-09,0.12368996441364288,0.010004708543419838,-1.6776444122790224e-10,5.731381081536258e-13,1.6158628568518907e-05,-1.3827723688297766e-12,0.8027788400650024,6.272052655020843e-09,-0.01404004916548729,-7.88668436113582e-11,0
0.17551185190677643,-7.053302830684061e-09,0.009191211313009262,-2.0112779497427624e-11,0.18379515409469604,-7.462313433848067e-09,0.11806844919919968,0.009550061076879501,-1.5999444824554843e-10,1.096140647867394e-12,2.8863463739980944e-05,-1.3010863003301565e-12,0.7887166142463684,7.1611880869681954e-09,-0.014078617095947266,8.996015044004935e-10,16
0.18510401248931885,-7.202012763940502e-09,0.009191188961267471,-1.7092900705950598e-10,0.19295890629291534,-7.615742703137585e-09,0.11646267026662827,0.008960545063018799,-1.5001229425326557e-10,2.095742633254072e-12,5.3006704547442496e-05,-3.472856280245828e-19,0.7746210098266602,7.653576439281551e-09,-0.014108069241046906,1.5870600666989532e-10,5
0.19446565210819244,-7.299648441261297e-09,0.009191211313009262,-7.03879246555239e-11,0.20254532992839813,-7.762350762163805e-09,0.13325145840644836,0.009765234775841236,-1.4384793356470027e-10,6.936561785034212e-13,2.238679189758841e-05,-1.2602294425026472e-12,0.7605001926422119,8.11405254097508e-09,-0.01413050852715969,1.186810316688991e-09,5
0.2038213461637497,-7.385691169758957e-09,0.009191173128783703,-2.2121819653886376e-10,0.21201524138450623,-7.901714837998952e-09,0.11995989084243774,0.009150011464953423,-1.3452815250669659e-10,1.8793274228490198e-12,5.412477912614122e-05,-1.7365009061674246e-19,0.7463608980178833,8.873400680897703e-09,-0.014145934954285622,4.09299816261921e-10,0
0.21341946721076965,-7.478408114991453e-09,0.009191211313009262,-1.2066307675251409e-10,0.2212010771036148,-8.03295829854278e-09,0.12367511540651321,0.009998559951782227,-1.280089645394611e-10,3.5733509250526763e-13,1.6147443602676503e-05,-1.1348271497860218e-12,0.7322076559066772,8.854254218704227e-09,-0.014158557169139385,-3.6989020180122623e-10,16
0.22261063754558563,-7.543765612183506e-09,0.009191211313009262,-2.0112779497427624e-11,0.23094195127487183,-8.15750667015891e-09,0.11799795180559158,0.009542375802993774,-1.2189192710732044e-10,7.831758245396836e-13,2.8924006983288564e-05,-1.0623263336714817e-12,0.7180439829826355,9.904142395100735e-09,-0.014167673885822296,6.805911390017627e-10,13
0.23220279812812805,-7.63343610543643e-09,0.009191188961267471,-1.7093140791679673e-10,0.24009865522384644,-8.27429147420844e-09,0.11649189889431,0.008953820914030075,-1.1416970840949503e-10,1.5950038598916416e-12,5.29668977833353e-05,-1.7364255551834998e-19,0.7038726806640625,1.0133001993040125e-08,-0.01417398452758789,-1.4086425081938359e-10,0
0.24156443774700165,-7.705970972438081e-09,0.009191211313009262,-7.03879246555239e-11,0.2496800720691681,-8.38378788614591e-09,0.13322199881076813,0.009760604240000248,-1.0648751325170736e-10,4.417508297095002e-13,2.239574314444326e-05,-1.020244435809281e-12,0.6896957755088806,1.0713283593588585e-08,-0.014178893528878689,9.802429978833516e-10,5
0.2509201169013977,-7.768281129472143e-09,0.009191173128783703,-2.2121653120432683e-10,0.25914493203163147,-8.486839675470037e-09,0.11996714025735855,0.009145161136984825,-9.936891587347674e-11,1.388160203105726e-12,5.409607183537446e-05,-3.472997934925728e-19,0.6755146980285645,1.1214220663191554e-08,-0.014182399027049541,1.0870283839725658e-10,3
0.26051825284957886,-7.80229392205456e-09,0.009191211313009262,-1.2066307675251409e-10,0.26832643151283264,-8.583086241742421e-09,0.12366810441017151,0.009995656087994576,-9.106457948826474e-11,1.6015990346018166e-13,1.614133179828059e-05,-9.083148187587209e-13,0.6613303422927856,1.1260094190390646e-08,-0.014185905456542969,1.317305486914222e-09,18
0.26970940828323364,-7.867651419246613e-09,0.009191211313009262,-2.0112779497427624e-11,0.2780640125274658,-8.671571904983466e-09,0.1179647222161293,0.009538741782307625,-8.651069444143289e-11,4.926120275583479e-13,2.8951451895409264e-05,-8.436152167459743e-13,0.647143542766571,1.2064296228686544e-08,-0.01418730802834034,3.843594331698341e-10,0
0.2788783013820648,-7.456542050476855e-09,0.008272189646959305,-1.569758906194707e-10,0.2872173488140106,-8.754329705595865e-09,0.1165056899189949,0.008950634859502316,-8.08865682766502e-11,1.130023266800173e-12,5.294806032907218e-05,8.682121959803817e-20,0.6329549551010132,1.1935404664598082e-08,-0.014189411886036396,-5.488381416007826e-10,6
0.2874111533164978,-7.3351156260059724e-09,0.008272073231637478,-6.996635909528592e-11,0.2963632047176361,-8.748996194185565e-09,0.12928369641304016,0.009117400273680687,4.1088417390700016e-11,-1.3664029217992646e-13,2.5337221813970245e-05,-2.8286886179750004e-13,0.6199056506156921,1.1653577658421455e-08,-0.011476348154246807,2.3618576538986247e-10,1
0.29593491554260254,-6.7387300184407195e-09,0.008272080682218075,-2.018176598062027e-10,0.3051660656929016,-8.709556631458781e-09,0.12025190144777298,0.008544600568711758,3.815030583109724e-11,-5.329601235164183e-13,5.054447319707833e-05,-4.340683578747431e-20,0.6111578941345215,1.225691637074533e-08,-0.006574742961674929,6.970254373683815e-10,6
0.30482950806617737,-5.1486264140976346e-09,0.008272073231637478,-1.1814728362313787e-10,0.3137328326702118,-8.602339285346261e-09,0.12461742758750916,0.009337887167930603,3.8470809871071765e-10,-8.728208043470853e-13,1.5306526620406657e-05,7.526745611323438e-13,0.6053862571716309,1.286879935946672e-08,-0.004903709050267935,5.198588781674118e-10,18
0.313101589679718,-5.2207589362751605e-09,0.008272073231637478,-3.448001953398894e-11,0.32281002402305603,-8.22918355680713e-09,0.11289888620376587,0.008849113248288631,3.6309966144898453e-10,-2.6487087263077358e-12,3.1004670745460317e-05,1.3490354666689797e-12,0.6019549369812012,1.3232576812072239e-08,-0.0018379268003627658,1.9488589908522869e-10,7
0.3215976059436798,-9.815385419642553e-05,0.008944625034928322,-1.9606791190618367e-10,0.3313308358192444,-7.880168517715447e-09,0.11079325526952744,0.008333631791174412,3.413071769653442e-10,-4.768192785054026e-12,4.929785427520983e-05,0.0,0.6014842987060547,-1.1905365681741387e-05,0.0020777478348463774,-3.692360405693762e-05,12
0.3307342231273651,-0.0003638603666331619,0.009935995563864708,-0.0002457637747284025,0.33941543102264404,-7.549060931921758e-09,0.1124362125992775,0.007883256301283836,3.2286212592325114e-10,-4.510218587494563e-12,4.66306482849177e-05,0.0,0.6048333048820496,-4.952107337885536e-05,0.003978785127401352,-3.2178366382140666e-05,15
0.33933356404304504,-0.0009049531072378159,0.008509439416229725,-0.0004259325796738267,0.39893630146980286,-0.0014397334307432175,0.42095404863357544,0.06395485997200012,-0.0014435562770813704,-1.3376668448472628e-06,4.430903209140524e-05,-0.0008587410557083786,0.6093493103981018,-0.00030818823142908514,0.003930151462554932,-7.57749012336717e-06,3
0.3473237454891205,-0.0012699991930276155,0.007596787065267563,-0.0003220994840376079,0.4611701965332031,-0.002679376397281885,0.5537267923355103,0.06085573136806488,-0.001077480730600655,-1.3376668448472628e-06,4.430903209140524e-05,-0.0008587410557083786,0.6109229922294617,-0.0016582420794293284,0.0011067063314840198,-1.1288663699815515e-05,3
0.3542943298816681,-0.0019747200421988964,0.0065905204974114895,-0.0007754343096166849,0.5204063057899475,-0.003570062341168523,0.4805727005004883,0.057934775948524475,-0.0007424830691888928,-1.3376668448472628e-06,4.430903209140524e-05,-0.0008587410557083786,0.6112916469573975,-0.0029456610791385174,-4.346126445398113e-07,0.0,6
0.3604516088962555,-0.002694785362109542,0.006406447384506464,-0.0007244085427373648,0.5768025517463684,-0.0041425349190831184,0.21492230892181396,0.0551566556096077,-0.00043783854926005006,-1.3376668448472628e-06,4.430903209140524e-05,-0.0008587410557083786,0.6113734245300293,-0.004022464621812105,4.1567119524188456e-08,-2.923194131199125e-09,6
