lt_dp_posx,lt_dp_posy,lt_dp_velx,lt_dp_vely,ball_posx,ball_posy,ball_posz,ball_vel_x,ball_vel_y,ball_rot_x,ball_rot_y,ball_rot_z,rt_gk_posx,rt_gk_posy,rt_gk_velx,rt_gk_vely,action_left,action_top_left,action_top,action_top_right,action_right,action_bottom_right,action_bottom,action_bottom_left,action_sprint,action_dribble,sel_action
-1.0110293626785278,-0.0,0.0,-0.0,0.019999999552965164,-0.0,0.11061639338731766,0.0,-0.0,0.0,-0.0,0.0,1.0110293626785278,0.0,-0.0,0.0,5
0.0,-0.0,0.0,-0.0,0.019999999552965164,-0.0,0.11059734225273132,0.0,-0.0,0.0,-0.0,0.0,1.0089819431304932,-1.5615271228841543e-11,-0.003723537316545844,-2.552534225652714e-11,5
0.0015068008797243237,1.6729921614722087e-10,0.003586257342249155,2.42457776078453e-10,0.019999999552965164,-0.0,0.10930104553699493,0.0,-0.0,0.0,-0.0,0.0,1.0043776035308838,-3.788986485675494e-11,-0.005314630456268787,-1.7259107337741497e-11,5
0.0047621107660233974,-6.655095363683472e-10,0.0052583664655685425,-3.1212532558555495e-10,0.019999999552965164,-0.0,0.11075475811958313,0.0,-0.0,0.0,-0.0,0.0,0.9982317090034485,8.93530666123965e-11,-0.006807551719248295,6.671759811283096e-10,13
0.009853105992078781,-1.7132782970108451e-09,0.006805261597037315,-2.6657762108861505e-10,0.02428310178220272,-2.424414835555666e-10,0.12351405620574951,0.008418847806751728,-4.762710781314183e-10,-2.910471559938732e-12,-2.3506037905463018e-05,-1.3675729385737023e-12,0.9906662106513977,6.607861480212307e-10,-0.008160226047039032,4.55819104683286e-10,13
0.01744282990694046,-1.8592669626116276e-09,0.008229834027588367,-3.399641124168795e-10,0.032385509461164474,-7.003940205585479e-10,0.11691977083683014,0.007870198227465153,-4.446562007487387e-10,-6.211847876358423e-12,-4.655510565498844e-05,0.0,0.9818469882011414,9.381696530752492e-10,-0.009317257441580296,1.15894960295293e-10,5
0.026398660615086555,-2.464098036725204e-09,0.009344386868178844,-5.285673010391179e-10,0.040023867040872574,-1.131951310462398e-09,0.10896069556474686,0.007444394752383232,-4.2059872251698494e-10,-5.875784234166126e-12,-4.403647835715674e-05,-6.943599114026583e-19,0.9724517464637756,1.119231818336175e-09,-0.009637720882892609,1.835605556443909e-10,5
0.035743024200201035,-2.7808799707429444e-09,0.009344364516437054,-1.4350243215943692e-10,0.04722834378480911,-1.5389948204713733e-09,0.11094862967729568,0.007010207511484623,-3.960676508985017e-10,-5.532920042267131e-12,-4.1466857510386035e-05,-6.943065582531486e-19,0.9623057246208191,1.2452666675599744e-09,-0.010538101196289062,7.190250478350535e-11,13
0.04531857371330261,-3.3213982675306397e-09,0.009191228076815605,-1.8099179099895224e-10,0.054004471749067307,-1.921837355922662e-09,0.11043388396501541,0.006586682517081499,-3.721390140487557e-10,-5.1986917375124175e-12,-3.8961952668614686e-05,3.471288255997157e-19,0.9514368772506714,1.6771948274652004e-09,-0.010879600420594215,9.564721237254048e-10,18
0.0547274649143219,-3.6627683108747533e-09,0.009191211313009262,-8.044091781567175e-11,0.06256280839443207,-2.340714511106512e-09,0.1302042156457901,0.009813223034143448,-4.4813744382032894e-10,-4.4348877868694014e-12,-4.0501399780623615e-05,-8.462112846378822e-13,0.9404253959655762,2.377515073703762e-09,-0.011310156434774399,5.129064395426042e-10,16
0.06403972208499908,-3.869341291817818e-09,0.009191254153847694,-2.3126704717935098e-10,0.07214420288801193,-2.778342889087071e-09,0.11835037171840668,0.009352603927254677,-4.2722111959214715e-10,-5.9681907853270655e-12,-5.5323274864349514e-05,0.0,0.9287715554237366,2.661714848528618e-09,-0.011916019953787327,1.0691458135481113e-10,13
0.07368126511573792,-4.439634437858331e-09,0.009191269986331463,-1.3071745075254881e-10,0.08137297630310059,-3.195839592962102e-09,0.12070874124765396,0.010143519379198551,-4.226727301492872e-10,-3.46804746378937e-12,-3.5292734537506476e-05,-8.926292864586127e-13,0.9165447354316711,2.8625348758026803e-09,-0.012460877187550068,1.9243469318031003e-10,5
0.08287244290113449,-4.515047447029019e-09,0.009191211313009262,-3.016576918812852e-11,0.09131857007741928,-3.610255427943798e-09,0.12421297281980515,0.009839830920100212,-4.10003725415109e-10,-4.444471700393304e-12,-4.519649883150123e-05,-8.233909973114073e-13,0.9038431644439697,2.9483357977255764e-09,-0.01288231648504734,-1.1052509601983118e-11,13
0.09241733700037003,-5.2157593799506685e-09,0.009191228076815605,-1.809913469097424e-10,0.10086467862129211,-4.008014364842438e-09,0.11974926292896271,0.009347097016870975,-3.894660705050512e-10,-5.441008320977714e-12,-5.529322152142413e-05,1.3892627634798811e-18,0.8907760381698608,3.3753033701344748e-09,-0.013204882852733135,9.852779703223291e-10,18
0.10182623565196991,-5.664424929108236e-09,0.009191211313009262,-8.044091781567175e-11,0.11051778495311737,-4.427643585103169e-09,0.13264229893684387,0.00983654335141182,-4.384110852129197e-10,-4.48782460846231e-12,-4.465052916202694e-05,-8.848503527114637e-13,0.8774299025535583,4.106650575153026e-09,-0.013451716862618923,4.3744274869084165e-10,18
0.1111384928226471,-6.0700875437191826e-09,0.009191210381686687,-2.3126350834346e-10,0.12016420811414719,-4.857388269385865e-09,0.11792261153459549,0.009427138604223728,-4.198707215241626e-10,-5.865380663799824e-12,-5.576295734499581e-05,0.0,0.8638719320297241,4.382493479226923e-09,-0.013637542724609375,1.011860484290139e-09,16
0.12078003585338593,-7.380856370531319e-09,0.009191226214170456,-1.307151054064093e-10,0.1294679194688797,-5.2832151986592635e-09,0.11859540641307831,0.010029787197709084,-5.612462161685983e-10,-3.835581158240231e-12,-3.5613553336588666e-05,-9.89732384590325e-13,0.8501538634300232,5.325211382967154e-09,-0.01377778872847557,6.368468530304483e-10,16
0.1299712061882019,-7.456269379702007e-09,0.009191123768687248,-3.0169169246141436e-11,0.13925626873970032,-5.829737137474922e-09,0.12109550833702087,0.009644575417041779,-5.37977384862387e-10,-6.375960523441471e-12,-5.048325328971259e-05,-7.384576348849758e-13,0.8363156914710999,5.584404050296143e-09,-0.013882973231375217,-5.102988864802427e-11,16
0.13951611518859863,-9.363348318913722e-09,0.009191228076815605,-1.809959682130824e-10,0.1486322581768036,-6.352501635831231e-09,0.11274006217718124,0.009173615835607052,-5.114665357908166e-10,-7.1454005906579354e-12,-5.426690768217668e-05,-1.3892081695594526e-18,0.8223875761032104,6.471487790093988e-09,-0.01396151166409254,8.962969810788479e-10,16
0.14892500638961792,-1.0554519924710348e-08,0.009191036224365234,-8.043751775765884e-11,0.15817947685718536,-7.055765305352679e-09,0.1341247409582138,0.009799115359783173,-8.279957275370009e-10,-7.126789609845918e-12,-4.257852924638428e-05,-1.6752025114308289e-12,0.8083919882774353,6.9673271596570885e-09,-0.014021116308867931,1.6717133233257186e-10,16
0.1582372784614563,-1.2188268172508288e-08,0.00919103529304266,-2.31280911089371e-10,0.16780328750610352,-7.867744677980681e-09,0.11797907948493958,0.0094011090695858,-7.921954758849381e-10,-1.1066536576009867e-11,-5.560888166655786e-05,0.0,0.7943460941314697,7.4295920526878945e-09,-0.014064592309296131,1.1701924984564016e-09,0
0.16787880659103394,-1.8066643292513618e-08,0.009191137738525867,-1.3072246063394743e-10,0.1770792007446289,-8.738538781472016e-09,0.11852438002824783,0.009972123429179192,-1.73180481066737e-09,-8.703964632372774e-12,-3.5475506592774764e-05,-2.416540275176904e-12,0.7802626490592957,8.159410924690746e-09,-0.014097549952566624,3.6887706778010454e-10,18
0.1770699918270111,-1.8142054969416677e-08,0.009191036224365234,-3.016236913011561e-11,0.18680790066719055,-1.0419846319109638e-08,0.12051946669816971,0.009581631980836391,-1.652366909965508e-09,-1.9044614843477525e-11,-5.084271469968371e-05,-2.2253702786773077e-12,0.7661510705947876,8.085867975182737e-09,-0.014122093096375465,-4.359400618270115e-10,0
0.18661490082740784,-3.0594456745802745e-08,0.009191052988171577,-1.8100793086617273e-10,0.19612374901771545,-1.202512223130725e-08,0.11300001293420792,0.00911593995988369,-1.5707737333059413e-09,-2.1944362993409072e-11,-5.392571983975358e-05,2.7783805635574123e-18,0.7520185708999634,9.061407624244566e-09,-0.014140325598418713,5.483349885260225e-10,18
0.19602379202842712,-3.82761662365283e-08,0.009191036224365234,-8.04511179897105e-11,0.20562271773815155,-1.518154668644911e-08,0.13384093344211578,0.009754803031682968,-4.184281809926915e-09,-3.1993421800713406e-11,-4.2549851059447974e-05,-8.269026088858489e-12,0.7378703951835632,9.086761565413326e-09,-0.014153649099171162,-4.0281994406754507e-10,0
0.2053360491991043,-5.3006427691570934e-08,0.00919103529304266,-2.3125969195181284e-10,0.21519820392131805,-1.9279022822615843e-08,0.11802352964878082,0.009354442358016968,-3.995697106518037e-09,-5.581787809738614e-11,-5.5332966439891607e-05,-2.2228238957263825e-17,0.7237104773521423,9.454685923060424e-09,-0.014164167456328869,7.113722944041001e-10,13
0.21497759222984314,-1.0759463719978157e-07,0.009191137738525867,-1.307104841030693e-10,0.22443079948425293,-2.416984301589764e-08,0.11848274618387222,0.009943191893398762,-1.371881896972127e-08,-5.5708489904437997e-11,-3.532979462761432e-05,-1.583666184301613e-11,0.7095419764518738,9.441597725867723e-09,-0.014171179383993149,-6.060351664949337e-10,18
0.2241687774658203,-1.0767005420575515e-07,0.009191036224365234,-3.024396358353165e-11,0.23412925004959106,-3.746686161321122e-08,0.12022875249385834,0.009549603797495365,-1.30568160727762e-08,-1.4846099349874464e-10,-5.095740925753489e-05,-1.7346651892680143e-11,0.6953670978546143,8.703173293156397e-09,-0.014176789671182632,9.724644423059203e-10,13
0.23371368646621704,-2.5433820383113925e-07,0.009191052988171577,-1.8106341426182837e-10,0.24341391026973724,-5.014937087821636e-08,0.11312716454267502,0.009085838682949543,-1.241045666233731e-08,-1.7337931090821712e-10,-5.374768443289213e-05,0.0,0.6811875700950623,8.216551883322154e-09,-0.014181697741150856,-1.6806545044545373e-09,13
0.24312257766723633,-3.4462834719306557e-07,0.009191036224365234,-8.02879290828784e-11,0.25288861989974976,-8.240099447220928e-08,0.1337033063173294,0.009733322076499462,-4.5104435741905036e-08,-3.295623496324396e-10,-4.252707731211558e-05,-8.720903860170992e-11,0.6670044660568237,5.076081333044158e-09,-0.014184502884745598,-4.3350145695342235e-09,5
0.2524348497390747,-5.540819074667525e-07,0.00919103529304266,-2.3095074463963527e-10,0.26244065165519714,-1.265428579699801e-07,0.11804483830928802,0.009331012144684792,-4.3034468433233997e-08,-6.011698916452701e-10,-5.519435944734141e-05,-8.891247937302247e-17,0.6528184413909912,-2.4916591012669187e-10,-0.01418730802834034,-7.476650409898866e-09,6
0.26207637786865234,-1.3329040484677535e-06,0.009191137738525867,-1.3082797345465025e-10,0.2716507315635681,-1.8304255888779153e-07,0.11568275839090347,0.009921611286699772,-1.8598802853375673e-07,-7.234423060609174e-10,-3.555646617314778e-05,-2.0591757465826532e-10,0.6386306285858154,-1.0874432909702136e-08,-0.014188009314239025,-1.3201558068942632e-08,7
0.2712675631046295,-1.3329794228411629e-06,0.009191036224365234,-3.046154647967647e-11,0.28128913044929504,-3.623520115070278e-07,0.11726941168308258,0.009466397576034069,-1.7561202980687085e-07,-2.404964893898409e-09,-5.546769534703344e-05,-3.1917784387713866e-11,0.6244412064552307,-2.8775122729030045e-08,-0.014190113171935081,-2.544556210182236e-08,0
0.27991488575935364,-0.0014796584146097302,0.008272073231637478,-2.8518970518476294e-10,0.29049378633499146,-5.330946919457347e-07,0.11325696110725403,0.009007882326841354,-1.670926792485261e-07,-2.3343544874876443e-09,-5.328651241143234e-05,-3.5562416239653743e-16,0.6102507710456848,-6.70623236942447e-08,-0.014190814457833767,-4.879433745941242e-08,7
0.2881869375705719,-0.0023895527701824903,0.008272073231637478,-0.0,0.29949331283569336,-0.00024190872500184923,0.12988466024398804,0.008983324281871319,-0.000396641407860443,-3.1703182230558014e-06,-4.2749754356918857e-05,-6.309534228421398e-07,0.5960596203804016,-1.2869941201643087e-07,-0.014191515743732452,-7.214501351882063e-08,0
0.29654476046562195,-0.0023876086343079805,0.008698421530425549,1.1639303920674138e-05,0.30827298760414124,-0.0006284029805101454,0.1186453253030777,0.008584109134972095,-0.000377604243112728,-5.2751347539015114e-06,-5.077816967968829e-05,-1.0923777073873486e-12,0.5836848020553589,-1.9078871105193684e-07,-0.010575266554951668,-5.2360565661047076e-08,6
0.30576515197753906,-0.0023260114248842,0.009343203157186508,9.796978702070192e-05,0.31661856174468994,-0.0009955144487321377,0.11337935924530029,0.008143942803144455,-0.0003582416975405067,-5.004669219488278e-06,-4.817471563001163e-05,1.092279261830087e-12,0.5757808685302734,-2.294383136813849e-07,-0.006574742961674929,-3.194415043594745e-08,6
0.3147850036621094,-0.002415337134152651,0.01019606925547123,0.00010462070349603891,0.3245103061199188,-0.001342661096714437,0.11262545734643936,0.007686466909945011,-0.0003381177957635373,-4.723417077912018e-06,-4.546740819932893e-05,1.456243437468474e-12,0.5704663991928101,-2.552592093252315e-07,-0.004289079923182726,-2.0839612702161503e-08,16
0.32442447543144226,-0.0027590924873948097,0.009823896922171116,-0.0003763309505302459,0.34416261315345764,-0.0016117586055770516,0.16090494394302368,0.0681191086769104,-2.3333852368523367e-05,1.0102794476551935e-05,8.589931894675829e-06,-0.00022281210112851113,0.5675252079963684,-2.6954907639265e-07,-0.0018379268003627658,-8.93110740918246e-09,7
0.333131343126297,-0.0031581379007548094,0.00859008077532053,-0.00033252761932089925,0.41025102138519287,-0.0015852419892325997,0.35740357637405396,0.06448828428983688,6.581795605598018e-05,1.0102794476551935e-05,8.589931894675829e-06,-0.00022281210112851113,0.566982090473175,-0.00032402988290414214,-1.2870474108694907e-07,3.564871314809537e-11,5
0.34076127409935,-0.0034526267554610968,0.007116443943232298,-0.0005605403566733003,0.4729211926460266,-0.0014751125127077103,0.46916356682777405,0.06123483180999756,0.00014484288112726063,1.0102794476551935e-05,8.589931894675829e-06,-0.00022281210112851113,0.5669811367988586,-0.0008309530676342547,4.1460182509389654e-11,-7.129742629619074e-11,18
0.3473972678184509,-0.004155858885496855,0.006101762410253286,-0.0006469813524745405,0.5325191020965576,-0.001291607622988522,0.500170886516571,0.05830320343375206,0.00021360897517297417,1.0102794476551935e-05,8.589931894675829e-06,-0.00022281210112851113,0.5669811367988586,-0.0015318129444494843,4.926617447331694e-11,-6.416767672767776e-10,11
0.35374021530151367,-0.004800695925951004,0.0069032697938382626,-0.0006271249731071293,0.5732609033584595,-0.0011749096447601914,0.5653054714202881,0.0023024838883429766,-0.00016641648835502565,5.210933977650711e-06,2.569373691585497e-08,-0.00011235995771130547,0.5669811367988586,-0.002060697181150317,-0.0,0.0,7
0.3614780604839325,-0.005297967232763767,0.008390581235289574,-0.00035502552054822445,0.575558066368103,-0.0013407100923359394,0.7999861240386963,0.002293297089636326,-0.0001653780636843294,5.210933977650711e-06,2.569373691585497e-08,-0.00011235995771130547,0.5669811367988586,-0.002060697181150317,-0.0,0.0,3
0.3705059289932251,-0.005393464583903551,0.009190686047077179,6.983939238125458e-05,0.5778477191925049,-0.0015057302080094814,0.9359502792358398,0.0022869128733873367,-0.000164777971804142,5.210933977650711e-06,2.569373691585497e-08,-0.00011235995771130547,0.5670199990272522,-0.002065433654934168,0.000397007999708876,3.0186881758709205e-06,9
0.37969672679901123,-0.005339629482477903,0.009191036224365234,4.0739345422480255e-05,0.5801320672035217,-0.0016702956054359674,0.9736142158508301,0.002282345900312066,-0.00016441018669866025,5.210933977650711e-06,2.569373691585497e-08,-0.00011235995771130547,0.5691853165626526,-0.0021029396448284388,0.0030498187988996506,1.9143901226925664e-05,6
0.38888779282569885,-0.005314894486218691,0.009191036224365234,1.1639303920674138e-05,0.5824118852615356,-0.0018345228163525462,0.9132136702537537,0.0022775293327867985,-0.0001640699483687058,5.210933977650711e-06,2.569373691585497e-08,-0.00011235995771130547,0.572389543056488,-0.0021438547410070896,0.0036532380618155003,1.8084627299685962e-05,6
0.398078978061676,-0.00531143881380558,0.00919138640165329,2.0925792796333553e-06,0.5846858620643616,-0.001998376101255417,0.7550235986709595,0.0022706433665007353,-0.00016366846102755517,5.210933977650711e-06,2.569373691585497e-08,-0.00011235995771130547,0.5761198401451111,-0.002188819693401456,0.0040894318372011185,1.5613251889590174e-05,12
0.4072701632976532,-0.005309984553605318,0.00919138640165329,9.304313834945788e-07,0.5869514346122742,-0.002161821350455284,0.4995380938053131,0.0022609930019825697,-0.00016327379853464663,5.210933977650711e-06,2.569373691585497e-08,-0.00011235995771130547,0.5800869464874268,-0.0021965994965285063,0.0033792327158153057,1.6145300833159126e-05,12
