lt_dp_posx,lt_dp_posy,lt_dp_velx,lt_dp_vely,ball_posx,ball_posy,ball_posz,ball_vel_x,ball_vel_y,ball_rot_x,ball_rot_y,ball_rot_z,rt_gk_posx,rt_gk_posy,rt_gk_velx,rt_gk_vely,action_left,action_top_left,action_top,action_top_right,action_right,action_bottom_right,action_bottom,action_bottom_left,action_sprint,action_dribble,sel_action
-1.0110293626785278,-0.0,0.0,-0.0,0.019999999552965164,-0.0,0.11061639338731766,0.0,-0.0,0.0,-0.0,0.0,1.0110293626785278,0.0,-0.0,0.0,5
0.0022227545268833637,2.2929655396630721e-10,0.003935635089874268,2.4066337811490257e-10,0.019999999552965164,-0.0,0.11059734225273132,0.0,-0.0,0.0,-0.0,0.0,1.0110293626785278,0.0,-0.0,0.0,5
0.005492288153618574,-1.002862792809367e-09,0.0055781081318855286,-3.5028452360919005e-10,0.019999999552965164,-0.0,0.10930104553699493,0.0,-0.0,0.0,-0.0,0.0,1.0110293626785278,0.0,-0.0,0.0,13
0.011258020997047424,-1.7349559566781636e-09,0.007097138091921806,-1.4400559911198485e-10,0.025691552087664604,4.666567479660877e-11,0.11982817947864532,0.007935377769172192,6.553727005531584e-11,7.881643471555067e-13,-2.8185742849018425e-05,1.0509669035648622e-13,1.0089819431304932,-1.5966601304984174e-11,-0.003723537316545844,-2.646508706627415e-11,0
0.01913214847445488,-1.8623836917086578e-09,0.008518051356077194,-4.992004587478505e-10,0.033334169536828995,1.1015234557820719e-10,0.10874872654676437,0.007443141657859087,6.189120049793218e-11,8.646267837982002e-13,-4.402924605528824e-05,8.679496307593815e-20,1.0043776035308838,-4.037843323589918e-11,-0.005314630456268787,-2.0613094564581047e-11,13
0.02826753258705139,-2.2628934281954116e-09,0.009344364516437054,-1.4975792828053613e-10,0.04053959995508194,1.7006689112530893e-10,0.11106738448143005,0.007011249661445618,5.829994126349547e-11,8.144280605817955e-13,-4.1472987504675984e-05,-8.678833916868919e-20,0.9982317090034485,8.292877495819084e-11,-0.006807551719248295,6.669302332618088e-10,18
0.03761189803481102,-2.0823018864746246e-09,0.009344386868178844,4.50878473445826e-10,0.047318074852228165,2.264312487509912e-10,0.11036119610071182,0.006590736098587513,5.480327650020378e-11,7.655920710759878e-13,-3.898613067576662e-05,0.0,0.9906662106513977,6.53323617427759e-10,-0.008160226047039032,4.539773001965841e-10,5
0.046408385038375854,-2.4485893312942153e-09,0.009191141463816166,-5.996361185367505e-10,0.0536840483546257,2.793655584643062e-10,0.11113974452018738,0.006184297613799572,5.142366740762405e-11,7.183677480995798e-13,-3.65813284588512e-05,0.0,0.9818469882011414,9.277465462531609e-10,-0.009317257441580296,1.1196997495854788e-10,13
0.05548911169171333,-2.729599657413928e-09,0.009191167540848255,-2.2486128237186875e-10,0.06288012862205505,-2.400175613814781e-10,0.12985756993293762,0.009819586761295795,-6.504026761611215e-10,-4.859316074523612e-12,-4.144199556321837e-05,-1.4801348081211474e-12,0.9724517464637756,1.1109810849063706e-09,-0.009637720882892609,1.8970386372885173e-10,5
0.0648190900683403,-3.0884470536562958e-09,0.009191181510686874,-2.111568142559861e-10,0.07243544608354568,-8.707379262062886e-10,0.11868171393871307,0.009330241940915585,-6.150225329015768e-10,-8.591960476422855e-12,-5.5192416766658425e-05,-1.389257490203476e-18,0.9623057246208191,1.248043335344562e-09,-0.010538101196289062,8.735850931529399e-11,16
0.07424911856651306,-3.5660823183292223e-09,0.009191123768687248,-1.1060668353435332e-10,0.0818668007850647,-1.4645776813537736e-09,0.1295962780714035,0.010049599222838879,-5.701557004300639e-10,-5.3565086394202766e-12,-3.9874012145446613e-05,-1.37245488411597e-12,0.9514368772506714,1.3844889679148764e-09,-0.010879600420594215,2.4367791118251603e-10,5
0.08344029635190964,-3.6213854137656654e-09,0.009191211313009262,-1.0056389748713812e-11,0.09178996086120605,-2.0275623402454812e-09,0.11329358071088791,0.009771052747964859,-5.54362999949376e-10,-6.6610163565461455e-12,-4.966718188370578e-05,-8.966187167724904e-13,0.9404253959655762,1.5416843357485277e-09,-0.011310156434774399,9.251504423657408e-11,7
0.09307796508073807,-4.7637453981508315e-09,0.009191148914396763,-1.6088279319870225e-10,0.1012742817401886,-2.565665235820802e-09,0.11333652585744858,0.009293124079704285,-5.272563496916405e-10,-7.366052212631757e-12,-5.497433812706731e-05,-1.3892457028797472e-18,0.9287715554237366,1.555408468689734e-09,-0.011916019953787327,-4.7320786178417507e-11,16
0.10239410400390625,-5.131331803909234e-09,0.009191211313009262,-6.032813831824413e-11,0.11105363816022873,-3.1421103496853675e-09,0.13134798407554626,0.009812886826694012,-5.831647387211092e-10,-6.1804532845710636e-12,-4.61364361399319e-05,-1.1742014695628744e-12,0.9165447354316711,2.185917669095261e-09,-0.012460877187550068,7.889013331485728e-10,13
0.11179530620574951,-6.0086375874846e-09,0.009191148914396763,-2.1115194315246555e-10,0.12063352763652802,-3.7111367312547827e-09,0.12177181988954544,0.009364115074276924,-5.561245908225487e-10,-7.769051027506357e-12,-5.5392109061358497e-05,-1.3892680367562861e-18,0.9038431644439697,2.7133322255679104e-09,-0.01288231648504734,2.602082160851893e-10,16
0.12134790420532227,-7.449203476284083e-09,0.009191211313009262,-1.1061348365037915e-10,0.13006798923015594,-4.316824675498765e-09,0.12717139720916748,0.009909938089549541,-7.383067490707163e-10,-6.152371147261082e-12,-4.0672097384231165e-05,-1.5607133641015736e-12,0.8907760381698608,2.8730124945752777e-09,-0.013204882852733135,2.391095377252128e-10,13
0.13053907454013824,-7.504506349675921e-09,0.009191211313009262,-1.0056389748713812e-11,0.1397995501756668,-5.040825978852581e-09,0.10971716791391373,0.009557281620800495,-7.103113652817683e-10,-9.787355821633259e-12,-5.5981996410991997e-05,-1.211803010367496e-13,0.8774299025535583,2.9994215999806784e-09,-0.013451716862618923,1.2619782822909098e-11,18
0.14017674326896667,-1.0718709475554533e-08,0.009191148914396763,-1.6087857435120867e-10,0.1490945965051651,-5.731596086633317e-09,0.11257560551166534,0.009082550182938576,-6.749785175230727e-10,-9.429023534179848e-12,-5.3724172175861895e-05,2.0837694994412676e-18,0.8638719320297241,3.079277055562102e-09,-0.013637542724609375,9.88915727084816e-10,0
0.14949288964271545,-1.1666110744101843e-08,0.009191211313009262,-6.032473826023121e-11,0.15878832340240479,-6.756474046909489e-09,0.13265395164489746,0.00977813359349966,-1.1027407875729978e-09,-9.714832237273097e-12,-4.3342533899703994e-05,-2.2745052369321783e-12,0.8501538634300232,4.0048977467677105e-09,-0.01377778872847557,6.103664240697526e-10,5
0.15889409184455872,-1.5330728686535622e-08,0.009191323071718216,-2.111550656547223e-10,0.1683354526758194,-7.83117037883585e-09,0.12190583348274231,0.009327796287834644,-1.0491532087542055e-09,-1.4656650892952428e-11,-5.517725367099047e-05,4.1677697822734375e-18,0.8363156914710999,4.2252636944795086e-09,-0.013882973231375217,-9.998254307808097e-11,16
0.16844668984413147,-2.1567625907437105e-08,0.009191211313009262,-1.1061348365037915e-10,0.17772646248340607,-9.233629860716519e-09,0.12697429955005646,0.009845808148384094,-2.250669206560474e-09,-1.5841701214713844e-11,-4.052622534800321e-05,-4.363264090312402e-12,0.8223875761032104,5.076137288284599e-09,-0.01396151166409254,8.391169981081248e-10,16
0.17763786017894745,-2.1622927448561313e-08,0.009191211313009262,-1.0049590500049721e-11,0.18738994002342224,-1.1436362967742753e-08,0.10896318405866623,0.009487095288932323,-2.1583552722859167e-09,-3.017828348328422e-11,-5.614900874206796e-05,0.0,0.8083919882774353,5.475226938500555e-09,-0.014021116308867931,3.797153910745088e-11,18
0.18727552890777588,-4.1700999986460374e-08,0.009191148914396763,-1.6090441479210682e-10,0.19661939144134521,-1.3536107346112658e-08,0.11255209892988205,0.009019378572702408,-2.0519614896130633e-09,-2.8664641840703275e-11,-5.335058449418284e-05,0.0,0.7943460941314697,5.8254405743696225e-09,-0.014064592309296131,1.092794299495381e-09,5
0.19659167528152466,-4.736782699410469e-08,0.009191211313009262,-6.032473826023121e-11,0.20626148581504822,-1.8288313086145536e-08,0.13225653767585754,0.00972528476268053,-5.371727507252899e-09,-4.338963563443876e-11,-4.349039591033943e-05,-1.0747153167400825e-11,0.7802626490592957,6.371156491269403e-09,-0.014097549952566624,9.734775485714664e-11,18
0.20599287748336792,-7.898060516708938e-08,0.009191323071718216,-2.111028574169893e-10,0.21575474739074707,-2.3517731762012772e-08,0.12200718373060226,0.009276563301682472,-5.104824563062493e-09,-7.131430862505894e-11,-5.4874199122423306e-05,0.0,0.7661510705947876,5.91901150315266e-09,-0.014122093096375465,-9.022192992702571e-10,0
0.21554547548294067,-1.3330995329852158e-07,0.009191211313009262,-1.1074947209310793e-10,0.22510144114494324,-3.212511145989083e-08,0.12686999142169952,0.009813455864787102,-1.6840964178754803e-08,-1.067450919323143e-10,-4.0380564314546064e-05,-3.0666632427900353e-11,0.7520185708999634,6.569058186300936e-09,-0.014140325598418713,-4.368647804620096e-11,18
0.22473664581775665,-1.333652335233637e-07,0.009191211313009262,-1.0008793273341698e-11,0.23473036289215088,-4.858970470422719e-08,0.1085849404335022,0.009451333433389664,-1.6122172041832528e-08,-2.2542104294309695e-10,-5.593462265096605e-05,4.445752016209947e-17,0.7378703951835632,5.676233705287359e-09,-0.014153649099171162,-1.5879848547228903e-09,5
0.23437431454658508,-3.5721870972338365e-07,0.009191148914396763,-1.6090659360479265e-10,0.24392534792423248,-6.427467980074653e-08,0.11254057288169861,0.008986196480691433,-1.5328858182783733e-08,-2.14134848741665e-10,-5.31543446413707e-05,4.4452801923885465e-17,0.7237104773521423,2.822690081671908e-09,-0.014164167456328869,-3.8306855465464196e-09,5
0.24369044601917267,-4.199129648441158e-07,0.009191211313009262,-6.04879271670633e-11,0.2535419464111328,-1.1154062917739793e-07,0.1320638507604599,0.009699787944555283,-5.464557872869591e-08,-4.2674200284587016e-10,-4.3547832319745794e-05,-1.0699785502055192e-10,0.7095419764518738,-1.8687154046403975e-09,-0.014171179383993149,-5.395773161609441e-09,0
0.2530916631221771,-8.500296075908409e-07,0.009191323071718216,-2.1173385267303502e-10,0.2630087435245514,-1.64711551065011e-07,0.1220557913184166,0.009250661358237267,-5.1898673802952544e-08,-7.250236522260423e-10,-5.472099292092025e-05,8.891085809902187e-17,0.6953670978546143,-8.405671714228902e-09,-0.014176789671182632,-8.613158186676628e-09,16
0.2626442611217499,-1.5900933476586943e-06,0.009191211313009262,-1.1140222078154238e-10,0.2723287343978882,-2.6610044301378366e-07,0.12403806298971176,0.009776036255061626,-2.1685580975372432e-07,-1.4198721087765875e-09,-4.1281997255282477e-05,-3.976156626173122e-10,0.6811875700950623,-2.0646194087703407e-08,-0.014181697741150856,-1.520879600036551e-08,5
0.27183544635772705,-1.5901487131486647e-06,0.009191211313009262,-1.0443958198269598e-11,0.2818859815597534,-4.772142006004287e-07,0.10556340217590332,0.009367993101477623,-2.0661592259330064e-07,-2.886564764992272e-09,-5.541784776141867e-05,0.0,0.6670044660568237,-3.948370519424316e-08,-0.014184502884745598,-2.1806712879879342e-08,6
0.2814731001853943,-4.356280442152638e-06,0.009191148914396763,-1.6069770514270942e-10,0.2910000681877136,-6.78230037465255e-07,0.1125287339091301,0.008907529525458813,-1.964601921145004e-07,-2.74443312520134e-09,-5.268907989375293e-05,7.112325488044322e-16,0.6528184413909912,-7.014894265466864e-08,-0.01418730802834034,-4.2066631067427807e-08,1
0.29078924655914307,-5.130442787049105e-06,0.009191211313009262,-6.266374918961759e-11,0.30060309171676636,-1.268865162273869e-06,0.13205985724925995,0.00970183964818716,-6.816288760091993e-07,-5.318963935962984e-09,-4.339741281000897e-05,-1.3456327163652304e-09,0.6386306285858154,-1.2704265373031376e-07,-0.014188009314239025,-6.902553195686778e-08,6
0.29999327659606934,-0.0008405244443565607,0.0082723218947649,-5.703794103695259e-10,0.3100713789463043,-1.93207210941182e-06,0.12204530835151672,0.009251780807971954,-6.473178473243024e-07,-9.043019666421515e-09,-5.4727606766391546e-05,1.4225742589799419e-15,0.6247346997261047,-2.062790827039862e-07,-0.012987501919269562,-7.741453345033733e-08,0
0.3087489604949951,-0.0022780473809689283,0.008272073231637478,-1.7824355325046781e-09,0.3192026913166046,-0.00011781760986195877,0.12513935565948486,0.00915479939430952,-0.0003812722279690206,-2.2077990706748096e-06,-3.949415258830413e-05,-5.475144462252501e-07,0.6140240430831909,-2.693803935471806e-07,-0.008500323630869389,-4.9488477316117496e-08,7
0.3170210123062134,-0.0022780473809689283,0.008271722123026848,-0.0,0.32815343141555786,-0.0004887067480012774,0.11362626403570175,0.00876444298774004,-0.00036257324973121285,-5.064660399511922e-06,-5.1839902880601585e-05,3.6413978928527546e-13,0.6075310707092285,-3.0699453645866015e-07,-0.005514481570571661,-3.192717912270382e-08,12
0.32600557804107666,-0.002242425689473748,0.009343554265797138,7.373579137492925e-05,0.33667847514152527,-0.0008413781761191785,0.11439115554094315,0.008320081979036331,-0.0003441905719228089,-4.80823109683115e-06,-4.921520667267032e-05,0.0,0.603057861328125,-3.3289180123574624e-07,-0.0036765546537935734,-2.1284568774149193e-08,6
0.3351093530654907,-0.0023161780554801226,0.010196437127888203,7.799903687555343e-05,0.3447522222995758,-0.0011753770522773266,0.11018361151218414,0.007869611494243145,-0.00032555506913922727,-4.548016022454249e-06,-4.655174780054949e-05,1.0922206064925555e-12,0.6010451912879944,-1.5655479046472465e-06,-0.0005469602765515447,-9.37167806114303e-06,5
0.34483301639556885,-0.002645098604261875,0.009821092709898949,-0.00040197843918576837,0.36362317204475403,-0.0018395991064608097,0.2083338350057602,0.0635337382555008,-0.0020346050150692463,5.535228410735726e-06,-1.0588741133688018e-05,-0.0006887117633596063,0.603325605392456,-3.64267616532743e-05,0.003419202985242009,-3.792841744143516e-05,1
0.353537380695343,-0.0030668750405311584,0.008587977848947048,-0.00035495421616360545,0.4254254102706909,-0.0036806296557188034,0.6043559312820435,0.06043224781751633,-0.0016875948058441281,5.535228410735726e-06,-1.0588741133688018e-05,-0.0006887117633596063,0.6064280867576599,-0.0011942266719415784,0.0021881991997361183,-0.0021070914808660746,0
0.36116543412208557,-0.003381283488124609,0.007112937979400158,-0.0005791133153252304,0.4842875897884369,-0.005192540120333433,0.8613083958625793,0.057616833597421646,-0.0013729090569540858,5.535228410735726e-06,-1.0588741133688018e-05,-0.0006887117633596063,0.6074256896972656,-0.0036591109819710255,0.00035580992698669434,-0.002532324753701687,1
0.36779704689979553,-0.004101837519556284,0.006097555160522461,-0.0006629091803915799,0.540470540523529,-0.006406792905181646,0.9872051477432251,0.055043067783117294,-0.0010888983961194754,5.535228410735726e-06,-1.0588741133688018e-05,-0.0006887117633596063,0.6076216101646423,-0.005675923079252243,4.5249456888996065e-05,-0.0005127002368681133,7
0.3741353750228882,-0.004766318015754223,0.006896958686411381,-0.0006568132666870952,0.594195544719696,-0.007352957967668772,0.9891927242279053,0.05267518758773804,-0.000833510363008827,5.535228410735726e-06,-1.0588741133688018e-05,-0.0006887117633596063,0.6076428890228271,-0.0062279412522912025,1.5805466318852268e-05,-0.0003384790907148272,3
0.38186463713645935,-0.005319961812347174,0.008381815627217293,-0.00043698190711438656,0.6052218675613403,-0.007531843148171902,1.1870007514953613,0.0006984347710385919,-2.406261228315998e-05,4.4749122025677934e-06,-1.0398503945907578e-05,-0.0005509505281224847,0.6076424717903137,-0.006461448036134243,-0.0,0.0,6
0.3908880650997162,-0.005536104552447796,0.009190686047077179,-6.755430513294414e-05,0.605919599533081,-0.007555762305855751,1.3626905679702759,0.0006971569964662194,-2.3836828404455446e-05,4.4749122025677934e-06,-1.0398503945907578e-05,-0.0005509505281224847,0.6076424717903137,-0.006461448036134243,-0.0,0.0,11
0.4000788927078247,-0.00558817945420742,0.009191036224365234,-3.9409649616573006e-05,0.606616199016571,-0.00757955526933074,1.4400203227996826,0.0006963423802517354,-2.3771666747052222e-05,4.4749122025677934e-06,-1.0398503945907578e-05,-0.0005509505281224847,0.6076424717903137,-0.006461448036134243,-0.0,0.0,1
0.40926995873451233,-0.005612105596810579,0.009191036224365234,-1.1257862752245273e-05,0.6073122620582581,-0.007603316102176905,1.419221043586731,0.0006958059966564178,-2.3749418687657453e-05,4.4749122025677934e-06,-1.0398503945907578e-05,-0.0005509505281224847,0.6076424717903137,-0.006461448036134243,-0.0,0.0,7
0.4184611439704895,-0.005615450907498598,0.00919138640165329,-2.02841169993917e-06,0.6080073714256287,-0.007627048064023256,1.3004361391067505,0.0006942662876099348,-2.3719354430795647e-05,4.4749122025677934e-06,-1.0398503945907578e-05,-0.0005509505281224847,0.6076424717903137,-0.006461448036134243,-0.0,0.0,8
0.4276523292064667,-0.005616859067231417,0.00919138640165329,-9.019124149745039e-07,0.6087000370025635,-0.007650777231901884,1.0840257406234741,0.0006909853545948863,-2.3753591449349187e-05,4.4749122025677934e-06,-1.0398503945907578e-05,-0.0005509505281224847,0.6084597706794739,-0.006281252484768629,-0.0011474520433694124,-0.00026847983826883137,15
0.43684348464012146,-0.005617206450551748,0.009191036224365234,-1.0338126088527133e-07,0.6093880534172058,-0.007674632593989372,0.7706292867660522,0.0006851966609247029,-2.3979557226994075e-05,4.4749122025677934e-06,-1.0398503945907578e-05,-0.0005509505281224847,0.6095617413520813,-0.006064972374588251,-0.0036981767043471336,-0.0008655348210595548,6
