lt_dp_posx,lt_dp_posy,lt_dp_velx,lt_dp_vely,ball_posx,ball_posy,ball_posz,ball_vel_x,ball_vel_y,ball_rot_x,ball_rot_y,ball_rot_z,rt_gk_posx,rt_gk_posy,rt_gk_velx,rt_gk_vely,action_left,action_top_left,action_top,action_top_right,action_right,action_bottom_right,action_bottom,action_bottom_left,action_sprint,action_dribble,sel_action
-1.0110293626785278,-0.0,0.0,-0.0,0.019999999552965164,-0.0,0.11061639338731766,0.0,-0.0,0.0,-0.0,0.0,1.0110293626785278,0.0,-0.0,0.0,5
0.0,-0.0,0.0,-0.0,0.019999999552965164,-0.0,0.11059734225273132,0.0,-0.0,0.0,-0.0,0.0,1.0085934400558472,-1.8159612702461914e-11,-0.003884820267558098,-2.5443416470927183e-11,5
0.0008584571187384427,1.0602650007962566e-10,0.0032361329067498446,2.350730443634319e-10,0.019999999552965164,-0.0,0.10930104553699493,0.0,-0.0,0.0,-0.0,0.0,1.0038305521011353,-3.946894894246711e-11,-0.0054703038185834885,-1.5790851265462535e-11,5
0.004096231423318386,-3.4797248416040816e-10,0.00493439519777894,-2.318572278614539e-10,0.019999999552965164,-0.0,0.11075475811958313,0.0,-0.0,0.0,-0.0,0.0,0.9975366592407227,1.5513340612116622e-10,-0.006950602866709232,6.574500388545346e-10,13
0.00850688572973013,-1.6575797401330306e-09,0.006507073994725943,-3.2048877440793433e-10,0.022672323510050774,-1.4639256473714113e-10,0.12228073924779892,0.008817288093268871,-4.82853368399816e-10,-2.1695017744099987e-12,-1.886427344288677e-05,-1.116133878029113e-12,0.989837646484375,7.049466010933259e-10,-0.008285746909677982,4.3142184269484574e-10,0
0.015811625868082047,-1.8209866947671571e-09,0.007932238280773163,-9.366244758945985e-13,0.031158791854977608,-6.106304906161597e-10,0.11370069533586502,0.008200198411941528,-4.482062776478557e-10,-6.279795260188958e-12,-4.86395183543209e-05,0.0,0.9809144139289856,9.50013401279648e-10,-0.009325672872364521,8.023013503555276e-11,13
0.02444927766919136,-1.973035068658646e-09,0.00918643455952406,-1.84005075065663e-10,0.039135124534368515,-1.0466013611321046e-09,0.1142716333270073,0.0077840425074100494,-4.2546080547545273e-10,-5.943556410925588e-12,-4.6044453483773395e-05,0.0,0.971478283405304,1.1426496415722909e-09,-0.00973448995500803,1.78478815060501e-10,5
0.033784978091716766,-2.3685120531524717e-09,0.009951051324605942,-2.503857954305744e-10,0.046684496104717255,-1.4592355102038823e-09,0.1103581041097641,0.007355476263910532,-4.020360988565841e-10,-5.616445676592807e-12,-4.3510342948138714e-05,-6.943487444643888e-19,0.961243748664856,1.2605951837940665e-09,-0.010619443841278553,6.26552490445853e-11,5
0.04188178479671478,-3.3123774834109554e-09,0.00968557596206665,-1.3774459350912593e-10,0.053802043199539185,-1.8482673169728514e-09,0.10942573845386505,0.006926255766302347,-3.7857589285650306e-10,-5.288664905317431e-12,-4.097104101674631e-05,-6.94296632085798e-19,0.9503563046455383,1.4070984377667628e-09,-0.010805971920490265,2.3072495303200213e-10,16
0.051588594913482666,-3.621469346626327e-09,0.010509482584893703,-7.845207816714606e-11,0.06646794825792313,2.35405532293953e-05,0.14592452347278595,0.01401703990995884,2.9261658710311167e-05,3.800524837060948e-07,-4.278358755982481e-05,-2.4532710085622966e-08,0.9392877221107483,1.5604626479870376e-09,-0.011376773938536644,9.63924287611384e-11,18
0.06226471811532974,3.1042748105392093e-06,0.01076341513544321,6.492637567134807e-06,0.08029859513044357,5.250162212178111e-05,0.11522287130355835,0.01337926834821701,2.8419548470992595e-05,3.925302110019402e-07,-6.900703738210723e-05,-4.139312004269868e-09,0.9275738596916199,4.154291133318111e-09,-0.011977027170360088,2.5701869077465744e-08,13
0.07347405701875687,1.3919923731009476e-05,0.011549495160579681,1.4640535482612904e-05,0.09333760291337967,8.024697308428586e-05,0.1089916080236435,0.012778393924236298,2.7194189897272736e-05,3.799320040798193e-07,-7.559469668194652e-05,0.0,0.9152939915657043,5.673881560142036e-07,-0.012507859617471695,1.2052162219333695e-06,18
0.08539003133773804,3.234916948713362e-05,0.012209135107696056,2.0203657186357304e-05,0.10573760420084,0.00010663590364856645,0.1138913556933403,0.012090741656720638,2.5730758352437988e-05,3.5944762544204423e-07,-7.151895988499746e-05,0.0,0.9025512933731079,2.7357157250662567e-06,-0.01291878055781126,2.949332156276796e-06,5
0.09791300445795059,5.510347546078265e-05,0.012757848016917706,2.540054265409708e-05,0.11746183782815933,0.00013158668298274279,0.11149940639734268,0.01142062060534954,2.4304659746121615e-05,3.3952346711885184e-07,-6.755463255103678e-05,-9.109470041354997e-14,0.8894527554512024,6.283127277129097e-06,-0.013232932426035404,3.854266196867684e-06,13
0.1109100952744484,8.429737499682233e-05,0.01317543163895607,3.231355003663339e-05,0.128525972366333,0.00015513267135247588,0.11083129793405533,0.010774602182209492,2.2929845727048814e-05,3.2032141916715773e-07,-6.373402720782906e-05,9.107871520776939e-14,0.8760826587677002,1.0571025086392183e-05,-0.013472052291035652,4.635578534362139e-06,18
0.12326796352863312,-7.455635932274163e-05,0.0134050864726305,2.965074236271903e-05,0.1389617621898651,0.00017734146967995912,0.11047384887933731,0.010163936764001846,2.163025965273846e-05,3.0217151447686774e-07,-6.0122780269011855e-05,9.106447150172836e-14,0.8625065684318542,1.5593503121635877e-05,-0.013653671368956566,5.290171429805923e-06,13
0.13409653306007385,-0.0007639703107997775,0.013405034318566322,1.617332236492075e-05,0.1494101732969284,0.00018567799997981638,0.11952247470617294,0.015628632158041,-0.00010573095642030239,-1.1886134387850689e-07,-4.609076859196648e-05,-5.441869532774035e-08,0.8487749099731445,2.1231888240436092e-05,-0.013789709657430649,5.921125648455927e-06,13
0.14749972522258759,-0.0007552102906629443,0.013386063277721405,2.691477675398346e-06,0.16475266218185425,8.240561874117702e-05,0.15087661147117615,0.015248211100697517,-0.00010260719136567786,-2.546819644067e-07,-5.0702357839327306e-05,-1.7568024190950382e-07,0.8349264860153198,2.7475765818962827e-05,-0.013892089948058128,6.507170837721787e-06,0
0.16094502806663513,-0.0007427516975440085,0.013568121008574963,2.9853121304768138e-05,0.17971386015415192,-1.7722502889228053e-05,0.12316930294036865,0.014485813677310944,-9.580390906194225e-05,-1.163223828370974e-06,-8.022507245186716e-05,-1.6499785715495818e-07,0.8209907412528992,2.901974403357599e-05,-0.01396852359175682,-3.4948548091051634e-06,5
0.1746366173028946,-0.0006833202787674963,0.013782872818410397,8.321835048263893e-05,0.19386546313762665,-0.00011125911260023713,0.11392627656459808,0.013826592825353146,-9.13859621505253e-05,-1.2764612620230764e-06,-8.177650306606665e-05,-1.8232483123097054e-13,0.8069894313812256,1.933047860802617e-05,-0.01402532309293747,-1.4769609151699115e-05,18
0.18851114809513092,-0.0005817314377054572,0.013942577876150608,0.00010091927106259391,0.20730096101760864,-0.00020006028353236616,0.11453936249017715,0.013102725148200989,-8.660159073770046e-05,-1.209777224175923e-06,-7.75043954490684e-05,-3.6456289918308793e-13,0.7929389476776123,7.628545972693246e-08,-0.014068800024688244,-2.0282062905607745e-05,18
0.2025219053030014,-0.0004944555112160742,0.014061085879802704,7.612871559103951e-05,0.2200072705745697,-0.0002840418310370296,0.11015147715806961,0.012381460517644882,-8.18344415165484e-05,-1.1432485962359351e-06,-7.324224861804396e-05,1.8224046674942401e-13,0.7788518071174622,-2.0036990463268012e-05,-0.014100355096161366,-1.9972943846369162e-05,16
0.21642647683620453,-0.0003559378965292126,0.014141171239316463,5.287638123263605e-05,0.23199832439422607,-0.0003632958105299622,0.10926581174135208,0.011680115014314651,-7.719895074842498e-05,-1.0784792721096892e-06,-6.909279909450561e-05,-3.644056085529146e-13,0.7647374272346497,-3.9843849663157016e-05,-0.014124898239970207,-1.9751974832615815e-05,16
0.22822023928165436,0.0005419596564024687,0.014141072519123554,3.084383570239879e-05,0.24330805242061615,-0.0004380467289593071,0.11069923639297485,0.011012773960828781,-7.278820703504607e-05,-1.0168254220843664e-06,-6.514294364023954e-05,9.108450891312861e-14,0.7506024837493896,-5.997407788527198e-05,-0.014142429456114769,-2.0438854335225187e-05,0
0.2416539490222931,0.0007155652274377644,0.013533234596252441,8.43359339341987e-06,0.25829312205314636,-0.00033221038756892085,0.15298116207122803,0.015327297151088715,0.00012460675498005003,1.129314881609389e-07,-5.39124412171077e-05,1.380189473820792e-07,0.7364526391029358,-8.078827522695065e-05,-0.014155051670968533,-2.112063521053642e-05,18
0.255072683095932,0.0007108026766218245,0.013516930863261223,-2.1707392079406418e-05,0.273441344499588,-0.00020943062554579228,0.11552121490240097,0.014715319499373436,0.0001170975374407135,1.2112703871025587e-06,-7.783572073094547e-05,2.962509313420014e-07,0.7222915887832642,-9.655725443735719e-05,-0.01416557002812624,-7.485672085749684e-06,16
0.26872050762176514,0.0006529261008836329,0.01374465599656105,-8.844534022500739e-05,0.2877890467643738,-9.55045543378219e-05,0.11043890565633774,0.01406596414744854,0.00011167521006427705,1.5602471421516384e-06,-8.321303903358057e-05,-3.6467993880760774e-13,0.7081223130226135,-9.316103387391195e-05,-0.01417258195579052,1.2302592949708924e-05,6
0.28256216645240784,0.0005335886380635202,0.013913827948272228,-0.00012935268750879914,0.3014344274997711,1.2831660569645464e-05,0.10653679072856903,0.013319575227797031,0.0001057493282132782,1.477407522543217e-06,-7.879489567130804e-05,1.8229431093981507e-13,0.6939470171928406,-7.116153574315831e-05,-0.014177490957081318,2.6134515792364255e-05,7
0.29654839634895325,0.00041946733836084604,0.01404004916548729,-0.00010077935439767316,0.31434476375579834,0.00011533188808243722,0.11323023587465286,0.012580487877130508,9.988145029637963e-05,1.3953308553027455e-06,-7.441750494763255e-05,0.0,0.6797670722007751,-4.508307756623253e-05,-0.014181697741150856,2.6032221285277046e-05,6
0.3098565340042114,0.0009835049277171493,0.013837204314768314,3.571558772819117e-05,0.3265317380428314,0.00021208911493886262,0.11170319467782974,0.011870079673826694,9.424125892110169e-05,1.3165267773729283e-06,-7.021460623946041e-05,0.0,0.6655837297439575,-1.9108032574877143e-05,-0.014184502884745598,2.5927976821549237e-05,6
0.32264989614486694,0.0020060380920767784,0.013319885358214378,0.00028766371542587876,0.338969886302948,0.0013416244182735682,0.1336292028427124,0.014310929924249649,0.0035221907310187817,1.7363339793519117e-05,-5.210414019529708e-05,2.519625468266895e-06,0.6513975858688354,1.291315220441902e-05,-0.01418730802834034,3.812521026702598e-05,12
0.33537307381629944,0.002951043425127864,0.012370768934488297,0.0017559770494699478,0.3531689941883087,0.004834770690649748,0.14247088134288788,0.014119231142103672,0.003473568009212613,1.776994758984074e-05,-5.2519229939207435e-05,2.7834719276143005e-06,0.6372096538543701,5.849959052284248e-05,-0.01418871060013771,5.16912987222895e-05,12
0.3474365174770355,0.005350773222744465,0.011743166483938694,0.0026584670413285494,0.3669070899486542,0.008193118497729301,0.12691408395767212,0.013359233736991882,0.0032473572064191103,4.5365541154751554e-05,-7.902473589638248e-05,0.0,0.6230226755142212,0.0002034589124377817,-0.014180295169353485,0.00035125366412103176,6
0.3592875003814697,0.008024691604077816,0.012069940567016602,0.0027058369014412165,0.3799527585506439,0.01136426255106926,0.11835592985153198,0.012735542841255665,0.0030957499984651804,4.3246349378023297e-05,-7.533317693741992e-05,5.832328977412038e-12,0.6088720560073853,0.0008762608049437404,-0.014118587598204613,0.0009355077054351568,12
0.3716021180152893,0.010743499733507633,0.0124997952952981,0.002722228178754449,0.3923267126083374,0.014372114092111588,0.11496094614267349,0.012066436931490898,0.0029331038240343332,4.09755484724883e-05,-7.137754437280819e-05,5.831144594958815e-12,0.594814121723175,0.002129343571141362,-0.01400498766452074,0.0014948091702535748,1
0.38428935408592224,0.013469691388309002,0.012817452661693096,0.0027467759791761637,0.40402108430862427,0.017214767634868622,0.1118813157081604,0.011389287188649178,0.0027685011737048626,3.8674170355079696e-05,-6.73686881782487e-05,-5.830010085805526e-12,0.580863893032074,0.003824805375188589,-0.013902257196605206,0.0018592263804748654,12
0.3972247838973999,0.016262449324131012,0.01302116084843874,0.0028303794097155333,0.4150565266609192,0.019897261634469032,0.11103624105453491,0.010748066939413548,0.002612633164972067,3.649795689852908e-05,-6.3577841501683e-05,0.0,0.5670291781425476,0.005883092526346445,-0.0137763861566782,0.0022206581197679043,5
0.4102184772491455,0.019266687333583832,0.013024596497416496,0.0028594383038580418,0.42546582221984863,0.022427532821893692,0.10828685760498047,0.010138248093426228,0.0024643992073833942,3.442792149144225e-05,-5.997190601192415e-05,5.828089313236751e-12,0.5533552765846252,0.008352823555469513,-0.013569172471761703,0.0027079544961452484,5
0.42224007844924927,0.022418595850467682,0.011615421622991562,0.0021895207464694977,0.4352867603302002,0.024814791977405548,0.1113055869936943,0.009566552937030792,0.002325433073565364,3.248584471293725e-05,-5.658888039761223e-05,0.0,0.5399354100227356,0.01135509554296732,-0.013290083035826683,0.0032414088491350412,7
0.4324069023132324,0.0244669821113348,0.008675982244312763,0.0013068817788735032,0.4770437777042389,0.025191066786646843,0.24199959635734558,0.06249826028943062,-0.001005256432108581,6.466619197453838e-06,-1.6819220036268234e-05,0.0013437793822959065,0.5269689559936523,0.014825616031885147,-0.01221439428627491,0.0034678494557738304,7
0.44043099880218506,0.025789078325033188,0.007356615737080574,0.0012752256589010358,0.5378433465957642,0.023963751271367073,0.3427512049674988,0.059450048953294754,-0.0014050431782379746,6.466619197453838e-06,-1.6819220036268234e-05,0.0013437793822959065,0.5168291926383972,0.01793552190065384,-0.008096414618194103,0.0027766211424022913,13
0.4475494623184204,0.02675703912973404,0.006880129221826792,0.0006606989772990346,0.595734179019928,0.022351419553160667,0.304645299911499,0.05664916709065437,-0.001777802244760096,6.466619197453838e-06,-1.6819220036268234e-05,0.0013437793822959065,0.5118379592895508,0.020294487476348877,-0.002293025841936469,0.002165701938793063,6
0.45389461517333984,0.027366366237401962,0.006115787196904421,0.0005873196641914546,0.6509420871734619,0.020381487905979156,0.1357111781835556,0.05405768007040024,-0.002123007783666253,6.466619197453838e-06,-1.6819220036268234e-05,0.0013437793822959065,0.5119810104370117,0.022992519661784172,0.0025472219567745924,0.0025572674348950386,3
0.460730642080307,0.02789691649377346,0.0075406888499855995,0.0004201984847895801,0.6982942223548889,0.01839321479201317,0.17981183528900146,0.04524702951312065,-0.0020245611667633057,3.2540428946958855e-06,-4.102653474546969e-05,0.0012130687246099114,0.5166003108024597,0.02473134547472,0.005797077436000109,0.0011089316103607416,18
0.4690552353858948,0.02806706912815571,0.008925620466470718,-8.917881496017799e-05,0.7425875663757324,0.01625301130115986,0.11638793349266052,0.04330382123589516,-0.0022191654425114393,3.0542892091034446e-06,-4.22309385612607e-05,0.0012054103426635265,0.5232884883880615,0.025387922301888466,0.007351707201451063,0.00048456579679623246,2
0.47841742634773254,0.027744505554437637,0.00941208004951477,-0.0003892796521540731,0.7814394235610962,0.014192086644470692,0.11883937567472458,0.037174444645643234,-0.00204374804161489,-2.5248432393709663e-06,-7.471610297216102e-05,0.0009883588645607233,0.5313811302185059,0.025678953155875206,0.008666515350341797,0.00011016877397196367,13
0.48846396803855896,0.027330800890922546,0.010436136275529861,-0.0004559028602670878,0.815267026424408,0.012297519482672215,0.11311706155538559,0.03154096007347107,-0.0017855433980003,-1.463121770939324e-05,-0.00013603689149022102,0.00047099776566028595,0.5405468344688416,0.025537556037306786,0.00932251662015915,-0.0003182716900482774,5
0.4994271993637085,0.02684909477829933,0.01133819855749607,-0.0005091269849799573,0.8449049592018127,0.010610401630401611,0.1093558594584465,0.02825309708714485,-0.0016104208771139383,-2.2499354599858634e-05,-0.0001671250502113253,-1.1756089157710647e-11,0.5500754714012146,0.025185776874423027,0.009905941784381866,-0.0003850060747936368,15
0.5112258195877075,0.026327870786190033,0.012074030004441738,-0.000557037943508476,0.8717693090438843,0.009079140610992908,0.10948576778173447,0.02578745409846306,-0.0014698816230520606,-2.05329943128163e-05,-0.000152532898937352,-1.1736828522956877e-11,0.5604594349861145,0.024751784279942513,0.010751626454293728,-0.00047367156366817653,14
0.5236532688140869,0.025755655020475388,0.012639305554330349,-0.000607479945756495,0.8963687419891357,0.007676980458199978,0.10961325466632843,0.023673944175243378,-0.0013494122540578246,-1.885033088910859e-05,-0.00014003290561959147,1.1721762449568018e-11,0.5713326334953308,0.02425309643149376,0.010777922347187996,-0.0005051280022598803,12
0.5365779399871826,0.025151893496513367,0.013093884103000164,-0.000625919783487916,0.9190130233764648,0.006386253982782364,0.10970596969127655,0.021839354187250137,-0.0012448405614122748,-1.7389669665135443e-05,-0.00012918216816615313,0.0,0.5825039148330688,0.023717937991023064,0.011472491547465324,-0.0005586010520346463,2
0.5498722791671753,0.024525422602891922,0.013416731730103493,-0.000652555376291275,0.9399501085281372,0.005192836746573448,0.10977423191070557,0.020229371264576912,-0.0011530716437846422,-1.6107804185594432e-05,-0.00011965963494731113,-1.1700025497052291e-11,0.5943008661270142,0.023133518174290657,0.012056968174874783,-0.0006017359555698931,1
0.5634398460388184,0.02387695387005806,0.013667545281350613,-0.0006614131270907819,0.9593812227249146,0.0040852683596313,0.10982519388198853,0.018802834674715996,-0.001071759033948183,-1.4971982636780012e-05,-0.0001112220052164048,2.923009490701789e-12,0.6066450476646423,0.022512895986437798,0.01255904883146286,-0.0006361156119965017,4
0.5772164463996887,0.023219361901283264,0.013845163397490978,-0.0006793063948862255,0.9774714112281799,0.003054125001654029,0.10986372828483582,0.017528019845485687,-0.0009990943362936378,-1.3956943803350441e-05,-0.00010368162475060672,0.0,0.6194260120391846,0.02185937389731407,0.01294683013111353,-0.0006669303402304649,8
0.5911415219306946,0.022543756291270256,0.013976219110190868,-0.000695651164278388,0.9943584203720093,0.002091564703732729,0.10989321023225784,0.0163800697773695,-0.000933661125600338,-1.3042906175542157e-05,-9.689161379355937e-05,8.759871300556554e-12,0.6325421333312988,0.021181033924221992,0.013242749497294426,-0.0006870932411402464,18
0.6051796078681946,0.02186540514230728,0.014075793325901031,-0.000695139286108315,1.0101579427719116,0.0011909973109140992,0.10991598665714264,0.01533922553062439,-0.00087433320004493,-1.221413640450919e-05,-9.073490946320817e-05,2.9187763317395365e-12,0.6459140777587891,0.02048412524163723,0.01346784457564354,-0.0007043757359497249,8
