lt_dp_posx,lt_dp_posy,lt_dp_velx,lt_dp_vely,ball_posx,ball_posy,ball_posz,ball_vel_x,ball_vel_y,ball_rot_x,ball_rot_y,ball_rot_z,rt_gk_posx,rt_gk_posy,rt_gk_velx,rt_gk_vely,action_left,action_top_left,action_top,action_top_right,action_right,action_bottom_right,action_bottom,action_bottom_left,action_sprint,action_dribble,sel_action
-1.0110293626785278,-0.0,0.0,-0.0,0.019999999552965164,-0.0,0.11061639338731766,-0.0,0.0,0.0,-0.0,0.0,1.0110293626785278,0.0,-0.0,0.0,5
0.0,-0.0,0.0,-0.0,0.019999999552965164,-0.0,0.11059734225273132,-0.0,0.0,0.0,-0.0,0.0,1.0110293626785278,0.0,-0.0,0.0,5
0.002222317736595869,1.2160712714592847e-10,0.003935635555535555,2.5671492709378185e-11,0.019999999552965164,-0.0,0.10930104553699493,-0.0,0.0,0.0,-0.0,0.0,1.0097103118896484,-9.883707047242396e-11,-0.0033988673239946365,-2.3552776395874275e-10,5
0.005271113943308592,-2.61168286996849e-09,0.00558501947671175,-3.93961613331939e-10,0.019999999552965164,-0.0,0.11075475811958313,-0.0,0.0,0.0,-0.0,0.0,1.005424976348877,-3.225345823754111e-10,-0.0050032841973006725,-1.920526515597487e-10,13
0.01062566228210926,-4.537958897543604e-09,0.007103427313268185,-2.745618732369337e-10,0.0250726118683815,-5.81975301283677e-10,0.12391304969787598,0.008242783136665821,-9.466837314064946e-10,2.8111204770225884e-12,7.463382189598633e-06,-4.163361495834739e-12,0.9995788931846619,-4.2767736574411686e-10,-0.0065179429948329926,-2.0311238801973275e-11,5
0.018499024212360382,-4.6712269607951384e-09,0.00850739050656557,-1.392561760349409e-10,0.03290679678320885,-1.4833524408786047e-09,0.11598646640777588,0.007568559609353542,-8.715123067659647e-10,1.2175115950141535e-11,4.4771135435439646e-05,-1.3887513590661702e-18,0.9922854900360107,1.7643736471839588e-10,-0.007902874611318111,5.036107642020227e-10,18
0.027628378942608833,-4.770161154965535e-09,0.009344364516437054,-1.7620779835247902e-11,0.0402446985244751,-2.328304438137252e-09,0.11162599921226501,0.007146731484681368,-8.22939549838253e-10,1.1496117426068597e-11,4.227425597491674e-05,-1.3886457901404931e-18,0.9837011694908142,4.960865052083818e-10,-0.009114601649343967,1.5614685933140748e-10,0
0.03697274252772331,-4.682784826570696e-09,0.009344386868178844,1.7328403989491648e-10,0.04715936258435249,-3.124521530395441e-09,0.11089794337749481,0.006725411396473646,-7.744250241081829e-10,1.0818529232181628e-11,3.978258610004559e-05,6.9427336763107e-19,0.9743693470954895,1.0234830760680325e-09,-0.009437869302928448,7.505141508268309e-10,18
0.046045996248722076,-5.285148763078951e-09,0.009191181510686874,-6.371098093538308e-10,0.05365625023841858,-3.872633769219647e-09,0.10917539894580841,0.0063122594729065895,-7.268508572799703e-10,1.0153959270620128e-11,3.7338784750318155e-05,0.0,0.9644050598144531,1.6279098069560405e-09,-0.010371208190917969,4.466033098893263e-10,18
0.05518052354454994,-5.679269499125894e-09,0.009191167540848255,-2.623364581122445e-10,0.06244021654129028,-4.412815002297066e-09,0.13081687688827515,0.009696736931800842,-4.575912981863439e-10,4.012174707052063e-12,1.8901651856140234e-05,-3.370842884334313e-12,0.9536177515983582,1.892480172571709e-09,-0.010990395210683346,2.7643001776489484e-10,5
0.06437169760465622,-5.867043739726796e-09,0.009191167540848255,-2.2121071641123535e-10,0.07178789377212524,-4.8572803557078714e-09,0.11981622874736786,0.009012574329972267,-4.3136666461052187e-10,6.026095854955171e-12,5.3311789088184014e-05,0.0,0.9426805973052979,2.0696373503881205e-09,-0.011172715574502945,9.713017196100182e-11,16
0.0735628679394722,-6.068952895788016e-09,0.009191123768687248,-1.2066307675251409e-10,0.08087459206581116,-5.2660040772423145e-09,0.12379510700702667,0.01004799548536539,-3.508354717851603e-10,1.9361706248693933e-12,1.5738538422738202e-05,-2.808044595459247e-12,0.9311493039131165,2.0855632776317634e-09,-0.011804524809122086,-5.367997366056976e-11,18
0.08275404572486877,-6.134310392980069e-09,0.009191123768687248,-2.0112779497427624e-11,0.09066980332136154,-5.6087441357988155e-09,0.11859916150569916,0.009602583944797516,-3.3652561293173733e-10,2.75752836363663e-12,2.7906875402550213e-05,-2.5588507007734407e-12,0.9190320372581482,2.528787179656433e-09,-0.012362704612314701,7.979497063104191e-10,0
0.09230674803256989,-6.4595182536208995e-09,0.009191114455461502,-1.709276192807252e-10,0.09987886995077133,-5.932381696993616e-09,0.1162353977560997,0.009002543985843658,-3.1652180876307057e-10,4.421956724398601e-12,5.3255120292305946e-05,0.0,0.9064158201217651,3.1495184238394813e-09,-0.012806584127247334,3.7647884809643983e-10,16
0.1016516387462616,-6.632188132016381e-09,0.009191123768687248,-7.03879246555239e-11,0.10949788987636566,-6.234522231807205e-09,0.13344986736774445,0.009796099737286568,-2.9372124177307057e-10,1.7887564259660982e-12,2.2315149180940352e-05,-2.2932545619414046e-12,0.8934142589569092,3.515343793836223e-09,-0.013147382065653801,9.185005533929314e-10,5
0.11100733280181885,-6.794417917177498e-09,0.009191173128783703,-2.2121386666906773e-10,0.11900167912244797,-6.519784268022022e-09,0.11991171538829803,0.009182199835777283,-2.759172057498205e-10,3.854496583022282e-12,5.4315121815307066e-05,6.946053255506451e-19,0.8801179528236389,4.340617643094902e-09,-0.013407538644969463,5.575618855502285e-10,16
0.12060543894767761,-7.075583230431448e-09,0.009191123768687248,-1.2066307675251409e-10,0.1282161921262741,-6.789490747394211e-09,0.12372176349163055,0.010017854161560535,-2.6533378272297625e-10,1.1392193612069779e-12,1.6184523701667786e-05,-2.022472033597067e-12,0.8665978312492371,4.518726282043417e-09,-0.013604585081338882,-1.309200525767551e-10,16
0.12979662418365479,-7.1409407276235015e-09,0.009191211313009262,-2.0112779497427624e-11,0.1379787027835846,-7.048203798376562e-09,0.11821918934583664,0.009566565975546837,-2.536231780148057e-10,1.8860937117670673e-12,2.8735334126395173e-05,-1.9034589442828986e-12,0.852908194065094,5.489147358872515e-09,-0.013753245584666729,7.772521515292397e-10,16
0.139388769865036,-7.41355332678495e-09,0.009191188961267471,-1.70930811171921e-10,0.1471577286720276,-7.291726333846782e-09,0.11640025675296783,0.008974995464086533,-2.381349284430456e-10,3.3268561516752726e-12,5.30921715835575e-05,0.0,0.839091420173645,5.877252462482829e-09,-0.01386404037475586,7.561670734013148e-11,16
0.1487504243850708,-7.5638642016429e-09,0.009191211313009262,-7.03879246555239e-11,0.15675494074821472,-7.5261326060172e-09,0.13331425189971924,0.009775110520422459,-2.308639251991096e-10,1.2982265002597915e-12,2.2366890334524214e-05,-1.8328773828540923e-12,0.8251792788505554,6.570095578695145e-09,-0.013947486877441406,1.04359354491379e-09,16
0.15810610353946686,-7.699531678895255e-09,0.009191173128783703,-2.2121604548175355e-10,0.16623564064502716,-7.750114328075597e-09,0.1199444904923439,0.009160295128822327,-2.1648413617292306e-10,3.024232557088946e-12,5.418557702796534e-05,6.946019134306184e-19,0.8111956715583801,7.216259589881702e-09,-0.014009896665811539,3.198870057730119e-10,5
0.16770422458648682,-7.914993105373469e-09,0.009191211313009262,-1.2066307675251409e-10,0.17543065547943115,-7.962279724438304e-09,0.12369006127119064,0.010004746727645397,-2.1088045198958127e-10,8.139832666405333e-13,1.6158704966073856e-05,-1.6553791757495384e-12,0.7971585988998413,7.485001063400887e-09,-0.014056879095733166,1.3379621854880952e-09,16
0.1768953949213028,-7.980350602565522e-09,0.009191211313009262,-2.0112779497427624e-11,0.18517842888832092,-8.167749143694891e-09,0.1180688664317131,0.009550116024911404,-2.013054861693675e-10,1.4431648150819987e-12,2.8863396437373012e-05,-1.5596178862264942e-12,0.7830818295478821,8.405361739960426e-09,-0.014091940596699715,5.78014636154478e-10,16
0.18648755550384521,-8.18756618059524e-09,0.009191188961267471,-1.7093196302830904e-10,0.19434227049350739,-8.36092262090915e-09,0.11646249890327454,0.008960597217082977,-1.888913470082798e-10,2.6389012502958664e-12,5.300700286170468e-05,0.0,0.7689753174781799,8.563641351599927e-09,-0.014117185026407242,-1.85584242418102e-10,5
0.19584921002388,-8.310073518202898e-09,0.009191211313009262,-7.03879246555239e-11,0.20392876863479614,-8.546906293815937e-09,0.1332515925168991,0.009765257127583027,-1.8313107974510245e-10,9.643189025076992e-13,2.2386799173546024e-05,-1.5149362883951079e-12,0.7548463940620422,9.41388389463782e-09,-0.01413752045482397,8.582200505813375e-10,18
0.20520488917827606,-8.419131170001037e-09,0.009191173128783703,-2.2121228460125764e-10,0.213398739695549,-8.724454048092412e-09,0.11995985358953476,0.009150039404630661,-1.715064062990379e-10,2.3959055225897252e-12,5.412495374912396e-05,6.946003624669698e-19,0.7407010197639465,9.83191661418914e-09,-0.014151545241475105,5.761175564389376e-11,0
0.21480301022529602,-8.568775022865793e-09,0.009191211313009262,-1.2066307675251409e-10,0.2225845903158188,-8.892286018635787e-09,0.12367513030767441,0.009998567402362823,-1.6577378358917372e-10,5.639935675601226e-13,1.6147496353369206e-05,-1.3698352348268106e-12,0.7265432476997375,1.0214225021343282e-08,-0.014162063598632812,1.1637534269581806e-09,5
0.223994180560112,-8.634132520057847e-09,0.009191211313009262,-2.0112779497427624e-11,0.232325479388237,-9.053699123739989e-09,0.11799801141023636,0.009542379528284073,-1.5806046749222702e-10,1.0847242158315562e-12,2.892401062126737e-05,-1.2866964438362771e-12,0.7123761773109436,1.0913859149752625e-08,-0.014170478098094463,3.1973743097601925e-10,5
0.23358634114265442,-8.777628401901438e-09,0.009191188961267471,-1.7093343407381667e-10,0.2414821833372116,-9.205275652846012e-09,0.1164918914437294,0.008953825570642948,-1.4820386584624146e-10,2.0704768195073386e-12,5.296692324918695e-05,-1.7364255551834998e-19,0.6982024312019348,1.0768962610541166e-08,-0.014176088385283947,-5.251556967067472e-10,5
0.2429479956626892,-8.873046297708242e-09,0.009191211313009262,-7.03879246555239e-11,0.25106361508369446,-9.349663265822983e-09,0.1332220435142517,0.009760609827935696,-1.414687811340798e-10,6.805413437643848e-13,2.2395726773538627e-05,-1.2452987859651321e-12,0.6840237379074097,1.1777831154802243e-08,-0.01418099645525217,6.045800526877088e-10,5
0.2523036599159241,-8.956560826334226e-09,0.009191173128783703,-2.2121794673868322e-10,0.26052847504615784,-9.486710084161132e-09,0.11996711790561676,0.009145166724920273,-1.322887493993008e-10,1.848042986002385e-12,5.4096104577183723e-05,-1.736498967462864e-19,0.6698413491249084,1.1888073636612262e-08,-0.014183801598846912,-2.942666943450689e-10,7
0.2619017958641052,-9.043020554599934e-09,0.009191211313009262,-1.2066307675251409e-10,0.2697100043296814,-9.61561230639063e-09,0.1236681118607521,0.009995656087994576,-1.2509250579828546e-10,3.445063245094415e-13,1.6141329979291186e-05,-1.1184434454969416e-12,0.6556558609008789,1.2380386493759943e-08,-0.014186606742441654,9.256230226739603e-10,18
0.2710929811000824,-9.108378051791988e-09,0.009191211313009262,-2.0112779497427624e-11,0.2794475853443146,-9.737311401636362e-09,0.1179647222161293,0.009538741782307625,-1.190938875295089e-10,7.632742094615397e-13,2.8951448257430457e-05,-1.0449024458181189e-12,0.6414682865142822,1.2775839941525646e-08,-0.01418871060013771,-3.836250761501958e-11,6
0.2802618443965912,-8.849852406456193e-09,0.008272189646959305,-1.5697548816362428e-10,0.288600891828537,-9.851409465966299e-09,0.1165056899189949,0.008950634859502316,-1.1154482199016158e-10,1.5583336487531851e-12,5.294806032907218e-05,-1.7364243919607634e-19,0.6273646354675293,1.2284553818631139e-08,-0.01361650601029396,-5.183630191751831e-10,0
0.28879469633102417,-8.793294981046529e-09,0.008272073231637478,-6.996635909528592e-11,0.29774677753448486,-9.896257147090637e-09,0.12928366661071777,0.009117398411035538,-1.6592944032667312e-11,2.063553863375367e-13,2.533722908992786e-05,-5.73105039987365e-13,0.6157787442207336,1.2389089754094584e-08,-0.009575311094522476,5.458328233842735e-10,7
0.2973184585571289,-8.376157545342267e-09,0.008272080682218075,-2.0182257254308666e-10,0.30654963850975037,-9.91244686332493e-09,0.12025190144777298,0.008544600568711758,-1.5810694767304234e-11,2.208755368274945e-13,5.0544469559099525e-05,-2.1703417893737156e-20,0.6086340546607971,1.307355290691703e-08,-0.005867902189493179,6.221090864677592e-10,7
0.3062130808830261,-7.229430387667435e-09,0.008272073231637478,-1.181540837391637e-10,0.31511640548706055,-9.875879669607457e-09,0.12461742013692856,0.009337885305285454,2.43429582047483e-10,-4.933550855172608e-13,1.5306524801417254e-05,2.417510365070735e-13,0.6037931442260742,1.3586757496852897e-08,-0.0036765546537935734,3.897581979384057e-10,6
0.3144851624965668,-7.301562465755751e-09,0.008272073231637478,-3.448001953398894e-11,0.3241935968399048,-9.639837372787952e-09,0.11289885640144348,0.008849111385643482,2.2961757495387758e-10,-1.640898137852953e-12,3.1004685297375545e-05,7.278254604906054e-13,0.601219654083252,1.385959080835164e-08,-0.0018379268003627658,1.9488589908522869e-10,18
0.3229811191558838,-9.815247904043645e-05,0.008944956585764885,-2.8518970518476294e-10,0.33271437883377075,-9.41918454344659e-09,0.11079328507184982,0.008333631791174412,2.1577514774939743e-10,-3.0144623776318102e-12,4.929785427520983e-05,0.0,0.6026557683944702,-2.8199101507198066e-05,0.003139411797747016,-3.888591891154647e-05,3
0.33211779594421387,-0.00036385119892656803,0.00993597786873579,-0.00024576278519816697,0.3407989740371704,-9.209857765313245e-09,0.1124362125992775,0.007883256301283836,2.0411417001042764e-10,-2.8513706153143747e-12,4.66306482849177e-05,0.0,0.6065637469291687,-6.010647121001966e-05,0.0045334589667618275,-2.2667343728244305e-05,5
0.3407171070575714,-0.0009049429791048169,0.008509439416229725,-0.0004259325796738267,0.4031650125980377,-1.3170081729185767e-05,0.292805939912796,0.06694059073925018,-5.805721229990013e-05,8.090969458862673e-06,4.0210328734247014e-05,0.00028583433595485985,0.6103178262710571,-0.00012946268543601036,0.0014539118856191635,-4.426081432029605e-06,11
0.34870728850364685,-0.0012699891813099384,0.007597137708216906,-0.0003220994840376079,0.4681696593761444,-0.00012574944412335753,0.29777318239212036,0.06346125155687332,-0.00015489279758185148,8.090969458862673e-06,4.0210328734247014e-05,0.00028583433595485985,0.6106411218643188,-0.0002474875363986939,0.00027034469530917704,-4.769583938468713e-06,5
0.35567784309387207,-0.0019747097976505756,0.006590169854462147,-0.0007754343096166849,0.5298327803611755,-0.00032669526990503073,0.11051563918590546,0.06022455543279648,-0.0002363123930990696,8.090969458862673e-06,4.0210328734247014e-05,0.00028583433595485985,0.6106915473937988,-0.00047330872621387243,2.6619389359439083e-07,-2.138922788885722e-10,8
0.3618350028991699,-0.0026950109750032425,0.0064057460986077785,-0.0007259806734509766,0.5812784433364868,-0.0006327638402581215,0.17533692717552185,0.049782026559114456,-0.0003387127653695643,7.761123924865387e-06,6.44610554445535e-05,0.000265220325672999,0.6105216145515442,-0.0010444446234032512,3.8852587636029057e-07,1.069461394442861e-10,7
