lt_dp_posx,lt_dp_posy,lt_dp_velx,lt_dp_vely,ball_posx,ball_posy,ball_posz,ball_vel_x,ball_vel_y,ball_rot_x,ball_rot_y,ball_rot_z,rt_gk_posx,rt_gk_posy,rt_gk_velx,rt_gk_vely,action_left,action_top_left,action_top,action_top_right,action_right,action_bottom_right,action_bottom,action_bottom_left,action_sprint,action_dribble,sel_action
-1.0110293626785278,-0.0,0.0,-0.0,0.019999999552965164,-0.0,0.11061639338731766,-0.0,0.0,0.0,-0.0,0.0,1.0110293626785278,0.0,-0.0,0.0,5
0.0,-0.0,0.0,-0.0,0.019999999552965164,-0.0,0.11059734225273132,-0.0,0.0,0.0,-0.0,0.0,1.0110293626785278,0.0,-0.0,0.0,5
0.0,-0.0,0.0,-0.0,0.019999999552965164,-0.0,0.10930104553699493,-0.0,0.0,0.0,-0.0,0.0,1.0109632015228271,-5.533358059944815e-12,-0.0006619621999561787,-5.533357799736294e-11,5
0.0011742409551516175,1.3643361440607293e-10,0.0034112136345356703,2.3963026007933763e-10,0.019999999552965164,-0.0,0.11075475811958313,-0.0,0.0,0.0,-0.0,0.0,1.007768154144287,-2.1731465238428171e-10,-0.004207386635243893,-2.3128930715099472e-10,5
0.004423037171363831,-4.948248477631978e-10,0.00509687140583992,-2.6709676137492977e-10,0.019999999552965164,-0.0,0.11053141206502914,-0.0,0.0,0.0,-0.0,0.0,1.0026906728744507,-3.971626638676895e-10,-0.005775339435786009,-1.1847492431549256e-10,13
0.009172579273581505,-1.6876557928924285e-09,0.006656940560787916,-3.3095143292527496e-10,0.023520536720752716,-2.0332635575215363e-10,0.12429210543632507,0.008649522438645363,-4.998005898038116e-10,6.688117941411331e-13,2.615536232042359e-06,-1.8590905724591433e-12,0.9961044192314148,-1.000881044710411e-10,-0.007231095340102911,6.306444810810774e-10,16
0.016618236899375916,-1.8831725068224614e-09,0.008066108450293541,-1.1342336098119077e-10,0.031749386340379715,-6.79450051777053e-10,0.11630966514348984,0.007851784117519855,-4.5484810362594885e-10,6.129359172990512e-12,4.470821295399219e-05,-3.447311609349607e-13,0.9881436228752136,3.976292350937882e-10,-0.008531177416443825,3.685736438274745e-10,18
0.025379417464137077,-2.0645987142131617e-09,0.009301392361521721,-1.8728241180099303e-10,0.039383139461278915,-1.121674975124165e-09,0.11498706787824631,0.00744605204090476,-4.3135151006623573e-10,6.025917612118015e-12,4.404568244353868e-05,0.0,0.9790472984313965,5.911079403730923e-10,-0.009335489943623543,2.528516562794181e-10,13
0.03412363678216934,-2.8353506209555235e-09,0.009388971142470837,-2.12893841444739e-10,0.04660032317042351,-1.5397682018303271e-09,0.10737152397632599,0.00702687818557024,-4.070686565604831e-10,5.6867379728819945e-12,4.156647628406063e-05,3.4715431310234e-19,0.9695028066635132,7.873770524469137e-10,-0.009924523532390594,1.5866775948669698e-10,18
0.042008865624666214,-3.983873675394989e-09,0.009879683144390583,-1.2068625265815314e-10,0.05416471138596535,2.9177326723583974e-06,0.11805233359336853,0.014280710369348526,2.9196276955190115e-05,3.387498566098657e-07,2.003337840505992e-06,2.867589614652388e-07,0.9590960144996643,8.82332429341659e-10,-0.010777922347187996,4.119957847104061e-11,13
0.05237536504864693,7.688269931804825e-08,0.010675586760044098,8.094976351458172e-07,0.06805659830570221,3.095665670116432e-05,0.14387618005275726,0.01379991415888071,2.7823793061543256e-05,2.8575780675055285e-07,7.840221769583877e-06,3.5737687653636385e-07,0.9481951594352722,3.121178338005848e-07,-0.01080527063459158,7.746916708128992e-07,13
0.06313706934452057,5.079635229776613e-06,0.011016691103577614,8.291486665257253e-06,0.0814104676246643,5.742551002185792e-05,0.12316343933343887,0.012638636864721775,2.4204791770898737e-05,-2.3648130564879466e-08,4.12239387515001e-05,4.4138579369246145e-07,0.9369930624961853,1.6963002735792543e-06,-0.011505099013447762,1.8732457647274714e-06,5
0.07457250356674194,1.738470200507436e-05,0.011754298582673073,1.5806916053406894e-05,0.09365619719028473,8.05978779681027e-05,0.11358217895030975,0.01188874151557684,2.226913784397766e-05,-3.127756542653515e-07,7.048865518299863e-05,-9.110760919566613e-14,0.9251608848571777,4.120729954593116e-06,-0.012094132602214813,2.6861582682613516e-06,16
0.08668146282434464,3.561761695891619e-05,0.012389264069497585,1.9671044356073253e-05,0.10521385818719864,0.00010224744619335979,0.11358413845300674,0.011278974823653698,2.1127556465216912e-05,-2.9514919219764124e-07,6.671863957308233e-05,-4.5545564661322174e-14,0.9127786755561829,7.019016265985556e-06,-0.012599019333720207,3.100149797319318e-06,13
0.09936050325632095,5.816458724439144e-05,0.012895464897155762,2.5240902687073685e-05,0.11614811420440674,0.00012272928142920136,0.11179269850254059,0.01065406110137701,1.995698403334245e-05,-2.787943458315567e-07,6.302160181803629e-05,4.553792103600615e-14,0.899957001209259,1.0374398698331788e-05,-0.012988903559744358,3.558632670319639e-06,13
0.11247087270021439,-0.00041434523882344365,0.013238980434834957,2.622903775773011e-05,0.1264699399471283,0.0001420639455318451,0.11068520694971085,0.01005322951823473,1.8831509805750102e-05,-2.630731330555136e-07,5.946783130639233e-05,0.0,0.8867981433868408,1.4139345694275107e-05,-0.013286225497722626,3.973828825110104e-06,16
0.1257098913192749,-0.0022550278808921576,0.013238980434834957,1.4307681340142153e-05,0.13684585690498352,0.00013201583351474255,0.1198345199227333,0.01587028056383133,-0.0002651129907462746,-2.4891824068618007e-07,6.191914962982992e-06,-4.6714416157556116e-07,0.8733821511268616,1.839731885411311e-05,-0.01351272314786911,4.48179480372346e-06,0
0.1389489471912384,-0.002247278578579426,0.013239067979156971,2.38311622524634e-06,0.15236306190490723,-0.00012679878273047507,0.1582464873790741,0.015420282259583473,-0.00025716962409205735,-6.146939313111943e-08,1.0350108823331539e-05,-7.976347546900797e-07,0.8597712516784668,2.026342372118961e-05,-0.013683823868632317,-5.720629360439489e-06,16
0.15232938528060913,-0.002216444816440344,0.013510970398783684,7.768388604745269e-05,0.16755136847496033,-0.00037988435360603034,0.11589517444372177,0.014445047825574875,-0.0002394281909801066,1.0324060895072762e-06,3.449143696343526e-05,-1.885315214167349e-06,0.8460135459899902,6.316506073744677e-08,-0.01381285022944212,-3.163473593303934e-05,16
0.1659706085920334,-0.0020569039043039083,0.01373694185167551,0.00022587379498872906,0.18146999180316925,-0.0006099758320488036,0.11778106540441513,0.013579334132373333,-0.0002241299080196768,1.8982068468176294e-06,5.3479081543628126e-05,-1.7049742382369004e-06,0.8321456909179688,-4.4879954657517374e-05,-0.01390891894698143,-5.3882387874182314e-05,5
0.17980355024337769,-0.0017791722202673554,0.013905588537454605,0.0002775091852527112,0.19453935325145721,-0.0008253310224972665,0.11214391142129898,0.012757563032209873,-0.00021016578830312937,2.9361640372371767e-06,7.54694701754488e-05,3.6452316317346634e-13,0.8181952834129333,-9.902465535560623e-05,-0.01398184709250927,-5.434735066955909e-05,16
0.1937834471464157,-0.001537169562652707,0.014034789986908436,0.00021277468476910144,0.20690573751926422,-0.001029052073135972,0.11327104270458221,0.012051389552652836,-0.00019853243429679424,2.7734220111597097e-06,7.128642755560577e-05,1.0933346242247843e-12,0.8041831254959106,-0.00015359446115326136,-0.014035141095519066,-5.474282806972042e-05,16
0.20786821842193604,-0.0013586104614660144,0.014121705666184425,0.00015105921193026006,0.21858693659305573,-0.0012214856687933207,0.11138109117746353,0.01137973740696907,-0.00018746769637800753,2.618829512357479e-06,6.731288885930553e-05,0.0,0.7901248931884766,-0.0002082594728562981,-0.014075110666453838,-5.441107350634411e-05,13
0.22194457054138184,-0.0012456096010282636,0.014121751300990582,8.811261795926839e-05,0.22961072623729706,-0.0014030899619683623,0.11085901409387589,0.010735280811786652,-0.00017685111379250884,2.4705423129489645e-06,6.350137846311554e-05,3.643111474386368e-13,0.7760322093963623,-0.0002623098553158343,-0.014105264097452164,-5.3749565267935395e-05,16
0.23579278588294983,-0.0011934851063415408,0.013533059507608414,2.4125265554175712e-05,0.2449992597103119,-0.0014012655010446906,0.161333829164505,0.015794480219483376,2.1280480723362416e-05,8.988188255898422e-07,1.2283054275030736e-05,-9.630628028389765e-07,0.7619137763977051,-0.00031574052991345525,-0.014127703383564949,-5.335787500371225e-05,16
0.24912723898887634,-1.075887030310696e-05,0.013312531635165215,4.269574674253818e-06,0.26067569851875305,-0.0013801322784274817,0.12239401042461395,0.015528500080108643,2.0805497115361504e-05,8.826118005345052e-07,1.3367784958973061e-05,-9.209607014781795e-07,0.7477760314941406,-0.0003692627069540322,-0.014145233668386936,-5.3653759096050635e-05,16
0.26243966817855835,0.001015616930089891,0.013312522321939468,1.8982938172484864e-06,0.2760188579559326,-0.001238650525920093,0.16264553368091583,0.01583399437367916,0.0002647642104420811,4.0488470176569535e-07,-7.756288482596574e-07,1.802521580884786e-07,0.7336241602897644,-0.00042307176045142114,-0.014157154597342014,-5.3933825256535783e-05,13
0.275770902633667,0.0010143669787794352,0.01340525969862938,-1.1444127267168369e-05,0.29174110293388367,-0.0009757623192854226,0.16223996877670288,0.01563159003853798,0.00026137568056583405,4.0488470176569535e-07,-7.756288482596574e-07,1.802521580884786e-07,0.7194618582725525,-0.0004577905056066811,-0.014166271314024925,-1.5471094229724258e-05,0
0.28932297229766846,0.0009451803052797914,0.013660508207976818,-0.00012819989933632314,0.3068857192993164,-0.0007230129558593035,0.12772521376609802,0.014215427450835705,0.00023610646894667298,-8.709562280273531e-07,2.8506714443210512e-05,1.857621668932552e-06,0.7052915096282959,-0.00044971820898354053,-0.014173283241689205,2.7341224267729558e-05,16
0.3030911684036255,0.0007425468065775931,0.013847561553120613,-0.000261670007603243,0.3208716809749603,-0.0004908863920718431,0.12039803713560104,0.013780022040009499,0.00022855729912407696,-1.1529965604495374e-06,3.49589427059982e-05,1.9427086499490542e-06,0.6911153197288513,-0.0004049114650115371,-0.014178192242980003,4.986140629625879e-05,7
0.3170202970504761,0.0004867857787758112,0.01399061270058155,-0.0002299827610841021,0.33399468660354614,-0.00027379347011446953,0.11646069586277008,0.01277538575232029,0.00021118175936862826,-2.9504783469747053e-06,7.557753997389227e-05,-3.6452525026264837e-13,0.6769346594810486,-0.0003538408491294831,-0.014182399027049541,5.2059596782783046e-05,7
0.3303297162055969,0.001149247749708593,0.013769361190497875,-2.5326269224024145e-06,0.3463899493217468,-6.88952422933653e-05,0.11196405440568924,0.012087319977581501,0.00019980779325123876,-2.7911833058169577e-06,7.149755401769653e-05,3.644487055892709e-13,0.662750780582428,-0.00030053043155930936,-0.014185204170644283,5.468467861646786e-05,12
0.3433166444301605,0.002051223535090685,0.013251865282654762,0.00016776283155195415,0.3592568635940552,0.0014105408918112516,0.14147073030471802,0.014295553788542747,0.003377904649823904,3.620145662353025e-06,1.611021980352234e-05,1.7479858797742054e-05,0.6485641598701477,-0.00024227732501458377,-0.014188009314239025,6.117274460848421e-05,6
0.3559711277484894,0.003010573098435998,0.012411089614033699,0.0017083806451410055,0.37345609068870544,0.00476528936997056,0.14572736620903015,0.014120429754257202,0.0033360417000949383,3.620145662353025e-06,1.611021980352234e-05,1.7479858797742054e-05,0.634376049041748,-0.00017753642168827355,-0.01418871060013771,6.766025035176426e-05,17
0.3680143654346466,0.005369642749428749,0.011754386126995087,0.002543920651078224,0.38703668117523193,0.00795010570436716,0.12847751379013062,0.012907409109175205,0.002994309877976775,-1.9653696654131636e-05,4.709644053946249e-05,2.5936044039553963e-05,0.6201919913291931,5.117910404806025e-05,-0.01417258195579052,0.0004677994002122432,6
0.37996354699134827,0.00794139876961708,0.012175826355814934,0.0025966805405914783,0.3996424674987793,0.010866357013583183,0.11383721232414246,0.012260674498975277,0.0028264787979424,-3.967566954088397e-05,7.27659571566619e-05,-1.1663105377313077e-11,0.6060540080070496,0.000831172859761864,-0.014101757667958736,0.0010350046213716269,18
0.3923821747303009,0.010539175011217594,0.012602174654603004,0.0025922530330717564,0.41156110167503357,0.013614020310342312,0.1145234927535057,0.011627144180238247,0.0026804665103554726,-3.7444791814778e-05,6.877638224978e-05,-5.83040083226849e-12,0.5920135974884033,0.0021666735410690308,-0.01399026159197092,0.0015496619744226336,7
0.4051673114299774,0.013131625019013882,0.01291036605834961,0.002614077180624008,0.4228416383266449,0.016214581206440926,0.11012725532054901,0.010995810851454735,0.002534920582547784,-3.541341357049532e-05,6.504531484097242e-05,0.0,0.5780853629112244,0.003935119137167931,-0.013873156160116196,0.0019469507969915867,5
0.4181945323944092,0.015787381678819656,0.013112671673297882,0.002689053537324071,0.43349429965019226,0.01867039129137993,0.1092800721526146,0.010379002429544926,0.002392724622040987,-3.3426593290641904e-05,6.139602919574827e-05,5.828441895783243e-12,0.5642891526222229,0.006098862737417221,-0.013729053549468517,0.0023405018728226423,3
0.4306572377681732,0.018854152411222458,0.012128779664635658,0.002367674605920911,0.44354724884033203,0.020987944677472115,0.1111873909831047,0.009792422875761986,0.002257497515529394,-3.1536779715679586e-05,5.792494266643189e-05,-5.827597519131311e-12,0.5507031083106995,0.008763168007135391,-0.013450314290821552,0.002947349799796939,0
0.44165271520614624,0.02115136757493019,0.009950820356607437,0.001550733228214085,0.4671444296836853,0.022397438064217567,0.182383194565773,0.05608121678233147,-0.0005236560245975852,1.5306175555451773e-05,3.8920723454793915e-05,0.0023155678063631058,0.537443220615387,0.01205094438046217,-0.01309373788535595,0.0035638229455798864,5
0.45024895668029785,0.02241780236363411,0.008052587509155273,0.0012385930167511106,0.5218794941902161,0.021481258794665337,0.2948203682899475,0.053648728877305984,-0.0012252243468537927,1.5306175555451773e-05,3.8920723454793915e-05,0.0023155678063631058,0.5249127149581909,0.01572674885392189,-0.011507904157042503,0.0034178700298070908,11
0.45757734775543213,0.02347787469625473,0.006899062544107437,0.000570550502743572,0.5742342472076416,0.01990712434053421,0.22416940331459045,0.05130871385335922,-0.001848143758252263,1.5306175555451773e-05,3.8920723454793915e-05,0.0023155678063631058,0.5155588388442993,0.018449915573000908,-0.007293504662811756,0.0020576436072587967,0
0.46417000889778137,0.02402307651937008,0.00613261666148901,0.0005071528139524162,0.6220802664756775,0.017827007919549942,0.15583190321922302,0.043651312589645386,-0.0021930693183094263,1.6993380995700136e-05,6.171510176500306e-05,0.0020959903486073017,0.5112699866294861,0.01962120085954666,-0.0017173150554299355,0.0004390923131722957,16
0.4706411361694336,0.024507414549589157,0.007093303371220827,0.00042091147042810917,0.6648653149604797,0.015418956987559795,0.131575345993042,0.042068950831890106,-0.0025754987727850676,1.6993380995700136e-05,6.171510176500306e-05,0.0020959903486073017,0.5127280354499817,0.019676366820931435,0.0031888484954833984,9.887526539387181e-05,9
0.47855114936828613,0.024706436321139336,0.008540644310414791,-2.6836349206860177e-05,0.7030612826347351,0.012857578694820404,0.11549999564886093,0.036066051572561264,-0.0025686004664748907,2.1299587388057262e-05,9.694406617200002e-05,0.001650857157073915,0.5167741179466248,0.019833190366625786,0.004749788902699947,0.0001038375630741939,18
0.48765525221824646,0.02433631382882595,0.009296922013163567,-0.0005484768189489841,0.7361372709274292,0.01039033755660057,0.11056913435459137,0.031144658103585243,-0.0023807226680219173,2.995772047142964e-05,0.00015991194231901318,0.0005551271024160087,0.5223596096038818,0.019741641357541084,0.00626514945179224,-0.00013354007387533784,18
0.49721789360046387,0.023761315271258354,0.01000886969268322,-0.0006131333066150546,0.7655412554740906,0.008128651417791843,0.10932168364524841,0.028126312419772148,-0.0021650358103215694,3.024326179001946e-05,0.0001663649018155411,1.1755041384731157e-11,0.5295788049697876,0.019529053941369057,0.0078019797801971436,-0.0002546158793848008,0
0.5077131390571594,0.023103736340999603,0.0109122134745121,-0.00070079235592857,0.7922862768173218,0.006069934461265802,0.1094876378774643,0.025674087926745415,-0.001976274885237217,2.760686220426578e-05,0.00015186228847596794,0.0,0.53822922706604,0.01917901448905468,0.009170208126306534,-0.0004036083701066673,7
0.5190185308456421,0.022376224398612976,0.01168421283364296,-0.0007580086821690202,0.8167784810066223,0.004184633959084749,0.10961481928825378,0.023571673780679703,-0.0018144409405067563,2.534643681428861e-05,0.00013942788064014167,5.860533412727076e-12,0.5479768514633179,0.018718484789133072,0.01002539973706007,-0.0004698201664723456,4
0.5310426354408264,0.021592192351818085,0.012329152785241604,-0.0008138275588862598,0.8393259048461914,0.002449039136990905,0.10970711708068848,0.02174641564488411,-0.001673941034823656,2.338392187084537e-05,0.00012863230949733406,0.0,0.5585960745811462,0.018185526132583618,0.010863864794373512,-0.0005446401773951948,17
0.5435970425605774,0.020674530416727066,0.01256640162318945,-0.0013139515649527311,0.8601745963096619,0.0008441982790827751,0.10977508127689362,0.020144367590546608,-0.0015506226336583495,2.1661366190528497e-05,0.00011915674258489162,1.1699532835585114e-11,0.570043683052063,0.01755906268954277,0.011694728396832943,-0.0006430573994293809,11
0.5549439191818237,0.018232198432087898,0.01027726847678423,-0.0035922215320169926,0.8795245885848999,-0.0006452709203585982,0.10982583463191986,0.018724685534834862,-0.0014413415919989347,2.013485755014699e-05,0.00011075961811002344,0.0,0.5818909406661987,0.016634264960885048,0.012074179947376251,-0.0008688708185218275,1
0.5643419027328491,0.013521013781428337,0.00891195423901081,-0.005365805700421333,0.8975401520729065,-0.002032021526247263,0.10986422002315521,0.01745584048330784,-0.001343672163784504,1.877053546195384e-05,0.00010325457697035745,0.0,0.5938494801521301,0.01527447160333395,0.012206555344164371,-0.0013031794223934412,15
0.5721033811569214,0.00902388896793127,0.006193167995661497,-0.0036625422071665525,0.9143580198287964,-0.003326582256704569,0.10989358276128769,0.016313154250383377,-0.001255713403224945,1.7541833585710265e-05,9.649563435232267e-05,-8.75963624552556e-12,0.6060344576835632,0.01391592901200056,0.012604557909071445,-0.0010401438921689987,13
0.5758849382400513,0.0067470259964466095,0.0017351964488625526,-0.0010447425302118063,0.9300931692123413,-0.004537805914878845,0.10991627722978592,0.015276986174285412,-0.0011759536573663354,1.642764800635632e-05,9.036662959260866e-05,-2.91870802700267e-12,0.6190885305404663,0.013062776066362858,0.013194364495575428,-0.0008010122692212462,18
0.5774670243263245,0.006608028430491686,0.003449355950579047,1.24770485854242e-05,0.9448433518409729,-0.005673199892044067,0.10993397980928421,0.014331534504890442,-0.0011031770845875144,1.5411016647703946e-05,8.47742849146016e-05,2.917707308397466e-12,0.6324198246002197,0.012272459454834461,0.013432081788778305,-0.0007890485576353967,18
0.5818800926208496,0.006571501959115267,0.005197723861783743,-9.406549361301586e-05,0.9586917757987976,-0.006739187985658646,0.10994791239500046,0.013463946059346199,-0.0010363938054069877,1.447810518584447e-05,7.964244286995381e-05,-5.833692036383287e-12,0.6459542512893677,0.01148732379078865,0.013610895723104477,-0.0007817619480192661,3
0.5879963636398315,0.006364460103213787,0.006704408209770918,-0.00026979934773407876,0.9717103242874146,-0.007741301320493221,0.1099589392542839,0.012663654051721096,-0.000974790717009455,1.361755403195275e-05,7.490866119042039e-05,7.290248266178523e-12,0.6596421003341675,0.010706594213843346,0.013744129799306393,-0.0007857689051888883,18
0.595731794834137,0.005866993218660355,0.008302048780024052,-0.00046956472215242684,0.9839615821838379,-0.008684340864419937,0.10996773838996887,0.011921878904104233,-0.0009176920866593719,1.2819913536077365e-05,7.052092405501753e-05,0.0,0.6734427809715271,0.009911593981087208,0.01384230237454176,-0.0008021459216251969,9
0.6048005223274231,0.00528596481308341,0.009387875907123089,-0.00047230286872945726,0.9954996705055237,-0.009572490118443966,0.10997479408979416,0.011231265030801296,-0.0008645318448543549,1.207729110319633e-05,6.643583765253425e-05,-2.914877757567713e-12,0.6873276233673096,0.009101232513785362,0.013915931805968285,-0.000816911575384438,18
0.6145909428596497,0.004560666624456644,0.009741796180605888,-0.000590397568885237,1.0063724517822266,-0.010409420356154442,0.10998047888278961,0.010585620999336243,-0.0008148333872668445,1.1383022865629755e-05,6.261673115659505e-05,-2.9143753382809834e-12,0.7012749314308167,0.008276650682091713,0.013970627449452877,-0.0008307290263473988,18
