lt_dp_posx,lt_dp_posy,lt_dp_velx,lt_dp_vely,ball_posx,ball_posy,ball_posz,ball_vel_x,ball_vel_y,ball_rot_x,ball_rot_y,ball_rot_z,rt_gk_posx,rt_gk_posy,rt_gk_velx,rt_gk_vely,action_left,action_top_left,action_top,action_top_right,action_right,action_bottom_right,action_bottom,action_bottom_left,action_sprint,action_dribble,sel_action
-1.0110293626785278,-0.0,0.0,-0.0,0.019999999552965164,-0.0,0.11061639338731766,0.0,-0.0,0.0,-0.0,0.0,1.0110293626785278,0.0,-0.0,0.0,0,0,0,0,0,0,0,0,0,0,5
0.0,-0.0,0.0,-0.0,0.019999999552965164,-0.0,0.11059734225273132,0.0,-0.0,0.0,-0.0,0.0,1.0110293626785278,0.0,-0.0,0.0,0,0,0,0,1,0,0,0,0,0,5
0.0,-0.0,0.0,-0.0,0.019999999552965164,-0.0,0.10930104553699493,0.0,-0.0,0.0,-0.0,0.0,1.0110293626785278,0.0,-0.0,0.0,0,0,0,0,1,0,0,0,0,0,5
0.0018563538324087858,1.9832351039195117e-10,0.003761105705052614,2.4271329390757046e-10,0.019999999552965164,-0.0,0.11075475811958313,0.0,-0.0,0.0,-0.0,0.0,1.0081888437271118,-2.067098402169787e-11,-0.004046103451400995,-2.511372360070041e-11,0,0,0,0,1,0,0,0,0,0,5
0.004951547831296921,-1.592693643637233e-09,0.005425769370049238,-3.1508740061525486e-10,0.019999999552965164,-0.0,0.11053141206502914,0.0,-0.0,0.0,-0.0,0.0,1.0032682418823242,-4.086615421061701e-11,-0.005623172502964735,-1.397205094677556e-11,0,0,0,0,1,0,0,0,0,0,13
0.009915318340063095,-3.5033509426796172e-09,0.006958360318094492,-3.168306728085213e-10,0.024499818682670593,-3.9681125052482e-10,0.12591271102428436,0.008855904452502728,-7.803712120946216e-10,-4.289838883425601e-12,-2.3264772607944906e-05,-2.259384302913392e-12,0.9968275427818298,2.1834105357054767e-10,-0.0070915501564741135,6.39958419590414e-10,0,0,0,0,1,0,0,0,1,0,18
0.017643572762608528,-3.680928672977757e-09,0.008333014324307442,-1.409186378698024e-10,0.033040255308151245,-1.1484023731966886e-09,0.11791437864303589,0.008279711939394474,-7.280739344750486e-10,-1.017107578715759e-11,-4.8976966354530305e-05,2.0834144321633292e-18,0.9889967441558838,7.290232306722544e-10,-0.008409163914620876,3.7828495891290004e-10,0,0,0,0,1,0,0,0,1,0,16
0.026650449261069298,-3.8445202577008786e-09,0.009529577568173409,-1.4094583833390573e-10,0.04109235852956772,-1.8564613180060974e-09,0.11473459750413895,0.00785613153129816,-6.908269511995968e-10,-9.650846094499954e-12,-4.647185414796695e-05,-1.3888268392970657e-18,0.9799808859825134,9.016113966531236e-10,-0.009335489943623543,-5.4038644219100984e-12,0,0,0,0,1,0,0,0,1,0,5
0.03619828075170517,-4.753210713914768e-09,0.010254035703837872,-2.580081981395921e-10,0.04870685189962387,-2.5260400438043007e-09,0.11181167513132095,0.0074143968522548676,-6.519832451701291e-10,-9.107918412520899e-12,-4.3857489799847826e-05,-1.3887121713846505e-18,0.9704952239990234,1.6897026000606274e-09,-0.00983055867254734,6.690150655686011e-10,0,0,0,0,1,0,0,0,1,0,13
0.04407192021608353,-7.850060157466032e-09,0.009685573168098927,-1.377438441085843e-10,0.05588461831212044,-3.157214267801578e-09,0.11103849112987518,0.0069837118498981,-6.141107622426034e-10,-8.578982142737335e-12,-4.1310519009130076e-05,6.943034046270633e-19,0.9601738452911377,2.1499320101980857e-09,-0.010699383914470673,2.774907248426217e-10,0,0,0,0,1,0,0,0,1,0,5
0.053673580288887024,-8.733705314512008e-09,0.010509482584893703,-7.845207816714606e-11,0.06854873150587082,2.3527714802185073e-05,0.1448799967765808,0.013996045105159283,2.9241829906823114e-05,3.805176618243422e-07,-4.348840957391076e-05,-2.4701872547439052e-08,0.9492757320404053,1.3623434824694414e-07,-0.010805971920490265,3.806007669027167e-07,0,0,0,0,1,0,0,0,1,0,16
