lt_dp_posx,lt_dp_posy,lt_dp_velx,lt_dp_vely,ball_posx,ball_posy,ball_posz,ball_vel_x,ball_vel_y,ball_rot_x,ball_rot_y,ball_rot_z,rt_gk_posx,rt_gk_posy,rt_gk_velx,rt_gk_vely,action_left,action_top_left,action_top,action_top_right,action_right,action_bottom_right,action_bottom,action_bottom_left,action_sprint,action_dribble,sel_action
-1.0110293626785278,-0.0,0.0,-0.0,0.019999999552965164,-0.0,0.11061639338731766,0.0,-0.0,0.0,-0.0,0.0,1.0110293626785278,0.0,-0.0,0.0,5
0.0,-0.0,0.0,-0.0,0.019999999552965164,-0.0,0.11059734225273132,0.0,-0.0,0.0,-0.0,0.0,1.0110293626785278,0.0,-0.0,0.0,5
0.0,-0.0,0.0,-0.0,0.019999999552965164,-0.0,0.10930104553699493,0.0,-0.0,0.0,-0.0,0.0,1.0093543529510498,-1.3062736656244134e-11,-0.0035601502750068903,-2.532124683540804e-11,5
0.002605511574074626,2.600850090850315e-10,0.004109719302505255,2.364695939061079e-10,0.019999999552965164,-0.0,0.11075475811958313,0.0,-0.0,0.0,-0.0,0.0,1.0049090385437012,-3.6163953776036095e-11,-0.005159658379852772,-1.8880749394489804e-11,5
0.0056115807965397835,-2.2176995795319954e-09,0.005743090528994799,-3.6283451243512843e-10,0.019999999552965164,-0.0,0.11053141206502914,0.0,-0.0,0.0,-0.0,0.0,0.998912513256073,2.261471218623079e-11,-0.006663799285888672,6.779011796353984e-10,13
0.011350344866514206,-3.5563638700608635e-09,0.007246829103678465,-2.685681677050411e-10,0.026164140552282333,-5.520513490786527e-10,0.12431752681732178,0.008619163185358047,-7.711959959522119e-10,-5.274416320366626e-12,-2.717408278840594e-05,-2.441331425212523e-12,0.9914822578430176,6.137543251405475e-10,-0.0080326022580266,4.874382564246105e-10,13
0.01936383545398712,-3.7108467410007506e-09,0.008648107759654522,-1.7264488449963977e-10,0.03446371108293533,-1.2938071725088207e-09,0.11842720210552216,0.008077450096607208,-7.216097164253199e-10,-1.0080992464411853e-11,-4.7781566536286846e-05,-1.3888867064938992e-18,0.9827787280082703,9.206534423711332e-10,-0.009224695153534412,1.4796203151590248e-10,5
0.028562815859913826,-3.8295069337834775e-09,0.009344364516437054,-5.128146865485128e-11,0.04230928793549538,-1.994701959162626e-09,0.11097025871276855,0.007652565836906433,-6.836520238806543e-10,-9.550692701976171e-12,-4.526809061644599e-05,-2.083159660534663e-18,0.9734154939651489,1.0902074798480044e-09,-0.009538145735859871,1.8173235138974064e-10,16
0.037907179445028305,-3.7965182109189755e-09,0.009344343096017838,1.0193738214647752e-10,0.049719370901584625,-2.656691533431399e-09,0.11242659389972687,0.007215386722236872,-6.445960987200294e-10,-9.004919206134776e-12,-4.268123666406609e-05,-6.943313736715252e-19,0.963359534740448,1.2158801743211711e-09,-0.010455355979502201,6.92728166495904e-11,16
0.047544851899147034,-7.544271873882735e-09,0.009191191755235195,-5.996363405813554e-10,0.05669998750090599,-3.280314020415176e-09,0.10810631513595581,0.0067888409830629826,-6.064899138458202e-10,-8.47258634778525e-12,-4.015812373836525e-05,-6.942806571602181e-19,0.9525248408317566,1.5433158084832144e-09,-0.010928686708211899,1.0038336828444017e-09,0
0.05686097592115402,-8.771599446788514e-09,0.009191167540848255,-2.2486468242988167e-10,0.06588125228881836,-4.237202144707908e-09,0.12945707142353058,0.009658139199018478,-1.0301327568740248e-09,-9.720079775787926e-12,-4.222093048156239e-05,-2.1063385410857727e-12,0.9415563941001892,2.2698327661885287e-09,-0.011242137290537357,5.159985216884877e-10,13
0.06626217812299728,-1.0698395058739152e-08,0.009191191755235195,-2.111616159705676e-10,0.07528240978717804,-5.238770306448259e-09,0.1192205399274826,0.009184366092085838,-9.780820597882212e-10,-1.3663961455356866e-11,-5.432951729744673e-05,2.7784229565638057e-18,0.9299631714820862,2.5553599236616265e-09,-0.011861324310302734,9.813479195930341e-11,16
0.07581477612257004,-1.3874110749156898e-08,0.009191211313009262,-1.105998834183275e-10,0.08457568287849426,-6.352097514650268e-09,0.12902900576591492,0.00991570483893156,-1.4643697365812613e-09,-1.1010858891324915e-11,-3.9475671655964106e-05,-3.049179398556534e-12,0.9177908301353455,2.712877922306234e-09,-0.012411790899932384,1.6982820705280233e-10,16
0.08500595390796661,-1.3929414954816366e-08,0.009191211313009262,-1.0063188997377903e-11,0.09434466809034348,-7.792580802856719e-09,0.1115744337439537,0.00960505846887827,-1.4140439930088178e-09,-1.703895878557571e-11,-5.1493676437530667e-05,-1.7759469025588337e-12,0.9051313996315002,2.756457506691845e-09,-0.012844450771808624,-7.655333311706869e-11,2
0.09464362263679504,-2.23565486123789e-08,0.009191148914396763,-1.6088755327992033e-10,0.10368011146783829,-9.166003955840551e-09,0.11403248459100723,0.009151153266429901,-1.3462716497159022e-09,-1.8808121726721083e-11,-5.413445978774689e-05,1.3892012419218225e-18,0.8920965194702148,3.000353299142944e-09,-0.01317683421075344,9.119187072137436e-10,16
0.10395975410938263,-2.4762812245171517e-08,0.009191211313009262,-6.035193872433453e-11,0.11335623264312744,-1.1510922881541319e-08,0.1306500881910324,0.009714079089462757,-2.5630275679588976e-09,-2.4436359186141843e-11,-4.6160083002178e-05,-5.0327242373526815e-12,0.8787750601768494,3.687314231726191e-09,-0.013429276645183563,3.5570993373035265e-10,16
0.11336096376180649,-3.40776473706228e-08,0.009191148914396763,-2.111550656547223e-10,0.1228385791182518,-1.4008674220633566e-08,0.11933772265911102,0.009273816831409931,-2.4417947663835093e-09,-3.411226509597576e-11,-5.4858664952917024e-05,8.335437821331531e-18,0.8652356863021851,3.706507101242096e-09,-0.013621414080262184,5.337263964122485e-10,16
0.12291356176137924,-5.0037275656222846e-08,0.009191211313009262,-1.1053188919696311e-10,0.1321769803762436,-1.7377999483869644e-08,0.12883539497852325,0.009860135614871979,-5.605285124943293e-09,-3.662012706961981e-11,-3.963245399063453e-05,-1.0642152090123425e-11,0.8515316843986511,4.537448194952276e-09,-0.013765166513621807,4.563350253228293e-10,13
0.13210473954677582,-5.009258430277441e-08,0.009191211313009262,-1.0117584721414108e-11,0.14188507199287415,-2.288281031326278e-08,0.11087760329246521,0.009541540406644344,-5.396911806343496e-09,-6.593867812876297e-11,-5.242404586169869e-05,-5.6551777150026794e-12,0.8377040028572083,4.481008009094012e-09,-0.013873857446014881,-4.725517199766216e-10,18
0.14174240827560425,-1.099630253520445e-07,0.009191148914396763,-1.609283400982875e-10,0.15116511285305023,-2.812901733761919e-08,0.11433518677949905,0.009098567068576813,-5.143630410486821e-09,-7.18592615966962e-11,-5.382341623771936e-05,-2.7783696447733266e-17,0.8237837553024292,4.95271512690465e-09,-0.013955200091004372,5.715483641921537e-10,16
0.15105853974819183,-1.2676591154558992e-07,0.009191211313009262,-6.027034427091849e-11,0.16079632937908173,-4.14786605063e-08,0.13033035397529602,0.009668953716754913,-1.519463488364181e-08,-1.384390796443924e-10,-4.6186843974282965e-05,-2.9001578916165727e-11,0.8097941279411316,4.810121190246264e-09,-0.014015506021678448,-7.285714809235344e-10,16
0.1604597568511963,-2.138744292778938e-07,0.009191323071718216,-2.1121165927340257e-10,0.17023256421089172,-5.627610377700876e-08,0.11945192515850067,0.009228674694895744,-1.4464537123615173e-08,-2.0207191475662967e-10,-5.459163003251888e-05,-2.222760533691461e-17,0.7957525849342346,4.232621364508304e-09,-0.014060385525226593,7.480043251462121e-10,16
0.17001233994960785,-3.6369931422086665e-07,0.009191211313009262,-1.1074947209310793e-10,0.17953141033649445,-8.036776932840439e-08,0.12871046364307404,0.009829954244196415,-4.686304677647968e-08,-2.8200447532711337e-10,-3.951658072764985e-05,-8.328250589162423e-11,0.7816724181175232,3.617773192132745e-09,-0.014094044454395771,-1.7316470479755708e-09,16
0.17920352518558502,-3.637545944457088e-07,0.009191211313009262,-1.0008793273341698e-11,0.18920588493347168,-1.2634787083243282e-07,0.11049725115299225,0.009506034664809704,-4.504767758817252e-08,-5.550964687905946e-10,-5.274689101497643e-05,-4.259158997710344e-11,0.7675632834434509,5.177772655073909e-10,-0.014119990170001984,-4.220654492570475e-09,5
0.18884119391441345,-1.0734398756540031e-06,0.009191148914396763,-1.615332173576789e-10,0.19845201075077057,-1.7014005493365403e-07,0.11448676139116287,0.009065951220691204,-4.2938896882560584e-08,-5.998792573791434e-10,-5.363046147977002e-05,-8.890718541710213e-17,0.75343257188797,-4.516393481424075e-09,-0.014138221740722656,-6.8677357134561134e-09,18
0.19815732538700104,-1.2720961422019172e-06,0.009191211313009262,-6.005276137477367e-11,0.20806004106998444,-3.1496009000875347e-07,0.13017551600933075,0.00964701920747757,-1.6791271661986684e-07,-1.5025787281075509e-09,-4.618423554347828e-05,-3.1511240838888455e-10,0.7392857074737549,-1.3821748190423477e-08,-0.014152947813272476,-1.130068927324146e-08,16
0.2075585424900055,-2.4969119749584934e-06,0.009191323071718216,-2.1249974002657268e-10,0.21747377514839172,-4.784353109243966e-07,0.11950681358575821,0.009206665679812431,-1.5979119893927418e-07,-2.2323076720454083e-09,-5.4461415857076645e-05,-1.7781995595770022e-16,0.7251269221305847,-2.8343695390731227e-08,-0.014163466170430183,-1.9568604514574872e-08,16
0.21711112558841705,-4.604471541824751e-06,0.009191211313009262,-1.1140222078154238e-10,0.2267533540725708,-7.784531135257566e-07,0.12865053117275238,0.009815461002290249,-6.296682499851158e-07,-3.657992353467421e-09,-3.945680145989172e-05,-1.081832401439442e-09,0.7109590768814087,-5.65965017074177e-08,-0.014171179383993149,-3.535997805670377e-08,16
0.22630231082439423,-4.604527021001559e-06,0.009191211313009262,-1.0443958198269598e-11,0.23641175031661987,-1.396000357090088e-06,0.11031507700681686,0.009489048272371292,-6.048452405593707e-07,-7.48996598076701e-09,-5.2880062867188826e-05,-5.419225068692413e-10,0.6967847347259521,-1.0086235135986499e-07,-0.014176789671182632,-5.331858332624506e-08,18
0.23593997955322266,-1.6074855011538602e-05,0.009191148914396763,-1.5150702914468184e-10,0.2456415593624115,-1.9840033473883523e-06,0.11455907672643661,0.009050269611179829,-5.765642185906472e-07,-8.054912292720928e-09,-5.353770757210441e-05,-7.112549951775345e-16,0.6826057434082031,-1.8958891701004177e-07,-0.014180295169353485,-1.177014539166521e-07,7
0.24525611102581024,-1.9284923837403767e-05,0.009191211313009262,-5.570111039077119e-11,0.2552119791507721,-4.227983481541742e-06,0.12730753421783447,0.009578090161085129,-2.61460559158877e-06,-2.743636073887501e-08,-4.9417896661907434e-05,-4.092253202969687e-09,0.6684228777885437,-3.4271309345967893e-07,-0.014184502884745598,-1.8210936048035364e-07,18
0.2546573281288147,-3.63020044460427e-05,0.009191323071718216,-2.2280444156308477e-10,0.2645493745803833,-6.773518180125393e-06,0.11957164108753204,0.009131667204201221,-2.489069629518781e-06,-3.477270027474333e-08,-5.401778616942465e-05,5.690142875923367e-15,0.6551069617271423,-5.298101086737006e-07,-0.01188516616821289,-1.686203177087009e-07,3
0.26420992612838745,-6.558446330018342e-05,0.009191211313009262,-1.1140222078154238e-10,0.2737797796726227,-1.1187742529727984e-05,0.12864425778388977,0.009822167456150055,-8.951288691605441e-06,-5.262643298920011e-08,-3.9304100937442854e-05,-1.564821161537111e-08,0.645875096321106,-6.606883857784851e-07,-0.0067752948962152,-9.599303041341045e-08,12
0.27340108156204224,-6.558452150784433e-05,0.009191211313009262,-5.570111039077119e-11,0.2834445834159851,-1.9967408661614172e-05,0.11038197576999664,0.009495082311332226,-8.599481589044444e-06,-1.05865424870899e-07,-5.269114626571536e-05,-8.125417672033564e-09,0.6399362683296204,-7.44823580589582e-07,-0.0055151828564703465,-7.812776914306596e-08,13
0.28303876519203186,-0.0002089671470457688,0.009191148914396763,-7.129742629619074e-11,0.29267993569374084,-2.8327025574981235e-05,0.1145152598619461,0.009055506438016891,-8.196834642149042e-06,-1.1451418657770773e-07,-5.3568695875583217e-05,2.2760186950735416e-14,0.6361984014511108,-7.977790801305673e-07,-0.0024515038821846247,-3.47235520337108e-08,7
0.29235488176345825,-0.00024909345665946603,0.009191211313009262,-0.0,0.3022567927837372,-5.7114928495138884e-05,0.12735627591609955,0.009585046209394932,-3.3351676393067464e-05,-3.5083888860754087e-07,-4.9418169510317966e-05,-5.249403400853225e-08,0.6353357434272766,-9.998209861805663e-06,0.0014277065638452768,-3.370017293491401e-05,7
0.3012714087963104,-0.0010766391642391682,0.008271953091025352,-1.2833535345535552e-09,0.3116011917591095,-8.958679245552048e-05,0.11955313384532928,0.009138504043221474,-3.1751522328704596e-05,-4.435739526797988e-07,-5.405822957982309e-05,-4.552121415815451e-14,0.6384939551353455,-5.2526960644172505e-05,0.0038385391235351562,-3.78881704818923e-05,6
0.30953243374824524,-0.0025006569921970367,0.008272073231637478,-0.0,0.32061436772346497,-0.00023340231564361602,0.12673187255859375,0.009085679426789284,-0.0004033434670418501,-2.302658913322375e-06,-3.8412494177464396e-05,-5.901845270273043e-07,0.6430948972702026,-7.529366121161729e-05,0.005228379275649786,-9.69773009273922e-06,3
0.3178044557571411,-0.0025006569921970367,0.008271722123026848,-0.0,0.32951095700263977,-0.0006264850380830467,0.11366326361894608,0.008714878000319004,-0.00038427836261689663,-5.36782636118005e-06,-5.154659811523743e-05,2.184815479575053e-12,0.6491188406944275,-8.430527668679133e-05,0.00665748817846179,-7.775875019433443e-06,6
0.32737448811531067,-0.0022060363553464413,0.009387344121932983,-6.2991980485094246e-06,0.3379886746406555,-0.0010003057541325688,0.11434314399957657,0.008274508640170097,-0.000364860228728503,-5.0969820222235285e-06,-4.894564699498005e-05,1.0923078847674406e-12,0.6565011739730835,-8.941973646869883e-05,0.007953363470733166,-2.481317324054544e-06,12
0.3377278745174408,-0.002115917159244418,0.00914054736495018,-0.0004616044752765447,0.35810238122940063,-0.0012500548036769032,0.17288102209568024,0.06808250397443771,0.00017217977438122034,-6.9451361923711374e-06,-9.39819437917322e-06,0.00011862267274409533,0.6651372313499451,-9.018342097988352e-05,0.009191036224365234,-1.0159882322113845e-06,16
0.3461780250072479,-0.002621730323880911,0.008580263704061508,-0.0004274779639672488,0.4241824746131897,-0.0011107310419902205,0.3905752897262573,0.06449929624795914,0.00011373999586794525,-6.9451361923711374e-06,-9.39819437917322e-06,0.00011862267274409533,0.6715968251228333,-0.0002917549863923341,0.003945177420973778,8.574655112170149e-06,18
0.35379913449287415,-0.003000556258484721,0.007100666407495737,-0.0006391564384102821,0.486877977848053,-0.0010250755585730076,0.4790460169315338,0.06126800924539566,6.397275137715042e-05,-6.9451361923711374e-06,-9.39819437917322e-06,0.00011862267274409533,0.6729979515075684,-0.0005060455296188593,0.000130476473714225,2.5483479930699104e-06,16
0.36041581630706787,-0.0037770746275782585,0.006083881016820669,-0.0007143680704757571,0.5465092658996582,-0.0009844924788922071,0.4455609619617462,0.058332983404397964,2.2691296180710196e-05,-6.9451361923711374e-06,-9.39819437917322e-06,0.00011862267274409533,0.6724211573600769,-0.0009819654515013099,-0.0002637429570313543,-0.0005729140830226243,3
0.3667411506175995,-0.0044919513165950775,0.006885739043354988,-0.0007033240981400013,0.6033473014831543,-0.0009807214373722672,0.2966379225254059,0.05564955249428749,-1.0542953532421961e-05,-6.9451361923711374e-06,-9.39819437917322e-06,0.00011862267274409533,0.6717241406440735,-0.0014405208639800549,-0.0002170894294977188,-0.0004718089185189456,3
0.37471872568130493,-0.0046759736724197865,0.00850303191691637,-0.00023337328457273543,0.6561782360076904,-0.001017252798192203,0.14260730147361755,0.0460551418364048,-9.252013842342421e-05,-6.487944574473659e-06,-3.157520040986128e-05,0.00011282497871434316,0.6713705658912659,-0.0012182758655399084,0.00015260114741977304,0.0003327920276205987,11
0.38396623730659485,-0.004596312530338764,0.009238957427442074,8.307400275953114e-05,0.6521514058113098,-0.011783103458583355,0.5291200876235962,-0.016085509210824966,-0.013412022963166237,6.299078813754022e-05,-3.738663872354664e-05,-0.00613344507291913,0.6714009642601013,-0.0007868164102546871,0.00012341667024884373,0.0007580297533422709,18
0.3923504054546356,-0.005441800691187382,0.007803121581673622,-0.0018183713546022773,0.6366592049598694,-0.025160247460007668,0.9124234318733215,-0.015021051280200481,-0.013347958214581013,6.299078813754022e-05,-3.738663872354664e-05,-0.00613344507291913,0.6715242266654968,-2.878712439269293e-05,0.0001227154425578192,0.000758028996642679,3
0.3999952971935272,-0.007663562893867493,0.007471369579434395,-0.0022735546808689833,0.6221803426742554,-0.03847138583660126,1.2207273244857788,-0.014047962613403797,-0.01328067947179079,6.299078813754022e-05,-3.738663872354664e-05,-0.00613344507291913,0.6721892952919006,0.0003681309171952307,0.0018807018641382456,-0.00014798670599702746,14
0.4074653089046478,-0.00994198489934206,0.007367290556430817,-0.002396218478679657,0.6086294054985046,-0.05171438306570053,1.4536182880401611,-0.013155712746083736,-0.013212088495492935,6.299078813754022e-05,-3.738663872354664e-05,-0.00613344507291913,0.675438404083252,-3.547605956555344e-05,0.003949333447962999,-0.0004476306203287095,11
0.4144788980484009,-0.012627470307052135,0.007034188602119684,-0.0027524593751877546,0.595930814743042,-0.06488875299692154,1.610859990119934,-0.012334490194916725,-0.013143626973032951,6.299078813754022e-05,-3.738663872354664e-05,-0.00613344507291913,0.6801760792732239,-0.0003971771220676601,0.005392467137426138,-0.00030578437144868076,0
0.4211008548736572,-0.01566017046570778,0.006597351282835007,-0.0030520919244736433,0.5840186476707458,-0.07799527049064636,1.692391276359558,-0.011575267650187016,-0.01307638455182314,6.299078813754022e-05,-3.738663872354664e-05,-0.00613344507291913,0.686378002166748,-0.000725402554962784,0.006846119184046984,-0.0003374627558514476,18
0.4275349974632263,-0.018808118999004364,0.00662464601919055,-0.003053588792681694,0.5728355646133423,-0.09103557467460632,1.6983245611190796,-0.010869796387851238,-0.013011151924729347,6.299078813754022e-05,-3.738663872354664e-05,-0.00613344507291913,0.6939581632614136,-0.0010563392424955964,0.008157421834766865,-0.0003179481718689203,0
0.43426698446273804,-0.021807190030813217,0.006738480180501938,-0.0029997676610946655,0.5623319149017334,-0.10401204228401184,1.6289459466934204,-0.010210680775344372,-0.012948550283908844,6.299078813754022e-05,-3.738663872354664e-05,-0.00613344507291913,0.7027480602264404,-0.001392049714922905,0.009276586584746838,-0.0003692912287078798,5
0.4419967234134674,-0.02393246814608574,0.008395489305257797,-0.0012373810168355703,0.5524648427963257,-0.1169276088476181,1.4847137928009033,-0.009591348469257355,-0.012889035046100616,6.299078813754022e-05,-3.738663872354664e-05,-0.00613344507291913,0.7125591039657593,-0.0018065257463604212,0.010223248042166233,-0.0004529542929958552,18
0.4508896768093109,-0.024219954386353493,0.009154221974313259,6.27987683401443e-05,0.5431980490684509,-0.12978552281856537,1.266257882118225,-0.009006071835756302,-0.012832987122237682,6.299078813754022e-05,-3.738663872354664e-05,-0.00613344507291913,0.7231500744819641,-0.0023039057850837708,0.01069728098809719,-0.0005590395303443074,6
0.4600801467895508,-0.024165112525224686,0.009191036224365234,2.0305506041040644e-05,0.5345000624656677,-0.14258944988250732,0.9743775129318237,-0.008449931629002094,-0.012780718505382538,6.299078813754022e-05,-3.738663872354664e-05,-0.00613344507291913,0.7340391874313354,-0.0029667404014617205,0.011181130073964596,-0.0007538864738307893,3
0.46927130222320557,-0.024150390177965164,0.009191036224365234,1.0152753020520322e-05,0.5263441801071167,-0.15534330904483795,0.6100370287895203,-0.007918811403214931,-0.012732508592307568,6.299078813754022e-05,-3.738663872354664e-05,-0.00613344507291913,0.7455548048019409,-0.0038292184472084045,0.011769463308155537,-0.0009470151271671057,5
0.47846245765686035,-0.02414572238922119,0.009191036224365234,9.981639550460386e-07,0.518707275390625,-0.16805130243301392,0.17435982823371887,-0.007409329526126385,-0.012688620015978813,6.299078813754022e-05,-3.738663872354664e-05,-0.00613344507291913,0.7576231360435486,-0.004882532171905041,0.012282764539122581,-0.00118021119851619,3
0.48612844944000244,-0.024144994094967842,0.007685843855142593,6.559362759617215e-07,0.5136718153953552,-0.1779235452413559,0.32181859016418457,-0.004380923695862293,-0.009150939993560314,3.685631600092165e-05,-2.9184535378590226e-05,-0.005426339339464903,0.7701072096824646,-0.006258116103708744,0.012629172764718533,-0.0015343062113970518,3
0.4946358799934387,-0.024144338443875313,0.009477488696575165,6.559362759617215e-07,0.5094223618507385,-0.18702547252178192,0.5001296997070312,-0.004145723767578602,-0.009062901139259338,3.685631600092165e-05,-2.9184535378590226e-05,-0.005426339339464903,0.7828786969184875,-0.007960500195622444,0.012871096841990948,-0.001842204132117331,11
0.5035833716392517,-0.024143794551491737,0.007851684466004372,4.2778452780112275e-07,0.5053949952125549,-0.1960430145263672,0.5832090973854065,-0.003933705855160952,-0.008981380611658096,3.685631600092165e-05,-2.9184535378590226e-05,-0.005426339339464903,0.7958114743232727,-0.010040748864412308,0.012968568131327629,-0.0022747584152966738,16
0.5089843273162842,-0.024143554270267487,0.004074152559041977,1.4259484260037425e-07,0.5015695691108704,-0.20498205721378326,0.5719668865203857,-0.003739043138921261,-0.008905097842216492,3.685631600092165e-05,-2.9184535378590226e-05,-0.005426339339464903,0.8087965846061707,-0.012535763904452324,0.01299311127513647,-0.0026610479690134525,9
0.5120738744735718,-0.02414347231388092,0.0024332720786333084,2.851896852007485e-08,0.4979315996170044,-0.21384716033935547,0.46736693382263184,-0.003556865267455578,-0.008832992985844612,3.685631600092165e-05,-2.9184535378590226e-05,-0.005426339339464903,0.8217400908470154,-0.015462677925825119,0.012885822914540768,-0.003151731099933386,18
0.5127580165863037,-0.024143463000655174,0.0,-0.0,0.4944707751274109,-0.22264209389686584,0.27046647667884827,-0.003383294679224491,-0.008764268830418587,3.685631600092165e-05,-2.9184535378590226e-05,-0.005426339339464903,0.8345385789871216,-0.01886674016714096,0.012718228623270988,-0.0036071077920496464,18
0.5127580165863037,-0.024143463000655174,0.0,-0.0,0.49156782031059265,-0.23081602156162262,0.17662468552589417,-0.0022476036101579666,-0.00730180274695158,1.2104220331821125e-05,-2.2038771930965595e-05,-0.004553197417408228,0.8471003174781799,-0.022766118869185448,0.0124061806127429,-0.004157552495598793,0
0.5127580165863037,-0.024143463000655174,0.0,-0.0,0.4893762171268463,-0.23808448016643524,0.2743487060070038,-0.0021475402172654867,-0.007241677492856979,1.2104220331821125e-05,-2.2038771930965595e-05,-0.004553197417408228,0.8592875003814697,-0.02723255194723606,0.011996662244200706,-0.00471595348790288,4
0.5127580165863037,-0.024143463000655174,0.0,-0.0,0.4872792661190033,-0.24529430270195007,0.2744408845901489,-0.0020566859748214483,-0.00718397693708539,1.2104220331821125e-05,-2.2038771930965595e-05,-0.004553197417408228,0.8709984421730042,-0.032269325107336044,0.011409030295908451,-0.00534804817289114,3
0.5127580165863037,-0.024143463000655174,0.0,-0.0,0.4852697551250458,-0.25244709849357605,0.17777615785598755,-0.001971462043002248,-0.007127347402274609,1.2104220331821125e-05,-2.2038771930965595e-05,-0.004553197417408228,0.8819475173950195,-0.03802405297756195,0.010554229840636253,-0.006078761070966721,10
0.5131782293319702,-0.024143463000655174,0.000525222101714462,-0.0,0.48359930515289307,-0.2591452896595001,0.15824583172798157,-0.0013952655717730522,-0.006294876337051392,-1.863557190517895e-05,-1.3128725186106749e-05,-0.0032458617351949215,0.891977071762085,-0.044476110488176346,0.009583024308085442,-0.0067476448602974415,18
0.5137034058570862,-0.024143463000655174,0.000525222101714462,-0.0,0.4822300672531128,-0.26541468501091003,0.18047450482845306,-0.0013484967639669776,-0.0062484838999807835,-1.863557190517895e-05,-1.3128725186106749e-05,-0.0032458617351949215,0.90013188123703,-0.05050041899085045,0.006560718175023794,-0.005497772712260485,18
