lt_dp_posx,lt_dp_posy,lt_dp_velx,lt_dp_vely,ball_posx,ball_posy,ball_posz,ball_vel_x,ball_vel_y,ball_rot_x,ball_rot_y,ball_rot_z,rt_gk_posx,rt_gk_posy,rt_gk_velx,rt_gk_vely,action_left,action_top_left,action_top,action_top_right,action_right,action_bottom_right,action_bottom,action_bottom_left,action_sprint,action_dribble,sel_action
-1.0110293626785278,-0.0,0.0,-0.0,0.019999999552965164,-0.0,0.11061639338731766,-0.0,0.0,0.0,-0.0,0.0,1.0110293626785278,0.0,-0.0,0.0,0,0,0,0,0,0,0,0,0,0,5
0.0011741208145394921,7.735240920014874e-11,0.0034112120047211647,2.5561334299206706e-11,0.019999999552965164,-0.0,0.11059734225273132,-0.0,0.0,0.0,-0.0,0.0,1.0089819431304932,-1.4662690506206388e-10,-0.003723537316545844,-2.399299370292596e-10,0,0,0,0,1,0,0,0,0,0,5
0.004422922618687153,-8.490598224497603e-10,0.005096871871501207,-3.511485824336802e-10,0.019999999552965164,-0.0,0.10930104553699493,-0.0,0.0,0.0,-0.0,0.0,1.0043776035308838,-3.568936812747836e-10,-0.005314630456268787,-1.64072269659421e-10,0,0,0,0,1,0,0,0,0,0,13
0.009172579273581505,-2.248098374124652e-09,0.006656940560787916,-3.111293167545881e-10,0.02351834625005722,-2.3498894496931655e-10,0.1237609013915062,0.008640825748443604,-5.774550837500669e-10,8.578172894235792e-13,2.8631586701521883e-06,-2.160265672943029e-12,0.9982317090034485,-2.9351515662412453e-10,-0.006807551719248295,6.65813626454792e-10,0,0,0,0,1,0,0,0,1,0,18
0.016618236899375916,-2.3979764840476037e-09,0.008066108450293541,-6.756445403155453e-11,0.03173869848251343,-7.851597705332836e-10,0.11614876240491867,0.007883042097091675,-5.281650672372962e-10,7.136320180622935e-12,4.499864735407755e-05,-3.712325585825127e-13,0.9906662106513977,2.7216073839042565e-10,-0.008160226047039032,4.45603359766622e-10,0,0,0,0,1,0,0,0,1,0,0
0.025379417464137077,-2.5590771723926764e-09,0.009301392361521721,-1.6886948783767508e-10,0.03938759118318558,-1.2976458796387647e-09,0.11215836554765701,0.007456739898771048,-4.996117408673229e-10,6.979599190271024e-12,4.410948167787865e-05,1.3887229247326137e-18,0.9818469882011414,5.331283747800342e-10,-0.009317257441580296,9.413161222715516e-11,0,0,0,0,1,0,0,0,1,0,18
0.034123267978429794,-3.4658411696142366e-09,0.00938898604363203,-2.1288948381936734e-10,0.04660476744174957,-1.781206515616418e-09,0.10997506976127625,0.007023810409009457,-4.706049439029414e-10,6.574312275131611e-12,4.154816269874573e-05,-6.9430821261437375e-19,0.9724517464637756,7.095767862175251e-10,-0.009637720882892609,1.8364681997340426e-10,0,0,0,0,1,0,0,0,1,0,5
0.04200782999396324,-4.873198733434947e-09,0.009879701770842075,-1.2068802901499254e-10,0.05416184291243553,2.9176910629757913e-06,0.11805255711078644,0.014280873350799084,2.919882899732329e-05,3.387698939150141e-07,1.9754040749830892e-06,2.8654977768383105e-07,0.9623057246208191,8.357676217762844e-10,-0.010538101196289062,7.212093422470645e-11,0,0,0,0,1,0,0,0,1,0,18
0.052374325692653656,7.600381479733187e-08,0.010675586760044098,8.096020565062645e-07,0.06805383414030075,3.095910506090149e-05,0.14388057589530945,0.013800008222460747,2.78262778010685e-05,2.8579501076819724e-07,7.81202379585011e-06,3.571963418380619e-07,0.9514368772506714,1.1425581902813065e-07,-0.010879600420594215,4.508615347731393e-07,0,0,0,0,1,0,0,0,1,0,5
0.0631360337138176,5.079401944385609e-06,0.011016691103577614,8.292555321531836e-06,0.08140779286623001,5.743060683016665e-05,0.12316214293241501,0.012638581916689873,2.420726559648756e-05,-2.3475928756511166e-08,4.119111326872371e-05,4.415138903368643e-07,0.9404253959655762,1.1821418866020394e-06,-0.011310156434774399,1.5682203411415685e-06,0,0,0,0,1,0,0,0,1,0,13
0.07457146793603897,1.738605715218e-05,0.011754298582673073,1.580894968356006e-05,0.09365328401327133,8.060479012783617e-05,0.11358226090669632,0.011888263747096062,2.227019467682112e-05,-3.127945547021227e-07,7.048631960060447e-05,-9.110760241940255e-14,0.9287715554237366,3.3559731491550338e-06,-0.011916019953787327,2.642244908201974e-06,0,0,0,0,1,0,0,0,1,0,16
0.08668049424886703,3.562166239134967e-05,0.012389439158141613,1.9674327631946653e-05,0.10521049052476883,0.00010225542064290494,0.11358392238616943,0.011278527788817883,2.1128564185346477e-05,-2.95163374630647e-07,6.671601295238361e-05,-9.109112254638077e-14,0.9165447354316711,6.173659130581655e-06,-0.012460877187550068,3.010707814610214e-06,0,0,0,0,1,0,0,0,1,0,5
0.09935958683490753,5.8172412536805496e-05,0.012895552441477776,2.5244913558708504e-05,0.11614431440830231,0.00012273821630515158,0.11179264634847641,0.010653635486960411,1.9957918993895873e-05,-2.7880747666131356e-07,6.301909888861701e-05,0.0,0.9038431644439697,9.466180927120149e-06,-0.01288231648504734,3.519460733514279e-06,0,0,0,0,1,0,0,0,1,0,13
0.11246998608112335,-0.00041433333535678685,0.013238980434834957,2.6232888558297418e-05,0.12646575272083282,0.00014207376807462424,0.11068522185087204,0.010052826255559921,1.883240111055784e-05,-2.6308561018595356e-07,5.946546298218891e-05,0.0,0.8907760381698608,1.321958643529797e-05,-0.013204882852733135,3.936411303584464e-06,0,0,0,0,1,0,0,0,1,0,18
0.12570899724960327,-0.0022550132125616074,0.013238980434834957,1.4309534890344366e-05,0.13684134185314178,0.00013202668924350291,0.1198347881436348,0.015870558097958565,-0.00026511034229770303,-2.4892960936995223e-07,6.190531166794244e-06,-4.6713086021554773e-07,0.8774299025535583,1.7448099242756143e-05,-0.013451716862618923,4.465572146727936e-06,0,0,0,0,1,0,0,0,1,0,13
0.13894805312156677,-0.0022472627460956573,0.013239067979156971,2.384898834861815e-06,0.15235882997512817,-0.00012678543862421066,0.15824943780899048,0.01542055793106556,-0.0002571671502664685,-6.148716380494079e-08,1.03487554952153e-05,-7.976235565365641e-07,0.8638719320297241,2.1728163119405508e-05,-0.013637542724609375,1.6804328879516106e-06,0,0,0,0,1,0,0,0,1,0,18
0.1523285061120987,-0.002216427819803357,0.013511145487427711,7.768745126668364e-05,0.16754749417304993,-0.0003798691323027015,0.11589499562978745,0.014445397071540356,-0.00023942781263031065,1.0323091146346997e-06,3.448934148764238e-05,-1.8853313576983055e-06,0.8501538634300232,9.227539521816652e-06,-0.01377778872847557,-2.453825254633557e-05,0,0,0,0,1,0,0,0,1,0,13
0.16596972942352295,-0.002056879922747612,0.013737117871642113,0.0002258844906464219,0.18146640062332153,-0.0006099596503190696,0.11777903139591217,0.013579584658145905,-0.00022412821999751031,1.8981190805789083e-06,5.347800106392242e-05,-1.7050655287675909e-06,0.8363158702850342,-2.902430060203187e-05,-0.013882973231375217,-4.950048969476484e-05,0,0,0,0,1,0,0,0,1,0,13
0.17980265617370605,-0.001779136247932911,0.013905588537454605,0.00027752164169214666,0.194536030292511,-0.0008253127452917397,0.11214467138051987,0.012757774442434311,-0.00021016367827542126,2.9361351607803954e-06,7.547071436420083e-05,3.6452316317346634e-13,0.8223882913589478,-8.31755532999523e-05,-0.01396151166409254,-5.425031849881634e-05,0,0,0,0,1,0,0,0,1,0,0
0.19378255307674408,-0.0015371241606771946,0.014034789986908436,0.00021278181520756334,0.20690259337425232,-0.0010290318168699741,0.11327112466096878,0.01205158606171608,-0.00019853038247674704,2.773394953692332e-06,7.128762808861211e-05,3.644448837766129e-13,0.8083932995796204,-0.0001372066471958533,-0.01401971373707056,-5.384091491578147e-05,0,0,0,0,1,0,0,0,1,0,16
0.20786720514297485,-0.0013585687847808003,0.014121775515377522,0.00015106430510059,0.21858397126197815,-0.0012214635498821735,0.11138110607862473,0.011379918083548546,-0.00018746576097328216,2.618803819132154e-06,6.73140020808205e-05,3.6437468168594445e-13,0.7943476438522339,-0.00019085976236965507,-0.014064592309296131,-5.3638610552297905e-05,0,0,0,0,1,0,0,0,1,0,13
0.22194206714630127,-0.0012456751428544521,0.014121596701443195,8.811557927401736e-05,0.2296079397201538,-0.001403065980412066,0.11085900664329529,0.010735458694398403,-0.00017684942577034235,2.470520030328771e-06,6.350246985675767e-05,7.286222948772736e-13,0.7802642583847046,-0.00024458978441543877,-0.014096848666667938,-5.3799474699189886e-05,0,0,0,0,1,0,0,0,1,0,13
0.23579001426696777,-0.0011935691582038999,0.013533059507608414,2.4125265554175712e-05,0.24499648809432983,-0.001401251764036715,0.161333829164505,0.015794480219483376,2.1269004719215445e-05,8.98811151728296e-07,1.228343626280548e-05,-9.631065722714993e-07,0.7661527991294861,-0.00029846225515939295,-0.014122093096375465,-5.3928255510982126e-05,0,0,0,0,1,0,0,0,1,0,0
0.24912448227405548,-1.0798618859553244e-05,0.01331253070384264,4.269574674253818e-06,0.2606728971004486,-0.0013801298337057233,0.12239395827054977,0.015528498217463493,2.0794212105101906e-05,8.826061730360379e-07,1.336816876573721e-05,-9.210077109855774e-07,0.7520202398300171,-0.0003526110085658729,-0.014140325598418713,-5.432707621366717e-05,0,0,0,0,1,0,0,0,1,0,18
0.2624369263648987,0.001015615533106029,0.013312522321939468,1.8982938172484864e-06,0.27601611614227295,-0.0012386535527184606,0.16264554858207703,0.015834003686904907,0.0002647642104420811,4.049070696510171e-07,-7.755405704301666e-07,1.8019264302893134e-07,0.7378721833229065,-0.00040715004433877766,-0.014153649099171162,-5.471007534652017e-05,0,0,0,0,1,0,0,0,1,0,0
0.2757681608200073,0.0010143655817955732,0.01340525969862938,-1.1444127267168369e-05,0.291738361120224,-0.000975765404291451,0.16224001348018646,0.015631595626473427,0.00026137562235817313,4.049070696510171e-07,-7.755405704301666e-07,1.8019264302893134e-07,0.7237127423286438,-0.0004528455319814384,-0.014163466170430183,-2.8737762477248907e-05,0,0,0,0,1,0,0,0,1,0,18
0.2893202304840088,0.0009451787918806076,0.013660508207976818,-0.00012819989933632314,0.30688297748565674,-0.000723015982657671,0.12772521376609802,0.014215442351996899,0.00023610646894667298,-8.709401413398155e-07,2.8506770831882022e-05,1.8575916556073935e-06,0.7095444798469543,-0.0004576174251269549,-0.014171179383993149,1.4843231838312931e-05,0,0,0,0,0,1,0,0,1,0,7
0.3030884265899658,0.000742544827517122,0.013847561553120613,-0.000261671346379444,0.32086890935897827,-0.0004908895934931934,0.12039799988269806,0.013780029490590096,0.0002285571681568399,-1.1529825769684976e-06,3.4959008189616725e-05,1.9426845483394573e-06,0.6953698992729187,-0.0004200671683065593,-0.014176789671182632,4.9919333832804114e-05,0,0,0,0,0,1,0,0,1,0,6
0.3170175850391388,0.00048678298480808735,0.01399061270058155,-0.00022998319764155895,0.3339919149875641,-0.0002737969043664634,0.11646071076393127,0.01277538575232029,0.00021118154108989984,-2.950475163743249e-06,7.55775545258075e-05,-3.6452525026264837e-13,0.6811904311180115,-0.0003696485364343971,-0.01418099645525217,5.082659481558949e-05,0,0,0,0,0,1,0,0,1,0,6
0.3306857943534851,0.00024264959210995585,0.014036490581929684,-0.00017945481522474438,0.34638717770576477,-6.889894575579092e-05,0.11196405440568924,0.012087318114936352,0.00019980753131676465,-2.791179895211826e-06,7.14975394657813e-05,3.644487055892709e-13,0.6670073866844177,-0.00031832471722736955,-0.014184502884745598,5.173029057914391e-05,0,0,0,0,0,1,0,0,1,0,12
0.34206125140190125,-0.00019682063430082053,0.012661484070122242,-0.0001618747046450153,0.3581002950668335,0.00012472388334572315,0.11110056936740875,0.010968552902340889,-0.00022017867013346404,-1.4985764664743328e-06,1.498161054769298e-05,9.04045350580418e-07,0.6528220176696777,-0.00026610723580233753,-0.014185905456542969,5.2612373110605404e-05,0,0,0,0,0,1,0,0,1,0,12
0.3527800142765045,-0.00035993626806885004,0.009652797132730484,-0.00012340648390818387,0.36862167716026306,-8.216772403102368e-05,0.12637105584144592,0.010320289991796017,-0.00020126794697716832,8.036550980250468e-08,3.200542778358795e-05,-5.200600980970194e-07,0.6386346817016602,-0.00021301301603671163,-0.014188009314239025,5.34879945917055e-05,0,0,0,0,0,1,0,0,1,0,15
0.36229208111763,-0.0004739128053188324,0.009762189351022243,-0.0001098145148716867,0.37855222821235657,-0.00027309113647788763,0.1205315962433815,0.00967947393655777,-0.00018516837735660374,2.5868607735901605e-06,5.725892697228119e-05,-3.642150871261546e-13,0.624445915222168,-0.00016405442147515714,-0.014189411886036396,3.432046287343837e-05,0,0,0,0,0,1,0,0,1,0,16
0.37260061502456665,-0.0005801000515930355,0.010728485882282257,-0.00010113672760780901,0.3879678249359131,-0.0004532117454800755,0.11261416971683502,0.009194965474307537,-0.00017589979688636959,2.457360324115143e-06,5.4392479796661064e-05,-3.641743211244691e-13,0.6102558374404907,-0.00015681398508604616,-0.014190113171935081,-1.4916980035195593e-05,0,0,0,0,0,1,0,0,1,0,6
0.38381996750831604,-0.00044925566180609167,0.011461634188890457,-0.00010315834515495226,0.3968815207481384,-0.0006237307679839432,0.10919156670570374,0.008685475215315819,-0.00016615317144896835,2.321160309293191e-06,5.1377781346673146e-05,-3.6413371775310954e-13,0.5960650444030762,-0.00019881433399859816,-0.014190814457833767,-6.41598817310296e-05,0,0,0,0,0,1,0,0,1,0,12
0.39548006653785706,-0.000515979714691639,0.010962444357573986,-0.0005045038997195661,0.4108540117740631,-0.0007249706541188061,0.1346609741449356,0.0638066753745079,0.00043991368147544563,1.9795059415628202e-05,5.108517507323995e-05,-0.0010181170655414462,0.5818739533424377,-0.00027178163873031735,-0.014191164635121822,-8.017439540708438e-05,0,0,0,0,0,1,0,0,1,0,13
0.4048362970352173,-0.0010700715938583016,0.008569745346903801,-0.000506637676153332,0.4728700518608093,-0.00011496310617076233,0.24316264688968658,0.06063508987426758,0.0007504060631617904,1.977902684302535e-05,5.126983523950912e-05,-0.0010174349881708622,0.5685504078865051,-0.00031862533069215715,-0.011892338283360004,-6.925908382982016e-05,0,0,0,0,0,1,0,0,1,0,6
0.41259679198265076,-0.0014994097873568535,0.007338383700698614,-0.0005470464238896966,0.5318700671195984,0.0008068635943345726,0.13137799501419067,0.05768144503235817,0.0010617602383717895,1.977902684302535e-05,5.126983523950912e-05,-0.0010174349881708622,0.5581108927726746,-0.0016094768652692437,-0.00913954246789217,-5.269193206913769e-05,0,0,0,0,0,1,0,0,1,0,4
0.4192976951599121,-0.002330346964299679,0.006067752838134766,-0.0007704541785642505,0.5451201796531677,0.0007959807408042252,0.5420693755149841,-0.003936136607080698,-0.00041948092984966934,1.0747436363089946e-06,9.636520189815201e-06,-0.0002401729580014944,0.5497824549674988,-0.0021826953161507845,-0.0074453214183449745,-4.2922831198666245e-05,0,0,0,0,0,1,0,0,1,0,5
0.42552661895751953,-0.0031038399320095778,0.006711483001708984,-0.0007741723675280809,0.5412073135375977,0.00037777371471747756,1.0398569107055664,-0.0038953751791268587,-0.00041719726868905127,1.0747436363089946e-06,9.636520189815201e-06,-0.0002401729580014944,0.5427297353744507,-0.0022233554627746344,-0.007142740301787853,-4.117960997973569e-05,0,0,0,0,1,0,0,0,1,0,17
0.433087021112442,-0.003780916566029191,0.008228246122598648,-0.0005602729506790638,0.5373300313949585,-3.827926411759108e-05,1.4364264011383057,-0.003863804740831256,-0.0004151566536165774,1.0747436363089946e-06,9.636520189815201e-06,-0.0002401729580014944,0.5366488099098206,-0.002258704509586096,-0.0056743621826171875,-3.562910569598898e-05,0,0,0,0,1,0,0,0,1,0,12
0.44202399253845215,-0.00409719068557024,0.009333386085927486,-0.00011133092630188912,0.5334799885749817,-0.000452443870017305,1.7329314947128296,-0.0038398108445107937,-0.0004133967449888587,1.0747436363089946e-06,9.636520189815201e-06,-0.0002401729580014944,0.5313690900802612,-0.0023313206620514393,-0.00527150509878993,-0.00010206760634901002,0,0,0,0,1,0,0,0,1,0,0
0.45136773586273193,-0.004162749741226435,0.009344605728983879,-2.8016322175972164e-05,0.5296505093574524,-0.0008650081581436098,1.930233359336853,-0.003821791149675846,-0.00041192449862137437,1.0747436363089946e-06,9.636520189815201e-06,-0.0002401729580014944,0.5260995030403137,-0.002469205530360341,-0.00526764802634716,-0.00016718175902497023,0,0,0,0,1,0,0,0,1,0,3
0.4607119560241699,-0.0041448757983744144,0.009343904443085194,5.541948485188186e-05,0.5258366465568542,-0.0012762376572936773,2.0289299488067627,-0.0038078988436609507,-0.000410688400734216,1.0747436363089946e-06,9.636520189815201e-06,-0.0002401729580014944,0.5215091109275818,-0.0026350407861173153,-0.004086424130946398,-0.00015866171452216804,0,0,0,0,1,0,0,0,1,0,18
0.47005531191825867,-0.004056060686707497,0.009342852979898453,0.0001031638021231629,0.5220354199409485,-0.001686297357082367,2.029421329498291,-0.003795791184529662,-0.00040954380529001355,1.0747436363089946e-06,9.636520189815201e-06,-0.0002401729580014944,0.5174235105514526,-0.0028044909704476595,-0.0040846713818609715,-0.00017827564442995936,0,0,0,0,1,0,0,0,1,0,12
0.4793979823589325,-0.003939727786928415,0.009342501871287823,0.00012710904411505908,0.5182464718818665,-0.0020951644983142614,1.9320399761199951,-0.003783006453886628,-0.0004082804953213781,1.0747436363089946e-06,9.636520189815201e-06,-0.0002401729580014944,0.5151808857917786,-0.003651565872132778,-0.005097098182886839,-0.00022985874966252595,0,0,0,0,1,0,0,0,1,0,7
0.4871615171432495,-0.0038430767599493265,0.007876858115196228,0.00010208589810645208,0.5144714713096619,-0.002502618357539177,1.7372201681137085,-0.0037679935339838266,-0.0004067250119987875,1.0747436363089946e-06,9.636520189815201e-06,-0.0002401729580014944,0.5137491822242737,-0.00493735633790493,-0.005986801814287901,-0.00027856326778419316,0,0,0,0,1,0,0,0,1,0,11
0.4953955411911011,-0.003653967520222068,0.008303713984787464,0.0005245085339993238,0.5131362676620483,0.0038348210509866476,1.8327805995941162,0.00033458301913924515,0.010801011696457863,-5.079560287413187e-05,1.5426494428538717e-06,0.004448863677680492,0.5110255479812622,-0.005615993402898312,-0.0043799676932394505,-0.0001945270341821015,0,0,0,0,1,0,0,0,1,0,5
0.5007096529006958,-0.0022500555496662855,0.0045026931911706924,0.001781803322955966,0.5135769248008728,0.01456372905522585,2.080080032348633,0.0005248924135230482,0.010669324547052383,-5.079560287413187e-05,1.5426494428538717e-06,0.004448863677680492,0.5124449729919434,-0.006290791090577841,0.0007139650406315923,-0.0005281949415802956,0,0,0,0,1,0,0,0,1,0,6
0.5035890936851501,0.00019446431542746723,0.0018330260645598173,0.0032175984233617783,0.5141990780830383,0.025158749893307686,2.2203354835510254,0.0006997997988946736,0.010533596388995647,-5.079560287413187e-05,1.5426494428538717e-06,0.004448863677680492,0.5133427381515503,-0.006223156116902828,0.0005998191772960126,6.842318543931469e-05,0,0,0,0,1,0,0,0,1,0,6
0.5065420269966125,0.003276881529018283,0.004485143348574638,0.0030190362595021725,0.5149896144866943,0.03561555594205856,2.255385160446167,0.0008633547695353627,0.010393197648227215,-5.079560287413187e-05,1.5426494428538717e-06,0.004448863677680492,0.5142175555229187,-0.005874401889741421,0.0009306688443757594,0.0004385250504128635,0,0,0,0,1,0,0,0,1,0,5
0.5119614601135254,0.00604525301605463,0.0064803618006408215,0.002768666483461857,0.5159392356872559,0.04592883214354515,2.186840057373047,0.0010192354675382376,0.010246903635561466,-5.079560287413187e-05,1.5426494428538717e-06,0.004448863677680492,0.5150783061981201,-0.004529180936515331,9.230121213477105e-05,0.0019184688571840525,0,0,0,0,1,0,0,0,1,0,18
0.5185890793800354,0.00889106746762991,0.007424129173159599,0.002884303918108344,0.5170419812202454,0.0560917928814888,2.016151189804077,0.0011706771329045296,0.010092999786138535,-5.079560287413187e-05,1.5426494428538717e-06,0.004448863677680492,0.5155720710754395,-0.0020053863991051912,0.00014465407002717257,0.0029457081109285355,0,0,0,0,1,0,0,0,1,0,13
0.5263770222663879,0.01180311106145382,0.008782569319009781,0.002794690430164337,0.5182950496673584,0.06609572470188141,1.7446744441986084,0.0013204107526689768,0.009929447434842587,-5.079560287413187e-05,1.5426494428538717e-06,0.004448863677680492,0.5170003175735474,0.0013956608017906547,0.0014486957807093859,0.0038388727698475122,0,0,0,0,1,0,0,0,1,0,2
0.5353299975395203,0.014597592875361443,0.009411084465682507,0.0026144669391214848,0.5196979641914368,0.07592976093292236,1.3737343549728394,0.001470612594857812,0.009754013270139694,-5.079560287413187e-05,1.5426494428538717e-06,0.004448863677680492,0.5193527340888977,0.005430365912616253,0.002507787197828293,0.0038442036602646112,0,0,0,0,1,0,0,0,1,0,3
0.5446459650993347,0.01686740294098854,0.01006221305578947,0.0020245546475052834,0.5212520956993103,0.0855807512998581,0.904676079750061,0.0016228697495535016,0.009564385749399662,-5.079560287413187e-05,1.5426494428538717e-06,0.004448863677680492,0.5227269530296326,0.008286064490675926,0.003466429188847542,0.002070662099868059,0,0,0,0,1,0,0,0,1,0,18
0.5550105571746826,0.01859406754374504,0.01111055351793766,0.0014954281505197287,0.5229601860046387,0.09503324329853058,0.3389131426811218,0.0017781686037778854,0.009358305484056473,-5.079560287413187e-05,1.5426494428538717e-06,0.004448863677680492,0.5275495648384094,0.009571777656674385,0.005399659741669893,0.0007355146808549762,0,0,0,0,1,0,0,0,1,0,12
0.5664222836494446,0.01986878365278244,0.011946874670684338,0.001203201012685895,0.5245523452758789,0.10339561104774475,0.33392393589019775,0.001457752427086234,0.0077194757759571075,-7.05377315171063e-05,4.115750016353559e-06,0.003320421325042844,0.5340343117713928,0.010267216712236404,0.006910983473062515,0.0006310106837190688,0,0,0,0,1,0,0,0,1,0,5
0.5787525177001953,0.02081606164574623,0.012620056048035622,0.0006934672710485756,0.5260419845581055,0.11108019948005676,0.6221827864646912,0.0015144357457756996,0.007655378896743059,-7.05377315171063e-05,4.115750016353559e-06,0.003320421325042844,0.5417196750640869,0.010767967440187931,0.008291707374155521,0.0003634956374298781,0,0,0,0,1,0,0,0,1,0,17
0.5916540622711182,0.021200699731707573,0.013098997063934803,0.0002424397534923628,0.5275840163230896,0.11869838833808899,0.8057854175567627,0.0015636375173926353,0.007587140891700983,-7.05377315171063e-05,4.115750016353559e-06,0.003320421325042844,0.5506226420402527,0.010966465808451176,0.009187529794871807,0.00016549557039979845,0,0,0,0,1,0,0,0,1,0,18
0.604945719242096,0.021391207352280617,0.013434886932373047,0.0001399283210048452,0.5291721820831299,0.12624606490135193,0.8862023949623108,0.0016076236497610807,0.007514713332056999,-7.05377315171063e-05,4.115750016353559e-06,0.003320421325042844,0.5602585673332214,0.011157299391925335,0.010064770467579365,0.00021586006914731115,0,0,0,0,1,0,0,0,1,0,18
0.6185242533683777,0.021469006314873695,0.013685226440429688,2.7791735192295164e-05,0.5308024287223816,0.1337185949087143,0.8646421432495117,0.001648442237637937,0.0074370973743498325,-7.05377315171063e-05,4.115750016353559e-06,0.003320421325042844,0.5707813501358032,0.011398090049624443,0.010811932384967804,0.00026414269814267755,0,0,0,0,1,0,0,0,1,0,18
0.6323158144950867,0.021483207121491432,0.013870351016521454,1.1108138096460607e-05,0.5324726104736328,0.14110982418060303,0.7421277761459351,0.001687874086201191,0.0073525067418813705,-7.05377315171063e-05,4.115750016353559e-06,0.003320421325042844,0.5816541910171509,0.011712389066815376,0.011087165214121342,0.00036216952139511704,0,0,0,0,1,0,0,0,1,0,5
0.646264910697937,0.021490389481186867,0.014007091522216797,4.0924719542090315e-06,0.5341821312904358,0.14841152727603912,0.5195791125297546,0.0017273803241550922,0.00725855678319931,-7.05377315171063e-05,4.115750016353559e-06,0.003320421325042844,0.5931024551391602,0.01213010959327221,0.01172388345003128,0.00046327640302479267,0,0,0,0,1,0,0,0,1,0,5
0.660330593585968,0.02149171568453312,0.014108769595623016,5.56119914563169e-07,0.5359318256378174,0.15561285614967346,0.197890043258667,0.0017680637538433075,0.0071524824015796185,-7.05377315171063e-05,4.115750016353559e-06,0.003320421325042844,0.6051363945007324,0.012640181928873062,0.012279258109629154,0.0005558489356189966,0,0,0,0,1,0,0,0,1,0,18
0.6744822859764099,0.021492114290595055,0.014183801598846912,2.851896852007485e-07,0.5375869870185852,0.1624567061662674,0.2594505846500397,0.0016087909461930394,0.0067117344588041306,-8.402909588767216e-05,7.2434881985827815e-06,0.0017015470657497644,0.617667019367218,0.0132826566696167,0.012717527337372303,0.0007168242591433227,0,0,0,0,1,0,0,0,1,0,18
0.6886973977088928,0.021492240950465202,0.01423849817365408,2.851896852007485e-08,0.5392017364501953,0.16914047300815582,0.3853737711906433,0.0016192374750971794,0.006660153158009052,-8.402909588767216e-05,7.2434881985827815e-06,0.0017015470657497644,0.6305742263793945,0.0140831358730793,0.01304991077631712,0.0008560396381653845,0,0,0,0,1,0,0,0,1,0,18
0.7029590010643005,0.021492259576916695,0.014278467744588852,1.4259484260037425e-08,0.5408254861831665,0.17576994001865387,0.409325510263443,0.001627302379347384,0.006603555753827095,-8.402909588767216e-05,7.2434881985827815e-06,0.0017015470657497644,0.6437632441520691,0.015028444118797779,0.013290433213114738,0.001025256933644414,0,0,0,0,1,0,0,0,1,0,5
0.7172549962997437,0.02149226889014244,0.014308621175587177,1.4259484260037425e-08,0.5424564480781555,0.18233948945999146,0.3322715759277344,-0.020832952111959457,-0.00023193251399789006,-7.56716372052324e-06,-4.2168736399617046e-05,-0.005062439478933811,0.6571523547172546,0.016147498041391373,0.013461533933877945,0.001194146228954196,0,0,0,0,1,0,0,0,1,0,6
0.7315759658813477,0.02149226889014244,0.014330359175801277,-0.0,0.5217794179916382,0.1819724589586258,0.712617039680481,-0.020546354353427887,-0.00047450917190872133,-7.56716372052324e-06,-4.2168736399617046e-05,-0.005062439478933811,0.6707046031951904,0.017327146604657173,0.013625621795654297,0.0011411152081564069,0,0,0,0,1,0,0,0,1,0,3
0.745915412902832,0.02149226889014244,0.014345786534249783,-0.0,0.5013993978500366,0.1813734620809555,0.9750580787658691,-0.0202413871884346,-0.0006983110797591507,-7.56716372052324e-06,-4.2168736399617046e-05,-0.005062439478933811,0.6844062805175781,0.01841992512345314,0.013758154585957527,0.001054075313732028,0,0,0,0,1,0,0,0,1,0,4
0.7602684497833252,0.02149226889014244,0.01435770746320486,-0.0,0.48133352398872375,0.18055936694145203,1.1226911544799805,-0.019919902086257935,-0.0009067849605344236,-7.56716372052324e-06,-4.2168736399617046e-05,-0.005062439478933811,0.6982227563858032,0.019426865503191948,0.013859832659363747,0.0009697162313386798,0,0,0,0,1,0,0,0,1,0,17
0.7746315002441406,0.02149226889014244,0.014366823248565197,-0.0,0.4615980386734009,0.17954367399215698,1.15821373462677,-0.019582213833928108,-0.0011031962931156158,-7.56716372052324e-06,-4.2168736399617046e-05,-0.005062439478933811,0.712127149105072,0.020351151004433632,0.01393837109208107,0.0008867830620147288,0,0,0,0,1,0,0,0,1,0,18
0.7890017628669739,0.02149226889014244,0.014372432604432106,-0.0,0.44220951199531555,0.17833679914474487,1.0839989185333252,-0.019227303564548492,-0.0012905583716928959,-7.56716372052324e-06,-4.2168736399617046e-05,-0.005062439478933811,0.7260991334915161,0.02119317278265953,0.013995871879160404,0.0008191788801923394,0,0,0,0,1,0,0,0,1,0,1
0.8033776879310608,0.02149226889014244,0.01437804289162159,-0.0,0.4231863021850586,0.1769462674856186,0.902168869972229,-0.018853086978197098,-0.0014715675497427583,-7.56716372052324e-06,-4.2168736399617046e-05,-0.005062439478933811,0.7401092648506165,0.022059468552470207,0.01401971373707056,0.0009047928033396602,0,0,0,0,1,0,0,0,1,0,0
0.8177574276924133,0.02149226889014244,0.014380848035216331,-0.0,0.4045493006706238,0.17537713050842285,0.6146690845489502,-0.01845668815076351,-0.001648547942750156,-7.56716372052324e-06,-4.2168736399617046e-05,-0.005062439478933811,0.7541370391845703,0.023011239245533943,0.01403303723782301,0.0009901500307023525,0,0,0,0,1,0,0,0,1,0,18
0.8321399092674255,0.02149226889014244,0.014383652247488499,-0.0,0.3863224983215332,0.17363232374191284,0.22333663702011108,-0.01803463324904442,-0.0018234027083963156,-7.56716372052324e-06,-4.2168736399617046e-05,-0.005062439478933811,0.7681683897972107,0.024078210815787315,0.014024622738361359,0.0011502555571496487,0,0,0,0,1,0,0,0,1,0,18
0.8465243577957153,0.02149226889014244,0.014385756105184555,-0.0,0.36994698643684387,0.17206460237503052,0.28870993852615356,-0.015653058886528015,-0.0014687179354950786,2.2547459010979765e-08,-5.5544183851452544e-05,-0.003969304729253054,0.7821799516677856,0.025333987548947334,0.013999378308653831,0.001342045608907938,0,0,0,0,1,0,0,0,1,0,3
0.8609103560447693,0.02149226889014244,0.01438645739108324,-0.0,0.3543984591960907,0.170553058385849,0.4501359760761261,-0.015460813418030739,-0.001545612933114171,2.2547459010979765e-08,-5.5544183851452544e-05,-0.003969304729253054,0.7959905862808228,0.026755178347229958,0.01310110092163086,0.001403561094775796,0,0,0,0,1,0,0,0,1,0,13
0.875297486782074,0.02149226889014244,0.014387859962880611,-0.0,0.33905041217803955,0.16896775364875793,0.5029770135879517,-0.015253603458404541,-0.0016170927556231618,2.2547459010979765e-08,-5.5544183851452544e-05,-0.003969304729253054,0.8069460988044739,0.028016265481710434,0.008845329284667969,0.0011530219344422221,0,0,0,0,1,0,0,0,1,0,18
0.8896855115890503,0.02149226889014244,0.014388561248779297,-0.0,0.32391825318336487,0.16731306910514832,0.4489997327327728,-0.01503007672727108,-0.001684993039816618,2.2547459010979765e-08,-5.5544183851452544e-05,-0.003969304729253054,0.8135647773742676,0.029255812987685204,0.006028484087437391,0.0013744431780651212,0,0,0,0,1,0,0,0,1,0,8
0.9040741324424744,0.02149226889014244,0.014389262534677982,-0.0,0.30901986360549927,0.16559171676635742,0.2897266149520874,-0.014787503518164158,-0.0017509388271719217,2.2547459010979765e-08,-5.5544183851452544e-05,-0.003969304729253054,0.8172840476036072,0.030134810134768486,0.001852652640081942,0.0004525675030890852,0,0,0,0,1,0,0,0,1,0,3
