lt_dp_posx,lt_dp_posy,lt_dp_velx,lt_dp_vely,ball_posx,ball_posy,ball_posz,ball_vel_x,ball_vel_y,ball_rot_x,ball_rot_y,ball_rot_z,rt_gk_posx,rt_gk_posy,rt_gk_velx,rt_gk_vely,action_left,action_top_left,action_top,action_top_right,action_right,action_bottom_right,action_bottom,action_bottom_left,action_sprint,action_dribble,sel_action
-1.0110293626785278,-0.0,0.0,-0.0,0.019999999552965164,-0.0,0.11061639338731766,-0.0,0.0,0.0,-0.0,0.0,1.0110293626785278,0.0,-0.0,0.0,0,0,0,0,0,0,0,0,0,0,5
0.0,-0.0,0.0,-0.0,0.019999999552965164,-0.0,0.11059734225273132,-0.0,0.0,0.0,-0.0,0.0,1.0089819431304932,-1.4662690506206388e-10,-0.003723537316545844,-2.399299370292596e-10,0,0,0,0,1,0,0,0,0,0,5
0.0,-0.0,0.0,-0.0,0.019999999552965164,-0.0,0.10930104553699493,-0.0,0.0,0.0,-0.0,0.0,1.0043776035308838,-3.568936812747836e-10,-0.005314630456268787,-1.64072269659421e-10,0,0,0,0,1,0,0,0,0,0,5
0.0018563538324087858,1.0650171716752865e-10,0.003761105705052614,2.5890204910505865e-11,0.019999999552965164,-0.0,0.11075475811958313,-0.0,0.0,0.0,-0.0,0.0,0.9982317090034485,-2.932380449571781e-10,-0.006807551719248295,6.676376118619487e-10,0,0,0,0,1,0,0,0,0,0,5
0.006003894377499819,-2.2835590363090574e-10,0.005323139019310474,-3.792220149012593e-10,0.019999999552965164,-0.0,0.11053141206502914,-0.0,0.0,0.0,-0.0,0.0,0.9906662106513977,2.801461840284958e-10,-0.008160226047039032,4.5928216785284803e-10,0,0,0,0,1,0,0,0,1,0,13
0.011673752218484879,-7.557004466640649e-10,0.006754323840141296,-3.1724883831074635e-10,0.023055212572216988,9.114843123825267e-06,0.12448524683713913,0.010056257247924805,2.9918217478552833e-05,1.6217481402236444e-07,-1.888721953946515e-06,1.6454247031560953e-07,0.9818469882011414,5.630929056366085e-10,-0.009317257441580296,1.23270671448239e-10,0,0,0,0,1,0,0,0,1,0,18
0.019079284742474556,4.946180069964612e-07,0.00767885334789753,2.477812131473911e-06,0.03272344917058945,3.7647892895620316e-05,0.10886383801698685,0.009307824075222015,2.7253523512626998e-05,-1.4071103393575868e-08,1.666409480094444e-05,2.739248543548456e-07,0.9724517464637756,3.1101475883588137e-07,-0.009637720882892609,6.330620294647815e-07,0,0,0,0,1,0,0,0,1,0,0
0.027451705187559128,8.257705303549301e-06,0.008942493237555027,1.25049555208534e-05,0.04159720987081528,6.343077257042751e-05,0.11264725774526596,0.008646574802696705,2.5098808691836894e-05,-3.5061376024714264e-07,5.1145238103345037e-05,-4.551633524837832e-14,0.9623057246208191,1.4471157783191302e-06,-0.010538101196289062,1.592282387719024e-06,0,0,0,0,1,0,0,0,1,0,18
0.03667883947491646,2.6647141567082144e-05,0.009325891733169556,2.30730147450231e-05,0.04998813569545746,8.778752089710906e-05,0.11226283758878708,0.00818102527409792,2.3747445084154606e-05,-3.31751493831689e-07,4.839371467824094e-05,0.0,0.9514368772506714,3.52370102518762e-06,-0.010879600420594215,2.2973506474954775e-06,0,0,0,0,1,0,0,0,1,0,16
0.04517452418804169,5.8501151215750724e-05,0.009773536585271358,2.7700905775418505e-05,0.05791257694363594,0.00011079017713200301,0.11104829609394073,0.0077178399078547955,2.2402933609555475e-05,-3.129661934053729e-07,4.56534544355236e-05,-4.550787508330115e-14,0.9404253959655762,6.022067282174248e-06,-0.011310156434774399,2.6995298867404927e-06,0,0,0,0,1,0,0,0,1,0,18
0.05322267860174179,4.4368083763401955e-05,0.009277529083192348,1.6635789506835863e-05,0.0653807669878006,0.00013246844173409045,0.11108722537755966,0.007266730070114136,2.1093474060762674e-05,-2.9466798423527507e-07,4.298422209103592e-05,-6.825616460925943e-14,0.9287715554237366,8.96158871910302e-06,-0.011916019953787327,3.1244005640473915e-06,0,0,0,0,1,0,0,0,1,0,5
0.062205005437135696,3.594239387894049e-05,0.01024836115539074,9.97144616121659e-06,0.07597889751195908,0.00015332698239944875,0.14162036776542664,0.013935559429228306,2.0734114514198154e-05,2.034170876186181e-07,8.029455784708261e-06,4.1743851397768594e-07,0.9165447354316711,1.2214481103001162e-05,-0.012460877187550068,3.376559561729664e-06,0,0,0,0,1,0,0,0,1,0,13
0.07279626280069351,4.4618376705329865e-05,0.010675016790628433,1.1941315278818365e-05,0.08982524275779724,0.00017392192967236042,0.12774842977523804,0.0137520432472229,2.043551648966968e-05,2.0005285250590532e-07,8.534516382496804e-06,4.2015244616777636e-07,0.9038431644439697,1.5755165804876015e-05,-0.01288231648504734,3.6706474020320456e-06,0,0,0,0,1,0,0,0,1,0,16
0.08377327024936676,6.210021820152178e-05,0.0113303167745471,2.2082427676650696e-05,0.10272717475891113,0.00019240507390350103,0.12639853358268738,0.01242125779390335,1.7440015653846785e-05,-6.814764930140882e-08,4.817830995307304e-05,3.4769897183650755e-07,0.8907760381698608,1.9573006284190342e-05,-0.013204882852733135,3.95404094888363e-06,0,0,0,0,1,0,0,0,1,0,13
0.09548848867416382,9.048872743733227e-05,0.012013754807412624,3.2307147193932906e-05,0.1147412359714508,0.0002091134520014748,0.1174972876906395,0.011703124269843102,1.621419141883962e-05,-2.2651526876416028e-07,6.92292014718987e-05,6.8326509001463e-14,0.8774299025535583,2.3747188606648706e-05,-0.013451716862618923,4.352025371190393e-06,0,0,0,0,1,0,0,0,1,0,5
0.10784196853637695,0.00012427337060216814,0.012607960030436516,3.522515908116475e-05,0.12610213458538055,0.00022485351655632257,0.11176604777574539,0.011073075234889984,1.534129296487663e-05,-2.1430936669730727e-07,6.549870158778504e-05,2.277149484058126e-14,0.8638719320297241,2.830351695592981e-05,-0.013637542724609375,4.73033333037165e-06,0,0,0,0,1,0,0,0,1,0,0
0.12070988863706589,0.00016159741790033877,0.013061831705272198,3.905082485289313e-05,0.13683471083641052,0.0002397230127826333,0.11096710711717606,0.010456192307174206,1.4486628060694784e-05,-2.0237555986568623e-07,6.185140227898955e-05,0.0,0.8501538634300232,3.337793896207586e-05,-0.01377778872847557,5.36340439794003e-06,0,0,0,0,1,0,0,0,1,0,16
0.1339152455329895,-0.0010706383036449552,0.013238980434834957,2.906496411014814e-05,0.14696228504180908,0.00025375434779562056,0.10908298194408417,0.009863835759460926,1.3665940059581771e-05,-1.9091298497642128e-07,5.834813782712445e-05,0.0,0.8363156914710999,3.906789788743481e-05,-0.013882973231375217,5.956175300525501e-06,0,0,0,0,1,0,0,0,1,0,0
0.14715425670146942,-0.0021541970781981945,0.013239067979156971,1.2917310414195526e-05,0.1596166044473648,0.00012954554404132068,0.14708231389522552,0.01550756860524416,-0.00025992028531618416,-3.588963792822142e-08,1.0510583706491161e-05,-8.256112664639659e-07,0.8223875761032104,4.3362899305066094e-05,-0.01396151166409254,2.126724211848341e-06,0,0,0,0,1,0,0,0,1,0,0
0.16041326522827148,-0.0021471604704856873,0.013337941840291023,1.3582159226643853e-05,0.17501723766326904,-0.00012856695684604347,0.14521624147891998,0.015313303098082542,-0.0002566465991549194,-3.588963792822142e-08,1.0510583706491161e-05,-8.256112664639659e-07,0.8083919882774353,4.2754058085847646e-05,-0.014021116308867931,-2.8532615488074953e-06,0,0,0,0,1,0,0,0,1,0,0
0.17390769720077515,-0.002072973409667611,0.013610194437205791,0.00013701047282665968,0.18967674672603607,-0.00037332906504161656,0.12919972836971283,0.013969015330076218,-0.00023220363073050976,1.4922973150532926e-06,4.4207030441612005e-05,-1.9186982171959244e-06,0.7943460941314697,3.542009653756395e-05,-0.014064592309296131,-1.4771098904020619e-05,0,0,0,0,1,0,0,0,1,0,5
0.1876324564218521,-0.001855412032455206,0.013808993622660637,0.00028146797558292747,0.20323045551776886,-0.0005982279544696212,0.11688341200351715,0.013117747381329536,-0.00021727105195168406,3.0349569897225592e-06,7.75887310737744e-05,-3.6456455259140097e-13,0.7802627086639404,8.360932042705826e-06,-0.014096848666667938,-3.712598845595494e-05,0,0,0,0,1,0,0,0,1,0,5
0.20152898132801056,-0.0015785186551511288,0.013962212949991226,0.00025093485601246357,0.21598875522613525,-0.0008095453376881778,0.11499511450529099,0.01244704145938158,-0.00020616200345102698,2.8800427571695764e-06,7.362778706010431e-05,1.0934644032248308e-12,0.7661513686180115,-4.109362271265127e-05,-0.01412139181047678,-5.954950029263273e-05,0,0,0,0,1,0,0,0,1,0,18
0.21555691957473755,-0.001363112940452993,0.01407651323825121,0.00018737497157417238,0.2280585616827011,-0.0010094591416418552,0.10731666535139084,0.011760765686631203,-0.00019479496404528618,2.7213550310989376e-06,6.957099685678259e-05,3.6441406532986e-13,0.752019464969635,-9.992284321924672e-05,-0.014139624312520027,-5.823863102705218e-05,0,0,0,0,1,0,0,0,1,0,5
0.2296699434518814,-0.0012049985816702247,0.014121918007731438,0.00012538312876131386,0.2394537478685379,-0.0011981994612142444,0.11101799458265305,0.011100362986326218,-0.00018385662406217307,2.5684014417493017e-06,6.56607880955562e-05,0.0,0.7378718256950378,-0.00015743145195301622,-0.014152947813272476,-5.690848774975166e-05,0,0,0,0,1,0,0,0,1,0,13
0.24376940727233887,-0.0011061951518058777,0.013973958790302277,6.20314312982373e-05,0.2518555223941803,-0.0013168780133128166,0.13662616908550262,0.015904409810900688,2.3001217414275743e-05,9.019270237331511e-07,1.226609219884267e-05,-9.597039252184913e-07,0.7237125635147095,-0.0002144077734556049,-0.014163466170430183,-5.786966721643694e-05,0,0,0,0,1,0,0,0,1,0,16
0.25734618306159973,-0.0009267762070521712,0.013312458992004395,5.673706255038269e-06,0.26764801144599915,-0.0012940546730533242,0.15756919980049133,0.015701139345765114,2.269978722324595e-05,9.019270237331511e-07,1.226609219884267e-05,-9.597039252184913e-07,0.7095446586608887,-0.00027364969719201326,-0.014171179383993149,-6.036373815732077e-05,0,0,0,0,1,0,0,0,1,0,5
0.2706545889377594,0.0008019549422897398,0.013312461785972118,3.310624379082583e-06,0.28298094868659973,-0.0012727478751912713,0.12170840799808502,0.014478668570518494,1.7291360563831404e-05,4.5625185407516256e-07,4.104191611986607e-05,-1.14196971878755e-07,0.6953703761100769,-0.0003346871817484498,-0.014176088385283947,-5.821991362608969e-05,0,0,0,0,1,0,0,0,1,0,6
0.2839663624763489,0.0011161131551489234,0.013312522321939468,9.455820872972254e-07,0.29865920543670654,-0.0010327118216082454,0.17416484653949738,0.015742328017950058,0.00026345133665017784,4.017832679892308e-07,-7.351689532697492e-07,1.8830756687293615e-07,0.6811913251876831,-0.00038154079811647534,-0.01418099645525217,-3.7551460991380736e-05,0,0,0,0,0,1,0,0,1,0,13
0.2973629832267761,0.0011013016337528825,0.013516580685973167,-4.7880675992928445e-05,0.31429100036621094,-0.0007711038342677057,0.13459192216396332,0.015542132779955864,0.00026011886075139046,4.017832679892308e-07,-7.351689532697492e-07,1.8830756687293615e-07,0.6670085191726685,-0.00040771730709820986,-0.014184502884745598,-1.6868078091647476e-05,0,0,0,0,0,1,0,0,1,0,16
0.3110096752643585,0.0009802503045648336,0.013742377050220966,-0.00018292957975063473,0.3288159966468811,-0.0005291878478601575,0.13707585632801056,0.014015964232385159,0.0002328514528926462,-1.0005600188378594e-06,3.142858622595668e-05,1.9127669474983122e-06,0.6528230905532837,-0.0004086329718120396,-0.014186606742441654,1.398276162944967e-05,0,0,0,0,0,1,0,0,1,0,7
0.3248473107814789,0.000734885165002197,0.01390891894698143,-0.00026521304971538484,0.3425275981426239,-0.0003016421978827566,0.1179318055510521,0.013172228820621967,0.00021806347649544477,-2.3874877115304116e-06,6.29910355200991e-05,1.1655749858618947e-06,0.6386358141899109,-0.00037628342397511005,-0.014188009314239025,4.737758354167454e-05,0,0,0,0,0,1,0,0,1,0,6
0.33883002400398254,0.0005022796685807407,0.014037244021892548,-0.00020404030510690063,0.35531821846961975,-8.999865531222895e-05,0.11499623209238052,0.012482981197535992,0.00020653849060181528,-2.8852300602011383e-06,7.38385206204839e-05,-3.644920736761703e-13,0.6244471073150635,-0.000313855562126264,-0.014189411886036396,6.749793828930706e-05,0,0,0,0,0,1,0,0,1,0,12
0.35164833068847656,0.00018359140085522085,0.013806022703647614,-0.00017622028826735914,0.36743396520614624,0.00011046316649299115,0.10940880328416824,0.011809203773736954,0.00019539041386451572,-2.7296496227791067e-06,6.985694199102e-05,-7.288382679500327e-13,0.6102573275566101,-0.0002462481497786939,-0.014190113171935081,6.769668107153848e-05,0,0,0,0,0,1,0,0,1,0,11
0.3628959357738495,-0.00014482603000942618,0.011397459544241428,-0.00014548127364832908,0.3786472678184509,0.00014300239854492247,0.12918835878372192,0.010555903427302837,-0.00020227856293786317,-5.173281465431501e-07,2.5736319003044628e-05,-1.3167718293516373e-07,0.5960666537284851,-0.00017844267131295055,-0.014191515743732452,6.789430335629731e-05,0,0,0,0,0,1,0,0,1,0,6
0.37283170223236084,-0.00027099665021523833,0.009435765445232391,-0.00011608245404204354,0.38895511627197266,-5.257391603663564e-05,0.10452575236558914,0.010020087473094463,-0.00018786723376251757,1.0520540172365145e-06,4.2632396798580885e-05,-6.992507906034007e-07,0.5818749070167542,-0.00010975568875437602,-0.014192216098308563,6.933507393114269e-05,0,0,0,0,0,1,0,0,1,0,3
0.38256651163101196,-0.0003814146912191063,0.010170305147767067,-0.00010882638162001967,0.3986523151397705,-0.00023309519747272134,0.10739487409591675,0.00949074886739254,-0.00017668033251538873,2.4683142783032963e-06,5.614332258119248e-05,7.283979192376777e-13,0.5676828026771545,-3.9628834201721475e-05,-0.014192216098308563,7.077472400851548e-05,0,0,0,0,0,1,0,0,1,0,14
0.3932257890701294,-0.00010648991883499548,0.01099811028689146,-0.00011393794557079673,0.4078662097454071,-0.00040462150354869664,0.11266593635082245,0.008988545276224613,-0.0001673313236096874,2.3376010176434647e-06,5.317014074535109e-05,-5.462363417488292e-13,0.553490400314331,1.4295141227194108e-05,-0.014192917384207249,2.1806623408338055e-05,0,0,0,0,0,1,0,0,1,0,0
0.4043939411640167,5.156853512744419e-05,0.01055722963064909,-0.0005159620777703822,0.4226025640964508,-0.0004448759136721492,0.1432659775018692,0.06874702125787735,0.0010609907330945134,-4.689174602390267e-06,4.344485205365345e-05,-0.00059422169579193,0.5392975807189941,-9.315287570643704e-06,-0.014192567206919193,-6.076990030123852e-05,0,0,0,0,0,1,0,0,1,0,3
0.41346532106399536,-0.000519236025866121,0.008567992597818375,-0.0005182841559872031,0.48936063051223755,0.0007026497623883188,0.35306626558303833,0.06517418473958969,0.0012166408123448491,-4.689174602390267e-06,4.344485205365345e-05,-0.00059422169579193,0.5265582203865051,-3.165133239235729e-05,-0.011041179299354553,-4.5098284317646176e-05,0,0,0,0,0,1,0,0,1,0,13
0.421224445104599,-0.0009591212728992105,0.0073366304859519005,-0.0005570182111114264,0.5087377429008484,0.0012450276408344507,0.335361123085022,-0.025301024317741394,-0.0001801694161258638,-1.9146020349580795e-05,2.465546094754245e-05,-0.0002468168968334794,0.518386721611023,-7.41073745302856e-06,-0.005593778565526009,9.611560471967096e-07,0,0,0,0,0,1,0,0,1,0,13
0.42792266607284546,-0.0017991638742387295,0.006064947694540024,-0.0007786997593939304,0.4837093651294708,0.0010526373516768217,0.18866708874702454,-0.02480985037982464,-0.0002029040188062936,-1.9146020349580795e-05,2.465546094754245e-05,-0.0002468168968334794,0.5153416395187378,5.811369192088023e-05,-0.001970922574400902,2.05710075533716e-05,0,0,0,0,1,0,0,0,1,0,1
0.43386462330818176,-0.0025935592129826546,0.005867200903594494,-0.0008526173769496381,0.46087321639060974,0.0009274973999708891,0.17553932964801788,-0.02149674855172634,-7.036600436549634e-05,-1.6188094377866946e-05,2.3274662908079335e-06,-0.00020413410675246269,0.5121248364448547,0.00013512521400116384,-0.0040738023817539215,7.840988837415352e-05,0,0,0,0,1,0,0,0,1,0,6
0.44062620401382446,-0.0034092979039996862,0.007479681633412838,-0.0007229630136862397,0.4395822584629059,0.0008531012572348118,0.2061029076576233,-0.02112482488155365,-7.817382720531896e-05,-1.6188094377866946e-05,2.3274662908079335e-06,-0.00020413410675246269,0.5071772336959839,0.0001778243313310668,-0.00564911775290966,-7.018339829301112e-07,0,0,0,0,1,0,0,0,1,0,13
0.4489135444164276,-0.003903151024132967,0.008912647143006325,-0.000248656899202615,0.4186556339263916,0.0007691704086028039,0.1397789567708969,-0.020766278728842735,-8.909827738534659e-05,-1.6188094377866946e-05,2.3274662908079335e-06,-0.00020413410675246269,0.5009898543357849,0.00011073402856709436,-0.005727305077016354,-8.765383245190606e-05,0,0,0,0,1,0,0,0,1,0,1
0.4582226574420929,-0.003969020210206509,0.009557429701089859,-4.2143907194258645e-05,0.39939701557159424,0.000738952832762152,0.1473577469587326,-0.018552139401435852,-5.252826213109074e-06,-1.2047120435454417e-05,-2.653540468600113e-05,-0.00014645661576651037,0.4972045123577118,5.28009986737743e-05,-0.0021050958894193172,-3.221869337721728e-05,0,0,0,0,1,0,0,0,1,0,6
0.46822547912597656,-0.004004314541816711,0.010444434359669685,-2.7958822101936676e-05,0.3810478448867798,0.0007324332254938781,0.11166997998952866,-0.0179646797478199,1.250510877071065e-07,-1.1312659808027092e-05,-3.1392752134706825e-05,-0.0001363975170534104,0.4974730908870697,4.2432089685462415e-05,0.0007083073141984642,-2.673288463483914e-06,0,0,0,0,1,0,0,0,1,0,13
0.47883784770965576,-0.0040194629691541195,0.01070568710565567,-8.999422789202072e-06,0.36420997977256775,0.0007704924209974706,0.12106146663427353,-0.01634421944618225,4.836430525756441e-05,-5.14118210048764e-06,-7.046418613754213e-05,-5.51838384126313e-05,0.500628650188446,8.56127735460177e-05,0.0038148360326886177,8.218550647143275e-05,0,0,0,0,1,0,0,0,1,0,7
0.48935943841934204,-0.004023049958050251,0.011056791059672832,-4.928725957142888e-06,0.34848305583000183,0.000825720839202404,0.11340975761413574,-0.01531426515430212,5.570328721660189e-05,-7.782160764691071e-07,-9.059427247848362e-05,-1.824218944304623e-13,0.5056244730949402,0.00014734166325069964,0.005099995993077755,4.9800459237303585e-05,0,0,0,0,1,0,0,0,1,0,7
0.5004667639732361,-0.004049848765134811,0.011729223653674126,-2.4324888272531098e-06,0.33097517490386963,0.0021451201755553484,0.1507631242275238,-0.027871614322066307,0.006342633627355099,-3.090723475906998e-05,-6.51934024062939e-05,-0.004112418740987778,0.5121052861213684,0.00018348349840380251,0.006825083401054144,5.35049730387982e-06,0,0,0,0,1,0,0,0,1,0,6
0.5105916261672974,-0.004708380438387394,0.011237021535634995,-0.00040987078682519495,0.3033123016357422,0.008189341984689236,0.2543533146381378,-0.0274796299636364,0.005802956409752369,-3.090723475906998e-05,-6.51934024062939e-05,-0.004112418740987778,0.5207509994506836,0.0008440320962108672,0.007971957325935364,0.00032599701080471277,0,0,0,0,1,0,0,0,1,0,0
0.5215205550193787,-0.00542818196117878,0.01196296326816082,-0.00039173447294160724,0.27608513832092285,0.013703947886824608,0.21096138656139374,-0.027009472250938416,0.005281153135001659,-3.090723475906998e-05,-6.51934024062939e-05,-0.004112418740987778,0.529400646686554,0.0014920626999810338,0.00805162638425827,0.00033714150777086616,0,0,0,0,1,0,0,0,1,0,6
0.5331615209579468,-0.0061096856370568275,0.012233180925250053,-0.00047848280519247055,0.24990807473659515,0.01861855573952198,0.14222930371761322,-0.024692270904779434,0.004503690637648106,-3.909637962351553e-05,-8.657967555336654e-05,-0.0031348993070423603,0.5378096103668213,0.0019471743144094944,0.00869191624224186,0.0001345761847915128,0,0,0,0,1,0,0,0,1,0,6
0.5455118417739868,-0.006438438314944506,0.012829981744289398,-0.00019899712060578167,0.2254304438829422,0.022947335615754128,0.15383653342723846,-0.024289997294545174,0.004185890778899193,-3.909637962351553e-05,-8.657967555336654e-05,-0.0031348993070423603,0.5473155379295349,0.0020936937071383,0.009680175222456455,7.51419211155735e-05,0,0,0,0,1,0,0,0,1,0,6
0.5583999752998352,-0.0065322015434503555,0.013093984685838223,-4.255637395544909e-05,0.2019452303647995,0.026895806193351746,0.13119761645793915,-0.022640496492385864,0.0037548893596976995,-4.6296583604998887e-05,-0.00011161636939505115,-0.001610258943401277,0.557694137096405,0.002105803694576025,0.010599200613796711,-1.147751299868105e-05,0,0,0,0,1,0,0,0,1,0,16
0.5715566873550415,-0.006569304503500462,0.013419791124761105,-3.0033239454496652e-05,0.17999547719955444,0.030503250658512115,0.11783210188150406,-0.021261857822537422,0.003487189067527652,-4.871531928074546e-05,-0.0001257698459085077,1.1706179428583319e-11,0.5688027143478394,0.0020734001882374287,0.010973034426569939,-4.4044812966603786e-05,0,0,0,0,1,0,0,0,1,0,10
0.5849784016609192,-0.006591161247342825,0.013651418499648571,-1.1695183275151066e-05,0.15954473614692688,0.03385740518569946,0.11180964857339859,-0.019783688709139824,0.003244752064347267,-4.532710227067582e-05,-0.00011702242773026228,0.0,0.5801945328712463,0.0020216568373143673,0.011528179980814457,-6.273665348999202e-05,0,0,0,0,1,0,0,0,1,0,10
