lt_dp_posx,lt_dp_posy,lt_dp_velx,lt_dp_vely,ball_posx,ball_posy,ball_posz,ball_vel_x,ball_vel_y,ball_rot_x,ball_rot_y,ball_rot_z,rt_gk_posx,rt_gk_posy,rt_gk_velx,rt_gk_vely,action_left,action_top_left,action_top,action_top_right,action_right,action_bottom_right,action_bottom,action_bottom_left,action_sprint,action_dribble,sel_action
-1.0110293626785278,-0.0,0.0,-0.0,0.019999999552965164,-0.0,0.11061639338731766,0.0,-0.0,0.0,-0.0,0.0,1.0110293626785278,0.0,-0.0,0.0,0,0,0,0,0,0,0,0,0,0,5
0.0,-0.0,0.0,-0.0,0.019999999552965164,-0.0,0.11059734225273132,0.0,-0.0,0.0,-0.0,0.0,1.0093543529510498,-1.3062736656244134e-11,-0.0035601502750068903,-2.532124683540804e-11,0,0,0,0,1,0,0,0,0,0,5
0.0008584571187384427,1.0602650007962566e-10,0.0032361329067498446,2.350730443634319e-10,0.019999999552965164,-0.0,0.10930104553699493,0.0,-0.0,0.0,-0.0,0.0,1.0049090385437012,-3.6163953776036095e-11,-0.005159658379852772,-1.8880749394489804e-11,0,0,0,0,1,0,0,0,0,0,5
0.004096231423318386,-3.4797248416040816e-10,0.00493439519777894,-2.318572278614539e-10,0.019999999552965164,-0.0,0.11075475811958313,0.0,-0.0,0.0,-0.0,0.0,0.998912513256073,2.26391475011134e-11,-0.006663799285888672,6.781455952342696e-10,0,0,0,0,1,0,0,0,0,0,13
0.00850688572973013,-1.6575797401330306e-09,0.006507073994725943,-3.2048877440793433e-10,0.022672323510050774,-1.4639256473714113e-10,0.12228073924779892,0.008817288093268871,-4.82853368399816e-10,-2.1695017744099987e-12,-1.886427344288677e-05,-1.116133878029113e-12,0.9914822578430176,6.154612375297575e-10,-0.0080326022580266,4.905549855216407e-10,0,0,0,0,1,0,0,0,1,0,0
0.015811625868082047,-1.8209866947671571e-09,0.007932238280773163,-9.366244758945985e-13,0.031158791854977608,-6.106304906161597e-10,0.11370069533586502,0.008200198411941528,-4.482062776478557e-10,-6.279795260188958e-12,-4.86395183543209e-05,0.0,0.9827787280082703,9.276310275474486e-10,-0.009224695153534412,1.550665984506594e-10,0,0,0,0,1,0,0,0,1,0,18
0.02444927766919136,-1.973035068658646e-09,0.00918643455952406,-1.84005075065663e-10,0.039135124534368515,-1.0466013611321046e-09,0.1142716333270073,0.0077840425074100494,-4.2546080547545273e-10,-5.943556410925588e-12,-4.6044453483773395e-05,0.0,0.9734154939651489,1.1028146174041353e-09,-0.009538145735859871,1.89423379759468e-10,0,0,0,0,1,0,0,0,1,0,5
0.033784978091716766,-2.3685120531524717e-09,0.009951051324605942,-2.503857954305744e-10,0.046684496104717255,-1.4592355102038823e-09,0.1103581041097641,0.007355476263910532,-4.020360988565841e-10,-5.616445676592807e-12,-4.3510342948138714e-05,-6.943487444643888e-19,0.963359534740448,1.2422556316948885e-09,-0.010455355979502201,8.885778918221732e-11,0,0,0,0,1,0,0,0,1,0,5
0.04188178479671478,-3.3123774834109554e-09,0.00968557596206665,-1.3774459350912593e-10,0.053802043199539185,-1.8482673169728514e-09,0.10942573845386505,0.006926255766302347,-3.7857589285650306e-10,-5.288664905317431e-12,-4.097104101674631e-05,-6.94296632085798e-19,0.9525248408317566,1.3536354259713335e-09,-0.010928686708211899,2.643592844631115e-10,0,0,0,0,1,0,0,0,1,0,5
0.051588594913482666,-3.621469346626327e-09,0.010509482584893703,-7.845207816714606e-11,0.06646794825792313,2.35405532293953e-05,0.14592452347278595,0.01401703990995884,2.9261658710311167e-05,3.800524837060948e-07,-4.278358755982481e-05,-2.4532710085622966e-08,0.9415563941001892,1.5345553716628046e-09,-0.011242137290537357,1.1674998467992026e-10,0,0,0,0,1,0,0,0,1,0,0
0.06226471811532974,3.1042748105392093e-06,0.01076341513544321,6.492637567134807e-06,0.08029859513044357,5.250162212178111e-05,0.11522287130355835,0.01337926834821701,2.8419548470992595e-05,3.925302110019402e-07,-6.900703738210723e-05,-4.139312004269868e-09,0.9299631714820862,1.580879094298382e-09,-0.011861324310302734,-1.0879123123197498e-11,0,0,0,0,1,0,0,0,1,0,13
0.07347405701875687,1.3919923731009476e-05,0.011549495160579681,1.4640535482612904e-05,0.09333760291337967,8.024697308428586e-05,0.1089916080236435,0.012778393924236298,2.7194189897272736e-05,3.799320040798193e-07,-7.559469668194652e-05,0.0,0.9177908301353455,3.6217369370206143e-07,-0.012411790899932384,9.230335535903578e-07,0,0,0,0,1,0,0,0,1,0,13
0.08539003133773804,3.234916948713362e-05,0.012209135107696056,2.0203657186357304e-05,0.10573760420084,0.00010663590364856645,0.1138913556933403,0.012090741656720638,2.5730758352437988e-05,3.5944762544204423e-07,-7.151895988499746e-05,0.0,0.9051313996315002,2.2831911792309256e-06,-0.012844450771808624,2.750273552010185e-06,0,0,0,0,1,0,0,0,1,0,13
0.09791300445795059,5.510347546078265e-05,0.012757848016917706,2.540054265409708e-05,0.11746183782815933,0.00013158668298274279,0.11149940639734268,0.01142062060534954,2.4304659746121615e-05,3.3952346711885184e-07,-6.755463255103678e-05,-9.109470041354997e-14,0.8920965194702148,5.820235401188256e-06,-0.01317683421075344,3.888974788424093e-06,0,0,0,0,1,0,0,0,1,0,16
0.1109100952744484,8.429737499682233e-05,0.01317543163895607,3.231355003663339e-05,0.128525972366333,0.00015513267135247588,0.11083129793405533,0.010774602182209492,2.2929845727048814e-05,3.2032141916715773e-07,-6.373402720782906e-05,9.107871520776939e-14,0.8787750601768494,1.0107008165505249e-05,-0.013429276645183563,4.618401817424456e-06,0,0,0,0,1,0,0,0,1,0,5
0.12326796352863312,-7.455635932274163e-05,0.0134050864726305,2.965074236271903e-05,0.1389617621898651,0.00017734146967995912,0.11047384887933731,0.010163936764001846,2.163025965273846e-05,3.0217151447686774e-07,-6.0122780269011855e-05,9.106447150172836e-14,0.8652356863021851,1.510249603597913e-05,-0.013621414080262184,5.253283234196715e-06,0,0,0,0,1,0,0,0,1,0,0
0.13409653306007385,-0.0007639703107997775,0.013405034318566322,1.617332236492075e-05,0.1494101732969284,0.00018567799997981638,0.11952247470617294,0.015628632158041,-0.00010573095642030239,-1.1886134387850689e-07,-4.609076859196648e-05,-5.441869532774035e-08,0.8515316843986511,2.0429295545909554e-05,-0.013765166513621807,5.387369583331747e-06,0,0,0,0,1,0,0,0,1,0,0
0.14749972522258759,-0.0007552102906629443,0.013386063277721405,2.691477675398346e-06,0.16475266218185425,8.240561874117702e-05,0.15087661147117615,0.015248211100697517,-0.00010260719136567786,-2.546819644067e-07,-5.0702357839327306e-05,-1.7568024190950382e-07,0.8377040028572083,2.588309689599555e-05,-0.013873857446014881,5.506055003934307e-06,0,0,0,0,1,0,0,0,1,0,16
0.16094502806663513,-0.0007427516975440085,0.013568121008574963,2.9853121304768138e-05,0.17971386015415192,-1.7722502889228053e-05,0.12316930294036865,0.014485813677310944,-9.580390906194225e-05,-1.163223828370974e-06,-8.022507245186716e-05,-1.6499785715495818e-07,0.8237837553024292,2.8398242648108862e-05,-0.013955200091004372,-2.024178456849768e-06,0,0,0,0,1,0,0,0,1,0,13
0.1746366173028946,-0.0006833202787674963,0.013782872818410397,8.321835048263893e-05,0.19386546313762665,-0.00011125911260023713,0.11392627656459808,0.013826592825353146,-9.13859621505253e-05,-1.2764612620230764e-06,-8.177650306606665e-05,-1.8232483123097054e-13,0.8097941279411316,2.039037281065248e-05,-0.014015506021678448,-1.2916349987790454e-05,0,0,0,0,1,0,0,0,1,0,18
0.18851114809513092,-0.0005817314377054572,0.013942577876150608,0.00010091927106259391,0.20730096101760864,-0.00020006028353236616,0.11453936249017715,0.013102725148200989,-8.660159073770046e-05,-1.209777224175923e-06,-7.75043954490684e-05,-3.6456289918308793e-13,0.7957523465156555,2.1306502731022192e-06,-0.014061085879802704,-2.0473904442042112e-05,0,0,0,0,1,0,0,0,1,0,16
0.2025219053030014,-0.0004944555112160742,0.014061085879802704,7.612871559103951e-05,0.2200072705745697,-0.0002840418310370296,0.11015147715806961,0.012381460517644882,-8.18344415165484e-05,-1.1432485962359351e-06,-7.324224861804396e-05,1.8224046674942401e-13,0.7816716432571411,-1.813828021113295e-05,-0.014094745740294456,-2.00987997232005e-05,0,0,0,0,1,0,0,0,1,0,5
0.21642647683620453,-0.0003559378965292126,0.014141171239316463,5.287638123263605e-05,0.23199832439422607,-0.0003632958105299622,0.10926581174135208,0.011680115014314651,-7.719895074842498e-05,-1.0784792721096892e-06,-6.909279909450561e-05,-3.644056085529146e-13,0.7675621509552002,-3.802404535235837e-05,-0.014119990170001984,-1.970967059605755e-05,0,0,0,0,1,0,0,0,1,0,0
0.22822023928165436,0.0005419596564024687,0.014141072519123554,3.084383570239879e-05,0.24330805242061615,-0.0004380467289593071,0.11069923639297485,0.011012773960828781,-7.278820703504607e-05,-1.0168254220843664e-06,-6.514294364023954e-05,9.108450891312861e-14,0.7534308433532715,-5.770201823906973e-05,-0.014138923026621342,-1.9685106963152066e-05,0,0,0,0,1,0,0,0,1,0,5
0.2416539490222931,0.0007155652274377644,0.013533234596252441,8.43359339341987e-06,0.25829312205314636,-0.00033221038756892085,0.15298116207122803,0.015327297151088715,0.00012460675498005003,1.129314881609389e-07,-5.39124412171077e-05,1.380189473820792e-07,0.739283561706543,-7.739358261460438e-05,-0.014152947813272476,-1.9695968148880638e-05,0,0,0,0,1,0,0,0,1,0,0
0.255072683095932,0.0007108026766218245,0.013516930863261223,-2.1707392079406418e-05,0.273441344499588,-0.00020943062554579228,0.11552121490240097,0.014715319499373436,0.0001170975374407135,1.2112703871025587e-06,-7.783572073094547e-05,2.962509313420014e-07,0.7251245975494385,-9.420490823686123e-05,-0.014163466170430183,-1.0074826604977716e-05,0,0,0,0,1,0,0,0,1,0,13
0.26872050762176514,0.0006529261008836329,0.01374465599656105,-8.844534022500739e-05,0.2877890467643738,-9.55045543378219e-05,0.11043890565633774,0.01406596414744854,0.00011167521006427705,1.5602471421516384e-06,-8.321303903358057e-05,-3.6467993880760774e-13,0.7109567523002625,-9.368609607918188e-05,-0.014171179383993149,9.189458069158718e-06,0,0,0,0,1,0,0,0,1,0,6
0.28256216645240784,0.0005335886380635202,0.013913827948272228,-0.00012935268750879914,0.3014344274997711,1.2831660569645464e-05,0.10653679072856903,0.013319575227797031,0.0001057493282132782,1.477407522543217e-06,-7.879489567130804e-05,1.8229431093981507e-13,0.6967824101448059,-7.408830424537882e-05,-0.014176789671182632,2.6518853701418266e-05,0,0,0,0,0,1,0,0,1,0,6
0.29654839634895325,0.00041946733836084604,0.01404004916548729,-0.00010077935439767316,0.31434476375579834,0.00011533188808243722,0.11323023587465286,0.012580487877130508,9.988145029637963e-05,1.3953308553027455e-06,-7.441750494763255e-05,0.0,0.6826034188270569,-4.769703809870407e-05,-0.01418099645525217,2.6286468710168265e-05,0,0,0,0,0,1,0,0,1,0,7
0.3098565340042114,0.0009835049277171493,0.013837204314768314,3.571558772819117e-05,0.3265317380428314,0.00021208911493886262,0.11170319467782974,0.011870079673826694,9.424125892110169e-05,1.3165267773729283e-06,-7.021460623946041e-05,0.0,0.668420672416687,-2.1539324734476395e-05,-0.014183801598846912,2.6052022803924046e-05,0,0,0,0,0,0,1,0,1,0,7
0.32264989614486694,0.0020060380920767784,0.013319885358214378,0.00028766371542587876,0.338969886302948,0.0013416244182735682,0.1336292028427124,0.014310929924249649,0.0035221907310187817,1.7363339793519117e-05,-5.210414019529708e-05,2.519625468266895e-06,0.6542349457740784,1.0073297744384035e-05,-0.014186606742441654,4.0042206819634885e-05,0,0,0,0,0,0,1,0,1,0,12
0.33537307381629944,0.002951043425127864,0.012370768934488297,0.0017559770494699478,0.3531689941883087,0.004834770690649748,0.14247088134288788,0.014119231142103672,0.003473568009212613,1.776994758984074e-05,-5.2519229939207435e-05,2.7834719276143005e-06,0.6400474309921265,6.116482109064236e-05,-0.014188009314239025,6.0132300859550014e-05,0,0,0,0,0,0,1,0,1,0,12
0.3474365174770355,0.005350773222744465,0.011743166483938694,0.0026584670413285494,0.3669070899486542,0.008193118497729301,0.12691408395767212,0.013359233736991882,0.0032473572064191103,4.5365541154751554e-05,-7.902473589638248e-05,0.0,0.6258594989776611,0.00016740895807743073,-0.014184502884745598,0.00025552426814101636,0,0,0,0,0,0,1,0,1,0,6
0.3592875003814697,0.008024691604077816,0.012069940567016602,0.0027058369014412165,0.3799527585506439,0.01136426255106926,0.11835592985153198,0.012735542841255665,0.0030957499984651804,4.3246349378023297e-05,-7.533317693741992e-05,5.832328977412038e-12,0.6117006540298462,0.0007549799629487097,-0.01412910595536232,0.0008588986820541322,0,0,0,0,0,1,0,0,1,0,12
0.3716021180152893,0.010743499733507633,0.0124997952952981,0.002722228178754449,0.3923267126083374,0.014372114092111588,0.11496094614267349,0.012066436931490898,0.0029331038240343332,4.09755484724883e-05,-7.137754437280819e-05,5.831144594958815e-12,0.5976303815841675,0.0019441490294411778,-0.01401270180940628,0.0014586525503546,0,0,0,0,0,1,0,0,1,0,18
0.38428935408592224,0.013469691388309002,0.012817452661693096,0.0027467759791761637,0.40402108430862427,0.017214767634868622,0.1118813157081604,0.011389287188649178,0.0027685011737048626,3.8674170355079696e-05,-6.73686881782487e-05,-5.830010085805526e-12,0.5836769342422485,0.0036268257535994053,-0.013905763626098633,0.001846703002229333,0,0,0,0,0,1,0,0,1,0,12
0.3972247838973999,0.016262449324131012,0.01302116084843874,0.0028303794097155333,0.4150565266609192,0.019897261634469032,0.11103624105453491,0.010748066939413548,0.002612633164972067,3.649795689852908e-05,-6.3577841501683e-05,0.0,0.5698381662368774,0.005672900006175041,-0.013780593872070312,0.0022087085526436567,0,0,0,0,0,1,0,0,1,0,5
0.4102184772491455,0.019266687333583832,0.013024596497416496,0.0028594383038580418,0.42546582221984863,0.022427532821893692,0.10828685760498047,0.010138248093426228,0.0024643992073833942,3.442792149144225e-05,-5.997190601192415e-05,5.828089313236751e-12,0.5561496019363403,0.008108766749501228,-0.013589157722890377,0.0026659390423446894,0,0,0,0,1,0,0,0,1,0,5
0.42224007844924927,0.022418595850467682,0.011615421622991562,0.0021895207464694977,0.4352867603302002,0.024814791977405548,0.1113055869936943,0.009566552937030792,0.002325433073565364,3.248584471293725e-05,-5.658888039761223e-05,0.0,0.5427116751670837,0.01107649877667427,-0.013306912034749985,0.0032129257451742887,0,0,0,0,1,0,0,0,1,0,10
0.4324069023132324,0.0244669821113348,0.008675982244312763,0.0013068817788735032,0.4774307608604431,0.026566198095679283,0.22458678483963013,0.06307832151651382,0.0013447627425193787,1.7083804777939804e-05,-2.197969251938048e-06,0.00035877167829312384,0.5296081900596619,0.014574544504284859,-0.012736461125314236,0.0036478897091001272,0,0,0,0,1,0,0,0,1,0,6
0.44043099880218506,0.025789078325033188,0.007356615737080574,0.0012752256589010358,0.5387798547744751,0.02781243994832039,0.3243751525878906,0.05998125299811363,0.001166480127722025,1.7083804777939804e-05,-2.197969251938048e-06,0.00035877167829312384,0.5187246799468994,0.017909551039338112,-0.009042374789714813,0.003031067317351699,0,0,0,0,0,1,0,0,1,0,9
0.4475494623184204,0.02675703912973404,0.006880129221826792,0.0006606989772990346,0.5971947312355042,0.028883440420031548,0.3179626166820526,0.05717325583100319,0.000993679859675467,1.7083804777939804e-05,-2.197969251938048e-06,0.00035877167829312384,0.5126852989196777,0.020681587979197502,-0.003407282056286931,0.002675906289368868,0,0,0,0,0,1,0,0,1,0,18
0.45389461517333984,0.027366366237401962,0.006115787196904421,0.0005873196641914546,0.6529407501220703,0.029784532263875008,0.21060843765735626,0.0546124130487442,0.0008261018665507436,1.7083804777939804e-05,-2.197969251938048e-06,0.00035877167829312384,0.5118426084518433,0.023704707622528076,0.0014343681978061795,0.0026834781747311354,0,0,0,0,0,1,0,0,1,0,11
0.46072131395339966,0.02795008383691311,0.007521404884755611,0.0005486479494720697,0.7038095593452454,0.03053724765777588,0.15095563232898712,0.04624176025390625,0.0007132209721021354,1.645757583901286e-05,-2.639274316607043e-05,0.00032641724101267755,0.5157751441001892,0.025703279301524162,0.00534408213570714,0.0013681689742952585,0,0,0,0,0,1,0,0,1,0,14
0.469025194644928,0.02838784083724022,0.00891334842890501,0.0003145927330479026,0.7491186857223511,0.031193533912301064,0.15130171179771423,0.04455772414803505,0.0006092095864005387,1.645757583901286e-05,-2.639274316607043e-05,0.00032641724101267755,0.522075891494751,0.02662612497806549,0.006989170331507921,0.0007407231605611742,0,0,0,0,0,0,0,0,1,0,2
0.47830599546432495,0.028577877208590508,0.009332334622740746,0.00015431613428518176,0.7904804348945618,0.031763121485710144,0.13041266798973083,0.038193583488464355,0.0005483085988089442,1.5086922758200672e-05,-5.912379492656328e-05,0.00027206490631215274,0.5298296809196472,0.02728341333568096,0.00835481844842434,0.0005622800090350211,0,1,0,0,0,0,0,0,1,0,1
0.4882248044013977,0.028735576197504997,0.010370858013629913,0.00015839435218367726,0.8260112404823303,0.03228539600968361,0.110960952937603,0.033043667674064636,0.0005065965815447271,1.2841278476116713e-05,-0.00010040149936685339,0.00019150503794662654,0.5388131141662598,0.027694186195731163,0.00931655615568161,0.00026953278575092554,1,0,0,0,0,0,0,0,1,0,10
0.49908238649368286,0.028891559690237045,0.01123757939785719,0.00015520022134296596,0.8566277027130127,0.03277512267231941,0.10929646342992783,0.028976459056138992,0.00047454796731472015,8.819636605039705e-06,-0.00015191049897111952,6.331029726425186e-05,0.5482425689697266,0.02791692689061165,0.009728179313242435,0.00021805604046676308,1,0,0,0,0,0,0,0,1,0,0
0.5107578039169312,0.029051173478364944,0.012005426920950413,0.00016204478743020445,0.8840926289558411,0.03322871774435043,0.10944817960262299,0.02634216472506523,0.0004355151322670281,6.08375012234319e-06,-0.00015581338084302843,-2.9352499163887158e-12,0.5584707260131836,0.028127426281571388,0.010613483376801014,0.000202342082047835,1,0,0,0,0,0,0,0,1,0,8
0.5231031775474548,0.029214270412921906,0.012600421905517578,0.00016349925135727972,0.909205973148346,0.03364391624927521,0.10959083586931229,0.024157114326953888,0.00039938962436281145,5.579165645031026e-06,-0.0001428903196938336,1.465636314569585e-12,0.5693530440330505,0.028320912271738052,0.010801764205098152,0.00018602923955768347,0,0,0,0,0,0,0,1,1,0,14
0.5359638929367065,0.029379069805145264,0.013054819777607918,0.00016660781693644822,0.9323007464408875,0.03402574360370636,0.10968964546918869,0.02226492203772068,0.0003681059752125293,5.142194822838064e-06,-0.0001316988782491535,0.0,0.5804176330566406,0.028506891801953316,0.011372216045856476,0.00018776889191940427,0,0,0,0,0,0,0,0,1,0,18
0.5492159724235535,0.029547160491347313,0.013398773968219757,0.00016911748389247805,0.9536368250846863,0.03437848761677742,0.10976213961839676,0.02060781978070736,0.00034070920082740486,4.759509010909824e-06,-0.00012189770495751873,-1.462780417627041e-12,0.5921269059181213,0.028695937246084213,0.011972119100391865,0.0001907633850350976,0,0,0,0,0,0,0,0,1,0,14
0.562762439250946,0.029717281460762024,0.013656125403940678,0.00017114232468884438,0.9734242558479309,0.03470563516020775,0.10981611907482147,0.019142240285873413,0.00031647866126149893,4.421043740876485e-06,-0.00011322919453959912,0.0,0.604401707649231,0.02889113500714302,0.012502950616180897,0.0001983494294108823,0,0,0,0,0,0,0,0,1,0,13
0.5765289068222046,0.029889892786741257,0.013848262839019299,0.0001737090351525694,0.991835355758667,0.03501002490520477,0.10985682904720306,0.017834659665822983,0.0002948605106212199,4.119065124541521e-06,-0.0001054950334946625,-1.4608692944576007e-12,0.6171389818191528,0.02909250184893608,0.012913171201944351,0.00020359692280180752,0,0,0,0,0,0,0,0,1,0,18
0.5904587507247925,0.030064696446061134,0.01399026159197092,0.00017561980348546058,1.0090135335922241,0.03529403358697891,0.10988790541887283,0.016658926382660866,0.0002754220040515065,3.847527295874897e-06,-9.854062227532268e-05,-7.300716563414522e-13,0.6302319765090942,0.029298653826117516,0.01322732213884592,0.00020835959003306925,0,0,0,0,0,0,0,0,1,0,1
