lt_dp_posx,lt_dp_posy,lt_dp_velx,lt_dp_vely,ball_posx,ball_posy,ball_posz,ball_vel_x,ball_vel_y,ball_rot_x,ball_rot_y,ball_rot_z,rt_gk_posx,rt_gk_posy,rt_gk_velx,rt_gk_vely,action_left,action_top_left,action_top,action_top_right,action_right,action_bottom_right,action_bottom,action_bottom_left,action_sprint,action_dribble,sel_action
-1.0110293626785278,-0.0,0.0,-0.0,0.019999999552965164,-0.0,0.11061639338731766,0.0,-0.0,0.0,-0.0,0.0,1.0110293626785278,0.0,-0.0,0.0,5
0.0022227545268833637,2.2929655396630721e-10,0.003935635089874268,2.4066337811490257e-10,0.019999999552965164,-0.0,0.11059734225273132,0.0,-0.0,0.0,-0.0,0.0,1.0109632015228271,-5.891045572366249e-13,-0.0006619621999561787,-5.891045897626901e-12,5
0.005492288153618574,-1.002862792809367e-09,0.0055781081318855286,-3.5028452360919005e-10,0.019999999552965164,-0.0,0.10930104553699493,0.0,-0.0,0.0,-0.0,0.0,1.007768154144287,-2.2829019924452965e-11,-0.004207386635243893,-2.395543832744984e-11,13
0.011258020997047424,-1.7349559566781636e-09,0.007097138091921806,-1.4400559911198485e-10,0.025691552087664604,4.666567479660877e-11,0.11982817947864532,0.007935377769172192,6.553727005531584e-11,7.881643471555067e-13,-2.8185742849018425e-05,1.0509669035648622e-13,1.0026906728744507,-4.0618862440222614e-11,-0.005775339435786009,-1.0591447857644098e-11,16
0.01913214847445488,-1.8623836917086578e-09,0.008518051356077194,-4.992004587478505e-10,0.033334169536828995,1.1015234557820719e-10,0.10874872654676437,0.007443141657859087,6.189120049793218e-11,8.646267837982002e-13,-4.402924605528824e-05,8.679496307593815e-20,0.9961044192314148,4.530961023041513e-11,-0.007231095340102911,1.6915559231112098e-10,16
0.02826753258705139,-2.2628934281954116e-09,0.009344364516437054,-1.4975792828053613e-10,0.04053959995508194,1.7006689112530893e-10,0.11106738448143005,0.007011249661445618,5.829994126349547e-11,8.144280605817955e-13,-4.1472987504675984e-05,-8.678833916868919e-20,0.9881436228752136,1.7873094670939338e-10,-0.008531177416443825,9.87089229798066e-11,5
0.03761189803481102,-2.0823018864746246e-09,0.009344386868178844,4.50878473445826e-10,0.047318074852228165,2.264312487509912e-10,0.11036119610071182,0.006590736098587513,5.480327650020378e-11,7.655920710759878e-13,-3.898613067576662e-05,0.0,0.9790472984313965,2.4911081530909485e-10,-0.009335489943623543,2.5486407428942925e-10,5
0.046408385038375854,-2.4485893312942153e-09,0.009191141463816166,-5.996361185367505e-10,0.0536840483546257,2.793655584643062e-10,0.11113974452018738,0.006184297613799572,5.142366740762405e-11,7.183677480995798e-13,-3.65813284588512e-05,0.0,0.9695028066635132,4.573135203855827e-10,-0.009924523532390594,1.782820557849618e-10,16
0.05548911169171333,-2.729599657413928e-09,0.009191167540848255,-2.2486128237186875e-10,0.06288012862205505,-2.400175613814781e-10,0.12985756993293762,0.009819586761295795,-6.504026761611215e-10,-4.859316074523612e-12,-4.144199556321837e-05,-1.4801348081211474e-12,0.9590960144996643,5.841686023799753e-10,-0.010777922347187996,8.330391237931778e-11,18
0.0648190900683403,-3.0884470536562958e-09,0.009191181510686874,-2.111568142559861e-10,0.07243544608354568,-8.707379262062886e-10,0.11868171393871307,0.009330241940915585,-6.150225329015768e-10,-8.591960476422855e-12,-5.5192416766658425e-05,-1.389257490203476e-18,0.9481951594352722,7.761178366649801e-10,-0.01080527063459158,1.9716116239631987e-10,13
0.07424911856651306,-3.5660823183292223e-09,0.009191123768687248,-1.1060668353435332e-10,0.0818668007850647,-1.4645776813537736e-09,0.1295962780714035,0.010049599222838879,-5.701557004300639e-10,-5.3565086394202766e-12,-3.9874012145446613e-05,-1.37245488411597e-12,0.9369930624961853,8.978200405351799e-10,-0.011505099013447762,6.073270358841754e-11,18
0.08344029635190964,-3.6213854137656654e-09,0.009191211313009262,-1.0056389748713812e-11,0.09178996086120605,-2.0275623402454812e-09,0.11329358071088791,0.009771052747964859,-5.54362999949376e-10,-6.6610163565461455e-12,-4.966718188370578e-05,-8.966187167724904e-13,0.9251608848571777,1.0078040624250661e-09,-0.012094132602214813,5.130815772247388e-10,0
0.09307796508073807,-4.7637453981508315e-09,0.009191148914396763,-1.6088279319870225e-10,0.1012742817401886,-2.565665235820802e-09,0.11333652585744858,0.009293124079704285,-5.272563496916405e-10,-7.366052212631757e-12,-5.497433812706731e-05,-1.3892457028797472e-18,0.9127786755561829,1.756778833517103e-09,-0.012599019333720207,6.84786394256065e-10,5
0.10239410400390625,-5.131331803909234e-09,0.009191211313009262,-6.032813831824413e-11,0.11105363816022873,-3.1421103496853675e-09,0.13134798407554626,0.009812886826694012,-5.831647387211092e-10,-6.1804532845710636e-12,-4.61364361399319e-05,-1.1742014695628744e-12,0.899957001209259,2.122208853094776e-09,-0.012988202273845673,8.631734216280051e-11,0
0.11179530620574951,-6.0086375874846e-09,0.009191148914396763,-2.1115194315246555e-10,0.12063352763652802,-3.7111367312547827e-09,0.12177181988954544,0.009364115074276924,-5.561245908225487e-10,-7.769051027506357e-12,-5.5392109061358497e-05,-1.3892680367562861e-18,0.8867981433868408,2.3150064087928968e-09,-0.013286225497722626,1.999548859821232e-10,0
0.12134790420532227,-7.449203476284083e-09,0.009191211313009262,-1.1061348365037915e-10,0.13006798923015594,-4.316824675498765e-09,0.12717139720916748,0.009909938089549541,-7.383067490707163e-10,-6.152371147261082e-12,-4.0672097384231165e-05,-1.5607133641015736e-12,0.8733821511268616,2.3824191508481363e-09,-0.01351272314786911,-4.233848688306452e-11,16
0.13053907454013824,-7.504506349675921e-09,0.009191211313009262,-1.0056389748713812e-11,0.1397995501756668,-5.040825978852581e-09,0.10971716791391373,0.009557281620800495,-7.103113652817683e-10,-9.787355821633259e-12,-5.5981996410991997e-05,-1.211803010367496e-13,0.8597712516784668,2.830157441735537e-09,-0.013683823868632317,1.126135407147899e-09,16
0.14017674326896667,-1.0718709475554533e-08,0.009191148914396763,-1.6087857435120867e-10,0.1490945965051651,-5.731596086633317e-09,0.11257560551166534,0.009082550182938576,-6.749785175230727e-10,-9.429023534179848e-12,-5.3724172175861895e-05,2.0837694994412676e-18,0.8460135459899902,3.5722036439977956e-09,-0.013812148943543434,4.209506632157911e-10,5
0.14949288964271545,-1.1666110744101843e-08,0.009191211313009262,-6.032473826023121e-11,0.15878832340240479,-6.756474046909489e-09,0.13265395164489746,0.00977813359349966,-1.1027407875729978e-09,-9.714832237273097e-12,-4.3342533899703994e-05,-2.2745052369321783e-12,0.8321455717086792,3.776642554242926e-09,-0.01390891894698143,1.3865204540053355e-09,18
0.15889409184455872,-1.5330728686535622e-08,0.009191323071718216,-2.111550656547223e-10,0.1683354526758194,-7.83117037883585e-09,0.12190583348274231,0.009327796287834644,-1.0491532087542055e-09,-1.4656650892952428e-11,-5.517725367099047e-05,4.1677697822734375e-18,0.818195104598999,4.7763926147581515e-09,-0.013981145806610584,6.69990785073793e-10,0
0.16844668984413147,-2.1567625907437105e-08,0.009191211313009262,-1.1061348365037915e-10,0.17772646248340607,-9.233629860716519e-09,0.12697429955005646,0.009845808148384094,-2.250669206560474e-09,-1.5841701214713844e-11,-4.052622534800321e-05,-4.363264090312402e-12,0.8041828274726868,5.040615924656322e-09,-0.014035141095519066,-6.867446195046867e-11,16
0.17763786017894745,-2.1622927448561313e-08,0.009191211313009262,-1.0049590500049721e-11,0.18738994002342224,-1.1436362967742753e-08,0.10896318405866623,0.009487095288932323,-2.1583552722859167e-09,-3.017828348328422e-11,-5.614900874206796e-05,0.0,0.7901244759559631,5.756073395701833e-09,-0.014075811952352524,8.340139689977377e-10,18
0.18727552890777588,-4.1700999986460374e-08,0.009191148914396763,-1.6090441479210682e-10,0.19661939144134521,-1.3536107346112658e-08,0.11255209892988205,0.009019378572702408,-2.0519614896130633e-09,-2.8664641840703275e-11,-5.335058449418284e-05,0.0,0.7760317921638489,6.073149982910309e-09,-0.014105264097452164,-1.0650661602662481e-10,16
0.19659167528152466,-4.736782699410469e-08,0.009191211313009262,-6.032473826023121e-11,0.20626148581504822,-1.8288313086145536e-08,0.13225653767585754,0.00972528476268053,-5.371727507252899e-09,-4.338963563443876e-11,-4.349039591033943e-05,-1.0747153167400825e-11,0.7619132995605469,6.117937711991317e-09,-0.014127703383564949,1.1686965839530217e-09,5
0.20599287748336792,-7.898060516708938e-08,0.009191323071718216,-2.111028574169893e-10,0.21575474739074707,-2.3517731762012772e-08,0.12200718373060226,0.009276563301682472,-5.104824563062493e-09,-7.131430862505894e-11,-5.4874199122423306e-05,0.0,0.7477754950523376,6.683568365417614e-09,-0.014145233668386936,7.178861671786052e-11,0
0.21554547548294067,-1.3330995329852158e-07,0.009191211313009262,-1.1074947209310793e-10,0.22510144114494324,-3.212511145989083e-08,0.12686999142169952,0.009813455864787102,-1.6840964178754803e-08,-1.067450919323143e-10,-4.0380564314546064e-05,-3.0666632427900353e-11,0.7336235046386719,6.1509459747810524e-09,-0.014157154597342014,-1.0274108230845513e-09,0
0.22473664581775665,-1.333652335233637e-07,0.009191211313009262,-1.0008793273341698e-11,0.23473036289215088,-4.858970470422719e-08,0.1085849404335022,0.009451333433389664,-1.6122172041832528e-08,-2.2542104294309695e-10,-5.593462265096605e-05,4.445752016209947e-17,0.7194607257843018,6.098716198721377e-09,-0.014166271314024925,-1.0782434944900388e-09,16
0.23437431454658508,-3.5721870972338365e-07,0.009191148914396763,-1.6090659360479265e-10,0.24392534792423248,-6.427467980074653e-08,0.11254057288169861,0.008986196480691433,-1.5328858182783733e-08,-2.14134848741665e-10,-5.31543446413707e-05,4.4452801923885465e-17,0.7052900791168213,3.4428779827067046e-09,-0.014173283241689205,-3.94696630934277e-09,16
0.24369044601917267,-4.199129648441158e-07,0.009191211313009262,-6.04879271670633e-11,0.2535419464111328,-1.1154062917739793e-07,0.1320638507604599,0.009699787944555283,-5.464557872869591e-08,-4.2674200284587016e-10,-4.3547832319745794e-05,-1.0699785502055192e-10,0.6911137104034424,-8.508606597068535e-10,-0.014178192242980003,-4.3686547712695756e-09,13
0.2530916631221771,-8.500296075908409e-07,0.009191323071718216,-2.1173385267303502e-10,0.2630087435245514,-1.64711551065011e-07,0.1220557913184166,0.009250661358237267,-5.1898673802952544e-08,-7.250236522260423e-10,-5.472099292092025e-05,8.891085809902187e-17,0.6769329905509949,-6.8401551089891655e-09,-0.014182399027049541,-7.315435368582257e-09,13
0.2626442611217499,-1.5900933476586943e-06,0.009191211313009262,-1.1140222078154238e-10,0.2723287343978882,-2.6610044301378366e-07,0.12403806298971176,0.009776036255061626,-2.1685580975372432e-07,-1.4198721087765875e-09,-4.1281997255282477e-05,-3.976156626173122e-10,0.6627489328384399,-1.5612616977023208e-08,-0.014185204170644283,-8.621636737871086e-09,6
0.27183544635772705,-1.5901487131486647e-06,0.009191211313009262,-1.0443958198269598e-11,0.2818859815597534,-4.772142006004287e-07,0.10556340217590332,0.009367993101477623,-2.0661592259330064e-07,-2.886564764992272e-09,-5.541784776141867e-05,0.0,0.6485622525215149,-3.1509024722709e-08,-0.014188009314239025,-2.1848977738159192e-08,0
0.2814731001853943,-4.356280442152638e-06,0.009191148914396763,-1.6069770514270942e-10,0.2910000681877136,-6.78230037465255e-07,0.1125287339091301,0.008907529525458813,-1.964601921145004e-07,-2.74443312520134e-09,-5.268907989375293e-05,7.112325488044322e-16,0.6343739032745361,-6.063426383207116e-08,-0.01418871060013771,-3.507880919073614e-08,17
0.29078924655914307,-5.130442787049105e-06,0.009191211313009262,-6.266374918961759e-11,0.30060309171676636,-1.268865162273869e-06,0.13205985724925995,0.00970183964818716,-6.816288760091993e-07,-5.318963935962984e-09,-4.339741281000897e-05,-1.3456327163652304e-09,0.6210532784461975,-9.676971757244246e-08,-0.011890075169503689,-3.242337598408085e-08,0
0.29999327659606934,-0.0008405244443565607,0.0082723218947649,-5.703794103695259e-10,0.3100713789463043,-1.93207210941182e-06,0.12204530835151672,0.009251780807971954,-6.473178473243024e-07,-9.043019666421515e-09,-5.4727606766391546e-05,1.4225742589799419e-15,0.6118153929710388,-1.2176248276318802e-07,-0.006782307289540768,-1.8225577491648437e-08,6
0.3087489604949951,-0.0022780473809689283,0.008272073231637478,-1.7824355325046781e-09,0.3192026913166046,-0.00011781760986195877,0.12513935565948486,0.00915479939430952,-0.0003812722279690206,-2.2077990706748096e-06,-3.949415258830413e-05,-5.475144462252501e-07,0.6058766841888428,-1.3771732199074904e-07,-0.005514481570571661,-1.4815625171138436e-08,3
0.3170210123062134,-0.0022780473809689283,0.008271722123026848,-0.0,0.32815343141555786,-0.0004887067480012774,0.11362626403570175,0.00876444298774004,-0.00036257324973121285,-5.064660399511922e-06,-5.1839902880601585e-05,3.6413978928527546e-13,0.6021387577056885,-1.4775942247524654e-07,-0.002450802829116583,-6.584698120093435e-09,11
0.32639825344085693,-0.0020806402899324894,0.009387264028191566,-6.335756097541889e-06,0.33667847514152527,-0.0008413781761191785,0.11439115554094315,0.008320081979036331,-0.0003441905719228089,-4.80823109683115e-06,-4.921520667267032e-05,0.0,0.6012765169143677,-8.40186021378031e-06,0.001429109019227326,-3.0308743589557707e-05,18
0.3365545868873596,-0.0020899218507111073,0.00914054736495018,-0.0004616436781361699,0.35596969723701477,-0.001580882235430181,0.18229344487190247,0.06380970776081085,-0.002343693282455206,-3.909026872861432e-06,6.088168902351754e-06,-0.0002533079241402447,0.6044224500656128,-0.0001116147541324608,0.0037378210108727217,-0.0003304725978523493,7
0.34500473737716675,-0.0025957690086215734,0.008580263704061508,-0.0004275136161595583,0.4179891347885132,-0.003814785974100232,0.46869680285453796,0.06060611829161644,-0.002146567916497588,-3.909026872861432e-06,6.088168902351754e-06,-0.0002533079241402447,0.6070807576179504,-0.0019713935907930136,0.0017218617722392082,-0.002183589618653059,6
0.35262584686279297,-0.0029746254440397024,0.007100666407495737,-0.0006391849601641297,0.4769837260246277,-0.005860387347638607,0.6596009731292725,0.05771997943520546,-0.0019652426708489656,-3.909026872861432e-06,6.088168902351754e-06,-0.0002533079241402447,0.6077081561088562,-0.004785988479852676,0.0002864311099983752,-0.002447306178510189,6
0.3592425286769867,-0.0037511701229959726,0.006083881016820669,-0.000714393041562289,0.5332452058792114,-0.007732626050710678,0.7594931125640869,0.055105991661548615,-0.001798172714188695,-3.909026872861432e-06,6.088168902351754e-06,-0.0002533079241402447,0.6079118251800537,-0.007295476738363504,0.00030491192592307925,-0.0010372551623731852,9
0.3655666708946228,-0.004470694810152054,0.006881881970912218,-0.0007208240567706525,0.5870245099067688,-0.009444964118301868,0.7721235156059265,0.0527266226708889,-0.0016439324244856834,-3.909026872861432e-06,6.088168902351754e-06,-0.0002533079241402447,0.6081235408782959,-0.009276509284973145,0.00016432470874860883,-0.0002959448902402073,7
0.3732810616493225,-0.005107509437948465,0.008367790840566158,-0.0005374862812459469,0.605239987373352,-0.00915144756436348,0.9523302316665649,0.003612017957493663,0.001109516597352922,-3.965996711485786e-06,3.319662255307776e-06,-0.00020266138017177582,0.6082839369773865,-0.010043848305940628,0.0009719063527882099,0.00034289780887775123,2
0.3822958171367645,-0.005447623319923878,0.009186127223074436,-0.00019864531350322068,0.6088427305221558,-0.00804468896239996,1.1436960697174072,0.0035957517102360725,0.0011046878062188625,-3.965996711485786e-06,3.319662255307776e-06,-0.00020266138017177582,0.6107726097106934,-0.009119315072894096,0.003229169175028801,0.0012400689302012324,12
0.3914839029312134,-0.005600756499916315,0.009189633652567863,-0.00011589039786485955,0.6124311089515686,-0.0069421730004251,1.2364448308944702,0.0035827585961669683,0.0011008473811671138,-3.965996711485786e-06,3.319662255307776e-06,-0.00020266138017177582,0.6141435503959656,-0.007769598159939051,0.003239687765017152,0.0013377892319113016,7
0.40067437291145325,-0.005671121180057526,0.009191036224365234,-3.311408727313392e-05,0.6160075664520264,-0.005843223538249731,1.2309812307357788,0.0035710216034203768,0.0010974012548103929,-3.965996711485786e-06,3.319662255307776e-06,-0.00020266138017177582,0.6173511147499084,-0.0063990079797804356,0.003180083120241761,0.0013972512679174542,6
0.4098655581474304,-0.005680955480784178,0.00919138640165329,-5.9604644775390625e-06,0.6195716857910156,-0.004747812170535326,1.1276463270187378,0.003558278316631913,0.0010937043698504567,-3.965996711485786e-06,3.319662255307776e-06,-0.00020266138017177582,0.6204572916030884,-0.005066331941634417,0.00257706455886364,0.0012189078843221068,11
0.4190567433834076,-0.005685094278305769,0.00919138640165329,-2.6486991373531055e-06,0.6231216788291931,-0.003656446235254407,0.926883339881897,0.003542928956449032,0.001089333207346499,-3.965996711485786e-06,3.319662255307776e-06,-0.00020266138017177582,0.6222789287567139,-0.004615341778844595,0.0006585398223251104,0.00035157258389517665,18
0.42824786901474,-0.005686113145202398,0.009191036224365234,-2.9231944154162193e-07,0.6266546845436096,-0.0025698982644826174,0.6293463110923767,0.0035242647863924503,0.001084145624190569,-3.965996711485786e-06,3.319662255307776e-06,-0.00020266138017177582,0.6229640245437622,-0.004998716060072184,1.1767534857654027e-07,-1.6398407076678723e-09,18
