lt_dp_posx,lt_dp_posy,lt_dp_velx,lt_dp_vely,ball_posx,ball_posy,ball_posz,ball_vel_x,ball_vel_y,ball_rot_x,ball_rot_y,ball_rot_z,rt_gk_posx,rt_gk_posy,rt_gk_velx,rt_gk_vely,action_left,action_top_left,action_top,action_top_right,action_right,action_bottom_right,action_bottom,action_bottom_left,action_sprint,action_dribble,sel_action
-1.0110293626785278,-0.0,0.0,-0.0,0.019999999552965164,-0.0,0.11061639338731766,0.0,-0.0,0.0,-0.0,0.0,1.0110293626785278,0.0,-0.0,0.0,0,0,0,0,0,0,0,0,0,0,5
0.0022227545268833637,2.2929655396630721e-10,0.003935635089874268,2.4066337811490257e-10,0.019999999552965164,-0.0,0.11059734225273132,0.0,-0.0,0.0,-0.0,0.0,1.0110293626785278,0.0,-0.0,0.0,0,0,0,0,1,0,0,0,0,0,5
0.005492288153618574,-1.002862792809367e-09,0.0055781081318855286,-3.5028452360919005e-10,0.019999999552965164,-0.0,0.10930104553699493,0.0,-0.0,0.0,-0.0,0.0,1.0109632015228271,-5.919738982861078e-13,-0.0006619621999561787,-5.919739091281295e-12,0,0,0,0,1,0,0,0,0,0,13
0.011258020997047424,-1.7349559566781636e-09,0.007097138091921806,-1.4400559911198485e-10,0.02613241598010063,8.085380975852985e-11,0.12355232983827591,0.008568954654037952,1.1341056566083196e-10,1.1302735006615827e-12,-2.767669502645731e-05,2.642899462647341e-13,1.007768154144287,-2.3716334451862053e-11,-0.004207386635243893,-2.5761105054700195e-11,0,0,0,0,1,0,0,0,1,0,13
0.019116541370749474,-1.8631820530856658e-09,0.008456594310700893,-4.949253229469264e-10,0.03438994288444519,1.9058585265518957e-10,0.1135716438293457,0.008042585104703903,1.0699347657849856e-10,1.4947178694421637e-12,-4.7575442295055836e-05,-5.208289477188206e-19,1.0026906728744507,-4.5022346961687276e-11,-0.005775339435786009,-1.5750878032405602e-11,0,0,0,0,1,0,0,0,1,0,13
0.028236890211701393,-2.3748774058418576e-09,0.009634762071073055,-4.0017664182379065e-10,0.04218526929616928,2.9428998127301043e-10,0.11218273639678955,0.0075953006744384766,1.0104311137792976e-10,1.4115468776471074e-12,-4.492818334256299e-05,-2.603921658322655e-19,0.9961044192314148,2.773517804310899e-10,-0.007231095340102911,6.301238975048307e-10,0,0,0,0,1,0,0,0,1,0,0
0.03704652190208435,-5.20432186235098e-09,0.00938516203314066,-2.1207707812109788e-10,0.049537427723407745,3.9209838154086185e-10,0.10981394350528717,0.007154524326324463,9.517932275660002e-11,1.329641258207559e-12,-4.232118226354942e-05,-8.679049113075153e-20,0.9881436228752136,7.737434026822143e-10,-0.008531177416443825,3.665219239223916e-10,0,0,0,0,1,0,0,0,1,0,18
0.04534921795129776,-8.814731167205991e-09,0.00997435487806797,-1.1778690522934454e-10,0.05795997008681297,5.932316071266541e-06,0.12540970742702484,0.014211541041731834,2.9575925509561785e-05,3.780839108458167e-07,-4.0131657442543656e-05,-2.7472102814840582e-08,0.9790472984313965,6.511663208641494e-09,-0.009335489943623543,5.572395878061798e-08,0,0,0,0,1,0,0,0,1,0,0
0.05578583478927612,2.546310042816913e-07,0.010675542056560516,1.7568816019775113e-06,0.07197585701942444,3.519931124174036e-05,0.13791753351688385,0.01393982395529747,2.9110999093973078e-05,3.802951482612116e-07,-4.303433888708241e-05,-2.3596692599880953e-08,0.9695028066635132,3.356112756591756e-07,-0.009924523532390594,5.407561616266321e-07,0,0,0,0,1,0,0,0,1,0,16
0.06658975034952164,6.478378963947762e-06,0.011097683571279049,9.716845852381084e-06,0.08547692000865936,6.369734182953835e-05,0.12546423077583313,0.01309848204255104,2.788333222270012e-05,3.8953197645241744e-07,-7.74825966800563e-05,1.8228120564605516e-13,0.9590960144996643,1.2148943824286107e-06,-0.010777922347187996,1.160457827609207e-06,0,0,0,0,1,0,0,0,1,0,18
0.07809735089540482,2.0646250050049275e-05,0.011819513514637947,1.7891850802698173e-05,0.09826084971427917,9.0911089500878e-05,0.11673512309789658,0.012486758641898632,2.6581135898595676e-05,3.7133813179934805e-07,-7.38637027097866e-05,4.556157358402528e-14,0.9481951594352722,2.766973921097815e-06,-0.01080527063459158,1.913841515488457e-06,0,0,0,0,1,0,0,0,1,0,18
0.09026898443698883,4.082795203430578e-05,0.012446238659322262,2.1831883714185096e-05,0.11037706583738327,0.00011670342792058364,0.10918886214494705,0.011812664568424225,2.514615516702179e-05,3.5130068454236607e-07,-6.987801316427067e-05,0.0,0.9369930624961853,5.199989573156927e-06,-0.011505099013447762,2.8478134481702e-06,0,0,0,0,1,0,0,0,1,0,13
0.10299727320671082,6.598165055038407e-05,0.012938853353261948,2.81723405350931e-05,0.1218203753232956,0.00014106332673691213,0.11094451695680618,0.011146964505314827,2.372904600633774e-05,3.3148521083603555e-07,-6.593647412955761e-05,-4.5543911253009134e-14,0.9251608848571777,8.517855349055026e-06,-0.012094132602214813,3.573365574993659e-06,0,0,0,0,1,0,0,0,1,0,13
0.1159718781709671,9.744902490638196e-05,0.0133123230189085,3.2997369999065995e-05,0.13261619210243225,0.0001640448608668521,0.11041784286499023,0.010513968765735626,2.2381571398000233e-05,3.126672254438745e-07,-6.219332863111049e-05,0.0,0.9127786755561829,1.2418030564731453e-05,-0.012599019333720207,4.215237368043745e-06,0,0,0,0,1,0,0,0,1,0,5
0.12801070511341095,-0.0008504538564011455,0.013405040837824345,2.4277913325931877e-05,0.1427992284297943,0.0001857219758676365,0.10927613824605942,0.009918026626110077,2.1112968170200475e-05,2.9494785280803626e-07,-5.866869832971133e-05,0.0,0.899957001209259,1.7035194105119444e-05,-0.012988903559744358,4.937973244523164e-06,0,0,0,0,1,0,0,0,1,0,18
0.14035838842391968,-0.001684760209172964,0.013405084609985352,1.0790864507725928e-05,0.15544183552265167,9.336508810520172e-05,0.14521777629852295,0.015446971170604229,-0.0002039567189058289,-5.854269033989112e-07,-5.07025615661405e-05,-3.562485915153957e-07,0.8867981433868408,2.110192144755274e-05,-0.013286225497722626,2.7213056910113664e-06,0,0,0,0,1,0,0,0,1,0,18
0.15374325215816498,-0.0016790316440165043,0.01340525969862938,1.0466461390024051e-05,0.17078307271003723,-0.00010918582847807556,0.1347978413105011,0.015252586454153061,-0.00020139612024649978,-5.854269033989112e-07,-5.07025615661405e-05,-3.562485915153957e-07,0.8733821511268616,2.187724930990953e-05,-0.01351272314786911,-7.716831760262721e-07,0,0,0,0,1,0,0,0,1,0,16
0.16729561984539032,-0.001623454736545682,0.013661209493875504,0.0001016629976220429,0.18547365069389343,-0.00030086535844020545,0.13011689484119415,0.01430339366197586,-0.00018540812015999109,-2.590201120256097e-06,-8.461144898319617e-05,7.294198339953539e-13,0.8597712516784668,1.7815000319387764e-05,-0.013683823868632317,-9.664727258495986e-06,0,0,0,0,1,0,0,0,1,0,16
0.18106529116630554,-0.0014636911218985915,0.01384966541081667,0.00020584992307703942,0.19946564733982086,-0.00048223708290606737,0.11943783611059189,0.01366458646953106,-0.00017712755652610213,-2.474387429174385e-06,-8.082827116595581e-05,-7.292600768052382e-13,0.8460135459899902,-1.8190952459917753e-06,-0.01381285022944212,-2.7505404432304204e-05,0,0,0,0,1,0,0,0,1,0,18
0.19499659538269043,-0.001262617064639926,0.013992365449666977,0.00018073005776386708,0.21275845170021057,-0.0006545452051796019,0.11408834904432297,0.012966747395694256,-0.00016808186774142087,-2.34811227528553e-06,-7.670333434361964e-05,-7.290941938728479e-13,0.8321456909179688,-3.8473728636745363e-05,-0.01390891894698143,-4.2730356653919443e-05,0,0,0,0,1,0,0,0,1,0,5
0.20904988050460815,-0.0011091841151937842,0.014098427258431911,0.00013186546857468784,0.22531825304031372,-0.0008173518581315875,0.11153007298707962,0.012230283580720425,-0.0001585355494171381,-2.2147316940390738e-06,-7.234630174934864e-05,0.0,0.8181952834129333,-8.09288103482686e-05,-0.013981145806610584,-4.2219711758662015e-05,0,0,0,0,1,0,0,0,1,0,18
0.22318220138549805,-0.00018575153080746531,0.01414050068706274,8.681716280989349e-05,0.23715901374816895,-0.0009708380093798041,0.10937228798866272,0.011528147384524345,-0.00014943414134904742,-2.0875968402833678e-06,-6.819327973062173e-05,1.093169608654132e-12,0.8041830658912659,-0.00012283842079341412,-0.014035141095519066,-4.164794518146664e-05,0,0,0,0,1,0,0,0,1,0,16
0.23729483783245087,0.001282611396163702,0.013974133878946304,4.289609569241293e-05,0.2497829645872116,-0.0009956957073882222,0.13529397547245026,0.01570911891758442,0.0002553858212195337,1.8371947874129546e-07,-5.40209912287537e-05,2.445676159368304e-07,0.7901242971420288,-0.00016304657037835568,-0.01407651323825121,-3.827256659860723e-05,0,0,0,0,1,0,0,0,1,0,18
0.25087523460388184,0.0013017321471124887,0.01334442850202322,1.8956202438857872e-06,0.26538506150245667,-0.0007420980837196112,0.1472318023443222,0.015512268990278244,0.0002521432179491967,1.8371947874129546e-07,-5.40209912287537e-05,2.445676159368304e-07,0.7760310769081116,-0.00019879206956829876,-0.01410596538335085,-3.3671545679681e-05,0,0,0,0,1,0,0,0,1,0,0
0.2643756568431854,0.0012568995589390397,0.013615804724395275,-0.00010046608804259449,0.28050497174263,-0.000499174406286329,0.12764163315296173,0.014647075906395912,0.0002317806356586516,3.238761792090372e-06,-8.664878987474367e-05,-7.295089012038236e-13,0.7619121074676514,-0.0002282177738379687,-0.014128404669463634,-2.054390643024817e-05,0,0,0,0,1,0,0,0,1,0,6
0.27810588479042053,0.001077346270903945,0.013814427889883518,-0.0002420244418317452,0.29486343264579773,-0.0002719606854952872,0.11428900063037872,0.014039356261491776,0.00022216394427232444,3.103063590970123e-06,-8.303278445964679e-05,-1.0940282967747406e-12,0.7477737069129944,-0.0002306157402927056,-0.014145233668386936,1.246056126547046e-05,0,0,0,0,0,1,0,0,1,0,16
0.292005717754364,0.0008094380027614534,0.013964666984975338,-0.0002506728342268616,0.3085183799266815,-5.588006024481729e-05,0.11413146555423737,0.013326795771718025,0.0002108881453750655,2.9459959023370175e-06,-7.882990757934749e-05,-3.6458929950598795e-13,0.73362135887146,-0.00019997198251076043,-0.0141578558832407,4.552830432658084e-05,0,0,0,0,0,1,0,0,1,0,13
0.30534619092941284,0.0012714307522401214,0.013775472529232502,-0.00010441692575113848,0.3214338719844818,0.0001484993117628619,0.11155050992965698,0.01257384940981865,0.00019897321180906147,2.7795351797976764e-06,-7.437570457113907e-05,-3.645022651765917e-13,0.7194585800170898,-0.00015174875443335623,-0.014166271314024925,4.760718366014771e-05,0,0,0,0,0,1,0,0,1,0,7
0.3182236850261688,0.00220148335210979,0.013302354142069817,0.00015490612713620067,0.3343842625617981,0.001308086677454412,0.13415035605430603,0.014418902806937695,0.003385754767805338,1.7221855159732513e-05,-5.370711733121425e-05,2.283672074554488e-06,0.7052879333496094,-0.000104897866549436,-0.014173283241689205,4.623091808753088e-05,0,0,0,0,0,0,1,0,1,0,12
0.33096182346343994,0.0029888981953263283,0.012405830435454845,0.0015811414923518896,0.348695307970047,0.004667386412620544,0.14289119839668274,0.014230398461222649,0.003340427065268159,1.7507192751509137e-05,-5.4006388381822035e-05,2.4643488814035663e-06,0.6911122798919678,-3.76777916244464e-06,-0.014174685813486576,0.00023037967912387103,0,0,0,0,0,0,1,0,1,0,12
0.34307563304901123,0.005247520748525858,0.011804173700511456,0.002541371388360858,0.3625495433807373,0.007898944430053234,0.12698572874069214,0.013478588312864304,0.0031264147255569696,4.367595465737395e-05,-7.97307220636867e-05,-5.833720225639771e-12,0.6769475340843201,0.00042986098560504615,-0.014152947813272476,0.0005998472333885729,0,0,0,0,0,0,1,0,1,0,12
0.3549879789352417,0.0078035094775259495,0.012131649069488049,0.00258619268424809,0.37571239471435547,0.01095212996006012,0.11834511160850525,0.01284999679774046,0.0029806112870573997,4.16378716181498e-05,-7.601013930980116e-05,0.0,0.6628175377845764,0.0012310432502999902,-0.014109470881521702,0.0009533989359624684,0,0,0,0,0,0,1,0,1,0,12
0.3673641085624695,0.010401381179690361,0.012561152689158916,0.00260048802010715,0.3881969749927521,0.013847971335053444,0.11497858166694641,0.012173923663794994,0.0028237910009920597,3.944841955672018e-05,-7.201331754913554e-05,-5.831330644051613e-12,0.6487271189689636,0.0023038270883262157,-0.014073006808757782,0.0011703757336363196,0,0,0,0,0,0,1,0,1,0,12
0.38011181354522705,0.013005062006413937,0.012877758592367172,0.002623417181894183,0.3999952971935272,0.01658462919294834,0.11188367754220963,0.011490249074995518,0.0026652098167687654,3.7231242458801717e-05,-6.796584057155997e-05,-5.830174450854875e-12,0.6346779465675354,0.0035932438913732767,-0.014028128236532211,0.0013867063680663705,0,0,0,0,0,0,1,0,1,0,5
0.3931088447570801,0.015673572197556496,0.013083569705486298,0.0027055374812334776,0.411128431558609,0.019166996702551842,0.11103726178407669,0.010842985473573208,0.0025150745641440153,3.513507544994354e-05,-6.413928349502385e-05,0.0,0.6206811666488647,0.005108153447508812,-0.013967822305858135,0.0016261836281046271,0,0,0,0,1,0,0,0,1,0,5
0.40615034103393555,0.018546655774116516,0.013087272644042969,0.0027348888106644154,0.4216294288635254,0.021602747961878777,0.10828572511672974,0.010227538645267487,0.002372319810092449,3.314154673716985e-05,-6.050008596503176e-05,-5.82821898381658e-12,0.6067522168159485,0.0068711466155946255,-0.013894894160330296,0.0018747372087091208,0,0,0,0,1,0,0,0,1,0,5
0.41817083954811096,0.021557457745075226,0.011663764715194702,0.0020784896332770586,0.4315367639064789,0.023900792002677917,0.11130554974079132,0.009650694206357002,0.002238516928628087,3.1271625630324706e-05,-5.708654134650715e-05,2.9137005308488284e-12,0.5929043889045715,0.008888792246580124,-0.01379952672868967,0.0021561766043305397,0,0,0,0,1,0,0,0,1,0,6
0.4283505380153656,0.02349676378071308,0.008704381994903088,0.0012239770730957389,0.47491344809532166,0.024788375943899155,0.21460621058940887,0.06500806659460068,-4.1128114389721304e-05,1.4985500456532463e-05,-1.0483149708306883e-05,0.0005953437648713589,0.5791821479797363,0.011242534033954144,-0.013655774295330048,0.0025148168206214905,0,0,0,0,0,1,0,0,1,0,2
0.4364035427570343,0.024742182344198227,0.007384664844721556,0.0012048978824168444,0.5380886793136597,0.024638622999191284,0.28286856412887573,0.0617244578897953,-0.0002379917714279145,1.4985500456532463e-05,-1.0483149708306883e-05,0.0005953437648713589,0.5656156539916992,0.013952735811471939,-0.013490283861756325,0.0028694074135273695,0,1,0,0,0,0,0,0,1,0,18
0.44354304671287537,0.025642139837145805,0.006894504185765982,0.0005949912592768669,0.5981491804122925,0.024294596165418625,0.22761282324790955,0.058740295469760895,-0.00042997460695914924,1.4985500456532463e-05,-1.0483149708306883e-05,0.0005953437648713589,0.5535659193992615,0.016664478927850723,-0.01037997379899025,0.002523115836083889,0,1,0,0,0,0,0,0,1,0,18
0.4499012529850006,0.026190882548689842,0.006128409411758184,0.0005289128166623414,0.6540917754173279,0.023796135559678078,0.13184809684753418,0.049787603318691254,-0.0004438325995579362,1.316532234341139e-05,-3.437768464209512e-05,0.0005385721451602876,0.5460125803947449,0.018892807886004448,-0.00501380255445838,0.001995472237467766,0,1,0,0,0,0,0,0,1,0,10
0.4552079737186432,0.025905584916472435,0.0045993747189641,-0.0011797156184911728,0.7025745511054993,0.023288417607545853,0.1409161388874054,0.04762052744626999,-0.0005635903216898441,1.3096251677779946e-05,-3.525793363223784e-05,0.0005363627569749951,0.5434211492538452,0.02115814946591854,-0.0020433873869478703,0.0027169736567884684,0,1,0,0,0,0,0,0,1,0,16
0.4591587483882904,0.023583775386214256,0.0034234102349728346,-0.002959470497444272,0.7460554838180542,0.022756490856409073,0.12266886234283447,0.040148939937353134,-0.0004954481264576316,9.645053069107234e-06,-7.139061199268326e-05,0.00043578672921285033,0.5422919392585754,0.02369966357946396,-0.0002619098231662065,0.0022505030501633883,0,1,0,0,0,0,0,0,1,0,7
0.462410569190979,0.020788438618183136,0.0033936079125851393,-0.001964329509064555,0.7825804948806763,0.022314293310046196,0.11052942276000977,0.03390594571828842,-0.00040059935417957604,2.538558874221053e-06,-0.0001339616865152493,0.00022906038793735206,0.5431724190711975,0.02546434849500656,0.0018018133705481887,0.0013151807943359017,0,0,0,0,0,0,1,0,1,0,12
0.4659036695957184,0.020401526242494583,0.003777416655793786,0.0009274003095924854,0.8141699433326721,0.021948428824543953,0.1092202216386795,0.029957206919789314,-0.0003416618856135756,-3.3923142837011255e-06,-0.00017111487977672368,4.570309101836756e-05,0.5456469058990479,0.02626173198223114,0.003542268881574273,-2.461187068547588e-05,0,0,0,0,0,0,1,0,1,0,9
0.47017598152160645,0.022348089143633842,0.004516922868788242,0.0024618736933916807,0.8425835371017456,0.02162523940205574,0.1093921959400177,0.027229148894548416,-0.00030970177613198757,-4.326237103668973e-06,-0.0001610593608347699,1.4684827789532284e-12,0.5500027537345886,0.02630789577960968,0.005035189911723137,0.00010851467959582806,0,0,0,0,0,0,1,0,1,0,6
0.47669872641563416,0.024018917232751846,0.00724244536831975,0.0010307376505807042,0.8685126304626465,0.021330324932932854,0.10954631865024567,0.0249190591275692,-0.0002834271581377834,-3.959252353524789e-06,-0.00014739697508048266,2.9326194250778315e-12,0.5558880567550659,0.026391396299004555,0.006562471389770508,5.08208031533286e-05,0,0,0,0,0,1,0,0,1,0,1
0.4849970042705536,0.024561861529946327,0.008654163219034672,0.00014898573863320053,0.8923129439353943,0.02105962112545967,0.10965725779533386,0.02292754501104355,-0.0002607759670354426,-3.6428657494980143e-06,-0.00013561832020059228,2.929189226244522e-12,0.5632225871086121,0.026380416005849838,0.007940741255879402,-7.067000115057454e-05,1,0,0,0,0,0,0,0,1,0,12
0.49450474977493286,0.02478834241628647,0.009729086421430111,0.0001326469355262816,0.9142661690711975,0.020809926092624664,0.10973824560642242,0.021190285682678223,-0.0002410165179753676,-3.366860028108931e-06,-0.00012534306733869016,-7.316086755512763e-13,0.5718202590942383,0.026270641013979912,0.009101629257202148,-0.0001220897102029994,1,0,0,0,0,0,0,0,1,0,17
0.5049070119857788,0.024978527799248695,0.01068099681288004,6.727731670252979e-05,0.9345989227294922,0.020578663796186447,0.10979823768138885,0.019659079611301422,-0.00022360072762239724,-3.1235886126523837e-06,-0.00011628642823779956,7.310474925067978e-13,0.5814765095710754,0.026134489104151726,0.01008545607328415,-0.00014807048137299716,1,0,0,0,0,0,0,0,1,1,5
0.5161846876144409,0.025119110941886902,0.011610259301960468,0.00010052792640635744,0.9534963369369507,0.02036372385919094,0.10984329134225845,0.01829713024199009,-0.00020811008289456367,-2.907204361690674e-06,-0.00010823074262589216,-2.1917528555959187e-12,0.5919493436813354,0.02597474306821823,0.010598407126963139,-0.00016372739628423005,0,0,0,0,1,0,0,0,1,1,13
0.5282612442970276,0.025284387171268463,0.01229165680706501,8.43614834593609e-05,0.9711111187934875,0.02016337774693966,0.10987753421068192,0.017075853422284126,-0.00019421939214225858,-2.7131654860568233e-06,-0.00010100698273163289,7.301974780035692e-13,0.6027963757514954,0.02580675482749939,0.011166404001414776,-0.00017325273074675351,0,0,0,0,1,0,0,0,1,1,1
0.5409020781517029,0.02542056329548359,0.012813285924494267,6.591298733837903e-05,0.9875713586807251,0.019976161420345306,0.10990384966135025,0.01597273163497448,-0.00018167249800171703,-2.5378963073308114e-06,-9.448197670280933e-05,-3.6493567499504276e-13,0.614320695400238,0.025627538561820984,0.011798213236033916,-0.00018374771752860397,1,0,0,0,0,0,0,0,1,1,5
0.5540149807929993,0.025585299357771873,0.013248423114418983,0.00010247941827401519,1.0029847621917725,0.01980084925889969,0.10992427170276642,0.014969736337661743,-0.0001702645531622693,-2.378535782554536e-06,-8.854921179590747e-05,-7.295940110743637e-13,0.62644362449646,0.025439368560910225,0.0123676136136055,-0.0001911341241793707,0,0,0,0,1,0,0,0,1,1,7
