lt_dp_posx,lt_dp_posy,lt_dp_velx,lt_dp_vely,ball_posx,ball_posy,ball_posz,ball_vel_x,ball_vel_y,ball_rot_x,ball_rot_y,ball_rot_z,rt_gk_posx,rt_gk_posy,rt_gk_velx,rt_gk_vely,action_left,action_top_left,action_top,action_top_right,action_right,action_bottom_right,action_bottom,action_bottom_left,action_sprint,action_dribble,sel_action
-1.0110293626785278,-0.0,0.0,-0.0,0.019999999552965164,-0.0,0.11061639338731766,-0.0,0.0,0.0,-0.0,0.0,1.0110293626785278,0.0,-0.0,0.0,5
0.0,-0.0,0.0,-0.0,0.019999999552965164,-0.0,0.11059734225273132,-0.0,0.0,0.0,-0.0,0.0,1.0110293626785278,0.0,-0.0,0.0,5
0.0018565163481980562,1.0645127834774115e-10,0.00376110733486712,2.5890145929907682e-11,0.019999999552965164,-0.0,0.10930104553699493,-0.0,0.0,0.0,-0.0,0.0,1.0110293626785278,0.0,-0.0,0.0,5
0.005117420107126236,-1.23186993938873e-09,0.005418794695287943,-3.821565286443729e-10,0.019999999552965164,-0.0,0.11075475811958313,-0.0,0.0,0.0,-0.0,0.0,1.0097103118896484,-9.88589765604786e-11,-0.0033988673239946365,-2.356107808854091e-10,13
0.010548306629061699,-2.2963746459936374e-09,0.006952005438506603,-2.7291299775633604e-10,0.02522820234298706,-3.509962598347016e-10,0.12527400255203247,0.00850360281765461,-5.71340086352734e-10,1.4286799824778096e-12,6.630818916164571e-06,-2.5661989894176784e-12,1.005424976348877,-3.227636213853913e-10,-0.0050032841973006725,-1.923909226375642e-10,5
0.018270881846547127,-2.433319101768916e-09,0.008328302763402462,-1.432253621258539e-10,0.03330766409635544,-8.946386409469653e-10,0.11863908171653748,0.007772594690322876,-5.234523370312161e-10,7.312615790677768e-12,4.5977663830854e-05,6.944023044090517e-19,0.9995788931846619,-4.2846814984898174e-10,-0.0065179429948329926,-2.1072777203756665e-11,16
0.02727341093122959,-2.605279991740872e-09,0.009525523521006107,-1.604330696070022e-10,0.04086044430732727,-1.4032872641678296e-09,0.11335219442844391,0.0073664006777107716,-4.960967747713596e-10,6.930498709645239e-12,4.357512079877779e-05,2.777400147736384e-18,0.9922854900360107,1.7548297537306468e-10,-0.007902874611318111,5.032878003241592e-10,18
0.03562644124031067,-3.784601076972649e-09,0.009175658226013184,-1.806836069651041e-10,0.04799283668398857,-1.8836245896380888e-09,0.11261618137359619,0.006941673811525106,-4.67493210809522e-10,6.530752934968964e-12,4.1061739466385916e-05,0.0,0.9837011694908142,4.945609477502444e-10,-0.009114601649343967,1.5536322228726362e-10,13
0.044013068079948425,-4.914670004296795e-09,0.010067443363368511,-1.1342506101019723e-10,0.05697288364171982,8.607077688793652e-06,0.131169393658638,0.013979136943817139,2.8258777092560194e-05,2.9495265607693e-07,6.829412996012252e-06,3.463820519300498e-07,0.9743693470954895,1.0236516079231706e-09,-0.009437869302928448,7.562308002029283e-10,13
0.05451050400733948,4.808159701497061e-07,0.010675542056560516,2.429104142720462e-06,0.0708119198679924,3.651177030405961e-05,0.13715770840644836,0.013768683187663555,2.7762229365180247e-05,2.857582330761943e-07,7.840217222110368e-06,3.573763649455941e-07,0.9644050598144531,1.6384116285905748e-09,-0.010371208190917969,4.6152981436620166e-10,13
0.06536457687616348,6.929974915692583e-06,0.011177098378539085,9.55626273935195e-06,0.08391428738832474,6.220061186468229e-05,0.1268157809972763,0.012483330443501472,2.378188401053194e-05,-6.265454288723049e-08,4.535929474513978e-05,4.117671323911054e-07,0.9536177515983582,3.663092584815786e-08,-0.010990395210683346,2.3159542195116956e-07,0
0.07694283872842789,2.0744082576129586e-05,0.011883500963449478,1.7111353372456506e-05,0.09601514786481857,8.501601405441761e-05,0.11762622743844986,0.011764731258153915,2.20373894990189e-05,-3.0785605531491456e-07,6.959128222661093e-05,-4.5551805600077544e-14,0.9426805973052979,8.931854154070606e-07,-0.011172715574502945,1.4110797792454832e-06,5
0.08917637914419174,3.968349483329803e-05,0.012501811608672142,2.0566829334711656e-05,0.10745122283697128,0.0001064377574948594,0.11083171516656876,0.011155528947710991,2.0896246496704407e-05,-2.919248345278902e-07,6.599001062568277e-05,-4.554401967322638e-14,0.9311493039131165,2.888551989599364e-06,-0.011804524809122086,2.490092128937249e-06,18
0.10195267200469971,6.340148684103042e-05,0.012981190346181393,2.650336864462588e-05,0.11826086044311523,0.00012668607814703137,0.10950837284326553,0.0105331651866436,1.9730443455046043e-05,-2.756359265276842e-07,6.230789585970342e-05,0.0,0.9190320372581482,5.702127054973971e-06,-0.012362704612314701,3.039724560949253e-06,13
0.11511886864900589,-0.0007768685463815928,0.013238980434834957,2.384471008554101e-05,0.12846311926841736,0.00014579668641090393,0.11070507764816284,0.009936442598700523,1.86126671906095e-05,-2.600127970708854e-07,5.877629155293107e-05,-9.105937575151768e-14,0.9064158201217651,9.119393325818237e-06,-0.012806584127247334,3.7321485706343083e-06,5
0.1283579021692276,-0.002252524718642235,0.013239067979156971,1.19227115646936e-05,0.13997220993041992,7.985518459463492e-05,0.13554394245147705,0.015576662495732307,-0.0002598081191536039,-6.146942865825622e-08,1.0350085176469292e-05,-7.976352094374306e-07,0.8934142589569092,1.2908969438285567e-05,-0.013147382065653801,2.9604582323372597e-06,16
0.1416003406047821,-0.0022468247916549444,0.013272990472614765,3.3491965041321237e-06,0.1554412990808487,-0.00017813575686886907,0.15394198894500732,0.015381364151835442,-0.000256519386311993,-6.146942865825622e-08,1.0350085176469292e-05,-7.976352094374306e-07,0.8801179528236389,1.2749496818287298e-05,-0.013407538644969463,-2.8908875719935168e-06,13
0.15503950417041779,-0.0021965578198432922,0.013562160544097424,0.00010685879533411935,0.17039868235588074,-0.00042702522478066385,0.12457466870546341,0.014176860451698303,-0.00023464171681553125,1.2887943512396305e-06,4.013697252958082e-05,-1.9326521396578755e-06,0.8665978312492371,6.645514531555818e-06,-0.013604585081338882,-8.712252565601375e-06,16
0.16872382164001465,-0.0020074709318578243,0.013774107210338116,0.0002542430302128196,0.18415343761444092,-0.0006542344926856458,0.10569819808006287,0.013358838856220245,-0.00022027503291610628,2.1934383767074905e-06,5.9886446251766756e-05,-1.41730322411604e-06,0.8529082536697388,-1.142633209383348e-05,-0.013752544298768044,-2.718917494348716e-05,18
0.18258926272392273,-0.0017255109269171953,0.013934689573943615,0.0002651212562341243,0.197068452835083,-0.000866993679665029,0.11271215975284576,0.012607214972376823,-0.00020768858666997403,2.9011971491854638e-06,7.457084575435147e-05,3.6450595146397813e-13,0.8390915393829346,-4.934819298796356e-05,-0.01386404037475586,-4.652669304050505e-05,5
0.19659383594989777,-0.001496477983891964,0.01405617780983448,0.00020037070498801768,0.20929615199565887,-0.0010684297885745764,0.11237724125385284,0.011918813921511173,-0.00019634801719803363,2.7429966849013e-06,7.050453132251278e-05,-3.6443076204331626e-13,0.8251794576644897,-0.00010221129195997491,-0.013947486877441406,-5.366846744436771e-05,0
0.21068452298641205,-0.0013309101341292262,0.014121794141829014,0.00013846989895682782,0.22084346413612366,-0.0012586575467139482,0.11105409264564514,0.011250212788581848,-0.0001853335852501914,2.589101313787978e-06,6.654889148194343e-05,0.0,0.8111959099769592,-0.00015536138380412012,-0.014009896665811539,-5.271419286145829e-05,16
0.22476065158843994,-0.0012305071577429771,0.014120909385383129,7.551981980213895e-05,0.232298344373703,-0.0014184098690748215,0.12036361545324326,0.016202356666326523,2.261606277897954e-05,9.567487495587557e-07,8.318947038787883e-06,-1.1234265002713073e-06,0.79715895652771,-0.00020761559426318854,-0.014056879095733166,-5.2345229050843045e-05,16
0.23847739398479462,-0.0011905014980584383,0.013385975733399391,1.1930732398468535e-05,0.24815212190151215,-0.0013970165746286511,0.16152344644069672,0.015753833577036858,2.1228919649729505e-05,8.988176318780461e-07,1.228306155098835e-05,-9.630656450099195e-07,0.7830822467803955,-0.0002611838572192937,-0.014091940596699715,-5.456458529806696e-05,5
0.251789927482605,0.00035742457839660347,0.013312703929841518,3.795446900767274e-06,0.263729989528656,-0.0013761764857918024,0.10267069935798645,0.015166610479354858,1.935771433636546e-05,7.958737455737719e-07,1.9127362975268625e-05,-7.110763249329466e-07,0.7689757943153381,-0.0003169568662997335,-0.014117886312305927,-5.6758319260552526e-05,13
0.2651025652885437,0.0010159248486161232,0.013312697410583496,1.4232747389542055e-06,0.2791796326637268,-0.001185802393592894,0.1704067885875702,0.0157930888235569,0.0002640740422066301,4.048866912853555e-07,-7.756687523396977e-07,1.802473832412943e-07,0.75484699010849,-0.00036692380672320724,-0.014136819168925285,-4.1176936065312475e-05,0
0.2784610986709595,0.0010097945341840386,0.013462585397064686,-2.7134907213621773e-05,0.2948615849018097,-0.0009235877078026533,0.15044620633125305,0.01559172198176384,0.00026071403408423066,4.048866912853555e-07,-7.756687523396977e-07,1.802473832412943e-07,0.74070143699646,-0.0003970647812820971,-0.014151545241475105,-2.1104036932229064e-05,18
0.2920619547367096,0.0009153406135737896,0.01370275765657425,-0.0001561395765747875,0.30970606207847595,-0.0006761940894648433,0.13442225754261017,0.014072597026824951,0.00023360761406365782,-9.807472451939248e-07,3.102175105595961e-05,1.9045240833293064e-06,0.7265436053276062,-0.0004066552792210132,-0.014162063598632812,8.243764568760525e-07,7
0.3058658242225647,0.0006877843989059329,0.01387876644730568,-0.00027296217740513384,0.3235900104045868,-0.000445838290033862,0.1067110151052475,0.013519872911274433,0.00022400451416615397,-1.4114754094407544e-06,4.0854680264601484e-05,1.926729964907281e-06,0.7123765349388123,-0.00039225845830515027,-0.014170478098094463,2.550531644374132e-05,7
0.3198225498199463,0.00044273000094108284,0.014014454558491707,-0.00021703469974454492,0.33652937412261963,-0.00023189849162008613,0.10754528641700745,0.012635891325771809,0.00020887529535684735,-2.9181758236518363e-06,7.475074380636215e-05,3.645094209109301e-13,0.698202908039093,-0.0003531688416842371,-0.014176088385283947,5.020653043175116e-05,6
0.33291158080101013,0.0014053898630663753,0.013691461645066738,0.00015736524073872715,0.3487870991230011,-2.927362402260769e-05,0.11276648193597794,0.01195151824504137,0.00019756243273150176,-2.7599262466537766e-06,7.06970677128993e-05,-3.644342314902682e-13,0.6840243339538574,-0.0003031990199815482,-0.014180295169353485,4.977495700586587e-05,12
0.3459413945674896,0.00210176850669086,0.013037989847362041,0.0003355114022269845,0.3621109426021576,0.0020848542917519808,0.1503540724515915,0.014260652475059032,0.003369416343048215,3.6201993225404294e-06,1.6110161595861427e-05,1.7480002497904934e-05,0.6698418855667114,-0.0002536636311560869,-0.014183801598846912,4.93389306939207e-05,12
0.3584546446800232,0.0033869841136038303,0.01239776611328125,0.0019756087567657232,0.37627530097961426,0.00543129350990057,0.1345842033624649,0.014085267670452595,0.003327857004478574,3.6201993225404294e-06,1.6110161595861427e-05,1.7480002497904934e-05,0.6556585431098938,-0.00011726846423698589,-0.014179594814777374,0.00029830975108779967,0
0.3703633248806,0.005877933464944363,0.01176700834184885,0.002545603085309267,0.3896019756793976,0.008544676937162876,0.13146360218524933,0.012800473719835281,0.0029664214234799147,-2.142437733709812e-05,4.9426904297433794e-05,2.491501800250262e-05,0.6414950489997864,0.00040923108463175595,-0.014146636240184307,0.000713059154804796,16
0.3824142515659332,0.008461534045636654,0.012269089929759502,0.002599917585030198,0.40207546949386597,0.011427205987274647,0.11832626909017563,0.0121317058801651,0.002796788699924946,-3.907009158865549e-05,7.17615766916424e-05,-5.831256484623015e-12,0.6273802518844604,0.001347062992863357,-0.014087732881307602,0.0011082221753895283,6
0.39491546154022217,0.011057231575250626,0.01267615519464016,0.002587796887382865,0.4138684570789337,0.014145921915769577,0.11485906690359116,0.011504149995744228,0.002652115421369672,-3.7050125683890656e-05,6.805142038501799e-05,-1.1660396606605339e-11,0.6133283376693726,0.0026317958254367113,-0.014020415022969246,0.0014289198443293571,6
0.4077581465244293,0.013656976632773876,0.012956647202372551,0.0026292065158486366,0.425021767616272,0.01671713963150978,0.11186166107654572,0.010865513235330582,0.002504888456314802,-3.499178637866862e-05,6.42707382212393e-05,5.829178285898795e-12,0.5993536114692688,0.0042363000102341175,-0.013934864662587643,0.0017478740774095058,5
0.4207625091075897,0.016409210860729218,0.013046477921307087,0.0026754760183393955,0.43555253744125366,0.019144851714372635,0.11103268712759018,0.010258532129228115,0.002364956773817539,-3.3037988032447174e-05,6.068213770049624e-05,2.9141320433134776e-12,0.5854830145835876,0.00618660869076848,-0.013810396194458008,0.002126770094037056,7
0.43297332525253296,0.019390124827623367,0.011752504855394363,0.0020900799427181482,0.44548943638801575,0.021435657516121864,0.10831202566623688,0.009679376147687435,0.0022314409725368023,-3.117340384051204e-05,5.7257366279372945e-05,-5.827440526656735e-12,0.5717558264732361,0.008528522215783596,-0.013655073940753937,0.0025172694586217403,6
0.44353610277175903,0.021430671215057373,0.009226097725331783,0.0013418174348771572,0.48068884015083313,0.023205416277050972,0.17926888167858124,0.0601809024810791,0.0012305930722504854,-1.9462002455838956e-05,2.6859883291763254e-05,0.0015089615480974317,0.5584664344787598,0.011180754750967026,-0.012371119111776352,0.002601714339107275,12
0.45176246762275696,0.022656921297311783,0.0073944819159805775,0.0011787317926064134,0.5393096208572388,0.02413020469248295,0.19117401540279388,0.057374563068151474,0.0006790833431296051,-1.9462002455838956e-05,2.6859883291763254e-05,0.0015089615480974317,0.5483494400978088,0.013599645346403122,-0.007923911325633526,0.002288832562044263,4
0.4589589238166809,0.023592382669448853,0.0068994127213954926,0.0005705647636204958,0.5936315655708313,0.024549053981900215,0.13229712843894958,0.04919946938753128,0.0002683890634216368,-1.787172004696913e-05,5.231604154687375e-05,0.0013685065787285566,0.5436035394668579,0.016009574756026268,-0.0022271100897341967,0.0029174191877245903,0
0.46539828181266785,0.02412492223083973,0.006132967304438353,0.0005072098574601114,0.6405113935470581,0.024636829271912575,0.11807557940483093,0.04305632784962654,7.241033017635345e-07,-1.5174889085756149e-05,8.217697904910892e-05,0.0011699015740305185,0.5439145565032959,0.01892143115401268,0.002744267927482724,0.0026250570081174374,7
0.4721013903617859,0.02462344616651535,0.0073874699883162975,0.0004630339681170881,0.6797018051147461,0.024579808115959167,0.10996570438146591,0.03623250126838684,-8.19684355519712e-05,-9.63311867963057e-06,0.00013092126755509526,0.0007738388958387077,0.5485735535621643,0.020899735391139984,0.005748342256993055,0.0015568077797070146,5
0.4802793264389038,0.02496899850666523,0.008793437853455544,0.0002210220118286088,0.7132347226142883,0.02448968030512333,0.10911650210618973,0.03162970393896103,-9.049841173691675e-05,-3.1896749987936346e-06,0.00016776908887550235,0.0003185253299307078,0.5552186369895935,0.022229185327887535,0.007338383700698614,0.0012178739998489618,18
0.48952293395996094,0.025035681203007698,0.009335138835012913,1.3888738067180384e-05,0.7431159019470215,0.024405689910054207,0.10928843170404434,0.02858048677444458,-7.992439350346103e-05,1.1164582929268363e-06,0.00016905115626286715,0.0,0.5633536577224731,0.0232098326086998,0.008749260567128658,0.0007640516851097345,9
0.49934640526771545,0.025043729692697525,0.0102779446169734,1.5685433254475356e-06,0.770283579826355,0.024329718202352524,0.10947297513484955,0.026072723791003227,-7.29115417925641e-05,1.0185107157667517e-06,0.00015422010619658977,0.0,0.5725656747817993,0.023658229038119316,0.009327075444161892,0.0002503252471797168,4
0.5101946592330933,0.02504349686205387,0.011197470128536224,-1.0963335626001935e-05,0.7951490879058838,0.024260180070996284,0.1096043512225151,0.02392546273767948,-6.690681038890034e-05,9.346392175757501e-07,0.00014152047515381128,-3.663589342919188e-13,0.582172155380249,0.023871498182415962,0.010011827573180199,0.00018654257291927934,4
0.5219141244888306,0.02504321001470089,0.012010795064270496,-9.50894445850281e-06,0.8180293440818787,0.024196192622184753,0.10969946533441544,0.0220633652061224,-6.169952393975109e-05,8.619037998869317e-07,0.0001305070472881198,3.659739069954149e-13,0.5926588773727417,0.02401537075638771,0.010851551778614521,0.00010711724462453276,13
0.5342923998832703,0.025035833939909935,0.012603145092725754,-1.9710580090759322e-05,0.839177668094635,0.02413705177605152,0.10976941138505936,0.020430587232112885,-5.713353311875835e-05,7.981248018040787e-07,0.00012084977788617834,-3.6566249702642273e-13,0.603561282157898,0.02409505844116211,0.010881704278290272,6.496621062979102e-05,11
0.5471896529197693,0.025024790316820145,0.013077076524496078,-1.8112366888090037e-05,0.858799159526825,0.024082181975245476,0.10982157289981842,0.018984928727149963,-5.309080006554723e-05,7.416534231197147e-07,0.0001122990288422443,-1.8270350239223826e-13,0.6148309707641602,0.024143919348716736,0.011566807515919209,3.619057315518148e-05,2
0.5604756474494934,0.025011396035552025,0.013414409011602402,-2.524451701901853e-05,0.8770623803138733,0.024031110107898712,0.10986097902059555,0.017693884670734406,-4.948042624164373e-05,6.912207481946098e-07,0.00010466266394359991,1.8259746741976918e-13,0.6267200708389282,0.024168087169528008,0.01214882917702198,1.9535493265721016e-05,1
0.5740476250648499,0.024992195889353752,0.013677103444933891,-2.324108027096372e-05,0.8941074013710022,0.023983443155884743,0.10989108681678772,0.01653200574219227,-4.623127097147517e-05,6.458332109104958e-07,9.779019455891103e-05,-9.125424753949479e-14,0.6391499042510986,0.024182500317692757,0.012640392407774925,9.26866505324142e-06,16
0.5878391265869141,0.024974118918180466,0.013863620348274708,-2.8368971470627002e-05,0.9100520610809326,0.023938851431012154,0.10991434007883072,0.015479084104299545,-4.328682189225219e-05,6.047015403964906e-07,9.156212763627991e-05,9.121657151400092e-14,0.652008056640625,0.0241850633174181,0.013020459562540054,-2.8804158773709787e-06,6
0.6017864942550659,0.02494967170059681,0.014001788571476936,-3.3992473618127406e-05,0.9249958992004395,0.023897062987089157,0.10993246734142303,0.014518900774419308,-4.060169158037752e-05,5.671923304362281e-07,8.588260971009731e-05,-9.118439781453241e-14,0.665194571018219,0.024180589243769646,0.013310768641531467,-6.331210897769779e-06,4
0.6158521771430969,0.02492598630487919,0.014106382615864277,-3.118928361800499e-05,0.9390243887901306,0.023857831954956055,0.10994671285152435,0.013638258911669254,-3.813899456872605e-05,5.327904091245728e-07,8.067355520324782e-05,9.115670322528899e-14,0.6786313056945801,0.024171797558665276,0.013530955649912357,-1.0723132618295494e-05,2
0.6300034523010254,0.02489897422492504,0.014181225560605526,-3.572179048205726e-05,0.9522108435630798,0.02382095716893673,0.1099579930305481,0.01282630953937769,-3.586841557989828e-05,5.010718382436607e-07,7.587081199744716e-05,9.113272202848632e-14,0.6922571063041687,0.024159250780940056,0.01369644608348608,-1.3517991646949667e-05,15
0.6442171931266785,0.02487015537917614,0.014236658811569214,-3.308436134830117e-05,0.9646188020706177,0.023786257952451706,0.10996697843074799,0.012074058875441551,-3.3764772524591535e-05,4.716849275610002e-07,7.142113463487476e-05,0.0,0.7060257196426392,0.024144573137164116,0.01382196694612503,-1.5571356925647706e-05,16
0.6584773063659668,0.02485903911292553,0.01427665539085865,-2.6747748052002862e-05,0.9763038158416748,0.023753579705953598,0.10997418314218521,0.01137399673461914,-3.1807052437216043e-05,4.443366492523637e-07,6.728016887791455e-05,-4.5546764059975486e-14,0.7199018001556396,0.02412795089185238,0.01391663309186697,-1.7368052795063704e-05,0
0.6727699041366577,0.02484610117971897,0.01430570613592863,-3.026182093890384e-05,0.9873144626617432,0.02372279018163681,0.10997998714447021,0.01071977149695158,-2.997753290401306e-05,4.187790807463898e-07,6.341031257761642e-05,-9.107741416516241e-14,0.7338586449623108,0.024109870195388794,0.013986756093800068,-1.8651406207936816e-05,0
0.6870850324630737,0.024844162166118622,0.014326061122119427,-2.1489908249350265e-05,0.9976935982704163,0.023693766444921494,0.10998468101024628,0.0101059814915061,-2.8261076295166276e-05,3.9480082136833516e-07,5.977961700409651e-05,4.553158522956069e-14,0.7478756308555603,0.02409050613641739,0.014039347879588604,-1.9934759620809928e-05,18
0.7014182806015015,0.0248328298330307,0.014341826550662518,-3.177943654009141e-05,1.007478952407837,0.023666400462388992,0.1099884957075119,0.00952802412211895,-2.6644829631550238e-05,3.7222227433630906e-07,5.6360844610026106e-05,0.0,0.7619372606277466,0.024069976061582565,0.014078617095947266,-2.0961442714906298e-05,16
