lt_dp_posx,lt_dp_posy,lt_dp_velx,lt_dp_vely,ball_posx,ball_posy,ball_posz,ball_vel_x,ball_vel_y,ball_rot_x,ball_rot_y,ball_rot_z,rt_gk_posx,rt_gk_posy,rt_gk_velx,rt_gk_vely,action_left,action_top_left,action_top,action_top_right,action_right,action_bottom_right,action_bottom,action_bottom_left,action_sprint,action_dribble,sel_action
-1.0110293626785278,-0.0,0.0,-0.0,0.019999999552965164,-0.0,0.11061639338731766,0.0,-0.0,0.0,-0.0,0.0,1.0110293626785278,0.0,-0.0,0.0,0,0,0,0,0,0,0,0,0,0,5
0.0,-0.0,0.0,-0.0,0.019999999552965164,-0.0,0.11059734225273132,0.0,-0.0,0.0,-0.0,0.0,1.0110293626785278,0.0,-0.0,0.0,0,0,0,0,1,0,0,0,0,0,5
0.0,-0.0,0.0,-0.0,0.019999999552965164,-0.0,0.10930104553699493,0.0,-0.0,0.0,-0.0,0.0,1.0085934400558472,-1.8159612702461914e-11,-0.003884820267558098,-2.5443416470927183e-11,0,0,0,0,1,0,0,0,0,0,5
0.002222941257059574,2.292615403076681e-10,0.003935635089874268,2.4066315607029765e-10,0.019999999552965164,-0.0,0.11075475811958313,0.0,-0.0,0.0,-0.0,0.0,1.0038305521011353,-3.946894894246711e-11,-0.0054703038185834885,-1.5790851265462535e-11,0,0,0,0,1,0,0,0,0,0,5
0.005492351017892361,-9.790077637461536e-10,0.005578104872256517,-3.509905699417004e-10,0.019999999552965164,-0.0,0.11053141206502914,0.0,-0.0,0.0,-0.0,0.0,0.9975366592407227,1.5504846018199459e-10,-0.006950602866709232,6.570336497091489e-10,0,0,0,0,1,0,0,0,0,0,13
0.01125802006572485,-1.7745168667815392e-09,0.007097138091921806,-2.6627675064894163e-10,0.02613699994981289,-3.535414738742304e-10,0.12408395856618881,0.008579914458096027,-4.939273434700908e-10,-3.4787702232752515e-12,-2.7208972824155353e-05,-1.5394411006369735e-12,0.989837646484375,7.034645643777537e-10,-0.008285746909677982,4.290777178006522e-10,0,0,0,0,1,0,0,0,1,0,0
0.019116539508104324,-1.9314918553448024e-09,0.008456584066152573,-1.7845841471242352e-10,0.0343976728618145,-8.28691615328836e-10,0.11853152513504028,0.008039964362978935,-4.62318544558471e-10,-6.458654791541285e-12,-4.755981353810057e-05,-1.3888764701338189e-18,0.9809144139289856,9.448556381741469e-10,-0.009325672872364521,7.546626518140087e-11,0,0,0,0,1,0,0,0,1,0,13
0.028236890211701393,-2.1214372480926613e-09,0.009634784422814846,-1.7957182962824447e-10,0.04220714792609215,-1.2777569002864198e-09,0.11089247465133667,0.007617080118507147,-4.380017459837404e-10,-6.11892958177207e-12,-4.5058142859488726e-05,6.943819867852558e-19,0.971478283405304,1.13621778652373e-09,-0.00973448995500803,1.7704412935692915e-10,0,0,0,0,1,0,0,0,1,0,18
0.03707406297326088,-2.8212814306982636e-09,0.009385167621076107,-2.1207580136461956e-10,0.049582552164793015,-1.7018618736486246e-09,0.11241153627634048,0.007181420922279358,-4.12950340589191e-10,-5.7688584811921295e-12,-4.24803038185928e-05,6.943272377684625e-19,0.961243748664856,1.2516404579443474e-09,-0.010619443841278553,5.916712952913628e-11,0,0,0,0,1,0,0,0,1,0,13
0.045413948595523834,-3.6155236582402495e-09,0.00997435487806797,-1.177801051133187e-10,0.05803060904145241,5.9305807553755585e-06,0.1259927749633789,0.014216872863471508,2.9581326089100912e-05,3.779778694479319e-07,-4.007558527518995e-05,-2.8214852676455848e-08,0.9503563046455383,1.395891957578499e-09,-0.010805971920490265,2.3002461047028078e-10,0,0,0,0,1,0,0,0,1,0,18
0.055850569158792496,2.5970192041313567e-07,0.010675542056560516,1.756026563271007e-06,0.07205856591463089,3.521114922477864e-05,0.13850748538970947,0.01395217701792717,2.9124874345143326e-05,3.8005242686267593e-07,-4.278356209397316e-05,-2.4532573306146332e-08,0.9392877221107483,1.5477810144659543e-09,-0.011376773938536644,9.43169015110712e-11,0,0,0,0,1,0,0,0,1,0,18
0.06665448099374771,6.480421234300593e-06,0.011097683571279049,9.712125574878883e-06,0.08557827025651932,6.373401993187144e-05,0.1254587471485138,0.013114516623318195,2.7909507480217144e-05,3.8989571748970775e-07,-7.758051651762798e-05,-4.55705453570026e-14,0.9275738596916199,4.334860914667615e-09,-0.011977027170360088,2.7659545764890936e-08,0,0,0,0,1,0,0,0,1,0,13
0.07816209644079208,2.064139516733121e-05,0.011819601058959961,1.788314875739161e-05,0.09837764501571655,9.097285510506481e-05,0.11673936992883682,0.012501724995672703,2.6605395760270767e-05,3.716769754191773e-07,-7.395220018224791e-05,4.556178026006441e-14,0.9152939915657043,6.108105594648805e-07,-0.012507859617471695,1.2978036920685554e-06,0,0,0,0,1,0,0,0,1,0,13
0.0903337150812149,4.081238876096904e-05,0.012446238659322262,2.1819072571815923e-05,0.11050830036401749,0.00011678857845254242,0.10918530076742172,0.011826674453914165,2.51687833952019e-05,3.51616790794651e-07,-6.996089359745383e-05,-4.5552625527970486e-14,0.9025512933731079,2.9457830805768026e-06,-0.01291878055781126,3.1760355341248214e-06,0,0,0,0,1,0,0,0,1,0,18
0.10306200385093689,6.594951264560223e-05,0.012938940897583961,2.8152455342933536e-05,0.12196511030197144,0.00014117023965809494,0.11094468086957932,0.011160064488649368,2.3750151740387082e-05,3.3177994396282884e-07,-6.601395580219105e-05,-1.3663221487374144e-13,0.8894527554512024,6.750734428351279e-06,-0.013232932426035404,4.104691470274702e-06,0,0,0,0,1,0,0,0,1,0,13
0.1160547211766243,9.741730900714174e-05,0.013312248513102531,3.2971878681564704e-05,0.13277357816696167,0.00016417211736552417,0.1104176789522171,0.01052626222372055,2.2401329260901548e-05,3.1294331392928143e-07,-6.226605182746425e-05,9.107283341098366e-14,0.8760826587677002,1.126726965594571e-05,-0.013472052291035652,4.846469892072491e-06,0,0,0,0,1,0,0,0,1,0,0
0.12757490575313568,-0.0003554410068318248,0.013405043631792068,2.4259732526843436e-05,0.14296850562095642,0.0001858683244790882,0.10927583277225494,0.009929600171744823,2.113155642291531e-05,2.952075988105207e-07,-5.873719055671245e-05,0.0,0.8625065684318542,1.644316034798976e-05,-0.013653671368956566,5.261150818114402e-06,0,0,0,0,1,0,0,0,1,0,0
0.1394585371017456,-0.0007588188163936138,0.013405084609985352,1.0781952369143255e-05,0.1555750072002411,0.00014416483463719487,0.1448395997285843,0.01536194235086441,-0.0001033768494380638,-2.546709652051504e-07,-5.0702357839327306e-05,-1.7567418808539514e-07,0.8487749099731445,2.1488003767444752e-05,-0.013789709657430649,4.865519713348476e-06,0,0,0,0,1,0,0,0,1,0,0
0.15284349024295807,-0.0007538688951171935,0.013405434787273407,5.902535122004338e-06,0.1708323359489441,4.1496816265862435e-05,0.13375630974769592,0.015169580467045307,-0.00010208669846178964,-2.546709652051504e-07,-5.0702357839327306e-05,-1.7567418808539514e-07,0.8349264860153198,2.614363984321244e-05,-0.013892089948058128,4.4814887587563135e-06,0,0,0,0,1,0,0,0,1,0,0
0.16639623045921326,-0.0007254168740473688,0.013662085868418217,5.147941192262806e-05,0.18544909358024597,-5.562392107094638e-05,0.12540793418884277,0.014259298332035542,-9.424285963177681e-05,-1.3166292092137155e-06,-8.435261406702921e-05,-7.294086125028687e-13,0.8209907412528992,2.5920609914464876e-05,-0.01396852359175682,-4.904176421405282e-06,0,0,0,0,1,0,0,0,1,0,16
0.18016768991947174,-0.0006449236534535885,0.013852469623088837,0.00010351004311814904,0.19932405650615692,-0.00014732657291460782,0.11884315311908722,0.013546498492360115,-8.953181531978771e-05,-1.2507757674029563e-06,-8.013351907720789e-05,1.823078770194983e-13,0.8069894313812256,1.526254891359713e-05,-0.01402532309293747,-1.5376779629150406e-05,0,0,0,0,1,0,0,0,1,0,0
0.1941017359495163,-0.0005437757936306298,0.013994469307363033,9.101962496060878e-05,0.2124713808298111,-0.00023422048252541572,0.1108894795179367,0.012819277122616768,-8.472547779092565e-05,-1.183649828817579e-06,-7.583295518998057e-05,-3.6453015627747887e-13,0.7929389476776123,-4.265306415618397e-06,-0.014068800024688244,-2.0449138901312836e-05,0,0,0,0,1,0,0,0,1,0,0
0.20815663039684296,-0.0004663428117055446,0.01409965381026268,6.669784488622099e-05,0.22488702833652496,-0.0003162781067658216,0.11247704178094864,0.012094788253307343,-7.993711915332824e-05,-1.11671408831171e-06,-7.154462218750268e-05,3.644495729510089e-13,0.7788518071174622,-2.4503895474481396e-05,-0.014100355096161366,-2.0064011550857686e-05,0,0,0,0,1,0,0,0,1,0,0
0.22119544446468353,-1.1747854841814842e-05,0.014141110703349113,4.406009611557238e-05,0.23660224676132202,-0.00039370640297420323,0.11059851199388504,0.01140845101326704,-7.540098886238411e-05,-1.0533253771427553e-06,-6.748345913365483e-05,0.0,0.7647374272346497,-4.434641596162692e-05,-0.014124898239970207,-1.963216345757246e-05,0,0,0,0,1,0,0,0,1,0,18
0.23342560231685638,0.0007093491731211543,0.013974308967590332,2.1769776139990427e-05,0.24906843900680542,-0.0004071194271091372,0.1342328041791916,0.015452624298632145,0.00012594219879247248,9.934272071632222e-08,-5.3584859415423125e-05,1.272755412173865e-07,0.7506024837493896,-6.357653182931244e-05,-0.014142429456114769,-1.8899832866736688e-05,0,0,0,0,1,0,0,0,1,0,5
0.24700602889060974,0.0007190602482296526,0.013344252482056618,1.036486310113105e-06,0.26440486311912537,-0.00028220421518199146,0.14416387677192688,0.015249431133270264,0.00012421079736668617,1.1375007602509868e-07,-5.391263039200567e-05,1.3842486623616423e-07,0.7364526391029358,-8.20699060568586e-05,-0.014155051670968533,-1.8159898900194094e-05,0,0,0,0,1,0,0,0,1,0,5
0.2605065107345581,0.0006979429163038731,0.013616330921649933,-4.7491659643128514e-05,0.27924981713294983,-0.00016276349197141826,0.1266053020954132,0.014428943395614624,0.00011476853978820145,1.603313194209477e-06,-8.535241795470938e-05,-3.6472596318982975e-13,0.7222917079925537,-9.481728193350136e-05,-0.014164868742227554,-4.906265075987903e-06,0,0,0,0,1,0,0,0,1,0,0
0.27423885464668274,0.0006130036199465394,0.013818285427987576,-0.00011451880709500983,0.29333236813545227,-5.075034641777165e-05,0.11851804703474045,0.013743579387664795,0.00010931709402939305,1.5271122038029716e-06,-8.129578054649755e-05,5.46959504597877e-13,0.7081223726272583,-8.947703463491052e-05,-0.014171880669891834,1.3726536053582095e-05,0,0,0,0,1,0,0,0,1,0,16
0.28814342617988586,0.0004861077759414911,0.01396887470036745,-0.00011896019714185968,0.3066866397857666,5.54704965907149e-05,0.11485642939805984,0.013022065162658691,0.0001035780951497145,1.4469889038082329e-06,-7.70304468460381e-05,3.6455352083429593e-13,0.6939470171928406,-6.662742816843092e-05,-0.014177490957081318,2.6712916223914362e-05,0,0,0,0,0,1,0,0,1,0,6
0.3020854890346527,0.0004671904898714274,0.014051437377929688,-9.224531822837889e-05,0.31930550932884216,0.00015584164066240191,0.11187362670898438,0.012289118021726608,9.774820500751957e-05,1.3654785107064527e-06,-7.269123307196423e-05,-1.8223533034163186e-13,0.6797670722007751,-4.003719368483871e-05,-0.014181697741150856,2.6489498850423843e-05,0,0,0,0,0,1,0,0,1,0,7
0.31493598222732544,0.0014805924147367477,0.013683903031051159,0.0002793997700791806,0.3312119245529175,0.00025054614525288343,0.111027792096138,0.011595790274441242,9.22334220376797e-05,1.2884819398095715e-06,-6.859236600575969e-05,1.8219841325765873e-13,0.6655837297439575,-1.3671564374817535e-05,-0.014184502884745598,2.6264020561939105e-05,0,0,0,0,0,1,0,0,1,0,12
0.3278934359550476,0.0021760580129921436,0.012900197878479958,0.0006468975334428251,0.3446713984012604,0.0027453568764030933,0.1499299556016922,0.014225984923541546,0.0034995886962860823,1.777015859261155e-05,-5.251992479315959e-05,2.783764557534596e-06,0.6513975858688354,2.2632506443187594e-05,-0.01418730802834034,4.636680387193337e-05,0,0,0,0,0,1,0,0,1,0,12
0.34030842781066895,0.003772241761907935,0.012195460498332977,0.0022969497367739677,0.3587862551212311,0.006216811016201973,0.11636681854724884,0.013946885243058205,0.0034243189729750156,2.028118797170464e-05,-5.502936619450338e-05,4.141401404922362e-06,0.6372097730636597,8.129949128488079e-05,-0.01418871060013771,6.873121310491115e-05,0,0,0,0,0,1,0,0,1,0,12
0.35212281346321106,0.006412656977772713,0.01176595687866211,0.0026611548382788897,0.37220433354377747,0.009481566958129406,0.12080530822277069,0.013163617812097073,0.003199666738510132,4.4702686864184216e-05,-7.787342474330217e-05,0.0,0.6230238676071167,0.00025195599300786853,-0.014177490957081318,0.00038981152465566993,0,0,0,0,0,1,0,0,1,0,6
0.36416518688201904,0.00911234226077795,0.012254013679921627,0.0027183140628039837,0.38498637080192566,0.01258847676217556,0.11447641998529434,0.012485895305871964,0.003034933703020215,4.239985719323158e-05,-7.386184734059498e-05,-5.831880985074367e-12,0.6088805794715881,0.0009820254053920507,-0.01410596538335085,0.0010079994099214673,0,0,0,0,0,1,0,0,1,0,6
0.37664228677749634,0.011833547614514828,0.012644950300455093,0.0027197329327464104,0.3970875144004822,0.015529891476035118,0.11210925877094269,0.011792189441621304,0.002866314724087715,4.0040340536506847e-05,-6.975151336519048e-05,-1.7492028658860903e-11,0.5948429107666016,0.0023256908170878887,-0.013977639377117157,0.0015981512842699885,0,0,0,0,0,1,0,0,1,0,12
0.38944315910339355,0.014578119851648808,0.012908262200653553,0.0027798721566796303,0.4085142910480499,0.018307387828826904,0.10899137705564499,0.011132147163152695,0.0027058785781264305,3.780177576118149e-05,-6.58518765703775e-05,-5.8295980889799814e-12,0.580925464630127,0.004129687324166298,-0.013864741660654545,0.001971958437934518,0,0,0,0,0,1,0,0,1,0,14
0.4024536907672882,0.017403682693839073,0.013085673563182354,0.0028608234133571386,0.419295072555542,0.02092786878347397,0.1114385575056076,0.01049888040870428,0.002551950514316559,3.565017686923966e-05,-6.210375431692228e-05,0.0,0.5671337246894836,0.006305702496320009,-0.013728352263569832,0.0023424196988344193,0,0,0,0,1,0,0,0,1,0,5
0.4152275323867798,0.020601166412234306,0.01264702994376421,0.002776455134153366,0.42946475744247437,0.023399801924824715,0.1086067408323288,0.009905746206641197,0.0024077771231532097,3.363688301760703e-05,-5.859652083017863e-05,-5.827757113691101e-12,0.5535178184509277,0.008906924165785313,-0.013499750755727291,0.0028506419621407986,0,0,0,0,1,0,0,0,1,0,5
0.42666780948638916,0.023465268313884735,0.01091480441391468,0.001978465821594,0.43906065821647644,0.025732258334755898,0.11126900464296341,0.06660664081573486,-0.0016581652453169227,-1.2925004284625174e-06,1.0189873137278482e-05,0.001224599196575582,0.5401832461357117,0.012065611779689789,-0.013190858066082,0.003408772638067603,0,0,0,0,1,0,0,0,1,0,7
0.43572816252708435,0.024994876235723495,0.008340442553162575,0.00137783691752702,0.5021876692771912,0.023926587775349617,0.3092920780181885,0.06165286898612976,-0.0019546805415302515,-1.5201122778307763e-06,6.572793154191459e-06,0.0012117673177272081,0.5273286700248718,0.015706418082118034,-0.012107105925679207,0.0036168897058814764,0,0,0,0,1,0,0,0,1,0,4
0.44338005781173706,0.026300808414816856,0.007356966380029917,0.0012751115718856454,0.562157928943634,0.02179872989654541,0.41751769185066223,0.05863869935274124,-0.0022657623048871756,-1.5201122778307763e-06,6.572793154191459e-06,0.0012117673177272081,0.5173016786575317,0.018978334963321686,-0.007987022399902344,0.002932006726041436,0,0,0,0,1,0,0,0,1,0,17
0.45023155212402344,0.027015535160899162,0.00637068459764123,0.0006116748554632068,0.6192712783813477,0.01937384530901909,0.43997031450271606,0.05590415000915527,-0.002551188925281167,-1.5201122778307763e-06,6.572793154191459e-06,0.0012117673177272081,0.5123655200004578,0.021336715668439865,-0.00229968735948205,0.0018890394130721688,0,0,0,0,1,0,0,0,1,0,13
0.45644497871398926,0.0275992751121521,0.006603142712265253,0.0005641907337121665,0.6737856268882751,0.016677727922797203,0.37997764348983765,0.05341078341007233,-0.002810871694236994,-1.5201122778307763e-06,6.572793154191459e-06,0.0012117673177272081,0.5120121240615845,0.02456156350672245,0.0018898178823292255,0.0023860966321080923,0,0,0,0,1,0,0,0,1,0,11
0.46390500664711,0.027992568910121918,0.008130423724651337,0.00019977537158410996,0.7259240746498108,0.013735764659941196,0.2403360903263092,0.05112668126821518,-0.003045561257749796,-1.5201122778307763e-06,6.572793154191459e-06,0.0012117673177272081,0.5162056684494019,0.026032425463199615,0.005381598137319088,0.0007798512233421206,0,0,0,0,1,0,0,0,1,0,12
0.47274249792099,0.027828866615891457,0.009296922013163567,-0.00047883347724564373,0.7740355134010315,0.010690758936107159,0.1477988362312317,0.043017443269491196,-0.0028624071273952723,-5.070865427114768e-06,-1.689920827629976e-05,0.0010934376623481512,0.5224459767341614,0.0263562873005867,0.00690291915088892,0.00016737783153075725,0,0,0,0,1,0,0,0,1,0,12
0.4821488559246063,0.027269339188933372,0.009730984456837177,-0.0005899433745071292,0.8162212371826172,0.007751062978059053,0.19106027483940125,0.041516706347465515,-0.003000075463205576,-5.070865427114768e-06,-1.689920827629976e-05,0.0010934376623481512,0.5301026701927185,0.026364363729953766,0.008243672549724579,-0.0001426518865628168,0,0,0,0,1,0,0,0,1,0,9
0.49242016673088074,0.026628945022821426,0.010685710236430168,-0.0006825159653089941,0.8569068908691406,0.004686891101300716,0.11151514202356339,0.039688728749752045,-0.0030888530891388655,-5.429452357930131e-06,-1.8878856280934997e-05,0.0010818965965881944,0.538972020149231,0.025993263348937035,0.009263964369893074,-0.0005280287005007267,0,0,0,0,1,0,0,0,1,0,16
0.5035630464553833,0.02590317279100418,0.011511760763823986,-0.000754897075239569,0.8925994634628296,0.0018148903036490083,0.13255265355110168,0.03475435823202133,-0.002863130997866392,-1.05155286291847e-05,-4.673372313845903e-05,0.0009156436426565051,0.5484710931777954,0.025433123111724854,0.009881047531962395,-0.0005963031435385346,0,0,0,0,1,0,0,0,1,0,2
0.515468418598175,0.02511614002287388,0.012201070785522461,-0.0008129046764224768,0.9247831106185913,-0.0009002761798910797,0.11581270396709442,0.03009490668773651,-0.0025813293177634478,-1.839749347709585e-05,-8.714044815860689e-05,0.0006400956190191209,0.5588289499282837,0.024786587804555893,0.010724278166890144,-0.0006865941686555743,0,0,0,0,1,0,0,0,1,0,5
0.5279725790023804,0.024274490773677826,0.012731201946735382,-0.0008625847403891385,0.9527616500854492,-0.003326999256387353,0.10944119095802307,0.026548050343990326,-0.0023168025072664022,-2.822032183757983e-05,-0.00013640143151860684,0.0002213057887274772,0.5696742534637451,0.024075953289866447,0.010749872773885727,-0.0007155979401431978,0,0,0,0,1,0,0,0,1,0,16
0.5409356951713562,0.023396078497171402,0.013136162422597408,-0.0008902623667381704,0.9779855012893677,-0.005531285423785448,0.10882503539323807,0.024247271940112114,-0.002119190990924835,-2.9604729206766933e-05,-0.00014342965732794255,5.862863146355313e-12,0.5808156132698059,0.02332158572971821,0.011440936475992203,-0.0007845283253118396,0,0,0,0,1,0,0,0,1,0,18
0.5542463660240173,0.02249378152191639,0.01344049721956253,-0.0009112523403018713,1.0011595487594604,-0.0075566768646240234,0.10899358242750168,0.02233591116964817,-0.0019521394278854132,-2.7271080398350023e-05,-0.00013212360499892384,1.75693661008669e-11,0.5925799012184143,0.022503864020109177,0.012024009600281715,-0.0008411099552176893,0,0,0,0,1,0,0,0,1,0,5
