lt_dp_posx,lt_dp_posy,lt_dp_velx,lt_dp_vely,ball_posx,ball_posy,ball_posz,ball_vel_x,ball_vel_y,ball_rot_x,ball_rot_y,ball_rot_z,rt_gk_posx,rt_gk_posy,rt_gk_velx,rt_gk_vely,action_left,action_top_left,action_top,action_top_right,action_right,action_bottom_right,action_bottom,action_bottom_left,action_sprint,action_dribble,sel_action
-1.0110293626785278,-0.0,0.0,-0.0,0.019999999552965164,-0.0,0.11061639338731766,0.0,-0.0,0.0,-0.0,0.0,1.0110293626785278,0.0,-0.0,0.0,0,0,0,0,0,0,0,0,0,0,5
0.0,-0.0,0.0,-0.0,0.019999999552965164,-0.0,0.11059734225273132,0.0,-0.0,0.0,-0.0,0.0,1.0110293626785278,0.0,-0.0,0.0,0,0,0,0,1,0,0,0,0,0,5
0.0,-0.0,0.0,-0.0,0.019999999552965164,-0.0,0.10930104553699493,0.0,-0.0,0.0,-0.0,0.0,1.0089819431304932,-1.5615271228841543e-11,-0.003723537316545844,-2.552534225652714e-11,0,0,0,0,1,0,0,0,0,0,5
0.002222941257059574,2.292615403076681e-10,0.003935635089874268,2.4066315607029765e-10,0.019999999552965164,-0.0,0.11075475811958313,0.0,-0.0,0.0,-0.0,0.0,1.0043776035308838,-3.788986485675494e-11,-0.005314630456268787,-1.7259107337741497e-11,0,0,0,0,1,0,0,0,0,0,5
0.005492351017892361,-9.790077637461536e-10,0.005578104872256517,-3.509905699417004e-10,0.019999999552965164,-0.0,0.11053141206502914,0.0,-0.0,0.0,-0.0,0.0,0.9982317090034485,8.933628836693686e-11,-0.006807551719248295,6.670655694485106e-10,0,0,0,0,1,0,0,0,0,0,13
0.01125802006572485,-1.7745168667815392e-09,0.007097138091921806,-2.6627675064894163e-10,0.02613699994981289,-3.535414738742304e-10,0.12408395856618881,0.008579914458096027,-4.939273434700908e-10,-3.4787702232752515e-12,-2.7208972824155353e-05,-1.5394411006369735e-12,0.9906662106513977,6.603030899832163e-10,-0.008160226047039032,4.5499212730781835e-10,0,0,0,0,1,0,0,0,1,0,5
0.019116539508104324,-1.9314918553448024e-09,0.008456584066152573,-1.7845841471242352e-10,0.0343976728618145,-8.28691615328836e-10,0.11853152513504028,0.008039964362978935,-4.62318544558471e-10,-6.458654791541285e-12,-4.755981353810057e-05,-1.3888764701338189e-18,0.9818469882011414,9.363572139875487e-10,-0.009317257441580296,1.1413305023300069e-10,0,0,0,0,1,0,0,0,1,0,18
0.028236890211701393,-2.1214372480926613e-09,0.009634784422814846,-1.7957182962824447e-10,0.04220714792609215,-1.2777569002864198e-09,0.11089247465133667,0.007617080118507147,-4.380017459837404e-10,-6.11892958177207e-12,-4.5058142859488726e-05,6.943819867852558e-19,0.9724517464637756,1.1173393321683989e-09,-0.009637720882892609,1.8416571045953845e-10,0,0,0,0,1,0,0,0,1,0,5
0.03707406297326088,-2.8212814306982636e-09,0.009385167621076107,-2.1207580136461956e-10,0.049582552164793015,-1.7018618736486246e-09,0.11241153627634048,0.007181420922279358,-4.12950340589191e-10,-5.7688584811921295e-12,-4.24803038185928e-05,6.943272377684625e-19,0.9623057246208191,1.2444612007556088e-09,-0.010538101196289062,7.342558505651908e-11,0,0,0,0,1,0,0,0,1,0,16
0.045413948595523834,-3.6155236582402495e-09,0.00997435487806797,-1.177801051133187e-10,0.05803060904145241,5.9305807553755585e-06,0.1259927749633789,0.014216872863471508,2.9581326089100912e-05,3.779778694479319e-07,-4.007558527518995e-05,-2.8214852676455848e-08,0.9514368772506714,1.3715248936563285e-09,-0.010879600420594215,2.4711843682467816e-10,0,0,0,0,1,0,0,0,1,0,0
0.055850569158792496,2.5970192041313567e-07,0.010675542056560516,1.756026563271007e-06,0.07205856591463089,3.521114922477864e-05,0.13850748538970947,0.01395217701792717,2.9124874345143326e-05,3.8005242686267593e-07,-4.278356209397316e-05,-2.4532573306146332e-08,0.9404253959655762,1.5368819550332091e-09,-0.011310156434774399,1.0450417614604746e-10,0,0,0,0,1,0,0,0,1,0,18
0.06665448099374771,6.480421234300593e-06,0.011097683571279049,9.712125574878883e-06,0.08557827025651932,6.373401993187144e-05,0.1254587471485138,0.013114516623318195,2.7909507480217144e-05,3.8989571748970775e-07,-7.758051651762798e-05,-4.55705453570026e-14,0.9287715554237366,1.5672291242552205e-09,-0.011916019953787327,-2.7114515493975588e-11,0,0,0,0,1,0,0,0,1,0,5
0.07816209644079208,2.064139516733121e-05,0.011819601058959961,1.788314875739161e-05,0.09837764501571655,9.097285510506481e-05,0.11673936992883682,0.012501724995672703,2.6605395760270767e-05,3.716769754191773e-07,-7.395220018224791e-05,4.556178026006441e-14,0.9165447354316711,4.852818733525055e-07,-0.012460877187550068,1.1260993915129802e-06,0,0,0,0,1,0,0,0,1,0,18
0.0903337150812149,4.081238876096904e-05,0.012446238659322262,2.1819072571815923e-05,0.11050830036401749,0.00011678857845254242,0.10918530076742172,0.011826674453914165,2.51687833952019e-05,3.51616790794651e-07,-6.996089359745383e-05,-4.5552625527970486e-14,0.9038431644439697,2.6514996989135398e-06,-0.01288231648504734,3.017456265297369e-06,0,0,0,0,1,0,0,0,1,0,18
