lt_dp_posx,lt_dp_posy,lt_dp_velx,lt_dp_vely,ball_posx,ball_posy,ball_posz,ball_vel_x,ball_vel_y,ball_rot_x,ball_rot_y,ball_rot_z,rt_gk_posx,rt_gk_posy,rt_gk_velx,rt_gk_vely,action_left,action_top_left,action_top,action_top_right,action_right,action_bottom_right,action_bottom,action_bottom_left,action_sprint,action_dribble,sel_action
-1.0110293626785278,-0.0,0.0,-0.0,0.019999999552965164,-0.0,0.11061639338731766,0.0,-0.0,0.0,-0.0,0.0,1.0110293626785278,0.0,-0.0,0.0,5
0.0,-0.0,0.0,-0.0,0.019999999552965164,-0.0,0.11059734225273132,0.0,-0.0,0.0,-0.0,0.0,1.0110293626785278,0.0,-0.0,0.0,5
0.0,-0.0,0.0,-0.0,0.019999999552965164,-0.0,0.10930104553699493,0.0,-0.0,0.0,-0.0,0.0,1.0106345415115356,-3.396718453382852e-12,-0.001967654563486576,-1.6605321284668406e-11,5
0.002605511574074626,2.600850090850315e-10,0.004109719302505255,2.364695939061079e-10,0.019999999552965164,-0.0,0.11075475811958313,0.0,-0.0,0.0,-0.0,0.0,1.0068784952163696,-2.785685224160339e-11,-0.004527849145233631,-2.3320049016839484e-11,5
0.0056115807965397835,-2.2176995795319954e-09,0.005743090528994799,-3.6283451243512843e-10,0.019999999552965164,-0.0,0.11053141206502914,0.0,-0.0,0.0,-0.0,0.0,1.0014904737472534,-4.401146808108436e-11,-0.006076167803257704,-8.480536585475651e-12,13
0.011350344866514206,-3.5563638700608635e-09,0.007246829103678465,-2.685681677050411e-10,0.026164140552282333,-5.520513490786527e-10,0.12431752681732178,0.008619163185358047,-7.711959959522119e-10,-5.274416320366626e-12,-2.717408278840594e-05,-2.441331425212523e-12,0.9946169853210449,4.000957343208711e-10,-0.007505276706069708,5.837837435684889e-10,5
0.01936383545398712,-3.7108467410007506e-09,0.008648107759654522,-1.7264488449963977e-10,0.03446371108293533,-1.2938071725088207e-09,0.11842720210552216,0.008077450096607208,-7.216097164253199e-10,-1.0080992464411853e-11,-4.7781566536286846e-05,-1.3888867064938992e-18,0.986401379108429,8.214799396277783e-10,-0.008770297281444073,2.684873989799996e-10,18
0.028562815859913826,-3.8295069337834775e-09,0.009344364516437054,-5.128146865485128e-11,0.04230928793549538,-1.994701959162626e-09,0.11097025871276855,0.007652565836906433,-6.836520238806543e-10,-9.550692701976171e-12,-4.526809061644599e-05,-2.083159660534663e-18,0.9771802425384521,1.1742755656740655e-09,-0.009335489943623543,8.607519697001464e-10,5
0.037907179445028305,-3.7965182109189755e-09,0.009344343096017838,1.0193738214647752e-10,0.049719370901584625,-2.656691533431399e-09,0.11242659389972687,0.007215386722236872,-6.445960987200294e-10,-9.004919206134776e-12,-4.268123666406609e-05,-6.943313736715252e-19,0.9674903154373169,1.8696340031709724e-09,-0.010107545182108879,5.559265825461068e-10,18
0.047544851899147034,-7.544271873882735e-09,0.009191191755235195,-5.996363405813554e-10,0.05669998750090599,-3.280314020415176e-09,0.10810631513595581,0.0067888409830629826,-6.064899138458202e-10,-8.47258634778525e-12,-4.015812373836525e-05,-6.942806571602181e-19,0.9569175243377686,2.2141042332890493e-09,-0.01093008928000927,1.6830004057055703e-10,13
0.05686097592115402,-8.771599446788514e-09,0.009191167540848255,-2.2486468242988167e-10,0.06588125228881836,-4.237202144707908e-09,0.12945707142353058,0.009658139199018478,-1.0301327568740248e-09,-9.720079775787926e-12,-4.222093048156239e-05,-2.1063385410857727e-12,0.9460111856460571,2.4246222807278173e-09,-0.010957437567412853,1.5155299237790132e-10,18
0.06626217812299728,-1.0698395058739152e-08,0.009191191755235195,-2.111616159705676e-10,0.07528240978717804,-5.238770306448259e-09,0.1192205399274826,0.009184366092085838,-9.780820597882212e-10,-1.3663961455356866e-11,-5.432951729744673e-05,2.7784229565638057e-18,0.9346734285354614,2.4810067333902452e-09,-0.011628516018390656,-2.2125416082596772e-11,13
0.07581477612257004,-1.3874110749156898e-08,0.009191211313009262,-1.105998834183275e-10,0.08457568287849426,-6.352097514650268e-09,0.12902900576591492,0.00991570483893156,-1.4643697365812613e-09,-1.1010858891324915e-11,-3.9475671655964106e-05,-3.049179398556534e-12,0.9227253198623657,2.6696689303662424e-09,-0.012204927392303944,6.698701038310162e-10,5
0.08500595390796661,-1.3929414954816366e-08,0.009191211313009262,-1.0063188997377903e-11,0.09434466809034348,-7.792580802856719e-09,0.1115744337439537,0.00960505846887827,-1.4140439930088178e-09,-1.703895878557571e-11,-5.1493676437530667e-05,-1.7759469025588337e-12,0.9102458953857422,3.3520544118204043e-09,-0.012685270980000496,4.958058408277566e-10,12
0.09464362263679504,-2.23565486123789e-08,0.009191148914396763,-1.6088755327992033e-10,0.10368011146783829,-9.166003955840551e-09,0.11403248459100723,0.009151153266429901,-1.3462716497159022e-09,-1.8808121726721083e-11,-5.413445978774689e-05,1.3892012419218225e-18,0.8973493576049805,3.5207208259890876e-09,-0.013054819777607918,2.8955807196417993e-10,18
0.10395975410938263,-2.4762812245171517e-08,0.009191211313009262,-6.035193872433453e-11,0.11335623264312744,-1.1510922881541319e-08,0.1306500881910324,0.009714079089462757,-2.5630275679588976e-09,-2.4436359186141843e-11,-4.6160083002178e-05,-5.0327242373526815e-12,0.8841332197189331,4.3235819369158435e-09,-0.01333671435713768,6.587241307975944e-10,18
0.11336096376180649,-3.40776473706228e-08,0.009191148914396763,-2.111550656547223e-10,0.1228385791182518,-1.4008674220633566e-08,0.11933772265911102,0.009273816831409931,-2.4417947663835093e-09,-3.411226509597576e-11,-5.4858664952917024e-05,8.335437821331531e-18,0.8706738948822021,4.533952768781546e-09,-0.0135505897924304,-1.5291287680518906e-10,16
0.12291356176137924,-5.0037275656222846e-08,0.009191211313009262,-1.1053188919696311e-10,0.1321769803762436,-1.7377999483869644e-08,0.12883539497852325,0.009860135614871979,-5.605285124943293e-09,-3.662012706961981e-11,-3.963245399063453e-05,-1.0642152090123425e-11,0.8570301532745361,5.0712043453415845e-09,-0.013712574727833271,8.317191935169888e-10,16
0.13210473954677582,-5.009258430277441e-08,0.009191211313009262,-1.0117584721414108e-11,0.14188507199287415,-2.288281031326278e-08,0.11087760329246521,0.009541540406644344,-5.396911806343496e-09,-6.593867812876297e-11,-5.242404586169869e-05,-5.6551777150026794e-12,0.8432477116584778,5.351756371396732e-09,-0.013833887875080109,-1.5469092673470186e-10,5
0.14174240827560425,-1.099630253520445e-07,0.009191148914396763,-1.609283400982875e-10,0.15116511285305023,-2.812901733761919e-08,0.11433518677949905,0.009098567068576813,-5.143630410486821e-09,-7.18592615966962e-11,-5.382341623771936e-05,-2.7783696447733266e-17,0.8293613195419312,5.33215427367395e-09,-0.013925047591328621,1.057600340637066e-09,16
0.15105853974819183,-1.2676591154558992e-07,0.009191211313009262,-6.027034427091849e-11,0.16079632937908173,-4.14786605063e-08,0.13033035397529602,0.009668953716754913,-1.519463488364181e-08,-1.384390796443924e-10,-4.6186843974282965e-05,-2.9001578916165727e-11,0.8153970837593079,5.622441623387431e-09,-0.013993066735565662,-3.396462278093537e-10,16
0.1604597568511963,-2.138744292778938e-07,0.009191323071718216,-2.1121165927340257e-10,0.17023256421089172,-5.627610377700876e-08,0.11945192515850067,0.009228674694895744,-1.4464537123615173e-08,-2.0207191475662967e-10,-5.459163003251888e-05,-2.222760533691461e-17,0.8013744354248047,4.508726281216013e-09,-0.014044256880879402,-1.7484145242718796e-09,16
0.17001233994960785,-3.6369931422086665e-07,0.009191211313009262,-1.1074947209310793e-10,0.17953141033649445,-8.036776932840439e-08,0.12871046364307404,0.009829954244196415,-4.686304677647968e-08,-2.8200447532711337e-10,-3.951658072764985e-05,-8.328250589162423e-11,0.7873084545135498,4.417765708808474e-09,-0.014082123525440693,-9.972483949738375e-10,0
0.17920352518558502,-3.637545944457088e-07,0.009191211313009262,-1.0008793273341698e-11,0.18920588493347168,-1.2634787083243282e-07,0.11049725115299225,0.009506034664809704,-4.504767758817252e-08,-5.550964687905946e-10,-5.274689101497643e-05,-4.259158997710344e-11,0.7732098698616028,1.895373635818487e-09,-0.014110873453319073,-3.7717038381401835e-09,5
0.18884119391441345,-1.0734398756540031e-06,0.009191148914396763,-1.615332173576789e-10,0.19845201075077057,-1.7014005493365403e-07,0.11448676139116287,0.009065951220691204,-4.2938896882560584e-08,-5.998792573791434e-10,-5.363046147977002e-05,-8.890718541710213e-17,0.7590870261192322,-2.7038922212341276e-09,-0.014131911098957062,-5.731873642389473e-09,16
0.19815732538700104,-1.2720961422019172e-06,0.009191211313009262,-6.005276137477367e-11,0.20806004106998444,-3.1496009000875347e-07,0.13017551600933075,0.00964701920747757,-1.6791271661986684e-07,-1.5025787281075509e-09,-4.618423554347828e-05,-3.1511240838888455e-10,0.7449461221694946,-1.157160678388891e-08,-0.014147337526082993,-1.1434883262495532e-08,0
0.2075585424900055,-2.4969119749584934e-06,0.009191323071718216,-2.1249974002657268e-10,0.21747377514839172,-4.784353109243966e-07,0.11950681358575821,0.009206665679812431,-1.5979119893927418e-07,-2.2323076720454083e-09,-5.4461415857076645e-05,-1.7781995595770022e-16,0.7307917475700378,-2.6230463134879756e-08,-0.01415925845503807,-1.7980823940888513e-08,0
0.21711112558841705,-4.604471541824751e-06,0.009191211313009262,-1.1140222078154238e-10,0.2267533540725708,-7.784531135257566e-07,0.12865053117275238,0.009815461002290249,-6.296682499851158e-07,-3.657992353467421e-09,-3.945680145989172e-05,-1.081832401439442e-09,0.7166271209716797,-5.4715428632334806e-08,-0.014168374240398407,-3.708203522023723e-08,5
0.22630231082439423,-4.604527021001559e-06,0.009191211313009262,-1.0443958198269598e-11,0.23641175031661987,-1.396000357090088e-06,0.11031507700681686,0.009489048272371292,-6.048452405593707e-07,-7.48996598076701e-09,-5.2880062867188826e-05,-5.419225068692413e-10,0.7024551630020142,-1.023102313979507e-07,-0.014174685813486576,-5.61978517055195e-08,0
0.23593997955322266,-1.6074855011538602e-05,0.009191148914396763,-1.5150702914468184e-10,0.2456415593624115,-1.9840033473883523e-06,0.11455907672643661,0.009050269611179829,-5.765642185906472e-07,-8.054912292720928e-09,-5.353770757210441e-05,-7.112549951775345e-16,0.6882778406143188,-1.833663390016227e-07,-0.014179594814777374,-1.125678110724948e-07,0
0.24525611102581024,-1.9284923837403767e-05,0.009191211313009262,-5.570111039077119e-11,0.2552119791507721,-4.227983481541742e-06,0.12730753421783447,0.009578090161085129,-2.61460559158877e-06,-2.743636073887501e-08,-4.9417896661907434e-05,-4.092253202969687e-09,0.674096405506134,-3.371893058101705e-07,-0.014183100312948227,-1.8758132114271575e-07,16
0.2546573281288147,-3.63020044460427e-05,0.009191323071718216,-2.2280444156308477e-10,0.2645493745803833,-6.773518180125393e-06,0.11957164108753204,0.009131667204201221,-2.489069629518781e-06,-3.477270027474333e-08,-5.401778616942465e-05,5.690142875923367e-15,0.6600852608680725,-5.586182396655204e-07,-0.013305860571563244,-2.2529749799105048e-07,9
0.26420992612838745,-6.558446330018342e-05,0.009191211313009262,-1.1140222078154238e-10,0.2737797796726227,-1.1187742529727984e-05,0.12864425778388977,0.009822167456150055,-8.951288691605441e-06,-5.262643298920011e-08,-3.9304100937442854e-05,-1.564821161537111e-08,0.6489312052726746,-7.475880465790397e-07,-0.009040271863341331,-1.5325203150950983e-07,12
0.27340108156204224,-6.558452150784433e-05,0.009191211313009262,-5.570111039077119e-11,0.2834445834159851,-1.9967408661614172e-05,0.11038197576999664,0.009495082311332226,-8.599481589044444e-06,-1.05865424870899e-07,-5.269114626571536e-05,-8.125417672033564e-09,0.6421421766281128,-8.627202419120295e-07,-0.0055151828564703465,-9.352739027690404e-08,9
0.28303876519203186,-0.0002089671470457688,0.009191148914396763,-7.129742629619074e-11,0.29267993569374084,-2.8327025574981235e-05,0.1145152598619461,0.009055506438016891,-8.196834642149042e-06,-1.1451418657770773e-07,-5.3568695875583217e-05,2.2760186950735416e-14,0.637485146522522,-9.417021260560432e-07,-0.0036765546537935734,-6.235130456389015e-08,12
0.29235488176345825,-0.00024909345665946603,0.009191211313009262,-0.0,0.3022567927837372,-5.7114928495138884e-05,0.12735627591609955,0.009585046209394932,-3.3351676393067464e-05,-3.5083888860754087e-07,-4.9418169510317966e-05,-5.249403400853225e-08,0.635159432888031,-1.2981743111595279e-06,-0.0011984040029346943,-3.1906101867207326e-06,5
0.3012714087963104,-0.0010766391642391682,0.008271953091025352,-1.2833535345535552e-09,0.3116011917591095,-8.958679245552048e-05,0.11955313384532928,0.009138504043221474,-3.1751522328704596e-05,-4.435739526797988e-07,-5.405822957982309e-05,-4.552121415815451e-14,0.6370424628257751,-3.6739365896210074e-05,0.00327895674854517,-4.2632909753592685e-05,7
0.30953243374824524,-0.0025006569921970367,0.008272073231637478,-0.0,0.32061436772346497,-0.00023340231564361602,0.12673187255859375,0.009085679426789284,-0.0004033434670418501,-2.302658913322375e-06,-3.8412494177464396e-05,-5.901845270273043e-07,0.6410890221595764,-7.030844426481053e-05,0.004670199006795883,-2.194517946918495e-05,3
0.3178044557571411,-0.0025006569921970367,0.008271722123026848,-0.0,0.32951095700263977,-0.0006264850380830467,0.11366326361894608,0.008714878000319004,-0.00038427836261689663,-5.36782636118005e-06,-5.154659811523743e-05,2.184815479575053e-12,0.646552562713623,-8.137400436680764e-05,0.006133668590337038,-9.735161256685387e-06,6
0.32737448811531067,-0.0022060363553464413,0.009387344121932983,-6.2991980485094246e-06,0.3379886746406555,-0.0010003057541325688,0.11434314399957657,0.008274508640170097,-0.000364860228728503,-5.0969820222235285e-06,-4.894564699498005e-05,1.0923078847674406e-12,0.6534165740013123,-9.063864126801491e-05,0.007468812633305788,-8.678344784129877e-06,13
0.3377278745174408,-0.002115917159244418,0.00914054736495018,-0.0004616044752765447,0.35695555806159973,-0.001102696405723691,0.2238321453332901,0.062371548265218735,0.0009169892873615026,1.883439108496532e-05,1.1434166481194552e-05,-0.00025011232355609536,0.661098062992096,-9.776317892828956e-05,0.00780540332198143,-5.7494685279380064e-06,18
0.3461780250072479,-0.002621730323880911,0.008580263704061508,-0.0004274779639672488,0.4175705909729004,-0.000135183465317823,0.7189029455184937,0.05922876298427582,0.0010068195406347513,1.883439108496532e-05,1.1434166481194552e-05,-0.00025011232355609536,0.6659636497497559,-0.00010767292405944318,0.0023926005233079195,-1.6626112483209e-05,18
0.35379913449287415,-0.003000556258484721,0.007100666407495737,-0.0006391564384102821,0.47522008419036865,0.0009146166266873479,1.120327353477478,0.05640117824077606,0.0010828805388882756,1.883439108496532e-05,1.1434166481194552e-05,-0.00025011232355609536,0.6672399640083313,-0.00011955178342759609,0.00011850806185975671,-1.5598538993799593e-06,5
0.36041581630706787,-0.0037770746275782585,0.006083881016820669,-0.0007143680704757571,0.5301946401596069,0.002032859716564417,1.4323242902755737,0.05384519323706627,0.001145126298069954,1.883439108496532e-05,1.1434166481194552e-05,-0.00025011232355609536,0.6672734618186951,-0.00012003660958725959,-0.0,0.0,4
0.3667427897453308,-0.004485319368541241,0.006891699507832527,-0.0006782559212297201,0.582745373249054,0.0032059387303888798,1.658307671546936,0.051524579524993896,0.0011939906980842352,1.883439108496532e-05,1.1434166481194552e-05,-0.00025011232355609536,0.6672734618186951,-0.00012003660958725959,-0.0,0.0,12
0.37447863817214966,-0.004990294575691223,0.008394437842071056,-0.0003185640089213848,0.6330904960632324,0.004420851357281208,1.8010894060134888,0.04940884932875633,0.00123019446618855,1.883439108496532e-05,1.1434166481194552e-05,-0.00025011232355609536,0.6672734618186951,-0.00012003660958725959,-0.0,0.0,7
0.3835207521915436,-0.004974398761987686,0.009328477084636688,0.00023228343343362212,0.6814203262329102,0.0056654103100299835,1.8630313873291016,0.04747215285897255,0.0012546126963570714,1.883439108496532e-05,1.1434166481194552e-05,-0.00025011232355609536,0.6672734618186951,-0.00012003660958725959,-0.0,0.0,13
0.39307814836502075,-0.004734352231025696,0.009973259642720222,0.0002518866676837206,0.7279015779495239,0.006928341928869486,1.8461570739746094,0.04569249600172043,0.0012681832304224372,1.883439108496532e-05,1.1434166481194552e-05,-0.00025011232355609536,0.6690159440040588,0.0009081301395781338,0.0026380314957350492,0.0013550342991948128,9
0.4035762548446655,-0.0044668810442090034,0.010900638066232204,0.0002799065550789237,0.7726806998252869,0.008199318312108517,1.7522386312484741,0.04405100643634796,0.001271843328140676,1.883439108496532e-05,1.1434166481194552e-05,-0.00025011232355609536,0.6720144748687744,0.002677501877769828,0.0031555399764329195,0.0019427869701758027,18
0.4149303436279297,-0.004173155874013901,0.011714416556060314,0.00030448634061031044,0.8158865571022034,0.009468927048146725,1.5828602313995361,0.04253144934773445,0.001266492996364832,1.883439108496532e-05,1.1434166481194552e-05,-0.00025011232355609536,0.6755160689353943,0.004338370636105537,0.0036576215643435717,0.0015251017175614834,18
0.4270215630531311,-0.0038561238907277584,0.012373924255371094,0.0003267418360337615,0.857633113861084,0.010728621855378151,1.3394687175750732,0.041119761765003204,0.0012529675150290132,1.883439108496532e-05,1.1434166481194552e-05,-0.00025011232355609536,0.6793257594108582,0.005808218382298946,0.004391810391098261,0.0012552945408970118,4
0.43968522548675537,-0.0035191657952964306,0.012880213558673859,0.0003445768670644611,0.8980217576026917,0.011970655992627144,1.0234122276306152,0.03980374336242676,0.001232027541846037,1.883439108496532e-05,1.1434166481194552e-05,-0.00025011232355609536,0.6848225593566895,0.006450477987527847,0.006234645843505859,0.00029639762942679226,8
0.4526597261428833,-0.0031699631363153458,0.012981891632080078,0.00035112196928821504,0.9371418952941895,0.013187992386519909,0.635971188545227,0.038572732359170914,0.0012043501483276486,1.883439108496532e-05,1.1434166481194552e-05,-0.00025011232355609536,0.6918162703514099,0.006535116117447615,0.007582412101328373,8.448031439911574e-05,0
0.46564140915870667,-0.002816742518916726,0.012981541454792023,0.00035493995528668165,0.9750732779502869,0.014374224469065666,0.1783824861049652,0.0374174527823925,0.0011705306824296713,1.883439108496532e-05,1.1434166481194552e-05,-0.00025011232355609536,0.6997548341751099,0.006678198464214802,0.008407761342823505,0.00016824765771161765,18
0.47863858938217163,-0.0024595705326646566,0.012998721562325954,0.0003586420789361,1.0053269863128662,0.015563467517495155,0.32688820362091064,0.028308525681495667,0.0011996960965916514,1.862078715930693e-05,-8.767202416493092e-06,-0.00022914211149327457,0.708687424659729,0.006879375781863928,0.009245030581951141,0.00022661885304842144,0
