lt_dp_posx,lt_dp_posy,lt_dp_velx,lt_dp_vely,ball_posx,ball_posy,ball_posz,ball_vel_x,ball_vel_y,ball_rot_x,ball_rot_y,ball_rot_z,rt_gk_posx,rt_gk_posy,rt_gk_velx,rt_gk_vely,action_left,action_top_left,action_top,action_top_right,action_right,action_bottom_right,action_bottom,action_bottom_left,action_sprint,action_dribble,sel_action
-1.0110293626785278,-0.0,0.0,-0.0,0.019999999552965164,-0.0,0.11061639338731766,-0.0,0.0,0.0,-0.0,0.0,1.0110293626785278,0.0,-0.0,0.0,5
0.0,-0.0,0.0,-0.0,0.019999999552965164,-0.0,0.11059734225273132,-0.0,0.0,0.0,-0.0,0.0,1.0085934400558472,-1.7055430678869499e-10,-0.003884820267558098,-2.392741005330379e-10,5
0.00015050964429974556,2.3460271919573117e-11,0.0013189289020374417,1.1476692859946347e-11,0.019999999552965164,-0.0,0.10930104553699493,-0.0,0.0,0.0,-0.0,0.0,1.0038305521011353,-3.7194536339768547e-10,-0.0054703038185834885,-1.5051691837353331e-10,5
0.003169773379340768,-1.4493864441966764e-10,0.00444171903654933,-1.5154891230828582e-10,0.019999999552965164,-0.0,0.11075475811958313,-0.0,0.0,0.0,-0.0,0.0,0.9975366592407227,-2.2745658134759594e-10,-0.006950602866709232,6.577993705292329e-10,13
0.006755396723747253,-1.957444650813045e-09,0.006048675626516342,-3.87537057999765e-10,0.019999999552965164,-0.0,0.11053141206502914,0.00913205649703741,-6.147181652593758e-10,-9.637430827338922e-13,-9.290210982726421e-06,-1.3573547125687868e-13,0.989837646484375,3.235285372937824e-10,-0.008285746909677982,4.3338815869375935e-10,18
0.013472573831677437,-2.375027507994787e-09,0.0075225005857646465,-1.680195566011733e-10,0.02855907380580902,-5.773715394674639e-10,0.11543484032154083,0.008211899548768997,-5.546685333257528e-10,2.7993885421545572e-12,1.5690209693275392e-05,-3.075214995845732e-12,0.9809144139289856,5.716789819310009e-10,-0.009325672872364521,8.422736119673147e-11,13
0.021728597581386566,-2.5135953318766724e-09,0.008830077946186066,-1.81885340122534e-10,0.036379411816596985,-1.1061840332615702e-09,0.11138299852609634,0.007620302028954029,-5.153768523058488e-10,7.19994723563655e-12,4.507770063355565e-05,0.0,0.971478283405304,7.637411258976101e-10,-0.00973448995500803,1.7664636420278157e-10,16
0.030881790444254875,-2.922456943110774e-09,0.009742077440023422,-2.5578592022235114e-10,0.04376407340168953,-1.6056237450712274e-09,0.11308421939611435,0.007194009609520435,-4.865457481351143e-10,6.796908955802872e-12,4.255434760125354e-05,0.0,0.961243748664856,8.784652449911334e-10,-0.010619443841278553,5.82016101979832e-11,16
0.03869873657822609,-4.3936441151970484e-09,0.009488419629633427,-1.4568914130652644e-10,0.05072854459285736,-2.0766453001641594e-09,0.111333929002285,0.006776058580726385,-4.582789148166455e-10,6.401970099878529e-12,4.008169344160706e-05,6.942791578953578e-19,0.9503563046455383,1.022064100020259e-09,-0.010805971920490265,2.297339402046461e-10,5
0.04813002794981003,-4.973140121933284e-09,0.010424151085317135,-8.550311153543433e-11,0.06252732127904892,1.980778506549541e-05,0.14545723795890808,0.013862470164895058,2.7951717129326425e-05,2.8575809096764715e-07,7.840256330382545e-06,3.5737642178901297e-07,0.9392877221107483,1.1733403137981213e-09,-0.011376773938536644,9.34550700715242e-11,13
0.05878075584769249,2.2622389224125072e-06,0.010675542056560516,5.668308858730597e-06,0.07626029849052429,4.7447425458813086e-05,0.11189621686935425,0.013442620635032654,2.6799771148944274e-05,2.3780512492521666e-07,1.3059423508821055e-05,4.052058670822589e-07,0.9275738596916199,3.5877656401339664e-09,-0.011977027170360088,2.3943462323927633e-08,13
0.06991150975227356,1.1484563401609194e-05,0.011478189378976822,1.2574428183143027e-05,0.0888451412320137,7.155003549996763e-05,0.12182088941335678,0.0122311906889081,2.3126820451579988e-05,-1.318102818004263e-07,5.257704833638854e-05,3.361167273396859e-07,0.9152939915657043,5.281185622152407e-07,-0.012507859617471695,1.1223517049074871e-06,0
0.08176156133413315,2.7965594199486077e-05,0.01214584894478321,1.8356662621954456e-05,0.10066431760787964,9.372463682666421e-05,0.11328858882188797,0.01153589691966772,2.1608733732136898e-05,-3.0188436994649237e-07,6.824140291428193e-05,9.109768196952431e-14,0.9025512933731079,2.5473009372944944e-06,-0.01291878055781126,2.7464375307317823e-06,16
0.09422973543405533,4.844388604396954e-05,0.012709463015198708,2.275824772368651e-05,0.11184936761856079,0.00011467617878224701,0.11222801357507706,0.010902130044996738,2.0421579392859712e-05,-2.852877685199928e-07,6.448969361372292e-05,4.5540902591980487e-14,0.8894527554512024,5.819085799885215e-06,-0.013232932426035404,3.4937615964736324e-06,5
0.10718514025211334,7.4634728662204e-05,0.013138792477548122,2.9030972655164078e-05,0.12241337448358536,0.00013446439697872847,0.11061704903841019,0.010290587320923805,1.9276052626082674e-05,-2.6928015017801954e-07,6.087116707931273e-05,0.0,0.8760826587677002,9.602495993021876e-06,-0.013472052291035652,4.0150612221623305e-06,16
0.12041448801755905,-0.0015572878764942288,0.013238980434834957,1.9075911040999927e-05,0.1323803961277008,0.00015313435869757086,0.11057812720537186,0.00970765296369791,1.8184113287134096e-05,-2.5402917458450247e-07,5.742365829064511e-05,0.0,0.8625065684318542,1.3759286048298236e-05,-0.013653671368956566,3.813715920841787e-06,0
0.13365352153778076,-0.0022489482071250677,0.013239067979156971,7.15291389496997e-06,0.14618335664272308,-2.3735496142762713e-05,0.15490058064460754,0.015498308464884758,-0.0002584803442005068,-6.146940023654679e-08,1.0350106094847433e-05,-7.976349252203363e-07,0.8487749099731445,1.6114099707920104e-05,-0.013789709657430649,1.158959094027523e-06,16
0.14694152772426605,-0.002239745343104005,0.013399124145507812,2.953495641122572e-05,0.16157445311546326,-0.00028042044141329825,0.1334289014339447,0.015303518623113632,-0.0002552282530814409,-6.146940023654679e-08,1.0350106094847433e-05,-7.976349252203363e-07,0.8349264860153198,1.5892159353825264e-05,-0.013892089948058128,-1.357324663331383e-06,5
0.16048797965049744,-0.002138615818694234,0.013655073940753937,0.00016761846200097352,0.17598877847194672,-0.0005194549448788166,0.1294790357351303,0.013877257704734802,-0.0002293538418598473,1.575376586515631e-06,4.642819840228185e-05,-1.8863893274101429e-06,0.8209907412528992,3.810471298493212e-06,-0.01396852359175682,-2.2587539206142537e-05,13
0.1742507666349411,-0.0018932271050289273,0.013842477463185787,0.0002950109192170203,0.1893971711397171,-0.0007406179211102426,0.11955047398805618,0.013011065311729908,-0.00021434167865663767,2.9943334993731696e-06,7.696470856899396e-05,0.0,0.8069896101951599,-3.1684525310993195e-05,-0.01402532309293747,-4.607813389156945e-05,0
0.18817661702632904,-0.0016261015553027391,0.013987807556986809,0.00023852908634580672,0.20204278826713562,-0.0009489389485679567,0.11305272579193115,0.0123354597017169,-0.00020321195188444108,2.8389185899868608e-06,7.296999683603644e-05,-3.6447586485369166e-13,0.7929396033287048,-8.696089935256168e-05,-0.014068098738789558,-5.7085730077233166e-05,18
0.20222631096839905,-0.0014224725309759378,0.014095447026193142,0.0001758158759912476,0.21399495005607605,-0.0011458364315330982,0.11263197660446167,0.011644318699836731,-0.00019182628602720797,2.6797520149557386e-06,6.88788277329877e-05,0.0,0.7788529992103577,-0.0001431669224984944,-0.014100355096161366,-5.54794205527287e-05,5
0.21631461381912231,-0.0012832327047362924,0.014121787622570992,0.00011329163680784404,0.22527851164340973,-0.0013317198026925325,0.10997515171766281,0.010991089046001434,-0.00018106513016391546,2.5294766601291485e-06,6.50162182864733e-05,3.643358943532238e-13,0.7647390961647034,-0.00019778100249823183,-0.014124196954071522,-5.420096931629814e-05,16
0.2303355634212494,-0.0012068914948031306,0.013827050104737282,4.929860369884409e-05,0.23866933584213257,-0.0014097949024289846,0.14891332387924194,0.015875935554504395,2.139749631169252e-05,8.98818484529329e-07,1.2283048818062525e-05,-9.630675776861608e-07,0.7506048083305359,-0.00025309977354481816,-0.014141728170216084,-5.6230939662782475e-05,0
0.24380238354206085,-0.0007223005522973835,0.013312505558133125,5.2185432650730945e-06,0.25443336367607117,-0.0013885481748729944,0.14991557598114014,0.015672583132982254,2.1144716811249964e-05,8.98818484529329e-07,1.2283048818062525e-05,-9.630675776861608e-07,0.7364554405212402,-0.0003104405477643013,-0.014155051670968533,-5.824687468702905e-05,5
0.2571147382259369,0.0010147127322852612,0.013312675058841705,2.8463357466534944e-06,0.26967301964759827,-0.0013447680976241827,0.13528913259506226,0.015916738659143448,0.0002661653852555901,4.0488751551492896e-07,-7.756295303806837e-07,1.802452374022323e-07,0.7222951054573059,-0.0003649971622508019,-0.014164167456328869,-4.826679651159793e-05,16
0.27042728662490845,0.001016254536807537,0.013312522321939468,4.7412785875167174e-07,0.28547656536102295,-0.0010805154452100396,0.17414537072181702,0.015711912885308266,0.0002627134963404387,4.0488751551492896e-07,-7.756295303806837e-07,1.802452374022323e-07,0.7081262469291687,-0.0004049399576615542,-0.014171880669891834,-3.3129239454865456e-05,6
0.28387242555618286,0.0009880263824015856,0.013567769899964333,-7.276347605511546e-05,0.30106449127197266,-0.0008198792929761112,0.11521957814693451,0.015382506884634495,0.0002570876677054912,3.1557920010527596e-07,1.2763357517542318e-06,3.595498867525748e-07,0.6939510703086853,-0.0004287010233383626,-0.014177490957081318,-1.2807690836780239e-05,18
0.29756221175193787,0.0008394189644604921,0.013779542408883572,-0.0002096269017783925,0.3153144121170044,-0.0005831037415191531,0.13555510342121124,0.013996833004057407,0.00023232428065966815,-9.924923460857826e-07,3.129063406959176e-05,1.908558260765858e-06,0.6797711253166199,-0.00042369766742922366,-0.014181697741150856,1.9579163563321345e-05,0
0.3114319145679474,0.0005826419219374657,0.01393801998347044,-0.0002551717043388635,0.3288481533527374,-0.00035887639387510717,0.12166450917720795,0.013023816049098969,0.000215336331166327,-2.623291493364377e-06,6.837336695753038e-05,7.766657290630974e-07,0.665587842464447,-0.0003862993326038122,-0.014184502884745598,5.1979830459458753e-05,6
0.32512590289115906,0.000748240971006453,0.013893191702663898,-0.00021515393746085465,0.3415127992630005,-0.00014952105993870646,0.11578289419412613,0.01236000843346119,0.00020431532175280154,-2.854287458831095e-06,7.311404624488205e-05,-7.289570965081371e-13,0.6514022350311279,-0.0003315728099551052,-0.014186606742441654,5.423238326329738e-05,6
0.33804818987846375,0.0018876686226576567,0.013500723987817764,0.00016552131273783743,0.35349950194358826,4.8623525799484923e-05,0.1115843802690506,0.01477891206741333,0.0035128258168697357,8.69074028742034e-06,9.262132152798586e-06,1.032600448525045e-05,0.6372146606445312,-0.0002779453934635967,-0.01418871060013771,5.313217479852028e-05,12
0.35100752115249634,0.002410708460956812,0.012463681399822235,0.001044063363224268,0.3677975833415985,0.0034283900167793036,0.15605109930038452,0.014190609566867352,0.0033525952603667974,3.61997126674396e-06,1.6110474462038837e-05,1.7480060705565847e-05,0.623026967048645,-0.00015779306704644114,-0.014183801598846912,0.0002774392196442932,6
0.36328646540641785,0.004346384201198816,0.01192864216864109,0.0025816296692937613,0.3818199932575226,0.006737987045198679,0.10035070776939392,0.013621392659842968,0.0031997961923480034,-1.9192093532183208e-06,2.351727380300872e-05,2.286588460265193e-05,0.6088606119155884,0.00036676053423434496,-0.014147337526082993,0.0007265662425197661,13
0.3751225471496582,0.006904807407408953,0.011979131028056145,0.002579298336058855,0.39467746019363403,0.009719762951135635,0.12494634836912155,0.012613399885594845,0.002918323501944542,-2.458780181768816e-05,5.3560477681457996e-05,2.2445752620114945e-05,0.5947494506835938,0.0013388332445174456,-0.01407791581004858,0.00116631796117872,6
0.38736504316329956,0.009501149877905846,0.012444047257304192,0.0025987625122070312,0.40686964988708496,0.012532435357570648,0.1146312803030014,0.011897892691195011,0.002742885611951351,-3.831963113043457e-05,7.038319745333865e-05,-5.830856630861803e-12,0.5807154178619385,0.0027079288847744465,-0.013994820415973663,0.0015346769941970706,9
0.40001875162124634,0.012090283446013927,0.012807635590434074,0.002586021553725004,0.4184061884880066,0.015192018821835518,0.11210114508867264,0.011245314963161945,0.0025924420915544033,-3.621467112679966e-05,6.651695002801716e-05,-1.7489332898579235e-11,0.566777229309082,0.004444066900759935,-0.013888583518564701,0.0019005504436790943,0
0.41296082735061646,0.014716051518917084,0.013039743527770042,0.0026598928961902857,0.42930683493614197,0.017704986035823822,0.10899712890386581,0.010622164234519005,0.0024487837217748165,-3.42100283887703e-05,6.283494440140203e-05,-1.7486418563139594e-11,0.5529769062995911,0.006595112849026918,-0.0137094184756279,0.0023897255305200815,14
0.4258178472518921,0.017650216817855835,0.012757517397403717,0.002616296987980604,0.4395962059497833,0.020077040418982506,0.11143915355205536,0.010021929629147053,0.0023104087449610233,-3.227590786991641e-05,5.928246901021339e-05,-2.913961173051094e-12,0.539399266242981,0.009280016645789146,-0.01346223521977663,0.0029249482322484255,6
0.43750816583633423,0.02038504183292389,0.011347855441272259,0.0019419289892539382,0.4493052363395691,0.022315317764878273,0.10863298177719116,0.009457883425056934,0.002180376322939992,-3.045999983442016e-05,5.594711910816841e-05,0.0,0.5262441635131836,0.012433982454240322,-0.012408635579049587,0.003157819854095578,16
0.4469299018383026,0.02191348373889923,0.00835481844842434,0.0012645310489460826,0.5012761950492859,0.023275917395949364,0.3261438012123108,0.055687274783849716,0.0006984490901231766,-6.529020993184531e-06,2.420616328890901e-05,0.0008990729111246765,0.5155805349349976,0.01585383340716362,-0.009769201278686523,0.0038580175023525953,9
0.4547192454338074,0.023128144443035126,0.0073944819159805775,0.0011787459952756763,0.5556315779685974,0.023806201294064522,0.4135788381099701,0.053290221840143204,0.0003960296744480729,-6.529020993184531e-06,2.420616328890901e-05,0.0008990729111246765,0.5063003301620483,0.020183034241199493,-0.008852692320942879,0.004702264443039894,6
0.46169203519821167,0.023818233981728554,0.006643814034759998,0.0005494464421644807,0.6076750159263611,0.02404608018696308,0.35092073678970337,0.05104430392384529,0.00011528532195370644,-6.529020993184531e-06,2.420616328890901e-05,0.0008990729111246765,0.4977172911167145,0.024872442707419395,-0.007650431245565414,0.004179511684924364,0
0.46779829263687134,0.024350624531507492,0.0063497647643089294,0.0005348999984562397,0.6575452089309692,0.02401655726134777,0.14698532223701477,0.048927340656518936,-0.00014503610145766288,-6.529020993184531e-06,2.420616328890901e-05,0.0008990729111246765,0.4934123754501343,0.027779357507824898,-0.004409114830195904,0.002754111075773835,11
0.4749305546283722,0.024836314842104912,0.007869057357311249,0.00038826040690764785,0.7003737092018127,0.023834343999624252,0.2005937099456787,0.0409574881196022,-0.0002387546410318464,-5.562157639360521e-06,4.7336296120192856e-05,0.0008128651534207165,0.4908161163330078,0.030055906623601913,-0.003251772839576006,0.002243612427264452,16
0.4827471077442169,0.024792445823550224,0.008433651179075241,-0.0003770289767999202,0.7405897974967957,0.02351081185042858,0.1638556867837906,0.03960882127285004,-0.00039140955777838826,-5.562157639360521e-06,4.7336296120192856e-05,0.0008128651534207165,0.48999127745628357,0.03204035758972168,-0.0013093565357849002,0.0020691093523055315,12
0.4910760521888733,0.024370353668928146,0.009229708462953568,-0.0003085833159275353,0.7775506377220154,0.023095201700925827,0.14232197403907776,0.0350804477930069,-0.0004292657249607146,-3.749125426111277e-06,7.301448931684718e-05,0.0006888136267662048,0.48974892497062683,0.033269379287958145,-0.0008688195957802236,0.0008587606134824455,7
0.5006131529808044,0.02411126159131527,0.010289821773767471,-0.00025189705775119364,0.8111838698387146,0.022641269490122795,0.12249588966369629,0.031449299305677414,-0.0004393754352349788,-9.46380623645382e-07,0.00010515469330130145,0.000501403002999723,0.4903077483177185,0.03381965681910515,-0.00011617087875492871,0.0005063398275524378,13
0.5110573172569275,0.02392066828906536,0.010721241123974323,-0.00017305386427324265,0.8407754898071289,0.02221631444990635,0.10708112269639969,0.028098484501242638,-0.00040645626722835004,3.758296088562929e-06,0.00015048711793497205,0.00015511599485762417,0.4931057095527649,0.0340924933552742,0.003815567819401622,0.0001728524366626516,0
0.5218421816825867,0.023767506703734398,0.011238118633627892,-0.00014735285367351025,0.8674898147583008,0.021831028163433075,0.11013507843017578,0.025654496625065804,-0.0003700034867506474,5.168499683350092e-06,0.00015174255531746894,2.9339590652821546e-12,0.4982384145259857,0.03415009379386902,0.005280659068375826,4.4976018216402736e-06,17
0.533386766910553,0.023633737117052078,0.011952425353229046,-0.00012336687359493226,0.8919703960418701,0.02147795259952545,0.1102474108338356,0.02356661856174469,-0.0003398908884264529,4.747923412651289e-06,0.00013939483324065804,2.9302573822248545e-12,0.5047222971916199,0.03404701128602028,0.006998166441917419,-0.00017560536798555404,18
0.5443275570869446,0.02414337545633316,0.00947713851928711,0.0010807833168655634,0.9145193099975586,0.021152742207050323,0.11027349531650543,0.021753037348389626,-0.0003137345483992249,4.3825975808431394e-06,0.00012866914039477706,1.4636510319715468e-12,0.5123480558395386,0.03384971618652344,0.008053638972342014,-0.00023405517276842147,13
0.5512810349464417,0.025868307799100876,0.004715366754680872,0.0022295787930488586,0.9353800415992737,0.020851880311965942,0.11029787361621857,0.020160187035799026,-0.00029076143982820213,4.061719664605334e-06,0.00011924849241040647,7.312263858652579e-13,0.5208783745765686,0.033709947019815445,0.008994017727673054,-0.00014514887880068272,5
0.5555098056793213,0.028477387502789497,0.00560281565412879,0.0021529337391257286,0.9547500014305115,0.020572515204548836,0.1103157103061676,0.018747683614492416,-0.0002703895152080804,3.7771651477669366e-06,0.00011089425242971629,7.307337243980805e-13,0.5294488668441772,0.03395027667284012,0.009273950010538101,3.163568180752918e-05,7
0.5625077486038208,0.029795212671160698,0.007860157638788223,0.0006860304274596274,0.9727916717529297,0.020312311127781868,0.11032930016517639,0.017484433948993683,-0.0002521701972000301,3.522671477185213e-06,0.00010342252789996564,-2.1909715795104256e-12,0.539053738117218,0.03399018570780754,0.010299663990736008,-0.00017058933735825121,17
0.5710467100143433,0.030026718974113464,0.008402659557759762,0.00037913897540420294,0.9896406531333923,0.02006930485367775,0.11033973842859268,0.01634605973958969,-0.00023575194063596427,3.2933312468230724e-06,9.6689305792097e-05,-1.4599585646327129e-12,0.5494626760482788,0.033797185868024826,0.010613457299768925,-0.00023706513457000256,9
0.5771432518959045,0.031366463750600815,0.003918143454939127,0.002246796851977706,1.0054106712341309,0.019841860979795456,0.11034783720970154,0.015313183888792992,-0.0002208552905358374,3.0852420422888827e-06,9.057996794581413e-05,-1.4593737459808742e-12,0.5595671534538269,0.03379758819937706,0.010685115121304989,-0.00011401666415622458,13
