lt_dp_posx,lt_dp_posy,lt_dp_velx,lt_dp_vely,ball_posx,ball_posy,ball_posz,ball_vel_x,ball_vel_y,ball_rot_x,ball_rot_y,ball_rot_z,rt_gk_posx,rt_gk_posy,rt_gk_velx,rt_gk_vely,action_left,action_top_left,action_top,action_top_right,action_right,action_bottom_right,action_bottom,action_bottom_left,action_sprint,action_dribble,sel_action
-1.0110293626785278,-0.0,0.0,-0.0,0.019999999552965164,-0.0,0.11061639338731766,0.0,-0.0,0.0,-0.0,0.0,1.0110293626785278,0.0,-0.0,0.0,0,0,0,0,0,0,0,0,0,0,5
0.0018559683812782168,1.9839568876633962e-10,0.003761105705052614,2.4271326615199484e-10,0.019999999552965164,-0.0,0.11059734225273132,0.0,-0.0,0.0,-0.0,0.0,1.0110293626785278,0.0,-0.0,0.0,0,0,0,0,1,0,0,0,0,0,5
0.0049512931145727634,-1.6236472166752947e-09,0.005425762385129929,-3.337355947152787e-10,0.019999999552965164,-0.0,0.10930104553699493,0.0,-0.0,0.0,-0.0,0.0,1.0089819431304932,-1.546804177798844e-11,-0.003723537316545844,-2.513153227190479e-11,0,0,0,0,1,0,0,0,0,0,13
0.00991531927138567,-3.5084914973282366e-09,0.0069583710283041,-2.268875087807487e-10,0.02449852228164673,-8.590338856917512e-11,0.1256798505783081,0.008851847611367702,-1.68372107922643e-10,-4.2534384217876586e-13,-2.3405809770338237e-05,-5.800097273127303e-13,1.0043776035308838,-3.684699420580806e-11,-0.005314630456268787,-1.585358580524776e-11,0,0,0,0,1,0,0,0,1,0,18
0.017643578350543976,-3.5967959721716625e-09,0.008333046920597553,-3.2113472991923686e-10,0.03303325176239014,-2.471300664108611e-10,0.11791633814573288,0.008274576626718044,-1.5567283573325597e-10,-2.1747248099557304e-12,-4.894658923149109e-05,3.472353768023702e-19,0.9982317090034485,-6.604074058447207e-12,-0.006807551719248295,1.7769268001455174e-10,0,0,0,0,1,0,0,0,1,0,13
0.026650458574295044,-4.11424982971198e-09,0.009529577568173409,-4.326899394335726e-10,0.041080355644226074,-3.985233254510945e-10,0.11473273485898972,0.007851239293813705,-1.477084565770781e-10,-2.063485450218283e-12,-4.644291038857773e-05,0.0,0.9906662106513977,1.411754046998226e-10,-0.008160226047039032,1.124731349722019e-10,0,0,0,0,1,0,0,0,1,0,18
0.035962894558906555,-6.030954846636405e-09,0.009889702312648296,-2.3433061047128945e-10,0.048690065741539,-5.416878057218355e-10,0.11181147396564484,0.0074097090400755405,-1.394018095401961e-10,-1.947381492173328e-12,-4.3829757487401366e-05,-3.471777068040388e-19,0.9818469882011414,1.9981420684711537e-10,-0.009317257441580296,1.0169855409192241e-11,0,0,0,0,1,0,0,0,1,0,18
0.044215764850378036,-9.828518443555367e-09,0.009783463552594185,-1.236793167880279e-10,0.05586325377225876,-6.766397997459705e-10,0.11103836447000504,0.01451859436929226,2.9956519938423298e-05,3.7271107089509314e-07,-3.400645437068306e-05,-4.113285356766028e-08,0.9724517464637756,8.550116170624733e-10,-0.009637720882892609,7.329630791197417e-10,0,0,0,0,1,0,0,0,1,0,5
0.05438217520713806,-1.0240802872374388e-08,0.010675630532205105,-6.379245742760276e-11,0.0699559897184372,2.9383883884293027e-05,0.14426137506961823,0.013985619880259037,2.919403777923435e-05,3.8007729585842753e-07,-4.310449003241956e-05,-2.6779995110359778e-08,0.9623057246208191,1.4123601177473688e-09,-0.010538101196289062,3.9076536451077004e-10,0,0,0,0,1,0,0,0,1,0,5
0.06510981172323227,4.601150521921227e-06,0.010934033431112766,7.948541679070331e-06,0.08364111185073853,5.81419444642961e-05,0.1224839836359024,0.0132269486784935,2.8132250008638948e-05,3.9321051303886634e-07,-7.52540145185776e-05,-1.5954085830216513e-09,0.9514368772506714,1.3203482751578122e-07,-0.010879600420594215,5.193250558477303e-07,0,0,0,0,1,0,0,0,1,0,18
0.07647150009870529,1.71236624737503e-05,0.011687506921589375,1.6469801266794093e-05,0.0965655967593193,8.563826122554019e-05,0.11547264456748962,0.012635420076549053,2.688141103135422e-05,3.755174020625418e-07,-7.473995356122032e-05,-9.11273010176239e-14,0.9404253959655762,1.3634656852445914e-06,-0.011310156434774399,1.808846604944847e-06,0,0,0,0,1,0,0,0,1,0,18
0.08851706981658936,3.6470133636612445e-05,0.012330885976552963,2.0911782485200092e-05,0.10883454233407974,0.0001117399733630009,0.11361880600452423,0.01196405291557312,2.5453096895944327e-05,3.5558113609113207e-07,-7.077202462824062e-05,0.0,0.9287715554237366,3.871224635076942e-06,-0.011916019953787327,3.048337248401367e-06,0,0,0,0,1,0,0,0,1,0,16
0.10114561021327972,6.034951366018504e-05,0.01285102404654026,2.6753132260637358e-05,0.12042832374572754,0.00013640534598380327,0.1114083006978035,0.01129453256726265,2.4028713596635498e-05,3.3567974355719343e-07,-6.681102968286723e-05,-9.109152234593187e-14,0.9165447354316711,7.172080586315133e-06,-0.012460877187550068,3.590417009036173e-06,0,0,0,0,1,0,0,0,1,0,0
0.11414693295955658,9.076930291485041e-05,0.013245770707726479,3.257258140365593e-05,0.1313672959804535,0.0001596776128280908,0.10943161696195602,0.010653255507349968,2.2664416974294e-05,3.1662179367231147e-07,-6.301790563156828e-05,4.553791764787436e-14,0.9038431644439697,1.1196104424016085e-05,-0.01288231648504734,4.374654054117855e-06,0,0,0,0,1,0,0,0,1,0,13
0.12609386444091797,-0.00014671750250272453,0.013405095785856247,2.6941905161947943e-05,0.141684889793396,0.00018162798369303346,0.11077038198709488,0.010048496536910534,2.1377811208367348e-05,2.9864077077945694e-07,-5.9439102187752724e-05,4.55309347082572e-14,0.8907760381698608,1.5915666153887287e-05,-0.013204882852733135,4.962091679772129e-06,0,0,0,0,1,0,0,0,1,0,16
0.13738729059696198,-0.000590020208619535,0.013405172154307365,1.347075703961309e-05,0.15320859849452972,0.000170511455507949,0.13429734110832214,0.015403167344629765,-8.503628487233073e-05,-1.843820172098276e-07,-5.039785901317373e-05,-1.3568607926117693e-07,0.8774299025535583,2.125244827766437e-05,-0.013451716862618923,5.640907147608232e-06,0,0,0,0,1,0,0,0,1,0,5
0.15077520906925201,-0.0005837582866661251,0.01334442850202322,2.0128154574194923e-06,0.16849638521671295,8.615149272372946e-05,0.1443362832069397,0.015201452188193798,-8.388463902520016e-05,-1.9198807876819046e-07,-5.070618135505356e-05,-1.4163087769247795e-07,0.8638719320297241,2.7063320885645226e-05,-0.013637542724609375,4.991460173187079e-06,0,0,0,0,1,0,0,0,1,0,18
0.1642758846282959,-0.0005674256826750934,0.01361650601029396,3.3366748539265245e-05,0.18328356742858887,5.315574981068494e-06,0.12649352848529816,0.014354665763676167,-7.774857658660039e-05,-1.070380335477239e-06,-8.438542863586918e-05,-1.829251061735704e-08,0.8501538634300232,2.6871268346440047e-05,-0.01377778872847557,-4.594812708091922e-06,0,0,0,0,1,0,0,0,1,0,18
0.1780088096857071,-0.000509890029206872,0.013818986713886261,7.662556890863925e-05,0.197292298078537,-7.055646710796282e-05,0.11852752417325974,0.013671541586518288,-7.4045718065463e-05,-1.0343867415940622e-06,-8.08696640888229e-05,0.0,0.8363156914710999,1.7258216757909395e-05,-0.013882973231375217,-1.3730825230595656e-05,0,0,0,0,1,0,0,0,1,0,16
0.19191434979438782,-0.000425502221332863,0.013969751074910164,7.882464706199244e-05,0.21057753264904022,-0.00014250983076635748,0.11483485251665115,0.012955252081155777,-7.0166279328987e-05,-9.802247404877562e-07,-7.663521682843566e-05,-3.6454576878876266e-13,0.8223875761032104,1.8855076859836117e-06,-0.01396151166409254,-1.5334293493651785e-05,0,0,0,0,1,0,0,0,1,0,16
0.2059481143951416,-0.0003579772310331464,0.014081071130931377,5.856503776158206e-05,0.22313208878040314,-0.00021050595387350768,0.11187049001455307,0.012226910330355167,-6.622153159696609e-05,-9.25071674373612e-07,-7.232329517137259e-05,-1.8223194220984285e-13,0.8083919882774353,-1.3276850040710997e-05,-0.014021116308867931,-1.501841234130552e-05,0,0,0,0,1,0,0,0,1,0,0
0.21940188109874725,-0.00014543037104886025,0.014141388237476349,3.977076994488016e-05,0.23497863113880157,-0.00027466731262393296,0.11102664470672607,0.011537703685462475,-6.248873978620395e-05,-8.729550700081745e-07,-6.824875890742987e-05,0.0,0.7943458557128906,-2.818611574184615e-05,-0.014065293595194817,-1.4977889804868028e-05,0,0,0,0,1,0,0,0,1,0,18
0.2310483604669571,0.0004960319492965937,0.014121310785412788,2.1662046492565423e-05,0.24662761390209198,-0.00032004789682105184,0.11938608437776566,0.015648063272237778,9.235753532266244e-05,-1.0223671864650896e-07,-4.9204067181563005e-05,-4.4108254826369375e-08,0.7802618145942688,-4.337814243626781e-05,-0.01409825123846531,-1.5365931176347658e-05,0,0,0,0,1,0,0,0,1,0,0
0.24476534128189087,0.0005075071821920574,0.013386151753365993,3.422276222408982e-06,0.26199257373809814,-0.00023003433307167143,0.15052546560764313,0.01527041383087635,8.942066051531583e-05,4.94877561152407e-08,-5.389363650465384e-05,9.171519366191205e-08,0.7661498785018921,-5.895386129850522e-05,-0.01412279438227415,-1.574631460243836e-05,0,0,0,0,1,0,0,0,1,0,0
0.2582106292247772,0.0004990869201719761,0.01356829609721899,-2.427097933832556e-05,0.27697858214378357,-0.0001429741532774642,0.12328734993934631,0.014527030289173126,8.299652836285532e-05,1.0772062069008825e-06,-8.371989679289982e-05,7.295127346651498e-08,0.7520167231559753,-6.680567457806319e-05,-0.014141026884317398,-1.3890186210119282e-06,0,0,0,0,1,0,0,0,1,0,0
0.2719022035598755,0.0004478456103242934,0.013783047907054424,-7.293191447388381e-05,0.29117846488952637,-6.186824612086639e-05,0.11391431093215942,0.013875837437808514,7.925501995487139e-05,1.1070181926697842e-06,-8.20677523734048e-05,0.0,0.7378681302070618,-6.0284008213784546e-05,-0.014154350385069847,1.2997909834666643e-05,0,0,0,0,1,0,0,0,1,0,0
0.285776823759079,0.0003580337215680629,0.013942577876150608,-8.957340469351038e-05,0.304660826921463,1.5139202332647983e-05,0.11456210911273956,0.013147542253136635,7.50951876398176e-05,1.0490381328054355e-06,-7.776943675708026e-05,0.0,0.7237080931663513,-4.252569124219008e-05,-0.014164167456328869,1.8368695236858912e-05,0,0,0,0,1,0,0,0,1,0,6
0.2997876703739166,0.0002800333022605628,0.014061085879802704,-6.85433333273977e-05,0.3174104690551758,8.796191104920581e-05,0.11011955142021179,0.012423445470631123,7.095937326084822e-05,9.91320575849386e-07,-7.34905552235432e-05,0.0,0.7095395922660828,-2.4516641133232042e-05,-0.014171179383993149,1.7714290152071044e-05,0,0,0,0,0,1,0,0,1,0,6
0.3133726716041565,0.001001578290015459,0.013854563236236572,6.616201426368207e-05,0.3294418454170227,0.0001566821156302467,0.10925473272800446,0.011719262227416039,6.69372602715157e-05,9.351213634545275e-07,-6.932429823791608e-05,9.110243213029251e-14,0.6953647136688232,-7.00655800756067e-06,-0.014176789671182632,1.8104497939930297e-05,0,0,0,0,0,1,0,0,1,0,12
0.32648026943206787,0.0022053245920687914,0.013318131677806377,0.0003158333129249513,0.34179258346557617,0.0012840218842029572,0.13454332947731018,0.014371098019182682,0.0035778991878032684,1.715948383207433e-05,-5.159494685358368e-05,2.4184639642044203e-06,0.6811851859092712,1.361518388875993e-05,-0.014181697741150856,2.2681449991068803e-05,0,0,0,0,0,1,0,0,1,0,12
0.339196115732193,0.003188089234754443,0.012362704612314701,0.0017986128805205226,0.35605981945991516,0.004835172090679407,0.14408689737319946,0.014186584390699863,0.003531137015670538,1.7348349501844496e-05,-5.1787050324492157e-05,2.54687302003731e-06,0.6670021414756775,3.881427983287722e-05,-0.014184502884745598,2.7259036869509146e-05,0,0,0,0,0,1,0,0,1,0,12
0.3512495160102844,0.005618635099381208,0.01172984391450882,0.002683289349079132,0.36987337470054626,0.008252020925283432,0.12669354677200317,0.013427460566163063,0.003301568329334259,4.6130589907988906e-05,-7.943516538944095e-05,-5.833624382167724e-12,0.6528213620185852,0.0002475983346812427,-0.014171179383993149,0.0004295801045373082,0,0,0,0,0,1,0,0,1,0,12
0.36308753490448,0.008317146450281143,0.012057318352162838,0.0027299995999783278,0.38298091292381287,0.011474935337901115,0.11845842003822327,0.012793490663170815,0.0031456882134079933,4.394392453832552e-05,-7.567586726509035e-05,0.0,0.6386765241622925,0.0009526826324872673,-0.014116483740508556,0.0009302094695158303,0,0,0,0,0,1,0,0,1,0,12
0.37539049983024597,0.01105851586908102,0.012489627115428448,0.0027432467322796583,0.3954118490219116,0.014531475491821766,0.11489226669073105,0.012121878564357758,0.0029805516824126244,4.1638391849119216e-05,-7.170550088630989e-05,0.0,0.6246057152748108,0.002137778326869011,-0.014037244021892548,0.001351125305518508,0,0,0,0,0,1,0,0,1,0,12
0.38806790113449097,0.0138041777536273,0.012807635590434074,0.002766026183962822,0.40715906023979187,0.017419900745153427,0.1118760034441948,0.01144049596041441,0.002813011175021529,3.929593367502093e-05,-6.767157174181193e-05,1.1660186705064746e-11,0.6106089949607849,0.0036558094434440136,-0.013960810378193855,0.0016543461242690682,0,0,0,0,0,1,0,0,1,0,12
0.4009930193424225,0.016617193818092346,0.013010291382670403,0.0028515546582639217,0.41824373602867126,0.020145410671830177,0.11103078722953796,0.010795656591653824,0.002654456766322255,3.708223084686324e-05,-6.385934830177575e-05,-5.8290707330432845e-12,0.5966967940330505,0.005476084537804127,-0.013869650661945343,0.001955738291144371,0,0,0,0,0,1,0,0,1,0,5
0.4138190746307373,0.019704507663846016,0.01284449640661478,0.0028364278841763735,0.42869722843170166,0.022715751081705093,0.1090250238776207,0.010179509408771992,0.0025029578246176243,3.4966338716913015e-05,-6.021556328050792e-05,2.914074580598336e-12,0.582902729511261,0.00764429708942771,-0.013728352263569832,0.002341457176953554,0,0,0,0,1,0,0,0,1,0,5
0.42545637488365173,0.022685950621962547,0.011609628796577454,0.0022027790546417236,0.43855583667755127,0.02513979934155941,0.11075132340192795,0.009601236321032047,0.0023607707116752863,3.297913644928485e-05,-5.679341484210454e-05,0.0,0.5692640542984009,0.010195919312536716,-0.013561459258198738,0.0027228770777583122,0,0,0,0,1,0,0,0,1,0,1
0.43500828742980957,0.024448616430163383,0.008226843550801277,0.0012957308208569884,0.4935968220233917,0.025850588455796242,0.32112210988998413,0.06515870243310928,8.083745342446491e-05,1.1237923899898306e-05,8.120066013361793e-06,0.0017849080031737685,0.5563892126083374,0.012962034903466702,-0.011615192517638206,0.002640614053234458,1,0,0,0,0,0,0,0,1,0,10
0.4428507089614868,0.0257837176322937,0.007353109307587147,0.0012836387613788247,0.5568937063217163,0.025594405829906464,0.5044455528259277,0.061825498938560486,-0.0005259096506051719,1.1237923899898306e-05,8.120066013361793e-06,0.0017849080031737685,0.547271728515625,0.015367255546152592,-0.006764075253158808,0.0022045448422431946,1,0,0,0,0,0,0,0,1,0,18
0.44987159967422485,0.026636799797415733,0.006878376007080078,0.0006685701664537191,0.6170375347137451,0.024753911420702934,0.6027275919914246,0.05881233140826225,-0.0010916092433035374,1.1237923899898306e-05,8.120066013361793e-06,0.0017849080031737685,0.5436398386955261,0.017644735053181648,-0.0015640959609299898,0.00276880688033998,1,0,0,0,0,0,0,0,1,0,14
0.45607849955558777,0.027238378301262856,0.006277070380747318,0.0005928523023612797,0.6743221879005432,0.023370705544948578,0.6198987364768982,0.05607282370328903,-0.0016155486227944493,1.1237923899898306e-05,8.120066013361793e-06,0.0017849080031737685,0.5450526475906372,0.020398782566189766,0.0036506091710180044,0.0023734341375529766,0,0,0,0,0,0,0,0,1,0,15
0.4632260799407959,0.02773551642894745,0.007836959324777126,0.00035765639040619135,0.7289999127388,0.02148621343076229,0.5591720342636108,0.05356917530298233,-0.002098499797284603,1.1237923899898306e-05,8.120066013361793e-06,0.0017849080031737685,0.5503020286560059,0.022087547928094864,0.00618731277063489,0.0012721741804853082,0,0,0,0,0,0,0,0,0,0,15
0.4718187749385834,0.027816936373710632,0.009168245829641819,-0.00019663828425109386,0.7812889814376831,0.01914053224027157,0.4232124388217926,0.05127016082406044,-0.002542193280532956,1.1237923899898306e-05,8.120066013361793e-06,0.0017849080031737685,0.5573472380638123,0.023139268159866333,0.007718801498413086,0.0009027536725625396,0,0,0,0,0,0,0,0,0,0,18
0.4811666011810303,0.027465062215924263,0.009539197199046612,-0.0003868883359245956,0.8313791751861572,0.01637168973684311,0.21426579356193542,0.049149807542562485,-0.002948934677988291,1.1237923899898306e-05,8.120066013361793e-06,0.0017849080031737685,0.5658146142959595,0.02377292513847351,0.009040973149240017,0.00038979726377874613,0,0,0,0,0,0,0,0,0,0,17
0.4912692904472351,0.02704106643795967,0.01053529605269432,-0.0004563320253510028,0.8759347796440125,0.013511444441974163,0.18215081095695496,0.040417034178972244,-0.002712966175749898,6.450269211200066e-06,-1.576043723616749e-05,0.0016074320301413536,0.5751204490661621,0.02386295422911644,0.009334788657724857,-4.523108509602025e-05,0,0,0,0,0,0,0,0,0,1,5
0.5022742748260498,0.02654690481722355,0.011381331831216812,-0.0005189311341382563,0.9156076908111572,0.010675683617591858,0.23468923568725586,0.03907334432005882,-0.002933287061750889,6.450269211200066e-06,-1.576043723616749e-05,0.0016074320301413536,0.5848944783210754,0.02376168966293335,0.010193095542490482,-0.00015445872850250453,0,0,0,0,1,0,0,0,0,1,10
0.5140706300735474,0.026002731174230576,0.012108508497476578,-0.0005655596614815295,0.9539698362350464,0.00763001199811697,0.1692817211151123,0.037788692861795425,-0.0031349698547273874,6.450269211200066e-06,-1.576043723616749e-05,0.0016074320301413536,0.5955405235290527,0.023532506078481674,0.010993200354278088,-0.00028945328085683286,0,0,0,0,1,0,0,0,0,1,0
0.52649986743927,0.02541160397231579,0.012669493444263935,-0.0006111900438554585,0.9891024827957153,0.004608971998095512,0.14769335091114044,0.0327654667198658,-0.002881095977500081,-7.718977599324717e-07,-4.315789556130767e-05,0.0013550033327192068,0.6064367294311523,0.023203101009130478,0.011014938354492188,-0.0003680515510495752,0,0,0,0,1,0,0,0,0,1,0
