lt_dp_posx,lt_dp_posy,lt_dp_velx,lt_dp_vely,ball_posx,ball_posy,ball_posz,ball_vel_x,ball_vel_y,ball_rot_x,ball_rot_y,ball_rot_z,rt_gk_posx,rt_gk_posy,rt_gk_velx,rt_gk_vely,action_left,action_top_left,action_top,action_top_right,action_right,action_bottom_right,action_bottom,action_bottom_left,action_sprint,action_dribble,sel_action
-1.0110293626785278,-0.0,0.0,-0.0,0.019999999552965164,-0.0,0.11061639338731766,-0.0,0.0,0.0,-0.0,0.0,1.0110293626785278,0.0,-0.0,0.0,0,0,0,0,0,0,0,0,0,0,5
0.0022227545268833637,1.214716660591364e-10,0.003935635089874268,2.5671381687075723e-11,0.019999999552965164,-0.0,0.11059734225273132,-0.0,0.0,0.0,-0.0,0.0,1.0110293626785278,0.0,-0.0,0.0,0,0,0,0,1,0,0,0,0,0,5
0.005271322093904018,-2.6352731108403304e-09,0.005585023667663336,-4.004820364222894e-10,0.019999999552965164,-0.0,0.10930104553699493,-0.0,0.0,0.0,-0.0,0.0,1.0081888437271118,-1.941391630788658e-10,-0.004046103451400995,-2.362121054311217e-10,0,0,0,0,1,0,0,0,0,0,13
0.010625659488141537,-4.5637658097064104e-09,0.007103427313268185,-2.554758071759977e-10,0.025320498272776604,-5.634832600520667e-10,0.1260860562324524,0.008659591898322105,-9.180178284218243e-10,2.2965069516184267e-12,6.04173601459479e-06,-4.012789232843428e-12,1.0032682418823242,-3.850590957199529e-10,-0.005623172502964735,-1.3338315174582505e-10,0,0,0,0,1,0,0,0,1,0,16
0.01848970539867878,-4.6795465280524695e-09,0.008461274206638336,-1.3390841213656302e-10,0.03355647996068001,-1.4382255386635734e-09,0.11838945001363754,0.007918355986475945,-8.42004965750931e-10,1.176400036412284e-11,4.684515806729905e-05,0.0,0.9968275427818298,-1.647618153022279e-10,-0.0070915501564741135,6.362089743916499e-10,0,0,0,0,1,0,0,0,1,0,18
0.027614345774054527,-4.809848963560626e-09,0.009638728573918343,-8.884844249212875e-11,0.041250068694353104,-2.2563302337630375e-09,0.1135486587882042,0.007504452485591173,-7.979922833634134e-10,1.1148005261973903e-11,4.439179610926658e-05,-6.943675111245361e-19,0.9889967441558838,3.35211552959791e-10,-0.008409163914620876,3.61082358457665e-10,0,0,0,0,1,0,0,0,1,0,16
0.03612228110432625,-6.656200479682184e-09,0.009277104400098324,-1.8268359047723948e-10,0.048517677932977676,-3.0291376074131904e-09,0.11264698207378387,0.007074202410876751,-7.522412137639378e-10,1.0508609607495778e-11,4.1845705709420145e-05,-2.0829425256238677e-18,0.9799808859825134,4.81547801634008e-10,-0.009335489943623543,-3.8756876180601196e-11,0,0,0,0,1,0,0,0,1,0,0
0.04460865631699562,-8.484513536188842e-09,0.010067443363368511,-1.1342846106821014e-10,0.05758916214108467,8.605913535575382e-06,0.13116511702537537,0.013979627750813961,2.82593955489574e-05,2.9465124384842056e-07,7.136271051422227e-06,3.4855759167840006e-07,0.9704952239990234,1.266424409784861e-09,-0.00983055867254734,6.634999216714732e-10,0,0,0,0,1,0,0,0,1,0,18
0.055106088519096375,4.77037247037515e-07,0.010675542056560516,2.4280604975501774e-06,0.07142878323793411,3.651112274383195e-05,0.13711479306221008,0.013769258745014668,2.7762731406255625e-05,2.854166609722597e-07,8.147850167006254e-06,3.5950483834312763e-07,0.9601738452911377,1.717284536795205e-09,-0.010699383914470673,2.648284647133181e-10,0,0,0,0,1,0,0,0,1,0,0
0.06596015393733978,6.92342246111366e-06,0.011177010834217072,9.552155461278744e-06,0.08453243225812912,6.21985673205927e-05,0.12683330476284027,0.012486477382481098,2.3782886273693293e-05,-6.458757439986584e-08,4.5695003791479394e-05,4.101929391708836e-07,0.9492757320404053,2.3455200448552205e-07,-0.010805971920490265,6.612394827243406e-07,0,0,0,0,1,0,0,0,1,0,0
0.07753842324018478,2.0731586118927225e-05,0.011883500963449478,1.7103986465372145e-05,0.09663836658000946,8.502074342686683e-05,0.1176246926188469,0.011771108955144882,2.2048556274967268e-05,-3.080120904996875e-07,6.962900806684047e-05,0.0,0.9381436109542847,1.5034547686809674e-06,-0.011441286653280258,1.7422402152078575e-06,0,0,0,0,1,0,0,0,1,0,16
0.08977188169956207,3.966278745792806e-05,0.012501724064350128,2.055774712061975e-05,0.10808058828115463,0.00010645325528457761,0.11083377152681351,0.011161502450704575,2.090670204779599e-05,-2.920708368492342e-07,6.602532812394202e-05,4.554409760025753e-14,0.9263702630996704,3.837819804175524e-06,-0.012035930529236794,2.6565007829049136e-06,0,0,0,0,1,0,0,0,1,0,13
0.10254812240600586,6.3369981944561e-05,0.012981190346181393,2.649111411301419e-05,0.1188960000872612,0.00012671167496591806,0.10950885713100433,0.010538773611187935,1.9740258721867576e-05,-2.757730328539765e-07,6.234108150238171e-05,-4.5536562395158756e-14,0.9140385389328003,6.766706064809114e-06,-0.012554140761494637,3.206852170478669e-06,0,0,0,0,1,0,0,0,1,0,16
0.11571427434682846,-0.0007769088260829449,0.013238980434834957,2.3831020371289924e-05,0.1291036754846573,0.00014583177107851952,0.11070510745048523,0.009941724129021168,1.8621918570715934e-05,-2.6014203058366547e-07,5.880753815290518e-05,-6.829461990506477e-14,0.9012559056282043,1.0346526323701255e-05,-0.01295384205877781,3.878120423905784e-06,0,0,0,0,1,0,0,0,1,0,13
0.12895330786705017,-0.0022525659296661615,0.013239067979156971,1.1915582035726402e-05,0.140615314245224,7.988599827513099e-05,0.13553325831890106,0.01557299867272377,-0.0002598423161543906,-6.126012408458337e-08,1.036990033753682e-05,-7.978075018399977e-07,0.8881267309188843,1.3693433174921665e-05,-0.013260280713438988,2.235257625216036e-06,0,0,0,0,1,0,0,0,1,0,16
0.14219574630260468,-0.0022468690294772387,0.013272990472614765,3.3491965041321237e-06,0.15608079731464386,-0.0001781393657438457,0.15389469265937805,0.015377793461084366,-0.0002565539616625756,-6.126012408458337e-08,1.036990033753682e-05,-7.978075018399977e-07,0.8747334480285645,1.4143361113383435e-05,-0.013492387719452381,-9.764682999957586e-07,0,0,0,0,1,0,0,0,1,0,13
0.15563490986824036,-0.002196631161496043,0.013562160544097424,0.00010679462866391987,0.17103396356105804,-0.00042704708175733685,0.12458185106515884,0.014172323048114777,-0.00023464793048333377,1.2913152431792696e-06,4.019002153654583e-05,-1.932192162712454e-06,0.8611396551132202,1.0199845746683422e-05,-0.013669097796082497,-9.854404197540134e-06,0,0,0,0,1,0,0,0,1,0,16
0.16931922733783722,-0.0020076557993888855,0.013774283230304718,0.00025409332010895014,0.18478500843048096,-0.0006542741321027279,0.10572804510593414,0.013355893082916737,-0.00022030368563719094,2.1954676867608214e-06,5.991645957692526e-05,-1.4151382856653072e-06,0.8473948240280151,-1.2556739420688245e-05,-0.013800929300487041,-3.3075000828830525e-05,0,0,0,0,1,0,0,0,1,0,16
0.1831846684217453,-0.001725860289297998,0.013934689573943615,0.00026497329236008227,0.19769737124443054,-0.0008670638198964298,0.11271274089813232,0.01260455697774887,-0.000207717705052346,2.90160551230656e-06,7.455514423782006e-05,7.290113066167614e-13,0.833536684513092,-5.769526251242496e-05,-0.01390050444751978,-5.5041607993189245e-05,0,0,0,0,1,0,0,0,1,0,0
0.19718925654888153,-0.0014969457406550646,0.014056352898478508,0.00020027445862069726,0.20992252230644226,-0.001068528858013451,0.11237554252147675,0.011916355229914188,-0.00019637640798464417,2.7433950435806764e-06,7.049003761494532e-05,3.6443049099277314e-13,0.8195934295654297,-0.00011199844448128715,-0.01397483516484499,-5.3685620514443144e-05,0,0,0,0,1,0,0,0,1,0,0
0.2112855464220047,-0.0013310274807736278,0.014121859334409237,0.00013841709005646408,0.22146748006343842,-0.0012587840901687741,0.11105363070964813,0.011247918009757996,-0.0001853607827797532,2.5894830741890473e-06,6.653536547673866e-05,3.643614002093315e-13,0.8055866956710815,-0.00016489757399540395,-0.014030232094228268,-5.224452252150513e-05,0,0,0,0,1,0,0,0,1,0,18
0.22538252174854279,-0.0012291098246350884,0.014120737090706825,7.549019937869161e-05,0.2329203486442566,-0.001418543979525566,0.12036368995904922,0.016202325001358986,2.2783331587561406e-05,9.569889698468614e-07,8.313909347634763e-06,-1.1230620202695718e-06,0.7915324568748474,-0.0002170459774788469,-0.014072306454181671,-5.281757694319822e-05,0,0,0,0,1,0,0,0,1,0,5
0.23909927904605865,-0.0011891196481883526,0.013386151753365993,1.1927167179237586e-05,0.24877412617206573,-0.0013969874707981944,0.16152387857437134,0.015753796324133873,2.1391195332398638e-05,8.989440516415925e-07,1.2278042959223967e-05,-9.624997119317413e-07,0.7774427533149719,-0.0002709239488467574,-0.014103160239756107,-5.4741492931498215e-05,0,0,0,0,1,0,0,0,1,0,16
0.2524116039276123,0.000357985234586522,0.013312599621713161,3.7958748180244584e-06,0.2643519937992096,-0.00137598707806319,0.10267231613397598,0.015166591852903366,1.9513561710482463e-05,7.958136052366171e-07,1.9121653167530894e-05,-7.102553354343399e-07,0.7633265852928162,-0.0003261899692006409,-0.014126300811767578,-5.316024908097461e-05,0,0,0,0,1,0,0,0,1,0,0
0.2657240331172943,0.0010161364916712046,0.013312522321939468,1.4232747389542055e-06,0.2798015773296356,-0.0011855685152113438,0.17040634155273438,0.01579304225742817,0.0002640736638568342,4.045866432988987e-07,-7.778239137223864e-07,1.8104755383774318e-07,0.7491905093193054,-0.00037080259062349796,-0.01414383202791214,-3.761117113754153e-05,0,0,0,0,1,0,0,0,1,0,6
0.2790824770927429,0.0010100062936544418,0.013462585397064686,-2.7134015908814035e-05,0.29548346996307373,-0.0009233541204594076,0.1504458338022232,0.015591677278280258,0.0002607136848382652,4.045866432988987e-07,-7.778239137223864e-07,1.8104755383774318e-07,0.7350396513938904,-0.00039984018076211214,-0.014156453311443329,-2.2017535229679197e-05,0,0,0,0,1,0,0,0,1,0,5
0.29268333315849304,0.0009155547013506293,0.013702932745218277,-0.0001561351091368124,0.31032794713974,-0.0006759605021215975,0.1344221979379654,0.01407252624630928,0.00023360838531516492,-9.809391485759988e-07,3.1020234018797055e-05,1.904934265439806e-06,0.7208777666091919,-0.0004084493266418576,-0.01416557002812624,4.312157216190826e-06,0,0,0,0,0,1,0,0,1,0,7
0.30648720264434814,0.000688004307448864,0.01387876644730568,-0.0002729546104092151,0.32421186566352844,-0.00044560377136804163,0.10671103000640869,0.013519799336791039,0.00022400567831937224,-1.4116085367277265e-06,4.0852839447325096e-05,1.9270405573479366e-06,0.706707775592804,-0.0003881699522025883,-0.014173283241689205,3.334758730488829e-05,0,0,0,0,0,1,0,0,1,0,6
0.32044389843940735,0.0004429569817148149,0.014014454558491707,-0.00021702845697291195,0.3371511399745941,-0.0002316628088010475,0.10754548758268356,0.012635797262191772,0.0002088762412313372,-2.9181892386986874e-06,7.475016900571063e-05,0.0,0.6925320029258728,-0.0003418683190830052,-0.014178192242980003,5.030055399402045e-05,0,0,0,0,0,1,0,0,1,0,7
0.33353251218795776,0.0014054286293685436,0.013691570609807968,0.00015737237117718905,0.3494088053703308,-2.9037024432909675e-05,0.11276651173830032,0.01195143349468708,0.00019756334950216115,-2.7599380700848997e-06,7.069655111990869e-05,0.0,0.6783517003059387,-0.0002922288840636611,-0.014182399027049541,4.9098078306997195e-05,0,0,0,0,0,1,0,0,1,0,12
0.34656211733818054,0.002101719845086336,0.013037989847362041,0.0003355185326654464,0.36273258924484253,0.00208508362993598,0.15035368502140045,0.014260595664381981,0.0033694044686853886,3.6201511193212355e-06,1.6110083379317075e-05,1.7479884263593704e-05,0.664168119430542,-0.000243794362177141,-0.014185204170644283,4.7891146095935255e-05,0,0,0,0,0,1,0,0,1,0,12
0.3590753972530365,0.003386939875781536,0.01239776611328125,0.0019756159745156765,0.3768967390060425,0.005431510973721743,0.1345832198858261,0.014085211791098118,0.003327844897285104,3.6201511193212355e-06,1.6110083379317075e-05,1.7479884263593704e-05,0.6499818563461304,-0.00017904536798596382,-0.01418730802834034,7.854268187656999e-05,0,0,0,0,0,1,0,0,1,0,12
0.37098395824432373,0.005877894349396229,0.011766658164560795,0.002545606577768922,0.3902234137058258,0.008544874377548695,0.13146385550498962,0.012800402007997036,0.0029664048925042152,-2.1424861188279465e-05,4.942740633850917e-05,2.4914461391745135e-05,0.6357942819595337,-8.364235691260546e-05,-0.014188009314239025,0.00010919824126176536,0,0,0,0,0,1,0,0,1,0,16
0.3830345869064331,0.00846150703728199,0.012268739752471447,0.002599931787699461,0.4026968777179718,0.01142739225178957,0.11832620203495026,0.012131649069488049,0.002796776592731476,-3.9069920603651553e-05,7.176122744567692e-05,5.831256484623015e-12,0.6216121315956116,0.0001817554875742644,-0.014166271314024925,0.0005378757487051189,0,0,0,0,0,1,0,0,1,0,12
0.39553558826446533,0.011057214811444283,0.01267580408602953,0.002587796887382865,0.41448986530303955,0.01414609607309103,0.11485911905765533,0.011504095047712326,0.0026521040126681328,-3.704997288878076e-05,6.805108569096774e-05,-5.8301983033026694e-12,0.6074948906898499,0.0011002160608768463,-0.014065293595194817,0.0012291069142520428,0,0,0,0,0,1,0,0,1,0,12
0.4083782434463501,0.013656959868967533,0.012956647202372551,0.0026292065158486366,0.4256429970264435,0.016717301681637764,0.11186166107654572,0.010865462012588978,0.002504877047613263,-3.499162630760111e-05,6.427042535506189e-05,-5.829178285898795e-12,0.5935208201408386,0.0026996098458766937,-0.013898400589823723,0.0018679514760151505,0,0,0,0,0,1,0,0,1,0,14
0.4213826060295105,0.01640917919576168,0.013046467676758766,0.002675442025065422,0.4361737370491028,0.019145004451274872,0.11103268712759018,0.01025848276913166,0.0023649469949305058,-3.30378461512737e-05,6.068185030017048e-05,0.0,0.5797077417373657,0.004815613850951195,-0.013737819157540798,0.002318171551451087,0,0,0,0,1,0,0,0,1,0,8
0.43359342217445374,0.019390055909752846,0.011752490885555744,0.0020900643430650234,0.4461106061935425,0.021435804665088654,0.10831203311681747,0.009679327718913555,0.002231431193649769,-3.117326195933856e-05,5.725707524106838e-05,-8.741161440506406e-12,0.5660743713378906,0.00737873837351799,-0.013542876578867435,0.0027625826187431812,0,0,0,0,1,0,0,0,1,0,13
0.444156289100647,0.02143057808279991,0.009226448833942413,0.0013418032322078943,0.4831605553627014,0.02358425036072731,0.38392162322998047,0.06396401673555374,0.0019917830359190702,-5.765129571955185e-06,4.302258093957789e-05,0.0013225397560745478,0.5526952743530273,0.010455082170665264,-0.01322031021118164,0.003360382979735732,0,0,0,0,1,0,0,0,1,0,13
0.4523825943470001,0.022656822577118874,0.0073944819159805775,0.0011787317926064134,0.5454720258712769,0.025277240201830864,0.758974015712738,0.060989633202552795,0.0014537449460476637,-5.765129571955185e-06,4.302258093957789e-05,0.0013225397560745478,0.5396967530250549,0.014158479869365692,-0.012806934304535389,0.0039810910820961,0,0,0,0,0,1,0,0,1,0,14
0.4595790505409241,0.023592276498675346,0.006899062544107437,0.0005705647636204958,0.6049107313156128,0.026451611891388893,0.9188761711120605,0.05819319188594818,0.000951168651226908,-5.765129571955185e-06,4.302258093957789e-05,0.0013225397560745478,0.5273590087890625,0.01832282543182373,-0.011463375762104988,0.003978966735303402,0,0,0,0,0,1,0,0,1,0,6
0.4660184383392334,0.024124806746840477,0.00613261666148901,0.0005071813357062638,0.6616325378417969,0.02714311145246029,0.8777377605438232,0.055536478757858276,0.00048438715748488903,-5.765129571955185e-06,4.302258093957789e-05,0.0013225397560745478,0.5179076790809631,0.021608728915452957,-0.0074996668845415115,0.0026115390937775373,0,0,0,0,0,1,0,0,1,0,3
0.4727221727371216,0.024621181190013885,0.007388521451503038,0.00045735869207419455,0.7157614231109619,0.027387244626879692,0.6488967537879944,0.05299253761768341,5.275405419524759e-05,-5.765129571955185e-06,4.302258093957789e-05,0.0013225397560745478,0.5132753252983093,0.02322378382086754,-0.0021727646235376596,0.0007583764381706715,0,0,0,0,0,1,0,0,1,0,7
0.48088130354881287,0.024955641478300095,0.008748923428356647,0.00020532797498162836,0.7673990726470947,0.02721848338842392,0.2448393702507019,0.050542090088129044,-0.0003450462536420673,-5.765129571955185e-06,4.302258093957789e-05,0.0013225397560745478,0.5146021842956543,0.023917604237794876,0.0036009722389280796,0.000616934965364635,0,0,0,0,0,1,0,0,1,0,3
0.48998528718948364,0.02501004934310913,0.009270025417208672,-4.275297669664724e-06,0.8103215098381042,0.026841571554541588,0.29189908504486084,0.03952259570360184,-0.000424391619162634,-4.681280643126229e-06,6.175532325869426e-05,0.0012182926293462515,0.5195491313934326,0.024364573881030083,0.005375347565859556,0.0003758468956220895,0,0,0,0,0,1,0,0,1,0,4
0.4996834993362427,0.02499762363731861,0.010221595875918865,-2.679375756997615e-05,0.8492032289505005,0.026300791651010513,0.3934071958065033,0.038349296897649765,-0.0006336694932542741,-4.681280643126229e-06,6.175532325869426e-05,0.0012182926293462515,0.5261534452438354,0.0245664045214653,0.007152251899242401,0.00014892355829942971,0,0,0,0,0,1,0,0,1,0,11
0.5103545784950256,0.024959320202469826,0.011106101796030998,-5.3633808420272544e-05,0.8868834972381592,0.025559041649103165,0.31822875142097473,0.03712598979473114,-0.000828032149001956,-4.681280643126229e-06,6.175532325869426e-05,0.0012182926293462515,0.5342943072319031,0.024683261290192604,0.008475709706544876,0.00011370395077392459,0,0,0,0,0,1,0,0,1,0,8
0.5218110680580139,0.024906670674681664,0.011852872557938099,-6.161796045489609e-05,0.9229933023452759,0.024647502228617668,0.12772847712039948,0.032634250819683075,-0.0008393405005335808,-2.237619810330216e-06,8.037121006054804e-05,0.0010595357744023204,0.5436071753501892,0.024755088612437248,0.009541252627968788,5.710712866857648e-05,0,0,0,0,0,1,0,0,1,0,1
0.5339647531509399,0.02483777143061161,0.012470580637454987,-7.914007437648252e-05,0.9550142884254456,0.02375456877052784,0.20899763703346252,0.03166109323501587,-0.0009412964573130012,-2.0306301848904695e-06,8.193687972379848e-05,0.0010442216880619526,0.5537198185920715,0.024780932813882828,0.010231435298919678,2.8672464395640418e-05,0,0,0,0,0,1,0,0,1,0,8
0.5466398000717163,0.02475571073591709,0.01291034184396267,-8.535026427125558e-05,0.9862039089202881,0.02275703102350235,0.1216416284441948,0.030791454017162323,-0.0010424337815493345,-2.0306301848904695e-06,8.193687972379848e-05,0.0010442216880619526,0.5645989179611206,0.02478872984647751,0.011037987656891346,8.043016350711696e-06,0,0,0,0,0,1,0,0,1,0,10
0.5597437620162964,0.024670716375112534,0.013295326381921768,-8.69882496772334e-05,1.0149266719818115,0.021781831979751587,0.13958409428596497,0.028216775506734848,-0.0009866156615316868,2.3457037059415597e-06,0.00010677049431251362,0.0007642965065315366,0.5762853622436523,0.024775300174951553,0.011894328519701958,-1.474211603635922e-05,0,0,0,0,0,1,0,0,1,0,13
