lt_dp_posx,lt_dp_posy,lt_dp_velx,lt_dp_vely,ball_posx,ball_posy,ball_posz,ball_vel_x,ball_vel_y,ball_rot_x,ball_rot_y,ball_rot_z,rt_gk_posx,rt_gk_posy,rt_gk_velx,rt_gk_vely,action_left,action_top_left,action_top,action_top_right,action_right,action_bottom_right,action_bottom,action_bottom_left,action_sprint,action_dribble,sel_action
-1.0110293626785278,-0.0,0.0,-0.0,0.019999999552965164,-0.0,0.11061639338731766,0.0,-0.0,0.0,-0.0,0.0,1.0110293626785278,0.0,-0.0,0.0,5
0.00015037840057630092,2.8413053160258883e-11,0.0013189289020374417,1.0759058921561149e-10,0.019999999552965164,-0.0,0.11059734225273132,0.0,-0.0,0.0,-0.0,0.0,1.0097103118896484,-1.053061197270333e-11,-0.0033988673239946365,-2.5076950932456654e-11,5
0.0032546569127589464,6.680134223557843e-11,0.004448926541954279,8.556416686289481e-11,0.019999999552965164,-0.0,0.10930104553699493,0.0,-0.0,0.0,-0.0,0.0,1.005424976348877,-3.4275877275335986e-11,-0.0050032841973006725,-2.029609813547495e-11,5
0.006366906687617302,-2.842866386743026e-09,0.006055429577827454,-3.6904868050413597e-10,0.019999999552965164,-0.0,0.11075475811958313,0.0,-0.0,0.0,-0.0,0.0,0.9995788931846619,-4.5175412022313566e-11,-0.0065179429948329926,-1.7381629989488001e-12,13
0.012842056341469288,-3.5768010775427683e-09,0.0075285593047738075,-1.1384322651242229e-10,0.027539096772670746,-2.1181166542927343e-10,0.11652964353561401,0.008133233524858952,-2.274202909324785e-10,-1.7571606062555256e-12,-3.251568341511302e-05,-7.976125185674143e-13,0.9922854900360107,5.643733258509087e-10,-0.007902874611318111,5.143521719652711e-10,18
0.02113472856581211,-3.845881391129069e-09,0.00892244279384613,-5.790753432322049e-10,0.035381980240345,-4.305281409155981e-10,0.10822400450706482,0.007649718318134546,-2.1326328203397082e-10,-2.9793266378280725e-12,-4.5251472329255193e-05,-3.4719308719355344e-19,0.9837011694908142,9.029954561867726e-10,-0.009114601649343967,1.8217942432396939e-10,0
0.030431687831878662,-4.080340065826249e-09,0.009344364516437054,6.098768712270441e-11,0.0427929051220417,-6.371338456823139e-10,0.11066719889640808,0.00721757672727108,-2.012158079045534e-10,-2.8109704234419164e-12,-4.269438795745373e-05,-3.471657902333392e-19,0.9743693470954895,1.0708273157078452e-09,-0.009437869302928448,1.9590240540878767e-10,16
0.03977833315730095,-4.105388473618632e-09,0.009191177785396576,-8.994474054446755e-10,0.049773577600717545,-8.317448951800088e-10,0.11028042435646057,0.006788823287934065,-1.8926277212116815e-10,-2.6439560176644283e-12,-4.0157701732823625e-05,1.7357016429005452e-19,0.9644050598144531,1.2231251567129675e-09,-0.010371208190917969,1.0556659019167469e-10,0
0.049156296998262405,-5.518196122267227e-09,0.009191149845719337,-5.246793000068806e-10,0.05633219704031944,-1.0145898565738776e-09,0.10939440876245499,0.010259120725095272,-9.865841477108006e-10,-2.426395672924797e-12,-2.603464963613078e-05,-9.842029873919668e-15,0.9536177515983582,1.3213506955267462e-09,-0.010990395210683346,2.816996080845513e-10,16
0.05836404114961624,-5.90056092875102e-09,0.009191167540848255,-1.4990751695531657e-10,0.06621226668357849,-1.9578363374961327e-09,0.12385262548923492,0.00969565287232399,-9.23048026901796e-10,-8.98215529732127e-12,-4.577722938847728e-05,-1.886573362808175e-12,0.9426805973052979,1.518015713131149e-09,-0.011172715574502945,1.2927117709615743e-10,16
0.06786071509122849,-6.736232904813733e-09,0.009191184304654598,-1.9103836568223898e-10,0.07562409341335297,-2.852219127547073e-09,0.11530353128910065,0.009203297086060047,-8.742974122455394e-10,-1.2214253046483048e-11,-5.444228372653015e-05,-1.3892173719437673e-18,0.9311493039131165,1.5793950591813655e-09,-0.011804524809122086,3.0444546623292768e-12,18
0.07731784135103226,-7.445061900313021e-09,0.009191123768687248,-9.04939040369257e-11,0.0851779580116272,-3.715463270381747e-09,0.1342625766992569,0.00997717585414648,-8.596043876707427e-10,-8.224485328889308e-12,-4.186480873613618e-05,-2.0539867549851376e-12,0.9190320372581482,2.053600844931225e-09,-0.012362704612314701,8.008700369543931e-10,5
0.08658864349126816,-7.851629568733642e-09,0.009191137738525867,-2.413220734354127e-10,0.09502187371253967,-4.56338122845068e-09,0.11440812796354294,0.009619536809623241,-8.282032837314546e-10,-1.1589645042275887e-11,-5.699056782759726e-05,1.389355407708487e-18,0.9064158201217651,2.6602704483735806e-09,-0.012806584127247334,3.521436198195005e-10,3
0.09623157978057861,-9.859370209142071e-09,0.009191122837364674,-1.4076959042874648e-10,0.10440311580896378,-5.371071143400741e-09,0.1128627136349678,0.010182288475334644,-9.728955419063823e-10,-5.825993767277771e-12,-3.255216506659053e-05,-1.7165848820513419e-12,0.8934142589569092,3.000311332712613e-09,-0.013147382065653801,9.049152538409544e-10,13
0.10546281933784485,-1.0106403713905365e-08,0.009191123768687248,-4.021195876280359e-11,0.114286869764328,-6.3128986482752225e-09,0.1258690357208252,0.009746729396283627,-9.279486068436427e-10,-1.0335488541401983e-11,-4.8486439482076094e-05,-1.6866589505268315e-12,0.8801179528236389,3.805043835569677e-09,-0.013407538644969463,5.263047775372343e-10,5
0.11495949327945709,-1.2438906793477145e-08,0.009191052988171577,-1.910439306751499e-10,0.12376716732978821,-7.2149393126608174e-09,0.12163718044757843,0.009282144717872143,-8.831186337765473e-10,-1.2337446168853017e-11,-5.490853436640464e-05,-2.7784843747242877e-18,0.8665978312492371,3.937721260172111e-09,-0.013604585081338882,-1.878586591841369e-10,13
0.12441661953926086,-1.4465053155277019e-08,0.009191123768687248,-9.048711085979377e-11,0.13330452144145966,-8.290840014524292e-09,0.13168616592884064,0.009828777052462101,-1.2675004379403276e-09,-1.1417014902925793e-11,-4.3550506234169006e-05,-2.7062835479541025e-12,0.852908194065094,4.87970552853767e-09,-0.013753245584666729,7.308186833476782e-10,16
0.13368742167949677,-1.5662767083313156e-08,0.009191137738525867,-2.413353961117082e-10,0.1429564654827118,-9.533865252819851e-09,0.11671234667301178,0.009445423260331154,-1.2153381634405491e-09,-1.6977679678786828e-11,-5.587123450823128e-05,0.0,0.839091420173645,5.194376928585598e-09,-0.01386404037475586,-1.947703109905774e-11,5
0.14333036541938782,-2.2158983981057645e-08,0.009191122837364674,-1.4076388665795747e-10,0.15215396881103516,-1.0717303489116148e-08,0.11471086740493774,0.010105661116540432,-2.1593893340110526e-09,-9.044927133661229e-12,-3.19754944939632e-05,-2.2759812697698e-12,0.8251792788505554,5.82319614750304e-09,-0.013947486877441406,9.83350401106975e-10,0
0.15256160497665405,-2.2804091059924758e-08,0.009191211313009262,-4.022555899485525e-11,0.16199080646038055,-1.2808508920159056e-08,0.12708155810832977,0.009721881709992886,-2.0635324560203117e-09,-1.923691067551303e-11,-4.523269672063179e-05,-4.177634800595076e-12,0.8111956715583801,6.353562120864353e-09,-0.014009896665811539,1.5852241741498574e-10,13
0.1620582938194275,-3.392451830563914e-08,0.009191228076815605,-1.9104066939501507e-10,0.1714407056570053,-1.481031208783179e-08,0.12183018028736115,0.00925026647746563,-1.95873339770003e-09,-2.7364126589657367e-11,-5.471995973493904e-05,2.7784643155944333e-18,0.7971585988998413,6.449926370777348e-09,-0.014056879095733166,1.2932829251965927e-09,5
0.17151542007923126,-4.360058980523718e-08,0.009191211313009262,-9.051430438500319e-11,0.1809317022562027,-1.8064485018953746e-08,0.13138562440872192,0.0097661092877388,-4.5245953650407955e-09,-3.6765989558373846e-11,-4.3485484638949856e-05,-9.142254661642646e-12,0.7830818295478821,7.202467955380598e-09,-0.014091940596699715,3.0929347971664356e-10,13
0.18078622221946716,-5.138407743743301e-08,0.009191137738525867,-2.4128155029501386e-10,0.19051729142665863,-2.249555386413249e-08,0.11677909642457962,0.009380045346915722,-4.330446667921706e-09,-6.049437339950003e-11,-5.548461194848642e-05,2.2228371306161834e-17,0.7689753174781799,6.968412957775172e-09,-0.014117185026407242,-6.791496809377406e-10,16
0.19042915105819702,-9.524400468308158e-08,0.009191210381686687,-1.4075410281755296e-10,0.19965213537216187,-2.6712806189266303e-08,0.1146443784236908,0.010060306638479233,-1.1905177288440427e-08,-3.5300415368588745e-11,-3.1764331652084365e-05,-7.077891224505084e-12,0.7548463940620422,7.509046717757428e-09,-0.01413752045482397,4.044450052642645e-10,5
0.19966039061546326,-9.920282906250577e-08,0.009191211313009262,-4.025275598951161e-11,0.2094407081604004,-3.8214384545653957e-08,0.1266210526227951,0.009668613784015179,-1.1334843286192609e-08,-1.0128994171187955e-10,-4.552926839096472e-05,-2.215183939058285e-11,0.7407010197639465,7.160832815600315e-09,-0.014151545241475105,-9.644274268083564e-10,0
0.2091570794582367,-2.0018092072859872e-07,0.009191228076815605,-1.9102000536896924e-10,0.21883928775787354,-4.9205503671601036e-08,0.1219797283411026,0.009201442822813988,-1.0756143531409634e-08,-1.5026675737050965e-10,-5.443114787340164e-05,-1.1113734012466463e-17,0.7265432476997375,6.649503614397645e-09,-0.014162063598632812,5.198996788635668e-10,5
0.21861420571804047,-2.880784109038359e-07,0.009191211313009262,-9.051430438500319e-11,0.22829094529151917,-7.292304360362323e-08,0.1312302052974701,0.009734390303492546,-3.6391529789625565e-08,-2.7981880701410944e-10,-4.3383850425016135e-05,-7.102575472206496e-11,0.7123761773109436,5.819415171970377e-09,-0.014170478098094463,-1.9350221425185055e-09,18
0.22788500785827637,-3.7679561160075536e-07,0.009191137738525867,-2.4125543229835955e-10,0.23784270882606506,-1.0853630527662972e-07,0.11681167781352997,0.009345995262265205,-3.479389931726473e-08,-4.860551405805325e-10,-5.52832025277894e-05,-8.891278377548789e-17,0.6982024312019348,2.5331527986338642e-09,-0.014176088385283947,-4.392072039394179e-09,18
0.23752792179584503,-8.798243129604089e-07,0.009191210381686687,-1.4033198214580267e-10,0.24694490432739258,-1.4242256440866186e-07,0.11461180448532104,0.010038290172815323,-1.2637285351502214e-07,-3.1111055398547194e-10,-3.1656618375563994e-05,-4.7947274622872627e-11,0.6840237379074097,-2.9027538150927512e-09,-0.01418099645525217,-7.514567634814284e-09,18
0.24675917625427246,-9.245059118256904e-07,0.009191211313009262,-4.0035173093366794e-11,0.25671008229255676,-2.6438470968059846e-07,0.12639784812927246,0.00964291300624609,-1.201238575276875e-07,-1.0575251785382989e-09,-4.565382914734073e-05,-2.3001947568879189e-10,0.6698413491249084,-1.295860485583944e-08,-0.014183801598846912,-1.2135308757876828e-08,18
0.2562558650970459,-2.3247787339641945e-06,0.009191228076815605,-1.893837725530645e-10,0.2660832703113556,-3.808368091995362e-07,0.12205149233341217,0.009176759049296379,-1.139627201496296e-07,-1.59209523342696e-09,-5.4285115766106173e-05,0.0,0.6556558609008789,-2.832165435506795e-08,-0.014186606742441654,-2.0347712847978983e-08,16
0.2657129764556885,-3.543716957210563e-06,0.009191211313009262,-9.051430438500319e-11,0.2755042612552643,-6.797913556511048e-07,0.1283707469701767,0.009682673960924149,-4.787666512129363e-07,-4.012620458127003e-09,-4.512698433245532e-05,-9.139606294006342e-10,0.6414682865142822,-5.6597027509042164e-08,-0.01418871060013771,-3.4762063449989e-08,4
0.2748531401157379,-0.0003365545708220452,0.008848659694194794,-0.0,0.2849779725074768,-1.14701265374606e-06,0.11684094369411469,0.009263950400054455,-4.5652799940398836e-07,-6.3774905356694944e-09,-5.4797896154923365e-05,-1.4225779647490861e-15,0.6273646354675293,-9.858879934654396e-08,-0.01361650601029396,-4.4497028284240514e-08,6
0.2831838130950928,-0.002225855365395546,0.008272073231637478,4.277845577771444e-10,0.29400065541267395,-1.5916515394565067e-06,0.11457885056734085,0.00928671658039093,-0.00041583454003557563,-4.0393942413174955e-07,-3.039222428924404e-05,1.3106827623232675e-07,0.6157787442207336,-1.3659834507961932e-07,-0.009575311094522476,-3.15391233129958e-08,7
0.29145586490631104,-0.0023934138007462025,0.008272073231637478,-0.0,0.3030107319355011,-0.00040038523729890585,0.12012850493192673,0.008855415508151054,-0.00039023029967211187,-4.6635905164293945e-06,-4.909581184620038e-05,-3.406318000997999e-07,0.6086340546607971,-1.602069232831127e-07,-0.005867902189493179,-1.9406614981676285e-08,10
0.3001190423965454,-0.0023773317225277424,0.009233109652996063,5.2195060561643913e-05,0.31162145733833313,-0.0007795817218720913,0.1113034188747406,0.008419294841587543,-0.00037076242733746767,-5.179672371014021e-06,-4.980438461643644e-05,0.0,0.6037931442260742,-1.7621627534936124e-07,-0.0036765546537935734,-1.2158507978199395e-08,6
0.30946221947669983,-0.0022830097004771233,0.009342501871287823,0.00012827475438825786,0.319786012172699,-0.0011391252046450973,0.11308625340461731,0.007958830334246159,-0.00035048500285483897,-4.896177415503189e-06,-4.7078461648197845e-05,3.640798058000827e-13,0.601219654083252,-1.8472729834684287e-07,-0.0018379268003627658,-6.079253989099698e-09,6
0.3180660009384155,-0.002460057381540537,0.010194974951446056,0.00013770262012258172,0.32749783992767334,-0.0014787308173254132,0.11133531481027603,0.007509393617510796,-0.0003306932339910418,-4.619650098902639e-06,-4.4419535697670653e-05,3.6404885182805824e-13,0.6026557087898254,-2.8604414183064364e-05,0.0031387105118483305,-3.938792724511586e-05,6
0.32728201150894165,-0.002892139134928584,0.009826702065765858,-0.0003444378380663693,0.3463427424430847,-0.002027706243097782,0.19175879657268524,0.06481106579303741,-0.0014467387227341533,4.643408828997053e-06,-9.951741049007978e-06,-0.0003375961387064308,0.6065637469291687,-6.150700937723741e-05,0.0045334589667618275,-2.4151946490746923e-05,5
0.3359917998313904,-0.0032629240304231644,0.008592184633016586,-0.0003046503115911037,0.4093436896800995,-0.003364408854395151,0.5101326107978821,0.06156976521015167,-0.0012496670242398977,4.643408828997053e-06,-9.951741049007978e-06,-0.0003375961387064308,0.6105917096138,-0.0009323810809291899,0.002931321272626519,-3.00033821076795e-06,1
0.34362390637397766,-0.0035326506476849318,0.007120300550013781,-0.0005374435568228364,0.46927544474601746,-0.00451483391225338,0.6940643787384033,0.05863327905535698,-0.0010720693971961737,4.643408828997053e-06,-9.951741049007978e-06,-0.0003375961387064308,0.6119784116744995,-0.0025851172395050526,0.0004758987051900476,3.517814661790908e-07,17
0.350265234708786,-0.0042143408209085464,0.006106670945882797,-0.0006271749152801931,0.5264157652854919,-0.005497844889760017,0.7512186169624329,0.05595444142818451,-0.0009127956000156701,4.643408828997053e-06,-9.951741049007978e-06,-0.0003375961387064308,0.6120330691337585,-0.003941032569855452,4.372747923753195e-07,-3.0657891780805357e-09,6
0.3566121459007263,-0.004843618720769882,0.006904321722686291,-0.0006237419438548386,0.581000804901123,-0.006331035867333412,0.6884399056434631,0.05349509045481682,-0.000770502258092165,4.643408828997053e-06,-9.951741049007978e-06,-0.0003375961387064308,0.6120783686637878,-0.0033170124515891075,-2.205591016490871e-07,1.1407588207390518e-09,12
0.36434558033943176,-0.005374710541218519,0.008383218199014664,-0.0004256028332747519,0.6083968877792358,-0.006434426177293062,0.7014187574386597,0.0019939893390983343,0.0005239865276962519,1.8946893760585226e-06,-1.1358451047271956e-05,-0.0001688869233475998,0.6115143895149231,-0.0023914247285574675,-0.0016542042139917612,-3.16417972499039e-05,5
0.3733690679073334,-0.0055991834960877895,0.009190334938466549,-8.759601041674614e-05,0.6103882789611816,-0.005911119282245636,0.8023712635040283,0.001989611191675067,0.0005228192894719541,1.8946893760585226e-06,-1.1358451047271956e-05,-0.0001688869233475998,0.6091891527175903,-0.002421664772555232,-0.0033827389124780893,-3.297149305581115e-05,18
0.3825596570968628,-0.005666707176715136,0.009191036224365234,-5.109886114951223e-05,0.6123759746551514,-0.005388804245740175,0.8051100969314575,0.0019860249012708664,0.0005219029262661934,1.8946893760585226e-06,-1.1358451047271956e-05,-0.0001688869233475998,0.6049129962921143,-0.002298537874594331,-0.004798890557140112,-0.00022307215840555727,7
0.391750693321228,-0.005697731859982014,0.00919138640165329,-1.4601711882278323e-05,0.614359438419342,-0.004867507144808769,0.709845781326294,0.0019812039099633694,0.000520728703122586,1.8946893760585226e-06,-1.1358451047271956e-05,-0.0001688869233475998,0.5998737812042236,-0.002344271866604686,-0.0034548919647932053,-0.0009859073907136917,6
0.4009418487548828,-0.005702068563550711,0.00919138640165329,-2.6308748601877596e-06,0.6163367033004761,-0.0043476945720613,0.516901969909668,0.0019734541419893503,0.0005189605290070176,1.8946893760585226e-06,-1.1358451047271956e-05,-0.0001688869233475998,0.5973180532455444,-0.0030783824622631073,-0.0006877736304886639,-0.0016316743567585945,18
0.41013303399086,-0.005703893955796957,0.00919138640165329,-1.1692777661664877e-06,0.6183039546012878,-0.003830044297501445,0.22684592008590698,0.0019616391509771347,0.0005164613830856979,1.8946893760585226e-06,-1.1358451047271956e-05,-0.0001688869233475998,0.5974707007408142,-0.003984913229942322,0.0018372992053627968,-0.0015009082853794098,12
