lt_dp_posx,lt_dp_posy,lt_dp_velx,lt_dp_vely,ball_posx,ball_posy,ball_posz,ball_vel_x,ball_vel_y,ball_rot_x,ball_rot_y,ball_rot_z,rt_gk_posx,rt_gk_posy,rt_gk_velx,rt_gk_vely,action_left,action_top_left,action_top,action_top_right,action_right,action_bottom_right,action_bottom,action_bottom_left,action_sprint,action_dribble,sel_action
-1.0110293626785278,-0.0,0.0,-0.0,0.019999999552965164,-0.0,0.11061639338731766,0.0,-0.0,0.0,-0.0,0.0,1.0110293626785278,0.0,-0.0,0.0,5
0.0,-0.0,0.0,-0.0,0.019999999552965164,-0.0,0.11059734225273132,0.0,-0.0,0.0,-0.0,0.0,1.0110293626785278,0.0,-0.0,0.0,5
0.00032308624940924346,5.012149029148816e-11,0.0019679905381053686,1.5585761847791701e-10,0.019999999552965164,-0.0,0.10930104553699493,0.0,-0.0,0.0,-0.0,0.0,1.0093543529510498,-1.3062736656244134e-11,-0.0035601502750068903,-2.532124683540804e-11,5
0.00346941570751369,-6.651652839639866e-11,0.004606739617884159,-1.0011581147439941e-10,0.019999999552965164,-0.0,0.11075475811958313,0.0,-0.0,0.0,-0.0,0.0,1.0049090385437012,-3.6163953776036095e-11,-0.005159658379852772,-1.8880749394489804e-11,13
0.0072206053882837296,-1.5883747650491387e-09,0.006202893331646919,-3.5571864898109595e-10,0.020885050296783447,-5.046264447972071e-11,0.11553017795085907,0.008850518614053726,-5.04626451736101e-10,-1.3788451717205996e-12,-1.273963334824657e-05,-5.866627713138617e-13,0.998912513256073,2.2566642998711473e-11,-0.006663799285888672,6.774205640880382e-10,16
0.014238657429814339,-1.8248648148144753e-09,0.007660851813852787,-9.95643775758559e-11,0.029344767332077026,-5.321092455545795e-10,0.10883359611034393,0.008189411833882332,-4.658431418391729e-10,-5.005415353032117e-12,-3.801194907282479e-05,-1.128332887193051e-12,0.9914822578430176,6.103970662252323e-10,-0.0080326022580266,4.81309436750621e-10,16
0.02267754264175892,-1.9554233787744124e-09,0.009065954014658928,-1.8761388276278268e-10,0.037269461899995804,-9.82792069947891e-10,0.11369729787111282,0.0077281612902879715,-4.3950620920440997e-10,-6.1397727180168005e-12,-4.571395038510673e-05,-6.943963590483989e-19,0.9827787280082703,9.069301976083466e-10,-0.009224695153534412,1.3398915310602888e-10,13
0.032005276530981064,-2.0943682343954606e-09,0.009344364516437054,-9.709107823274721e-11,0.04475945234298706,-1.4087526700734543e-09,0.11145169287919998,0.007291196379810572,-4.146555598882884e-10,-5.7925691153426495e-12,-4.3128828110639006e-05,0.0,0.9734154939651489,1.075035394038082e-09,-0.009538145735859871,1.8924149747245878e-10,13
0.04145287722349167,-2.3558812678459162e-09,0.009191129356622696,-2.2121235399019668e-10,0.051813144236803055,-1.8099015619554848e-09,0.11082686483860016,0.006859196815639734,-3.900875733542364e-10,-5.449384433281468e-12,-4.057363184983842e-05,3.471443869349894e-19,0.963359534740448,1.2141512240049224e-09,-0.010455355979502201,8.839542292582436e-11,13
0.05105098709464073,-2.8394444573365263e-09,0.009191211313009262,-1.2065967669450117e-10,0.05915123596787453,-2.179603164620403e-09,0.12063603848218918,0.00996564980596304,-3.2994948440112637e-10,-3.2184292123732527e-12,-3.3144111512228847e-05,-5.691251506526052e-13,0.9525248408317566,1.3251438835126805e-09,-0.010928686708211899,2.645029195669224e-10,18
0.06024216115474701,-2.9048023986177895e-09,0.009191167540848255,-2.010937943941471e-11,0.06885328888893127,-2.5017450333564284e-09,0.11368940770626068,0.009508957155048847,-3.162365092013175e-10,-4.181242591744239e-12,-5.154593600309454e-05,-2.417503317756614e-13,0.9415563941001892,1.506470281853467e-09,-0.011242137290537357,1.1738064686905858e-10,18
0.06983431428670883,-3.3679852240453556e-09,0.009191188961267471,-1.7093448878569006e-10,0.07808937877416611,-2.8090265669078462e-09,0.10823517292737961,0.009030758403241634,-3.004548554397246e-10,-4.197474832989823e-12,-5.342178337741643e-05,1.041872962396905e-18,0.9299631714820862,1.5536725239684301e-09,-0.011861324310302734,-9.799710522229166e-12,13
0.07919596135616302,-3.5993132918576975e-09,0.009191211313009262,-7.03879246555239e-11,0.08773985505104065,-3.1192264327017938e-09,0.13449257612228394,0.009881350211799145,-3.1335070649340935e-10,-3.188977294038553e-12,-4.2366893467260525e-05,-6.286753886572405e-13,0.9177908301353455,2.1152295470727722e-09,-0.012411790899932384,8.160872533302665e-10,18
0.08855164796113968,-3.8917584710418396e-09,0.009191173128783703,-2.2121120213380863e-10,0.09742225706577301,-3.426282368934608e-09,0.12030104547739029,0.009450563229620457,-2.9971630732816834e-10,-4.186962842406272e-12,-5.590252476395108e-05,0.0,0.9051313996315002,2.712809310523312e-09,-0.012844450771808624,3.4713923402485136e-10,0
0.09814976155757904,-4.495015915040312e-09,0.009191123768687248,-1.2065967669450117e-10,0.10683723539113998,-3.7308929279333825e-09,0.12339802831411362,0.009963976219296455,-3.45943745871935e-10,-2.9715787122630566e-12,-3.857068077195436e-05,-6.804386698186504e-13,0.8920965194702148,2.8968001331008963e-09,-0.01317683421075344,2.538405319274517e-10,16
0.10734093189239502,-4.5603743004107855e-09,0.009191211313009262,-2.010937943941471e-11,0.11660073697566986,-4.069652614901997e-09,0.11593873798847198,0.009608332999050617,-3.3324906723031233e-10,-4.300820984071141e-12,-5.301705823512748e-05,-2.830271282096286e-13,0.8787750601768494,3.0678430906760923e-09,-0.013429276645183563,7.136705115762254e-11,0
0.11693309247493744,-5.497872379578439e-09,0.009191188961267471,-1.709374031211297e-10,0.1259409487247467,-4.393572616834263e-09,0.1085231602191925,0.00913402158766985,-3.167688611416253e-10,-4.425392777923642e-12,-5.4032683692639694e-05,6.945979326239204e-19,0.8652356863021851,3.0939035777777235e-09,-0.013621414080262184,6.51254938865975e-10,0
0.12629473209381104,-5.930847812862794e-09,0.009191123768687248,-7.03879246555239e-11,0.1355617642402649,-4.7901766997426876e-09,0.13389426469802856,0.009790328331291676,-4.28445529054855e-10,-4.034792899093587e-12,-4.293759775464423e-05,-8.358824158012645e-13,0.8515316843986511,4.085300542300274e-09,-0.013765166513621807,7.323009976190065e-10,16
0.1356504261493683,-6.771007754480252e-09,0.009191173128783703,-2.2121296461286022e-10,0.14514964818954468,-5.209364051239618e-09,0.12044696509838104,0.009363730438053608,-4.091472161071863e-10,-5.7156861708873574e-12,-5.5388933105859905e-05,1.389267829961133e-18,0.8377040028572083,4.4477181937452315e-09,-0.013873857446014881,6.213679570876707e-11,16
0.14524854719638824,-8.72905037141436e-09,0.009191123768687248,-1.2066307675251409e-10,0.15448521077632904,-5.674924086207511e-09,0.1232503205537796,0.009900764562189579,-7.192275663925329e-10,-4.941260508400935e-12,-3.829869820037857e-05,-1.2740466234090198e-12,0.8237837553024292,5.25926413530442e-09,-0.013955200091004372,9.805285472452852e-10,0
0.15443971753120422,-8.794407868606413e-09,0.009191211313009262,-2.0112779497427624e-11,0.16418170928955078,-6.3773808456346615e-09,0.1152467429637909,0.009537848643958569,-6.898873694538565e-10,-8.828921101156073e-12,-5.3375333664007485e-05,-5.385168222807324e-13,0.8097941279411316,5.849021267323451e-09,-0.014015506021678448,2.6898633320726617e-10,13
0.16403187811374664,-1.3570936374662779e-08,0.009191188961267471,-1.7094692328356587e-10,0.17345501482486725,-7.047963990203243e-09,0.10884213447570801,0.009069873951375484,-6.558740217599279e-10,-9.162827614705993e-12,-5.365321339922957e-05,-2.083763915972133e-18,0.7957525849342346,6.236827942984746e-09,-0.014060385525226593,1.255403225819407e-09,13
0.17339351773262024,-1.5636016925668628e-08,0.009191211313009262,-7.03879246555239e-11,0.1830243468284607,-8.306873411356719e-09,0.1335509717464447,0.009741204790771008,-1.504856239620267e-09,-1.2241672953106075e-11,-4.298179192119278e-05,-2.9585975596518876e-12,0.7816724181175232,7.061915052730683e-09,-0.014094044454395771,4.723579305476733e-10,18
0.1827492117881775,-2.2085496098611657e-08,0.009191173128783703,-2.2120520692947565e-10,0.1925603449344635,-9.77665148838014e-09,0.12051904946565628,0.00931406021118164,-1.4337968590183436e-09,-2.0029798999954274e-11,-5.5095122661441565e-05,-2.778504227058989e-18,0.7675632834434509,7.1018595448890665e-09,-0.014119990170001984,-3.1427066504718937e-10,5
0.19234733283519745,-3.791834046751319e-08,0.009191211313009262,-1.2067667698456574e-10,0.20185142755508423,-1.1801010835199577e-08,0.12317799031734467,0.009869856759905815,-4.4734802528978435e-09,-2.445914824844575e-11,-3.814966476056725e-05,-7.1555734428019324e-12,0.75343257188797,7.98604204987896e-09,-0.014138221740722656,6.489057069458681e-10,18
0.20153850317001343,-3.7983696188348404e-08,0.009191211313009262,-2.0099181000099442e-11,0.21151521801948547,-1.6161489924115813e-08,0.11490993946790695,0.009503530338406563,-4.277361131954649e-09,-5.438797676116103e-11,-5.356547990231775e-05,-3.208185887088044e-12,0.7392857074737549,8.115493166371834e-09,-0.014152947813272476,-2.958509548456334e-10,13
0.21113066375255585,-9.004657641753511e-08,0.009191188961267471,-1.708892610752244e-10,0.2207554280757904,-2.0318829285770335e-08,0.10899665951728821,0.009038076736032963,-4.066401437796685e-09,-5.680931766671726e-11,-5.3465122618945315e-05,1.1113328693966312e-17,0.7251269221305847,8.364262171767223e-09,-0.014163466170430183,7.945159530287071e-10,16
0.22049230337142944,-1.1221472107081354e-07,0.009191211313009262,-7.03879246555239e-11,0.2302996665239334,-3.1601359751221025e-08,0.13338488340377808,0.009717508219182491,-1.4237726553290031e-08,-1.0786750659352862e-10,-4.300060754758306e-05,-2.771431695247628e-11,0.7109590768814087,8.380995453194373e-09,-0.014171179383993149,-6.198652702238405e-10,16
0.2298479974269867,-1.9987658106401796e-07,0.009191173128783703,-2.2120304199457763e-10,0.23981037735939026,-4.549570320477869e-08,0.12055367231369019,0.009289109148085117,-1.3549929178680031e-08,-1.8928920930694204e-10,-5.494752622325905e-05,2.2227908085018804e-17,0.6967847347259521,7.30520932634704e-09,-0.014176789671182632,1.1904888186364815e-09,5
0.23944610357284546,-4.165904385899921e-07,0.009191211313009262,-1.209758543341266e-10,0.2490769475698471,-6.757165493809225e-08,0.12036240100860596,0.009840132668614388,-5.689097193339876e-08,-3.0419142205140304e-10,-3.869568899972364e-05,-9.066715433991845e-11,0.6826057434082031,6.777058025875249e-09,-0.014180295169353485,-1.9345869350928524e-09,5
0.24863728880882263,-4.1665580852168205e-07,0.009191211313009262,-2.0017586546683397e-11,0.2586743235588074,-1.2275029348529642e-07,0.11191797256469727,0.009420746006071568,-5.4048843622922504e-08,-7.552216629846953e-10,-5.573446469497867e-05,-1.7782867775007898e-16,0.6684228777885437,3.1229352437378566e-09,-0.014184502884745598,-5.061189245481046e-09,16
0.25822943449020386,-1.0650408057699678e-06,0.009191188961267471,-1.7121128126351692e-10,0.2678338289260864,-1.753003147086929e-07,0.10915053635835648,0.008959606289863586,-5.140323722230278e-08,-7.181243932841141e-10,-5.300090560922399e-05,-8.89050943045136e-17,0.6542372107505798,-2.8573297061740277e-09,-0.014186606742441654,-8.512621718637092e-09,0
0.26759108901023865,-1.3407262713371892e-06,0.009191211313009262,-7.049671957304326e-11,0.27735692262649536,-3.1666112931816315e-07,0.13338050246238708,0.009720124304294586,-1.7818943831571232e-07,-1.343997690916865e-09,-4.28447820013389e-05,-3.502670653521278e-10,0.640049397945404,-1.578247221800666e-08,-0.01418871060013771,-1.6535613767132418e-08,12
0.27685773372650146,-0.0004343083710409701,0.008466321974992752,-2.138922788885722e-10,0.286869615316391,-4.905417654299526e-07,0.12054505944252014,0.009290732443332672,-1.69561388929651e-07,-2.3687316552667426e-09,-5.4957134125288576e-05,0.0,0.6258602142333984,-8.58865192299163e-08,-0.014189411886036396,-2.7115865464111266e-07,16
0.28575238585472107,-0.0015052652452141047,0.008272073231637478,-0.0,0.29601341485977173,-5.1728060498135164e-05,0.12202955782413483,0.009225977584719658,-0.0002541360445320606,-1.1292667068119044e-06,-3.71845526387915e-05,-2.920996564625966e-07,0.6116698980331421,-8.166005613929883e-07,-0.014190814457833767,-1.1067288596677827e-06,6
0.29402443766593933,-0.0015052652452141047,0.008271897211670876,-0.0,0.30501896142959595,-0.0002981364377774298,0.10828331857919693,0.008831653743982315,-0.00024109282821882516,-3.368215175214573e-06,-5.2244857215555385e-05,3.641451831910836e-13,0.5974788069725037,-2.3829318251955556e-06,-0.014190814457833767,-1.942379640240688e-06,16
0.3029020428657532,-0.001486552762798965,0.009343904443085194,4.39539689978119e-05,0.3136036992073059,-0.0005324897356331348,0.11269665509462357,0.008381283842027187,-0.00022879808966536075,-3.1961535569280386e-06,-4.957594501320273e-05,3.64110570036727e-13,0.5847423076629639,-4.200761850370327e-06,-0.0110391303896904,-1.5751717228340567e-06,6
0.31224575638771057,-0.0014157391851767898,0.009343554265797138,9.278913785237819e-05,0.3217369019985199,-0.000754516280721873,0.1121312752366066,0.007928936742246151,-0.00021644968364853412,-3.0237986266001826e-06,-4.690250716521405e-05,0.0,0.5764383673667908,-5.385322765505407e-06,-0.006574742961674929,-9.377386618325545e-07,7
0.32041433453559875,-0.0017260834574699402,0.010196262039244175,9.606999810785055e-05,0.3294152617454529,-0.0009641276556067169,0.11101160198450089,0.00747686019167304,-0.00020410868455655873,-2.851372528311913e-06,-4.4227959733689204e-05,5.460700251355699e-13,0.5708953142166138,-6.1759064919897355e-06,-0.004289079923182726,-6.117513748904457e-07,0
0.32918286323547363,-0.0022961816284805536,0.009822845458984375,-0.0003845765022560954,0.348510205745697,-0.0010636785300448537,0.16449858248233795,0.0661882609128952,0.00029819164774380624,-5.869591404916719e-06,-7.959378308441956e-06,-0.00014514831127598882,0.5677089691162109,-6.630350981140509e-06,-0.0018382773268967867,-2.621781618472596e-07,6
0.3378889262676239,-0.0027025281451642513,0.008589379489421844,-0.00033972866367548704,0.41280171275138855,-0.0007498848135583103,0.3560357987880707,0.0627928152680397,0.00032691736123524606,-5.869591404916719e-06,-7.959378308441956e-06,-0.00014514831127598882,0.5669830441474915,-6.73389331495855e-06,-0.0,0.0,15
0.3455182611942291,-0.003003413788974285,0.00711539201438427,-0.0005665079224854708,0.4738815128803253,-0.0004061800427734852,0.42360925674438477,0.059722963720560074,0.0003577017050702125,-5.869591404916719e-06,-7.959378308441956e-06,-0.00014514831127598882,0.5671192407608032,0.00010402992484159768,-6.595955426291766e-08,-1.069461394442861e-10,4
0.35215285420417786,-0.003712208941578865,0.006100360304117203,-0.0006521004834212363,0.5320466756820679,-3.083529736613855e-05,0.37403711676597595,0.05692869424819946,0.00038996373768895864,-5.869591404916719e-06,-7.959378308441956e-06,-0.00014514831127598882,0.5675119161605835,0.00042343963286839426,-5.8344621578498845e-08,-1.069461394442861e-10,3
