lt_dp_posx,lt_dp_posy,lt_dp_velx,lt_dp_vely,ball_posx,ball_posy,ball_posz,ball_vel_x,ball_vel_y,ball_rot_x,ball_rot_y,ball_rot_z,rt_gk_posx,rt_gk_posy,rt_gk_velx,rt_gk_vely,action_left,action_top_left,action_top,action_top_right,action_right,action_bottom_right,action_bottom,action_bottom_left,action_sprint,action_dribble,sel_action
-1.0110293626785278,-0.0,0.0,-0.0,0.019999999552965164,-0.0,0.11061639338731766,-0.0,0.0,0.0,-0.0,0.0,1.0110293626785278,0.0,-0.0,0.0,0,0,0,0,0,0,0,0,0,0,5
0.0015069420915096998,9.174210696683005e-11,0.003586255246773362,2.5862921179675702e-11,0.019999999552965164,-0.0,0.11059734225273132,-0.0,0.0,0.0,-0.0,0.0,1.0109632015228271,-5.533214511577178e-12,-0.0006619621999561787,-5.533214511577178e-11,0,0,0,0,1,0,0,0,0,0,5
0.00464782677590847,-1.8564798587306086e-09,0.005265382118523121,-3.6326505692407807e-10,0.019999999552965164,-0.0,0.10930104553699493,-0.0,0.0,0.0,-0.0,0.0,1.007768154144287,-2.172703961189626e-10,-0.004207386635243893,-2.3119921255254638e-10,0,0,0,0,1,0,0,0,0,0,13
0.00921948254108429,-4.506941930770836e-09,0.00681169331073761,-3.145188554043443e-10,0.023584002628922462,-3.7888581161382717e-10,0.12418566644191742,0.008803398348391056,-9.313531057486557e-10,1.4795921649338184e-12,2.538643002480967e-06,-3.416231490402377e-12,1.0026906728744507,-3.969429507311162e-10,-0.005775339435786009,-1.1821739420714295e-10,0,0,0,0,1,0,0,0,1,0,5
0.01681027188897133,-4.655686947074855e-09,0.008202935568988323,-7.154383335761239e-11,0.03196088224649429,-1.2668261994974728e-09,0.11617855727672577,0.007993858307600021,-8.488175717857871e-10,1.1187864003281422e-11,4.438766336534172e-05,-9.97578972553037e-13,0.9961044192314148,-1.0292264956968111e-10,-0.007231095340102911,6.19877149610204e-10,0,0,0,0,1,0,0,0,1,0,13
0.025697490200400352,-4.791060881359499e-09,0.009418520145118237,-1.1297969504386884e-10,0.039730194956064224,-2.0918331511410315e-09,0.11511452496051788,0.007578098215162754,-8.04702249279643e-10,1.1241584919885472e-11,4.4826800149166957e-05,6.943769203040039e-19,0.9881436228752136,3.673750748056648e-10,-0.008531177416443825,3.261357295336609e-10,0,0,0,0,1,0,0,0,1,0,0
0.03457627072930336,-6.208548342101494e-09,0.009487852454185486,-2.184487174483607e-10,0.04707711562514305,-2.8719862044113142e-09,0.10721345245838165,0.007154013495892286,-7.596693829547974e-10,1.0612574187496282e-11,4.231857747072354e-05,-6.943238256484357e-19,0.9790472984313965,5.749741793792396e-10,-0.009335489943623543,9.461555983136805e-10,0,0,0,0,1,0,0,0,1,0,18
0.042578261345624924,-8.580380850276015e-09,0.009879671037197113,-1.2068075705418124e-10,0.05475374311208725,2.9161358270357596e-06,0.11805135011672974,0.014280557632446289,2.9196711693657562e-05,3.38617610395886e-07,2.294853175044409e-06,2.890495522933634e-07,0.9695028066635132,1.328621435092714e-09,-0.009924523532390594,6.277321995540319e-10,0,0,0,0,1,0,0,0,1,0,16
0.052944768220186234,7.225368392482778e-08,0.010675630532205105,8.091726613201899e-07,0.0686461552977562,3.095549254794605e-05,0.14384551346302032,0.013800475746393204,2.7824196877190843e-05,2.854333160939859e-07,8.133003575494513e-06,3.5940200859840843e-07,0.9590960144996643,1.7416538211634247e-09,-0.010777922347187996,2.315842378974864e-10,0,0,0,0,1,0,0,0,1,0,18
0.06370651721954346,5.073016382084461e-06,0.01101673487573862,8.288241588161327e-06,0.08200079947710037,5.742290886701085e-05,0.12317443639039993,0.012640985660254955,2.420397686364595e-05,-2.5372356660113837e-08,4.154718408244662e-05,4.404358264764596e-07,0.9481951594352722,3.0329971423270763e-07,-0.01080527063459158,7.504945642722305e-07,0,0,0,0,1,0,0,0,1,0,16
0.07514198124408722,1.7373202354065143e-05,0.011754298582673073,1.58006096171448e-05,0.09425072371959686,8.059960964601487e-05,0.11358180642127991,0.011894912458956242,2.227987533842679e-05,-3.1288703894460923e-07,7.052048749756068e-05,-4.5553875748600633e-14,0.9369930624961853,1.6442405694760964e-06,-0.011505099013447762,1.8147230775866774e-06,0,0,0,0,1,0,0,0,1,0,16
0.0872509554028511,3.55986958311405e-05,0.012389264069497585,1.9662826161948033e-05,0.10581433027982712,0.00010225950973108411,0.11358556151390076,0.011284740641713142,2.113756454491522e-05,-2.952890838514577e-07,6.675275653833523e-05,0.0,0.9251608848571777,3.9958340494195e-06,-0.012094132602214813,2.619393399072578e-06,0,0,0,0,1,0,0,0,1,0,0
0.09992998838424683,5.8135985455010086e-05,0.012895464897155762,2.5229817765648477e-05,0.11675415933132172,0.00012275102199055254,0.11179306358098984,0.010659477673470974,1.996637729462236e-05,-2.789255972857063e-07,6.305365968728438e-05,4.553798879864193e-14,0.9127786755561829,6.906193448230624e-06,-0.012599019333720207,3.19470245813136e-06,0,0,0,0,1,0,0,0,1,0,18
0.11304035782814026,-0.00041438377229496837,0.013238980434834957,2.6214351237285882e-05,0.1270812302827835,0.00014209476648829877,0.11068510264158249,0.010058329440653324,1.8840350094251335e-05,-2.631966253829887e-07,5.949801561655477e-05,0.0,0.899957001209259,1.0467014362802729e-05,-0.012988903559744358,3.853736870951252e-06,0,0,0,0,1,0,0,0,1,0,5
0.12627936899662018,-0.002255065366625786,0.013238980434834957,1.4298983842309099e-05,0.13746125996112823,0.0001320509472861886,0.1198311522603035,0.015866780653595924,-0.0002651473041623831,-2.488891084340139e-07,6.209288130776258e-06,-4.6717659074602125e-07,0.8867981433868408,1.4074513273953926e-05,-0.013286225497722626,3.152139697704115e-06,0,0,0,0,1,0,0,0,1,0,0
0.13951842486858368,-0.00224732025526464,0.013238980434834957,2.38311622524634e-06,0.15297502279281616,-0.00012679616338573396,0.1582086682319641,0.015416872687637806,-0.0002572021330706775,-6.126785478954844e-08,1.0369019946665503e-05,-7.978029543664888e-07,0.8733821511268616,1.6558846255065873e-05,-0.01351272314786911,1.9523795344866812e-06,0,0,0,0,1,0,0,0,1,0,5
0.1528988629579544,-0.002216503256931901,0.013511145487427711,7.76411106926389e-05,0.16815951466560364,-0.00037990426062606275,0.11589747667312622,0.014440430328249931,-0.00023943031555972993,1.0346504950575763e-06,3.4541793866083026e-05,-1.8855265579986735e-06,0.8597712516784668,1.53320434037596e-05,-0.013683823868632317,-8.716193406144157e-06,0,0,0,0,1,0,0,0,1,0,0
0.16654008626937866,-0.0020570510532706976,0.01373694185167551,0.00022574725153390318,0.18207429349422455,-0.000610007846262306,0.11780518293380737,0.013576163910329342,-0.00022415172134060413,1.9001340660906862e-06,5.351151048671454e-05,-1.7033835320034996e-06,0.8460135459899902,-7.359873961831909e-06,-0.01381285022944212,-3.372769060661085e-05,0,0,0,0,1,0,0,0,1,0,0
0.18037302792072296,-0.0017794735031202435,0.013905588537454605,0.0002773594460450113,0.1951410472393036,-0.0008253909763880074,0.11213546991348267,0.012754998169839382,-0.00021019346604589373,2.9365512546064565e-06,7.545432890765369e-05,0.0,0.8321457505226135,-5.391114973463118e-05,-0.01390891894698143,-5.500918996403925e-05,0,0,0,0,1,0,0,0,1,0,16
0.19435293972492218,-0.0015375937800854445,0.014034789986908436,0.00021267308329697698,0.20750494301319122,-0.0010291392682120204,0.11327014863491058,0.012049010954797268,-0.00019855926802847534,2.773798314592568e-06,7.127239223336801e-05,3.6444463983112407e-13,0.8181953430175781,-0.00010812931577675045,-0.013981145806610584,-5.355717439670116e-05,0,0,0,0,1,0,0,0,1,0,16
0.208439439535141,-0.0013589761219918728,0.0141217689961195,0.00015101002645678818,0.21918384730815887,-0.0012215989409014583,0.1113809123635292,0.011377506889402866,-0.00018749332230072469,2.619188535391004e-06,6.729971937602386e-05,-1.093123313221367e-12,0.8041831851005554,-0.000160847746883519,-0.014035141095519066,-5.202127431402914e-05,0,0,0,0,1,0,0,0,1,0,5
0.22253549098968506,-0.0012445359025150537,0.01412187796086073,8.808357233647257e-05,0.23020552098751068,-0.001403228146955371,0.11085903644561768,0.010733198374509811,-0.00017687560466583818,2.4708854198252084e-06,6.348908937070519e-05,3.643109305982023e-13,0.7901248931884766,-0.00021292177552822977,-0.014075110666453838,-5.2744941058335826e-05,0,0,0,0,1,0,0,0,1,0,18
0.2363872528076172,-0.0011921614641323686,0.013533059507608414,2.4116352506098337e-05,0.24559386074543,-0.0014012651517987251,0.16133412718772888,0.01579444669187069,2.1435846065287478e-05,8.989372872747481e-07,1.2278234862606041e-05,-9.62519834502018e-07,0.7760322093963623,-0.00026659786817617714,-0.014105264097452164,-5.4434021876659244e-05,0,0,0,0,1,0,0,0,1,0,18
0.24972181022167206,-1.0033062608272303e-05,0.013312779366970062,4.270002591511002e-06,0.2612702548503876,-0.0013799777952954173,0.12239532917737961,0.015528482384979725,2.0958230379619636e-05,8.827035458125465e-07,1.3362758181756362e-05,-9.203789090861392e-07,0.7619139552116394,-0.0003209799178875983,-0.014127703383564949,-5.125036841491237e-05,0,0,0,0,1,0,0,0,1,0,0
0.2630343735218048,0.0010158231016248465,0.013312697410583496,1.8982938172484864e-06,0.2766134738922119,-0.0012384242145344615,0.16264545917510986,0.015834014862775803,0.00026476336643099785,4.0460818695464695e-07,-7.783458499943663e-07,1.8099561316375912e-07,0.7477767467498779,-0.0003642357187345624,-0.01414453238248825,-3.6707253457279876e-05,0,0,0,0,1,0,0,0,1,0,16
0.276365727186203,0.0010145731503143907,0.01340525969862938,-1.1444127267168369e-05,0.29233571887016296,-0.0009755368810147047,0.16224059462547302,0.01563160866498947,0.0002613748365547508,4.0460818695464695e-07,-7.783458499943663e-07,1.8099561316375912e-07,0.7336251139640808,-0.0003929238300770521,-0.014156453311443329,-2.212225263065193e-05,0,0,0,0,1,0,0,0,1,0,5
0.28991779685020447,0.0009453874081373215,0.013660508207976818,-0.00012819810945075005,0.3074803650379181,-0.0007227874011732638,0.1277250200510025,0.014215461909770966,0.00023610767675563693,-8.710800329936319e-07,2.8503534849733114e-05,1.8580154801384197e-06,0.7194622755050659,-0.000400292658014223,-0.01416697259992361,5.927489382884232e-06,0,0,0,0,1,0,0,0,1,0,16
0.3036859929561615,0.0007427565869875252,0.013847561553120613,-0.0002616668934933841,0.3214663565158844,-0.0004906599060632288,0.1203974112868309,0.013780017383396626,0.00022855801216792315,-1.1531043355716974e-06,3.495608689263463e-05,1.9430590327829123e-06,0.7052916884422302,-0.0003781032864935696,-0.014173283241689205,3.549854227458127e-05,0,0,0,0,0,1,0,0,1,0,0
0.3176151216030121,0.00048699890612624586,0.01399061270058155,-0.00022997919586487114,0.3345893323421478,-0.00027356637292541564,0.11646097898483276,0.012775320559740067,0.00021118212316650897,-2.9504840313165914e-06,7.557716890005395e-05,-7.290503921050795e-13,0.6911153793334961,-0.000331005867337808,-0.014178192242980003,4.9504920752951875e-05,0,0,0,0,0,1,0,0,1,0,6
0.3312833309173584,0.00024285212566610426,0.014036638662219048,-0.000179450202267617,0.34698450565338135,-6.866781041026115e-05,0.11196406930685043,0.012087264098227024,0.00019980820070486516,-2.7911883080378175e-06,7.149721204768866e-05,0.0,0.6769347190856934,-0.00028236935031600296,-0.014181697741150856,4.792523759533651e-05,0,0,0,0,0,1,0,0,1,0,12
0.3426585793495178,-0.00019671501650009304,0.012661286629736423,-0.00016187077562790364,0.3586975932121277,0.00012495565169956535,0.11110058426856995,0.010968557558953762,-0.0002201952738687396,-1.4985921552579384e-06,1.4981493222876452e-05,9.040373925017775e-07,0.6627508401870728,-0.00023529419559054077,-0.014184502884745598,4.6548302634619176e-05,0,0,0,0,0,1,0,0,1,0,12
0.3533773422241211,-0.00035983609268441796,0.009652446024119854,-0.00012340313696768135,0.36921897530555725,-8.19517154013738e-05,0.1263711154460907,0.010320289991796017,-0.00020128340111114085,8.04301762968862e-08,3.2005307730287313e-05,-5.20125183811615e-07,0.6485648155212402,-0.0001884811499621719,-0.014186606742441654,4.7029338020365685e-05,0,0,0,0,0,1,0,0,1,0,5
0.3628891408443451,-0.0004738076531793922,0.009761488065123558,-0.00010980872320942581,0.37914952635765076,-0.00027288994169794023,0.12053155899047852,0.00967947393655777,-0.00018518281285651028,2.5870624540402787e-06,5.725892697228119e-05,-3.642150871261546e-13,0.6343769431114197,-0.00014118809485808015,-0.01418871060013771,4.750859079649672e-05,0,0,0,0,0,1,0,0,1,0,12
0.37319737672805786,-0.0005799869541078806,0.010728134773671627,-0.0001011269268929027,0.3885651230812073,-0.0004530246078502387,0.11261417716741562,0.009194964542984962,-0.0001759134029271081,2.4575504085078137e-06,5.439246888272464e-05,-3.641743211244691e-13,0.6201872825622559,-0.00010782670869957656,-0.014190113171935081,1.1960476513195317e-05,0,0,0,0,0,1,0,0,1,0,5
0.38441652059555054,-0.0004489457933232188,0.011461208574473858,-0.00010314758401364088,0.3974788188934326,-0.0006235568434931338,0.10919156670570374,0.00868547335267067,-0.0001661660789977759,2.3213401618704665e-06,5.1377770432736725e-05,-3.6413371775310954e-13,0.6059964895248413,-0.00012391248310450464,-0.014191515743732452,-3.903344622813165e-05,0,0,0,0,0,1,0,0,1,0,12
0.3960763216018677,-0.0005153925158083439,0.010961327701807022,-0.000504500640090555,0.4114713966846466,-0.0008528141188435256,0.15245448052883148,0.06400780379772186,-0.000840146210975945,-2.3494032575399615e-05,2.3354728909907863e-05,-0.00070608826354146,0.5918052792549133,-0.00018989172531291842,-0.014191515743732452,-8.451785106444731e-05,0,0,0,0,0,1,0,0,1,0,6
0.4054323732852936,-0.0010694832308217883,0.008570096455514431,-0.0005066305748187006,0.4737476408481598,-0.001510890549980104,0.4709796905517578,0.06090177223086357,-0.000515952066052705,-2.3494032575399615e-05,2.3354728909907863e-05,-0.00070608826354146,0.5784770846366882,-0.00047978226211853325,-0.011892789974808693,-8.221799362218007e-05,0,0,0,0,0,1,0,0,1,0,6
0.41319286823272705,-0.0014988159528002143,0.007338383700698614,-0.0005470401374623179,0.5330629348754883,-0.0018696554470807314,0.6241342425346375,0.05805226415395737,-0.0002367962442804128,-2.3494032575399615e-05,2.3354728909907863e-05,-0.00070608826354146,0.5692278146743774,-0.0008680582977831364,-0.0067860642448067665,-5.915440124226734e-05,0,0,0,0,0,1,0,0,1,0,17
0.4198938012123108,-0.0023297485895454884,0.006067752838134766,-0.0007704506278969347,0.567048966884613,-0.0020377642940729856,0.7882741689682007,0.0107106389477849,-0.00017162837320938706,-1.86310317076277e-05,1.687407711870037e-05,-0.0005620002630166709,0.5653928518295288,-0.0012563371565192938,-0.0025726400781422853,-3.895526970154606e-05,0,0,0,0,0,1,0,0,1,0,11
0.4261232912540436,-0.003101116279140115,0.0067139375023543835,-0.0007646791054867208,0.5777093768119812,-0.0022031315602362156,1.0049633979797363,0.010619658045470715,-0.000160686977324076,-1.86310317076277e-05,1.687407711870037e-05,-0.0005620002630166709,0.5633507966995239,-0.0016086387913674116,-0.0020340876653790474,-3.7196845369180664e-05,0,0,0,0,1,0,0,0,1,0,13
0.4336903691291809,-0.003743591019883752,0.008237361907958984,-0.0005007325089536607,0.5882799625396729,-0.0023590330965816975,1.1209919452667236,0.010530530475080013,-0.00015232189616654068,-1.86310317076277e-05,1.687407711870037e-05,-0.0005620002630166709,0.5620156526565552,-0.001779590267688036,7.573296170448884e-05,-7.504053769480379e-07,0,0,0,0,1,0,0,0,1,0,12
0.44263365864753723,-0.003958263900130987,0.009335138835012913,2.2900732801645063e-05,0.5987615585327148,-0.0025076959282159805,1.137363076210022,0.010441266000270844,-0.00014593129162676632,-1.86310317076277e-05,1.687407711870037e-05,-0.0005620002630166709,0.5640849471092224,-0.0017499886453151703,0.0030493035446852446,3.99016025767196e-05,0,0,0,0,1,0,0,0,1,0,1
0.45213353633880615,-0.003939423710107803,0.009877892211079597,1.680480272625573e-05,0.609152615070343,-0.0026508711744099855,1.0549639463424683,0.010349389165639877,-0.0001411440607625991,-1.86310317076277e-05,1.687407711870037e-05,-0.0005620002630166709,0.567540168762207,-0.0017125727608799934,0.00365306343883276,3.329233004478738e-05,0,0,0,0,1,0,0,0,1,0,11
0.46254658699035645,-0.0039263940416276455,0.010823853313922882,9.411259270564187e-06,0.6194491386413574,-0.002790065947920084,0.8746432662010193,0.01025216281414032,-0.00013781862799078226,-1.86310317076277e-05,1.687407711870037e-05,-0.0005620002630166709,0.5715988278388977,-0.0016829296946525574,0.004663888365030289,2.804662290145643e-05,0,0,0,0,1,0,0,0,1,0,13
0.4738277792930603,-0.003917921334505081,0.011648150160908699,1.207778313982999e-05,0.6296442747116089,-0.002926764776930213,0.5972833037376404,0.010146844200789928,-0.00013602743274532259,-1.86310317076277e-05,1.687407711870037e-05,-0.0005620002630166709,0.5770301818847656,-0.0016651910264045,0.006023575086146593,7.045967777230544e-06,0,0,0,0,1,0,0,0,1,0,0
0.4858623147010803,-0.003893562126904726,0.01232483796775341,3.634742461144924e-05,0.6397282481193542,-0.003062630072236061,0.22386124730110168,0.010030866600573063,-0.00013602808758150786,-1.86310317076277e-05,1.687407711870037e-05,-0.0005620002630166709,0.583856463432312,-0.0016550618456676602,0.007460047025233507,1.3375396520132199e-05,0,0,0,0,1,0,0,0,1,0,18
0.4984852075576782,-0.003841992700472474,0.012845502234995365,6.03782209509518e-05,0.6487882137298584,-0.0030140578746795654,0.28143125772476196,0.008638128638267517,0.00012861122377216816,-9.993183994083665e-06,3.460310472291894e-05,-0.00032905323314480484,0.5920295119285583,-0.0016364784678444266,0.008729626424610615,2.326078356418293e-05,0,0,0,0,1,0,0,0,1,0,3
0.511557400226593,-0.0037783882580697536,0.013240996748209,6.665952241746709e-05,0.6573958396911621,-0.0028842887841165066,0.44045037031173706,0.0085826450958848,0.0001305741025134921,-9.993183994083665e-06,3.460310472291894e-05,-0.00032905323314480484,0.6012375950813293,-0.0016084550879895687,0.009437869302928448,3.0001954655745067e-05,0,0,0,0,1,0,0,0,1,0,0
0.5249693989753723,-0.0037079888861626387,0.013539019972085953,7.333653047680855e-05,0.6659469604492188,-0.002753026084974408,0.4993056356906891,0.008525177836418152,0.00013172021135687828,-9.993183994083665e-06,3.460310472291894e-05,-0.00032905323314480484,0.6112008094787598,-0.0015758663648739457,0.010369104333221912,3.481987732811831e-05,0,0,0,0,1,0,0,0,1,0,0
0.5386361479759216,-0.003633979009464383,0.013761661015450954,7.305489998543635e-05,0.6744388937950134,-0.0026209780480712652,0.4587913155555725,0.008463853970170021,0.00013222671987023205,-9.993183994083665e-06,3.460310472291894e-05,-0.00032905323314480484,0.6219867467880249,-0.0015384162543341517,0.010990395210683346,3.9051381463650614e-05,0,0,0,0,1,0,0,0,1,0,10
0.5524925589561462,-0.0035625488962978125,0.013926800340414047,7.011388515820727e-05,0.6828660368919373,-0.002488749334588647,0.3195963203907013,0.008395843207836151,0.0001321391318924725,-9.993183994083665e-06,3.460310472291894e-05,-0.00032905323314480484,0.6329235434532166,-0.0014986125752329826,0.011172715574502945,4.146836363361217e-05,0,0,0,0,1,0,0,0,1,0,18
0.5664897561073303,-0.0034920386970043182,0.014049164950847626,7.558240031357855e-05,0.691213071346283,-0.002356459153816104,0.08239720016717911,0.008249855600297451,0.0001364430645480752,-8.080224688455928e-06,3.797827957896516e-05,-0.0002521983697079122,0.6444540023803711,-0.0014550050254911184,0.0118038235232234,4.531396916718222e-05,0,0,0,0,1,0,0,0,1,0,13
0.5805906653404236,-0.003405737690627575,0.014139273203909397,9.485765622230247e-05,0.6991803646087646,-0.002173057524487376,0.23880410194396973,0.007944710552692413,0.00018285552505403757,-2.569067419244675e-06,4.720453580375761e-05,5.461220126297406e-13,0.65656977891922,-0.001407747738994658,0.01236130204051733,4.9035694246413186e-05,0,0,0,0,1,0,0,0,1,0,3
0.5947679877281189,-0.0033004379365593195,0.014204838313162327,0.00011384772369638085,0.707098126411438,-0.0019908228423446417,0.2675756514072418,0.007894969545304775,0.0001817107549868524,-2.569067419244675e-06,4.720453580375761e-05,5.461220126297406e-13,0.6691842675209045,-0.0013561428058892488,0.012805181555449963,5.368161146179773e-05,0,0,0,0,1,0,0,0,1,0,18
0.6090014576911926,-0.0032114721834659576,0.014254625886678696,6.854534149169922e-05,0.7149629592895508,-0.0018098021391779184,0.19702638685703278,0.007839357480406761,0.00018043065210804343,-2.569067419244675e-06,4.720453580375761e-05,5.461220126297406e-13,0.6821843385696411,-0.0013006293447688222,0.01314597949385643,5.5613771110074595e-05,0,0,0,0,1,0,0,0,1,0,1
