lt_dp_posx,lt_dp_posy,lt_dp_velx,lt_dp_vely,ball_posx,ball_posy,ball_posz,ball_vel_x,ball_vel_y,ball_rot_x,ball_rot_y,ball_rot_z,rt_gk_posx,rt_gk_posy,rt_gk_velx,rt_gk_vely,action_left,action_top_left,action_top,action_top_right,action_right,action_bottom_right,action_bottom,action_bottom_left,action_sprint,action_dribble,sel_action
-1.0110293626785278,-0.0,0.0,-0.0,0.019999999552965164,-0.0,0.11061639338731766,0.0,-0.0,0.0,-0.0,0.0,1.0110293626785278,0.0,-0.0,0.0,0,0,0,0,0,0,0,0,0,0,5
0.0,-0.0,0.0,-0.0,0.019999999552965164,-0.0,0.11059734225273132,0.0,-0.0,0.0,-0.0,0.0,1.0106345415115356,-3.396718453382852e-12,-0.001967654563486576,-1.6605321284668406e-11,0,0,0,0,1,0,0,0,0,0,5
0.0015068008797243237,1.6729921614722087e-10,0.003586257342249155,2.42457776078453e-10,0.019999999552965164,-0.0,0.10930104553699493,0.0,-0.0,0.0,-0.0,0.0,1.0068784952163696,-2.785685224160339e-11,-0.004527849145233631,-2.3320049016839484e-11,0,0,0,0,1,0,0,0,0,0,5
0.0047621107660233974,-6.655095363683472e-10,0.0052583664655685425,-3.1212532558555495e-10,0.019999999552965164,-0.0,0.11075475811958313,0.0,-0.0,0.0,-0.0,0.0,1.0014904737472534,-4.401146808108436e-11,-0.006076167803257704,-8.480536585475651e-12,0,0,0,0,1,0,0,0,0,0,13
0.009853105992078781,-1.7132782970108451e-09,0.006805261597037315,-2.6657762108861505e-10,0.02441324107348919,-2.385739106269824e-10,0.12463226169347763,0.008678829297423363,-4.689139632141348e-10,-2.7889134144448713e-12,-2.3611062715644948e-05,-1.3541227601027161e-12,0.9946169853210449,4.0305009330054986e-10,-0.007505276706069708,5.915338219253385e-10,0,0,0,0,1,0,0,0,1,0,18
0.017438050359487534,-1.8602481777207913e-09,0.00819813646376133,-3.446914143001578e-10,0.032777246087789536,-6.900826021727369e-10,0.1163645014166832,0.008125124499201775,-4.3843853547720357e-10,-6.124985935107574e-12,-4.806309152627364e-05,0.0,0.986401379108429,8.408800877823808e-10,-0.008770297281444073,2.9267646639574707e-10,0,0,0,0,1,0,0,0,1,0,13
0.026320859789848328,-2.489617401124633e-09,0.009414422325789928,-6.445948774747023e-10,0.04066177085042,-1.1155377732663396e-09,0.10947545617818832,0.007686356548219919,-4.1476219680980364e-10,-5.794259603369989e-12,-4.546787386061624e-05,6.943909823744173e-19,0.9771802425384521,1.0162424235460321e-09,-0.009335489943623543,2.2611493233348767e-10,0,0,0,0,1,0,0,0,1,0,5
0.03545873612165451,-4.666904640515668e-09,0.009781300090253353,-8.594371325720829e-10,0.048102185130119324,-1.5170286138399547e-09,0.11092846095561981,0.007241664454340935,-3.9076608615573605e-10,-5.458860360268991e-12,-4.283598900656216e-05,-3.4716728949819944e-19,0.9674903154373169,1.1903900087872898e-09,-0.010107545182108879,1.2986528519220997e-10,0,0,0,0,1,0,0,0,1,0,16
0.04349726811051369,-8.414210661555899e-09,0.009783406741917133,-4.609770065666652e-10,0.0551045723259449,-1.8948829172416026e-09,0.11044289916753769,0.014519652351737022,2.9958113373140804e-05,3.7274296005307406e-07,-3.3605047065066174e-05,-3.770929524193889e-08,0.9569175243377686,1.253768089348739e-09,-0.01093008928000927,8.104097254379994e-12,0,0,0,0,1,0,0,0,1,0,18
0.05365075170993805,-9.042609327991613e-09,0.010675586760044098,-2.377836261224786e-10,0.06918628513813019,2.937154749815818e-05,0.14369232952594757,0.013972408138215542,2.918044810940046e-05,3.802940398145438e-07,-4.303434252506122e-05,-2.3596033571493535e-08,0.9460111856460571,5.208875677453761e-07,-0.010957437567412853,1.0228403652945417e-06,0,0,0,0,1,0,0,0,1,0,18
0.06437833607196808,4.6069071686360985e-06,0.010933945886790752,7.956353329063859e-06,0.08285224437713623,5.810818402096629e-05,0.12247620522975922,0.013206139206886292,2.8106942409067415e-05,3.9296654108511575e-07,-7.556099444627762e-05,-1.1365430818699451e-09,0.9346734285354614,2.2201729734661058e-06,-0.011628516018390656,2.2531446575158043e-06,0,0,0,0,1,0,0,0,1,0,16
0.07574000209569931,1.7141766875283793e-05,0.011687506921589375,1.648608122195583e-05,0.09575716406106949,8.557972614653409e-05,0.11547338217496872,0.012616364285349846,2.685726030904334e-05,3.7518006479331234e-07,-7.462725625373423e-05,9.112675891653765e-14,0.9227253198623657,4.914201326755574e-06,-0.012204927392303944,2.921366558439331e-06,0,0,0,0,1,0,0,0,1,0,5
0.08778546005487442,3.6508146877167746e-05,0.01233079843223095,2.0934705389663577e-05,0.10800774395465851,0.00011165831529069692,0.11361543089151382,0.011946264654397964,2.5430779714952223e-05,3.552694067820994e-07,-7.066680700518191e-05,0.0,0.9102458953857422,8.157395313901361e-06,-0.012685270980000496,3.5338036923349136e-06,0,0,0,0,1,0,0,0,1,0,0
0.10041385889053345,6.0415964981075376e-05,0.012850848957896233,2.6786663511302322e-05,0.11958439648151398,0.00013630226021632552,0.11140753328800201,0.011277900077402592,2.400797893642448e-05,3.3539024002493534e-07,-6.671266601188108e-05,4.554555110879502e-14,0.8973493576049805,1.2039193279633764e-05,-0.013054819777607918,4.12965255236486e-06,0,0,0,0,1,0,0,0,1,0,16
0.11340278387069702,9.08595320652239e-05,0.013245721347630024,3.2615283998893574e-05,0.13050729036331177,0.00015955453272908926,0.10943228751420975,0.010637659579515457,2.2645059289061464e-05,3.1635144637220947e-07,-6.292564648902044e-05,-4.5537731300625967e-14,0.8841332197189331,1.6434276403742842e-05,-0.01333671435713768,4.657629233406624e-06,0,0,0,0,1,0,0,0,1,0,5
0.1257094293832779,-0.0005499363178387284,0.013404987752437592,2.697495074244216e-05,0.14080984890460968,0.00018148620438296348,0.11077036708593369,0.010033826343715191,2.135964678018354e-05,2.9838699333595287e-07,-5.9352325479267165e-05,-9.106154415586265e-14,0.8706738948822021,2.1414422008092515e-05,-0.0135505897924304,5.235068783804309e-06,0,0,0,0,1,0,0,0,1,0,16
0.13767769932746887,-0.0016872149426490068,0.013405084609985352,1.3485907402355224e-05,0.15235058963298798,0.00013417589070741087,0.13454997539520264,0.015493322163820267,-0.00020464672707021236,-5.729491476813564e-07,-5.047698869020678e-05,-3.465337954366987e-07,0.8570301532745361,2.599712934170384e-05,-0.013712574727833271,3.1755482723383466e-06,0,0,0,0,1,0,0,0,1,0,5
0.15106552839279175,-0.0016808481886982918,0.013344252482056618,2.9873619951104047e-06,0.16773056983947754,-6.890407530590892e-05,0.14534130692481995,0.01529262587428093,-0.00020192806550767273,-5.85482553105976e-07,-5.070257611805573e-05,-3.562799406608974e-07,0.8432477116584778,2.714420043048449e-05,-0.013833887875080109,-4.4736347604157345e-07,0,0,0,0,1,0,0,0,1,0,16
0.16456593573093414,-0.001642844290472567,0.013615979813039303,7.967130659380928e-05,0.18260879814624786,-0.00026376862660981715,0.12779931724071503,0.0143929747864604,-0.00018658618500921875,-2.5937501959560905e-06,-8.494561188854277e-05,-1.6397681434909828e-08,0.8293613195419312,2.393392969679553e-05,-0.013925047591328621,-8.129215530061629e-06,0,0,0,0,1,0,0,0,1,0,16
0.17829732596874237,-0.001503993640653789,0.013816531747579575,0.00018559431191533804,0.19672581553459167,-0.0004467752587515861,0.11422672867774963,0.013810373842716217,-0.00017903151456266642,-2.50063203566242e-06,-8.167911437340081e-05,0.0,0.8153970837593079,6.180860054882942e-06,-0.013993066735565662,-2.564912210800685e-05,0,0,0,0,1,0,0,0,1,0,16
0.1921997219324112,-0.0012994019780308008,0.013966945931315422,0.00019096123287454247,0.21015799045562744,-0.0006209040875546634,0.11416908353567123,0.013109500519931316,-0.00016994566249195486,-2.3740540200378746e-06,-7.754464604659006e-05,-1.093690893058663e-12,0.8013745546340942,-2.9161179554648697e-05,-0.014044256880879402,-4.328622526372783e-05,0,0,0,0,1,0,0,0,1,0,9
0.2062314748764038,-0.0011361372889950871,0.014079668559134007,0.0001413043646607548,0.222865030169487,-0.0007856330485083163,0.11155664175748825,0.012372254393994808,-0.00016038834291975945,-2.2405301933758892e-06,-7.318332063732669e-05,7.289595901731338e-13,0.7873085737228394,-7.395239663310349e-05,-0.014082123525440693,-4.452368011698127e-05,0,0,0,0,1,0,0,0,1,0,13
0.220354363322258,-0.0005495441146194935,0.014140325598418713,9.550560207571834e-05,0.23484639823436737,-0.0009409542544744909,0.110824353992939,0.011664287187159061,-0.00015121053729671985,-2.1123489659657935e-06,-6.899651634739712e-05,3.6440390093449293e-13,0.7732101082801819,-0.00011813690070994198,-0.014110172167420387,-4.3902611650992185e-05,0,0,0,0,1,0,0,0,1,0,5
0.23449279367923737,0.0012734696501865983,0.014121216721832752,5.202187821851112e-05,0.24663293361663818,-0.0010470637353137136,0.12001118808984756,0.01591932214796543,0.00026048420113511384,-1.7452921952099132e-07,-4.988915679859929e-05,-8.536243711887437e-08,0.7590872645378113,-0.0001610506878932938,-0.014131911098957062,-4.113939212402329e-05,0,0,0,0,1,0,0,0,1,0,13
0.2482096552848816,0.0013010273687541485,0.013386151753365993,8.218810762627982e-06,0.2622804343700409,-0.000792661274317652,0.15339630842208862,0.015552896074950695,0.0002527864708099514,1.8366506537859095e-07,-5.402102033258416e-05,2.445555651320319e-07,0.7449463605880737,-0.00019949486886616796,-0.014147337526082993,-3.6235578591004014e-05,0,0,0,0,1,0,0,0,1,0,0
0.2616548240184784,0.0012754453346133232,0.013567769899964333,-7.202287088148296e-05,0.27756956219673157,-0.0005457305815070868,0.12103412300348282,0.014778228476643562,0.0002340234786970541,2.83186454907991e-06,-8.283060742542148e-05,3.69928613963566e-07,0.7307920455932617,-0.000232731516007334,-0.014158557169139385,-2.8389296858222224e-05,0,0,0,0,1,0,0,0,1,0,16
0.2753445506095886,0.0011242954060435295,0.013779542408883572,-0.00021481556177604944,0.29204684495925903,-0.00031663384288549423,0.11014305800199509,0.014215784147381783,0.00022495446319226176,3.142944933642866e-06,-8.410044392803684e-05,-3.646988852405719e-13,0.7166279554367065,-0.0002423299301881343,-0.014168374240398407,5.782666448794771e-06,0,0,0,0,1,0,0,0,1,0,6
0.2892138659954071,0.0008601099834777415,0.013937318697571754,-0.000263027788605541,0.3058452010154724,-9.828483598539606e-05,0.10969007760286331,0.01348600909113884,0.0002134063543053344,2.981477109642583e-06,-7.977979112183675e-05,-3.646085711996039e-13,0.7024564743041992,-0.0002177349233534187,-0.014174685813486576,3.999094769824296e-05,0,0,0,0,0,1,0,0,1,0,7
0.3027665317058563,0.0010891087586060166,0.013817518949508667,-0.000228006363613531,0.3189114034175873,0.00010847789235413074,0.1101132333278656,0.012727368623018265,0.0002014013152802363,2.8136034870840376e-06,-7.528774585807696e-05,3.6451966662146007e-13,0.6882797479629517,-0.0001686159084783867,-0.014178893528878689,4.9976486479863524e-05,0,0,0,0,0,1,0,0,1,0,6
0.31555795669555664,0.002170621883124113,0.013426112942397594,0.00015634960436727852,0.33149290084838867,0.0006286588031798601,0.1195676401257515,0.014608782716095448,0.003442046931013465,1.3737703739025164e-05,-5.00378773722332e-05,-2.8993423484280356e-07,0.6740988492965698,-0.00011886288120876998,-0.014182399027049541,4.9569644033908844e-05,0,0,0,0,0,1,0,0,1,0,12
0.32848116755485535,0.0026890160515904427,0.012416348792612553,0.0012235208414494991,0.34584736824035645,0.003998795989900827,0.1496572047472,0.014266980811953545,0.0033489130437374115,1.750724004523363e-05,-5.400653390097432e-05,2.4643431970616803e-06,0.6599152088165283,-4.451588756637648e-05,-0.014182399027049541,0.00017417235358152539,0,0,0,0,0,1,0,0,1,0,12
0.34071141481399536,0.004738491028547287,0.011891476809978485,0.002560140797868371,0.35984888672828674,0.007272446993738413,0.12348359078168869,0.013585456646978855,0.003151401411741972,4.309046198613942e-05,-7.950374128995463e-05,7.818895255695679e-07,0.6457432508468628,0.0003585213562473655,-0.014158557169139385,0.0005901893600821495,0,0,0,0,0,1,0,0,1,0,12
0.3525676429271698,0.007286933250725269,0.012034527957439423,0.0025756978429853916,0.37313586473464966,0.010354429483413696,0.11386150866746902,0.012989467009902,0.003012965666130185,4.208468089927919e-05,-7.682567229494452e-05,2.9163962911304964e-11,0.6316118836402893,0.0011770343407988548,-0.014105264097452164,0.001005089608952403,0,0,0,0,0,1,0,0,1,0,9
0.36485716700553894,0.009881439618766308,0.012483666650950909,0.0026007089763879776,0.3857559263706207,0.013281695544719696,0.11461259424686432,0.01230578776448965,0.002854381687939167,3.987411764683202e-05,-7.279034616658464e-05,-5.831560061231311e-12,0.6175351738929749,0.0023368203546851873,-0.01405477523803711,0.0012729852460324764,0,0,0,0,0,1,0,0,1,0,12
0.3775405287742615,0.012481319718062878,0.012827620841562748,0.0026085444260388613,0.39769065380096436,0.016050001606345177,0.11003613471984863,0.011629787273705006,0.002697579562664032,3.768585156649351e-05,-6.879565626149997e-05,5.830406470119787e-12,0.6035117506980896,0.0037478080485016108,-0.01399657316505909,0.0015237400075420737,0,0,0,0,0,1,0,0,1,0,12
0.3904961943626404,0.015133455395698547,0.013048158027231693,0.0026894670445472,0.40895384550094604,0.018662551417946815,0.10923182219266891,0.010971345007419586,0.0025448512751609087,3.555186412995681e-05,-6.490005762316287e-05,-5.829343951990751e-12,0.5895555019378662,0.005420107860118151,-0.01391663309186697,0.001810551737435162,0,0,0,0,0,1,0,0,1,0,5
0.40359821915626526,0.017908364534378052,0.013163238763809204,0.0027508356142789125,0.41957828402519226,0.02112693525850773,0.11118966341018677,0.010347619652748108,0.0024001768324524164,3.352997009642422e-05,-6.12090589129366e-05,-1.4570988512985217e-11,0.5756968259811401,0.007407921366393566,-0.013808643445372581,0.00213247025385499,0,0,0,0,1,0,0,0,1,0,5
0.41590866446495056,0.02102958969771862,0.011988949030637741,0.0023033679462969303,0.4296014904975891,0.023451874032616615,0.10842721909284592,0.009763422422111034,0.002264668932184577,3.163760629831813e-05,-5.775455429102294e-05,-2.9137785934052474e-12,0.5619564652442932,0.009718312881886959,-0.01367435697466135,0.0024728511925786734,0,0,0,0,1,0,0,0,1,0,5
0.42657536268234253,0.023241901770234108,0.009474333375692368,0.0014508169842883945,0.4612390995025635,0.024200227111577988,0.29012566804885864,0.06421003490686417,-0.0015401095151901245,1.625501136004459e-05,1.0683548680390231e-05,0.0018795166397467256,0.54841548204422,0.012480447068810463,-0.01342436857521534,0.002997372066602111,0,0,0,0,1,0,0,0,1,0,18
0.43493109941482544,0.024502554908394814,0.00771319167688489,0.0012360120890662074,0.5235903263092041,0.022366758435964584,0.6728131771087646,0.060882315039634705,-0.0020687810610979795,1.625501136004459e-05,1.0683548680390231e-05,0.0018795166397467256,0.5351504683494568,0.015761427581310272,-0.013127046637237072,0.0035113124176859856,0,0,0,0,1,0,0,0,1,0,6
0.442168653011322,0.02552449144423008,0.006894153542816639,0.0005949912592768669,0.5827944874763489,0.02002253569662571,0.9676267504692078,0.057875536382198334,-0.002564441878348589,1.625501136004459e-05,1.0683548680390231e-05,0.0018795166397467256,0.5228897333145142,0.019158584997057915,-0.010969358496367931,0.002999796299263835,0,0,0,0,1,0,0,0,1,0,0
0.4486800730228424,0.02608645148575306,0.006128409411758184,0.0005289128166623414,0.6391466856002808,0.017201736569404602,1.1789005994796753,0.05514427274465561,-0.003025272162631154,1.625501136004459e-05,1.0683548680390231e-05,0.0018795166397467256,0.5143046975135803,0.021404558792710304,-0.006368581205606461,0.0015603583306074142,0,0,0,0,1,0,0,0,1,0,18
0.4552600681781769,0.026572540402412415,0.0072486260905861855,0.00038657462573610246,0.6929015517234802,0.01393937598913908,1.3101167678833008,0.0526512935757637,-0.003451151307672262,1.625501136004459e-05,1.0683548680390231e-05,0.0018795166397467256,0.5111047029495239,0.02221570909023285,-0.00043967191595584154,0.0003960286558140069,0,0,0,0,1,0,0,0,1,0,18
0.4633128345012665,0.026681434363126755,0.008667566813528538,-0.00017105677397921681,0.7442797422409058,0.010269921272993088,1.3641103506088257,0.050365742295980453,-0.003843090031296015,1.625501136004459e-05,1.0683548680390231e-05,0.0018795166397467256,0.5135177969932556,0.022419732064008713,0.003639038885012269,6.898738502059132e-05,0,0,0,0,1,0,0,0,1,0,0
0.47246259450912476,0.02613435499370098,0.009272378869354725,-0.0007026788662187755,0.7934742569923401,0.006226415280252695,1.3432239294052124,0.04826175794005394,-0.004202800802886486,1.625501136004459e-05,1.0683548680390231e-05,0.0018795166397467256,0.5180394649505615,0.02238822914659977,0.0052311839535832405,-0.00012352991325315088,0,0,0,0,1,0,0,0,1,0,1
0.48212334513664246,0.025388946756720543,0.010107195004820824,-0.0007935118046589196,0.8406542539596558,0.0018399469554424286,1.2494279146194458,0.04631747305393219,-0.004532394465059042,1.625501136004459e-05,1.0683548680390231e-05,0.0018795166397467256,0.5241008996963501,0.022163478657603264,0.006725858431309462,-0.00027863032300956547,0,0,0,0,1,0,0,0,1,0,6
0.4928067624568939,0.024560019373893738,0.011025458574295044,-0.0008857565699145198,0.8859689235687256,-0.0028606231790035963,1.0844111442565918,0.044514209032058716,-0.004834172315895557,1.625501136004459e-05,1.0683548680390231e-05,0.0018795166397467256,0.531581699848175,0.021811097860336304,0.008072572760283947,-0.0004163912090007216,0,0,0,0,1,0,0,0,1,0,12
0.5043566226959229,0.02366327866911888,0.011849816888570786,-0.0009457783307880163,0.9295503497123718,-0.007848769426345825,0.8496523499488831,0.04283589869737625,-0.0051104784943163395,1.625501136004459e-05,1.0683548680390231e-05,0.0018795166397467256,0.5403075814247131,0.02130965143442154,0.009223643690347672,-0.0005631783278658986,0,0,0,0,1,0,0,0,1,0,18
0.5165640115737915,0.02268529124557972,0.012427348643541336,-0.0010303776944056153,0.9715157151222229,-0.013100292533636093,0.5464752912521362,0.04126869514584541,-0.005363616161048412,1.625501136004459e-05,1.0683548680390231e-05,0.0018795166397467256,0.5500373840332031,0.020683664828538895,0.010169625282287598,-0.0006769445608370006,0,0,0,0,1,0,0,0,1,0,18
0.5292521715164185,0.02163500152528286,0.012885560281574726,-0.0010758814169093966,1.0119692087173462,-0.018593238666653633,0.17609280347824097,0.039800506085157394,-0.005595771595835686,1.625501136004459e-05,1.0683548680390231e-05,0.0018795166397467256,0.560805082321167,0.019925802946090698,0.010992567986249924,-0.0007841938640922308,0,0,0,0,1,0,0,0,1,0,13
