lt_dp_posx,lt_dp_posy,lt_dp_velx,lt_dp_vely,ball_posx,ball_posy,ball_posz,ball_vel_x,ball_vel_y,ball_rot_x,ball_rot_y,ball_rot_z,rt_gk_posx,rt_gk_posy,rt_gk_velx,rt_gk_vely,action_left,action_top_left,action_top,action_top_right,action_right,action_bottom_right,action_bottom,action_bottom_left,action_sprint,action_dribble,sel_action
-1.0110293626785278,-0.0,0.0,-0.0,0.019999999552965164,-0.0,0.11061639338731766,0.0,-0.0,0.0,-0.0,0.0,1.0110293626785278,0.0,-0.0,0.0,0,0,0,0,0,0,0,0,0,0,5
0.0,-0.0,0.0,-0.0,0.019999999552965164,-0.0,0.11059734225273132,0.0,-0.0,0.0,-0.0,0.0,1.0085934400558472,-1.8159612702461914e-11,-0.003884820267558098,-2.5443416470927183e-11,0,0,0,0,1,0,0,0,0,0,5
0.00032308624940924346,5.012149029148816e-11,0.0019679905381053686,1.5585761847791701e-10,0.019999999552965164,-0.0,0.10930104553699493,0.0,-0.0,0.0,-0.0,0.0,1.0038305521011353,-3.946894894246711e-11,-0.0054703038185834885,-1.5790851265462535e-11,0,0,0,0,1,0,0,0,0,0,5
0.00346941570751369,-6.651652839639866e-11,0.004606739617884159,-1.0011581147439941e-10,0.019999999552965164,-0.0,0.11075475811958313,0.0,-0.0,0.0,-0.0,0.0,0.9975366592407227,1.5519610596648192e-10,-0.006950602866709232,6.577574596100533e-10,0,0,0,0,1,0,0,0,0,0,13
0.0072206053882837296,-1.5883747650491387e-09,0.006202893331646919,-3.5571864898109595e-10,0.020900558680295944,-4.999721470166918e-11,0.11566377431154251,0.009005608968436718,-4.999721747722674e-10,-1.3729235847151355e-12,-1.2968798728252295e-05,-5.856774483795069e-13,0.989837646484375,7.060408369063964e-10,-0.008285746909677982,4.331531522350218e-10,0,0,0,0,1,0,0,0,1,0,13
0.014238657429814339,-1.8248648148144753e-09,0.007660851813852787,-9.95643775758559e-11,0.02951611578464508,-5.276450387725617e-10,0.11027590185403824,0.008348003029823303,-4.624153560062183e-10,-4.771135309750152e-12,-3.732015466084704e-05,-1.223029815443366e-12,0.9809144139289856,9.53821910343322e-10,-0.009325672872364521,8.374800158916784e-11,0,0,0,0,1,0,0,0,1,0,18
0.02262367494404316,-1.9539567741588826e-09,0.008950777351856232,-1.8719571726055761e-10,0.03758316487073898,-9.743351681024137e-10,0.107444629073143,0.00787985511124134,-4.363154837427885e-10,-6.095439691183868e-12,-4.661308048525825e-05,0.0,0.971478283405304,1.1467848892721122e-09,-0.00973448995500803,1.7840232069410433e-10,0,0,0,0,1,0,0,0,1,0,18
0.03205844387412071,-2.2025756774013416e-09,0.009951052255928516,-2.721601000121865e-10,0.045222748070955276,-1.3973463497407579e-09,0.11318864673376083,0.007444428279995918,-4.1220543645081875e-10,-5.758455344506697e-12,-4.403610364533961e-05,-1.7358997268078575e-18,0.961243748664856,1.2645985369985624e-09,-0.010619443841278553,6.247251327362591e-11,0,0,0,0,1,0,0,0,1,0,18
0.04024920240044594,-3.132879511369424e-09,0.009588802233338356,-1.5734924474486434e-10,0.052430372685194016,-1.7964403298265097e-09,0.11169138550758362,0.007014590781182051,-3.8840500260484134e-10,-5.4259240329923575e-12,-4.1493152821203694e-05,0.0,0.9503563046455383,1.4110453916416077e-09,-0.010805971920490265,2.3089069545179086e-10,0,0,0,0,1,0,0,0,1,0,16
0.049514032900333405,-3.5913427787193086e-09,0.010337285697460175,-9.28635154884283e-11,0.06368239969015121,1.768489892128855e-05,0.1434321403503418,0.014048906974494457,2.9327509764698334e-05,3.8005308056199283e-07,-4.279286440578289e-05,-2.459872305848876e-08,0.9392877221107483,1.564760432337664e-09,-0.011376773938536644,9.688708862976014e-11,0,0,0,0,1,0,0,0,1,0,13
0.060139648616313934,1.8403250123810722e-06,0.010675542056560516,5.268630502541782e-06,0.07761934399604797,4.679743142332882e-05,0.11461465060710907,0.01373550295829773,2.8797894628951326e-05,3.8255660683716997e-07,-4.697274198406376e-05,-1.9977946408289426e-08,0.9275738596916199,4.1253969129684265e-09,-0.011977027170360088,2.536396337404767e-08,0,0,0,0,1,0,0,0,1,0,13
0.07119016349315643,1.1092251043010037e-05,0.01140530500560999,1.2710568626062013e-05,0.09079436212778091,7.479307532776147e-05,0.11870206892490387,0.012912080623209476,2.7478703486849554e-05,3.8390263057408447e-07,-7.638469833182171e-05,1.3670283709275172e-13,0.9152939915657043,5.598916459348402e-07,-0.012507859617471695,1.1892268503288506e-06,0,0,0,0,1,0,0,0,1,0,18
0.08297347277402878,2.8337686671875417e-05,0.012080897577106953,1.9659955796669237e-05,0.10333219915628433,0.00010147530701942742,0.10670075565576553,0.01223208848387003,2.6031579182017595e-05,3.636766336967412e-07,-7.236035889945924e-05,-4.555806686762365e-14,0.9025512933731079,2.699440756259719e-06,-0.01291878055781126,2.9101829568389803e-06,0,0,0,0,1,0,0,0,1,0,18
0.09538528323173523,5.008978769183159e-05,0.012659587897360325,2.408994987490587e-05,0.1151905283331871,0.00012671145668718964,0.11036428809165955,0.011557010933756828,2.459492316120304e-05,3.435936264395423e-07,-6.836446846136823e-05,-9.10982105180834e-14,0.8894527554512024,6.199118161021033e-06,-0.013232932426035404,3.8008697629265953e-06,0,0,0,0,1,0,0,0,1,0,16
0.10829773545265198,7.790386734995991e-05,0.013101013377308846,3.0926592444302514e-05,0.12638430297374725,0.00015053334936965257,0.11027523875236511,0.010902435518801212,2.3201893782243133e-05,3.241272565901454e-07,-6.44912724965252e-05,-4.5540909368244065e-14,0.8760826587677002,1.0424571883049794e-05,-0.013472052291035652,4.56584803032456e-06,0,0,0,0,1,0,0,0,1,0,18
0.12107253074645996,4.833556886296719e-05,0.013405117206275463,3.234649921068922e-05,0.13694272935390472,0.00017300312174484134,0.10931479185819626,0.010283277370035648,2.1884234229219146e-05,3.057226081182307e-07,-6.0829326685052365e-05,4.5533601167975155e-14,0.8625065684318542,1.5369465472758748e-05,-0.013653671368956566,5.2081095418543555e-06,0,0,0,0,1,0,0,0,1,0,5
0.13190044462680817,-0.0006368888425640762,0.013405021280050278,1.886921927507501e-05,0.14690251648426056,0.00019419896125327796,0.11076351255178452,0.009700190275907516,2.064334876195062e-05,2.8838087473559426e-07,-5.737884566769935e-05,-4.552710273120382e-14,0.8487749099731445,2.0921233954140916e-05,-0.013789709657430649,5.8308201005274896e-06,0,0,0,0,1,0,0,0,1,0,13
0.1448391079902649,-0.0007539879879914224,0.013405084609985352,5.3909761845716275e-06,0.1617206186056137,0.00010312662925571203,0.15310484170913696,0.015286575071513653,-0.00010265957826049998,-2.539984222948988e-07,-5.070270344731398e-05,-1.7531175444673863e-07,0.8349264860153198,2.7070569558418356e-05,-0.013892089948058128,6.409164598153438e-06,0,0,0,0,1,0,0,0,1,0,5
0.15825243294239044,-0.0007463383954018354,0.013516930863261223,2.013171797443647e-05,0.17682819068431854,1.887044277282257e-06,0.11548401415348053,0.014662185683846474,-9.695854532765225e-05,-9.77895410869678e-07,-7.442843343596905e-05,-2.8405028729139303e-07,0.8209907412528992,2.856633363990113e-05,-0.01396852359175682,-3.4920140024041757e-06,0,0,0,0,1,0,0,0,1,0,0
0.1719004213809967,-0.0006976640434004366,0.013745006173849106,7.279288547579199e-05,0.19111096858978271,-9.234718163497746e-05,0.11024405807256699,0.013999268412590027,-9.234229946741834e-05,-1.2901400623377413e-06,-8.281839836854488e-05,-1.8233578167291264e-13,0.8069894313812256,1.8942775568575598e-05,-0.01402532309293747,-1.4652344361820724e-05,0,0,0,0,1,0,0,0,1,0,13
0.1857425719499588,-0.0006005394970998168,0.013914178125560284,0.00010483795631444082,0.20469215512275696,-0.00018193165306001902,0.10663392394781113,0.013257825747132301,-8.745156083023176e-05,-1.2217712992423913e-06,-7.842958439141512e-05,-1.8229063820495578e-13,0.7929389476776123,-1.7815443698054878e-07,-0.014068800024688244,-2.020704596361611e-05,0,0,0,0,1,0,0,0,1,0,16
0.19972923398017883,-0.0005085136508569121,0.014040224254131317,8.080671250354499e-05,0.21754300594329834,-0.0002666985965333879,0.11323954164981842,0.012522803619503975,-8.260317554231733e-05,-1.1539557362993946e-06,-7.40762916393578e-05,3.6449657311518613e-13,0.7788518071174622,-2.032605880231131e-05,-0.014100355096161366,-2.0097406377317384e-05,0,0,0,0,1,0,0,0,1,0,16
0.21382300555706024,-0.0004407565575093031,0.014133312739431858,5.725272058043629e-05,0.22967451810836792,-0.00034672088804654777,0.11170554161071777,0.011816355399787426,-7.794326666044071e-05,-1.0888479664572515e-06,-6.989682879066095e-05,0.0,0.7647374272346497,-4.0362687286688015e-05,-0.014124898239970207,-2.0029090592288412e-05,0,0,0,0,1,0,0,0,1,0,16
0.22587166726589203,0.00036432407796382904,0.014140954241156578,3.517978984746151e-05,0.24111799895763397,-0.0004222045827191323,0.1107015535235405,0.011142978444695473,-7.3501534643583e-05,-1.0268041705785436e-06,-6.591401324840263e-05,-1.8217545527665635e-13,0.7506024837493896,-6.063086402718909e-05,-0.014142429456114769,-2.0462861357373185e-05,0,0,0,0,1,0,0,0,1,0,18
0.23895499110221863,0.0007103123934939504,0.013680142350494862,1.2762684491463006e-05,0.25524455308914185,-0.00035621534334495664,0.1510060876607895,0.015365071594715118,0.00012441920989658684,1.1187378134991377e-07,-5.391289232647978e-05,1.3733684056660422e-07,0.7364526391029358,-8.132959919748828e-05,-0.014155051670968533,-2.0890980522381142e-05,0,0,0,0,1,0,0,0,1,0,16
0.25238698720932007,0.0007112564635463059,0.013462760485708714,-1.1371938853699248e-05,0.2704921364784241,-0.00023278775915969163,0.11839707940816879,0.015082411468029022,0.00012176639575045556,2.1638066982632154e-07,-5.623986362479627e-05,2.0750641738231934e-07,0.7222915887832642,-9.683080861577764e-05,-0.01416557002812624,-7.2571865530335344e-06,0,0,0,0,1,0,0,0,1,0,16
0.2659885585308075,0.0006667897687293589,0.013704510405659676,-7.47727244743146e-05,0.2849862575531006,-0.00011793016892625019,0.12017247825860977,0.0142111387103796,0.00011237598664592952,1.5700106814620085e-06,-8.40704160509631e-05,5.47047379183957e-13,0.7081223130226135,-9.32684270082973e-05,-0.01417258195579052,1.241778318217257e-05,0,0,0,0,1,0,0,0,1,0,16
0.27979594469070435,0.00055693433387205,0.013883674517273903,-0.0001322085881838575,0.29878032207489014,-8.852267455949914e-06,0.11480221152305603,0.013474578969180584,0.00010655158257577568,1.4885908967698924e-06,-7.971055310918018e-05,5.469107155001152e-13,0.6939470171928406,-7.119655492715538e-05,-0.014177490957081318,2.6233496100758202e-05,0,0,0,0,1,0,0,0,1,0,6
0.29375654458999634,0.0004376764118205756,0.014017609879374504,-0.00010625187132973224,0.31183919310569763,9.441252768738195e-05,0.11213070154190063,0.012723908759653568,0.00010061560169560835,1.4055261772227823e-06,-7.526261470047757e-05,5.467787680957237e-13,0.6797670722007751,-4.490415085456334e-05,-0.014181697741150856,2.6340276235714555e-05,0,0,0,0,0,1,0,0,1,0,7
0.30730998516082764,0.0007824735366739333,0.013886021450161934,-9.063905599759892e-05,0.3241681456565857,0.0001919053465826437,0.10892973840236664,0.012010348029434681,9.497308928985149e-05,1.3267979284137255e-06,-7.104688847903162e-05,0.0,0.6655837297439575,-1.8506059859646484e-05,-0.014184502884745598,2.6445160983712412e-05,0,0,0,0,0,0,1,0,1,0,7
0.3199927508831024,0.0019446236547082663,0.013446420431137085,0.0002907428133767098,0.3361169993877411,0.0006332275806926191,0.11905869096517563,0.014506425708532333,0.003583064302802086,1.3695636880584061e-05,-4.834404171560891e-05,-2.67847354962214e-07,0.6513975858688354,1.1021623322449159e-05,-0.01418730802834034,3.2599909900454804e-05,0,0,0,0,0,0,1,0,1,0,12
0.3329111933708191,0.002611537231132388,0.012391805648803711,0.0014061847468838096,0.35035979747772217,0.004138241987675428,0.1491917073726654,0.014154843054711819,0.003482559695839882,1.7769474652595818e-05,-5.251765833236277e-05,2.782808905976708e-06,0.6372095346450806,4.737664494314231e-05,-0.01418871060013771,3.942742114304565e-05,0,0,0,0,0,0,1,0,1,0,12
0.34509626030921936,0.004815001040697098,0.011829418130218983,0.00267840176820755,0.3642462193965912,0.007541266735643148,0.1234356015920639,0.013465466909110546,0.0032738468144088984,4.38811766798608e-05,-7.795983401592821e-05,1.5165957165663713e-06,0.623022198677063,0.0001739970757625997,-0.01418099645525217,0.00032436050241813064,0,0,0,0,0,0,1,0,1,0,12
0.356891006231308,0.007481246255338192,0.011972119100391865,0.002694978378713131,0.3774144947528839,0.010742496699094772,0.1138637363910675,0.012873014435172081,0.0031294526997953653,4.371179238660261e-05,-7.613701018271968e-05,-5.832576609188234e-12,0.6088671684265137,0.0008075954974628985,-0.014125599525868893,0.000886281777638942,0,0,0,0,0,0,1,0,1,0,6
0.3691186010837555,0.01019658800214529,0.012421958148479462,0.0027225064113736153,0.38992199301719666,0.013783077709376812,0.11460207402706146,0.012196498923003674,0.002964989747852087,4.141927638556808e-05,-7.214394281618297e-05,-5.831368807968085e-12,0.5947966575622559,0.0019996361806988716,-0.014021817594766617,0.0014262907207012177,0,0,0,0,0,1,0,0,1,0,12
0.3817408084869385,0.01291903480887413,0.012766263447701931,0.0027318461798131466,0.40175095200538635,0.016658710315823555,0.110049307346344,0.011526954360306263,0.0028022215701639652,3.914773333235644e-05,-6.818737892899662e-05,-1.7490708534295685e-11,0.5808281898498535,0.003628870937973261,-0.013921541161835194,0.0017948840977624059,0,0,0,0,0,1,0,0,1,0,12
0.3946343958377838,0.01569548062980175,0.012985398061573505,0.0028144230600446463,0.41291487216949463,0.019372668117284775,0.10923715680837631,0.010874759405851364,0.002643671352416277,3.6932393413735554e-05,-6.43287057755515e-05,-1.74875808278685e-11,0.5669722557067871,0.005625132005661726,-0.013798825442790985,0.002160540083423257,0,0,0,0,0,1,0,0,1,0,5
0.40767785906791687,0.01859777607023716,0.013099612668156624,0.0028763958252966404,0.4234459400177002,0.02193278633058071,0.11118925362825394,0.010256798006594181,0.00249344389885664,3.483289765426889e-05,-6.0671824030578136e-05,0.0,0.5532723069190979,0.008032909594476223,-0.013600027188658714,0.002641719300299883,0,0,0,0,1,0,0,0,1,0,5
0.4199831187725067,0.021861588582396507,0.011935821734368801,0.002417710144072771,0.43338140845298767,0.024348095059394836,0.10842853039503098,0.009677876718342304,0.0023527073208242655,3.286750506958924e-05,-5.724852599087171e-05,5.827439225614128e-12,0.5398150682449341,0.010963398963212967,-0.013333559036254883,0.0031652061734348536,0,0,0,0,1,0,0,0,1,0,5
0.4306439459323883,0.02419275790452957,0.00944067444652319,0.0015412791399285197,0.4646299481391907,0.0259555671364069,0.18817441165447235,0.06332814693450928,0.0004979348159395158,-9.707207937026396e-06,-1.5211320715025067e-05,0.0010481756180524826,0.5267990231513977,0.01435472909361124,-0.012264181859791279,0.0033938856795430183,0,0,0,0,1,0,0,0,1,0,6
0.43897029757499695,0.025533175095915794,0.0076844412833452225,0.0013096480397507548,0.5262264013290405,0.02623830735683441,0.2810969650745392,0.06022252142429352,0.00011242015170864761,-9.707207937026396e-06,-1.5211320715025067e-05,0.0010481756180524826,0.5166234970092773,0.01742912270128727,-0.008118502795696259,0.002782567171379924,0,0,0,0,0,1,0,0,1,0,14
0.4461840093135834,0.02662421204149723,0.0068804798647761345,0.0006608415278606117,0.5848655104637146,0.02615651674568653,0.23858784139156342,0.05737973004579544,-0.00023504055570811033,-9.707207937026396e-06,-1.5211320715025067e-05,0.0010481756180524826,0.5116366147994995,0.019938277080655098,-0.002300739288330078,0.0025154442992061377,0,0,0,0,0,0,0,0,1,0,7
0.4526819884777069,0.027248376980423927,0.006115787196904421,0.0005874622147530317,0.640015184879303,0.02574843354523182,0.12253813445568085,0.04867913946509361,-0.0005448227748274803,-9.66670449997764e-06,-3.830825153272599e-05,0.0009690104052424431,0.5118110179901123,0.022795697674155235,0.0026054242625832558,0.0025721543934196234,0,0,0,0,0,0,1,0,1,0,13
0.45924580097198486,0.027822164818644524,0.007227588910609484,0.0005284279468469322,0.6869761943817139,0.025081029161810875,0.1513679325580597,0.046139419078826904,-0.000765666482038796,-9.663843229645863e-06,-4.118761353311129e-05,0.0009578775498084724,0.516452968120575,0.02458522841334343,0.00579497404396534,0.0012186726089566946,0,0,0,0,0,0,1,0,1,0,12
0.46728795766830444,0.028187228366732597,0.008666515350341797,0.0001934156462084502,0.7299553155899048,0.024236006662249565,0.12615415453910828,0.039663009345531464,-0.0008840907248668373,-1.0189471140620299e-05,-7.372419349849224e-05,0.0008101556450128555,0.5231390595436096,0.025430113077163696,0.007352057844400406,0.0007104360265657306,0,0,0,0,0,0,1,0,1,0,18
0.47660383582115173,0.02815353311598301,0.009447316639125347,-0.00013571849558502436,0.7663567662239075,0.023339232429862022,0.11144819855690002,0.03377823531627655,-0.0008900913526304066,-1.1385691323084757e-05,-0.00013431196566671133,0.0004455570597201586,0.5312403440475464,0.025982562452554703,0.008684046566486359,0.0004018892941530794,0,0,0,0,0,0,1,0,1,0,3
0.48649531602859497,0.028008824214339256,0.010281875729560852,-0.00016875202709343284,0.7978498935699463,0.02247839793562889,0.10914546251296997,0.029874157160520554,-0.0008321183850057423,-1.1695665307343006e-05,-0.00017134279187303036,8.393374446313828e-05,0.5404225587844849,0.02616485394537449,0.009335138835012913,1.9678089302033186e-05,0,0,1,0,0,0,0,0,1,0,11
0.49731767177581787,0.02782459743320942,0.011160530149936676,-0.00021031864162068814,0.8261891007423401,0.021688735112547874,0.10939516127109528,0.02715957909822464,-0.0007567905122414231,-1.0571635357337072e-05,-0.00016064784722402692,0.0,0.54996657371521,0.026154039427638054,0.009923472069203854,-3.379497866262682e-05,0,0,1,0,0,0,0,0,1,0,1
0.5090006589889526,0.027618879452347755,0.01197691448032856,-0.0002250114775961265,0.8520536422729492,0.020968031138181686,0.10954885184764862,0.02485823817551136,-0.000692664529196918,-9.675970431999303e-06,-0.0001470371789764613,-2.932510571179714e-12,0.5603713393211365,0.02608310431241989,0.010775117203593254,-0.00010184123675571755,1,0,0,0,0,0,0,0,1,0,7
0.5213504433631897,0.02738783322274685,0.0125736640766263,-0.0002528223267290741,0.8757972717285156,0.020306427031755447,0.1096590980887413,0.022873787209391594,-0.0006373685318976641,-8.9036111603491e-06,-0.000135300331749022,8.787302482882176e-12,0.571269690990448,0.025956129655241966,0.010803516954183578,-0.00013999961083754897,0,0,0,0,0,0,1,0,1,0,10
0.5342198610305786,0.02713913284242153,0.013053005561232567,-0.000260938482824713,0.8977000117301941,0.01969611458480358,0.10973959416151047,0.02114231325685978,-0.0005891216569580138,-8.229688319261186e-06,-0.0001250593486474827,-2.926361843819114e-12,0.5824685096740723,0.025795526802539825,0.011501242406666279,-0.00017698871670290828,0,0,0,0,0,0,1,0,1,0,10
0.5474846363067627,0.026881996542215347,0.013394909910857677,-0.00027572130784392357,0.9179875254631042,0.019130811095237732,0.10979925096035004,0.019615916535258293,-0.0005465893191285431,-7.635578185727354e-06,-0.000116031187644694,-7.310324220966002e-12,0.5942955613136292,0.025600183755159378,0.012087821960449219,-0.00020567880710586905,0,0,0,0,0,0,1,0,1,0,8
0.5610367655754089,0.026609763503074646,0.013659586198627949,-0.0002791548613458872,0.9368439316749573,0.018605384975671768,0.10984405875205994,0.01825801283121109,-0.0005087517783977091,-7.107036708475789e-06,-0.00010799943265737966,0.0,0.6066715121269226,0.02538282983005047,0.012592007406055927,-0.0002280947082908824,0,0,0,0,0,0,0,1,1,0,12
0.5748119354248047,0.02633625827729702,0.013848469592630863,-0.00028949513216502964,0.9544214606285095,0.018115591257810593,0.10987811535596848,0.017040181905031204,-0.0004748174687847495,-6.633008069911739e-06,-0.0001007959945127368,0.0,0.6194860935211182,0.025141527876257896,0.012981190346181393,-0.0002517654502298683,0,0,0,0,0,0,0,1,1,0,17
0.5887449979782104,0.0260513573884964,0.013987751677632332,-0.0002998175041284412,0.9708476066589355,0.01765788346529007,0.10990429669618607,0.015940004959702492,-0.00044416141463443637,-6.204767487361096e-06,-9.428843623027205e-05,0.0,0.6326372027397156,0.02488234080374241,0.01327851228415966,-0.0002651693648658693,0,0,0,0,0,0,0,1,1,1,3
0.6020733714103699,0.02546321600675583,0.012138918973505497,-0.0010957239428535104,0.9862298965454102,0.017229264602065086,0.10992462188005447,0.014939576387405396,-0.00041628468898124993,-5.815349595650332e-06,-8.837083441903815e-05,2.1887576386742102e-12,0.6460449695587158,0.024609634652733803,0.01350430864840746,-0.0002785732795018703,0,0,1,0,0,0,0,0,1,1,12
0.6119998693466187,0.023803140968084335,0.007567150518298149,-0.0020179462153464556,1.0006595849990845,0.016827184706926346,0.1099405288696289,0.014024387113749981,-0.0003907835343852639,-5.459116891870508e-06,-8.295743464259431e-05,0.0,0.6596470475196838,0.024325083941221237,0.01367470808327198,-0.00028846936766058207,0,0,1,0,0,0,0,0,1,1,8
0.6179034113883972,0.02089218981564045,0.003895072266459465,-0.0027098283171653748,1.014215350151062,0.0164494588971138,0.10995309054851532,0.013182597234845161,-0.00036732747685164213,-5.1314514166733716e-06,-7.797818398103118e-05,2.187433610981171e-12,0.6733957529067993,0.024032054468989372,0.013803033158183098,-0.00029654023819603026,0,0,0,0,0,0,0,1,1,1,7
