lt_dp_posx,lt_dp_posy,lt_dp_velx,lt_dp_vely,ball_posx,ball_posy,ball_posz,ball_vel_x,ball_vel_y,ball_rot_x,ball_rot_y,ball_rot_z,rt_gk_posx,rt_gk_posy,rt_gk_velx,rt_gk_vely,action_left,action_top_left,action_top,action_top_right,action_right,action_bottom_right,action_bottom,action_bottom_left,action_sprint,action_dribble,sel_action
-1.0110293626785278,-0.0,0.0,-0.0,0.019999999552965164,-0.0,0.11061639338731766,-0.0,0.0,0.0,-0.0,0.0,1.0110293626785278,0.0,-0.0,0.0,5
0.0011741208145394921,7.735240920014874e-11,0.0034112120047211647,2.5561334299206706e-11,0.019999999552965164,-0.0,0.11059734225273132,-0.0,0.0,0.0,-0.0,0.0,1.0109632015228271,-5.533240966110187e-12,-0.0006619621999561787,-5.533241226318708e-11,5
0.004422922618687153,-8.490598224497603e-10,0.005096871871501207,-3.511485824336802e-10,0.019999999552965164,-0.0,0.10930104553699493,-0.0,0.0,0.0,-0.0,0.0,1.007768154144287,-2.1727848686925455e-10,-0.004207386635243893,-2.3121579650897672e-10,13
0.009172579273581505,-2.248098374124652e-09,0.006656940560787916,-3.111293167545881e-10,0.0233046505600214,-2.4435134471367803e-10,0.12190578132867813,0.008110411465168,-6.000772656555853e-10,1.1279025673507914e-12,3.997968633484561e-06,-2.2187124099765088e-12,1.0026906728744507,-3.96983113049032e-10,-0.005775339435786009,-1.1826414847426747e-10,0
0.01661984622478485,-2.397874565573943e-09,0.00808219239115715,-6.654453377219482e-11,0.030987758189439774,-8.137487905734986e-10,0.11701711267232895,0.007369924336671829,-5.467479247123208e-10,7.637964913320694e-12,4.359520971775055e-05,6.943504505244022e-19,0.9961044192314148,-1.0156776808489809e-10,-0.007231095340102911,6.246473893689597e-10,13
0.025464221835136414,-2.5558419824989187e-09,0.009344343096017838,-1.4529238923088883e-10,0.0381433442234993,-1.3445957680602305e-09,0.11125635355710983,0.006972834002226591,-5.172894335103706e-10,7.226530571863288e-12,4.124685801798478e-05,0.0,0.9881436228752136,3.8087763498673155e-10,-0.008531177416443825,3.4493705114435613e-10,5
0.03480858728289604,-2.6408863984528352e-09,0.009344343096017838,-3.575151980017566e-11,0.044887036085128784,-1.8448854666175407e-09,0.10970354080200195,0.0065589467994868755,-4.865844949186737e-10,6.7975230479133675e-12,3.8798221794422716e-05,-6.942544975733461e-19,0.9790472984313965,6.131040120038733e-10,-0.009335489943623543,9.478330342815866e-10,5
0.04342227429151535,-2.716890490361834e-09,0.009191131219267845,-1.910467756216505e-10,0.05122101306915283,-2.314780367385083e-09,0.11070673167705536,0.006151912733912468,-4.5638814949455764e-10,6.375570644340245e-12,3.638983616838232e-05,3.4710530265104625e-19,0.9695028066635132,1.3766977557949645e-09,-0.009924523532390594,6.440815103481157e-10,18
0.0520707406103611,-2.7803852553631714e-09,0.009191167540848255,-9.04939040369257e-11,0.05920710787177086,-2.6621280735383834e-09,0.12982426583766937,0.00978157576173544,-2.4425936273608784e-10,2.1592885899451852e-12,1.601897383807227e-05,-2.0369270506415127e-12,0.9590960144996643,1.8163180959263059e-09,-0.010777922347187996,2.666779019833143e-10,18
0.06126191094517708,-2.8664919327070493e-09,0.009191167540848255,-2.4132024156742204e-10,0.06868547201156616,-2.900589546328547e-09,0.11427564918994904,0.009094921872019768,-2.3128209070133465e-10,3.1918987852125325e-12,5.2393839723663405e-05,-1.478135783260573e-13,0.9481951594352722,2.047724434461884e-09,-0.01080527063459158,1.9969310927070438e-10,5
0.07045309245586395,-3.0561344566137905e-09,0.009191167540848255,-1.4077533583289892e-10,0.0775488018989563,-3.1260096733376486e-09,0.11292298883199692,0.010292001999914646,-2.0935192468485297e-10,5.757811219996023e-13,9.497787686996162e-06,-1.5843144938326725e-12,0.9369930624961853,2.173951907380456e-09,-0.011505099013447762,6.685731135380735e-11,18
0.07964427024126053,-3.1419233881280206e-09,0.009191211313009262,-4.021875887882942e-11,0.08744058012962341,-3.3274256683313297e-09,0.1276034265756607,0.009727234952151775,-1.9813428675519162e-10,1.240707623445525e-12,2.4065842808340676e-05,-1.6476483805788478e-12,0.9251608848571777,2.291112188856914e-09,-0.012094132602214813,5.184072060515632e-10,0
0.08909749984741211,-3.3067826255006594e-09,0.00919108185917139,-1.910437502639084e-10,0.09677615761756897,-3.517746094416907e-09,0.12068266421556473,0.009085915982723236,-1.8529053291693742e-10,2.588564562353013e-12,5.3747677156934515e-05,0.0,0.9127786755561829,3.0452995680718686e-09,-0.012599019333720207,6.918612349693376e-10,6
0.0985167995095253,-3.445989493755519e-09,0.009191123768687248,-9.049730409493861e-11,0.10623998194932938,-3.6989906693207786e-09,0.13255102932453156,0.009849805384874344,-1.776217645188538e-10,8.611235097384651e-13,2.1057252524769865e-05,-1.4899251537386915e-12,0.899957001209259,3.4217895183985547e-09,-0.012988202273845673,1.0072707945507631e-10,5
0.1077876016497612,-3.5276694898556116e-09,0.009191137738525867,-2.413242106147351e-10,0.11586468666791916,-3.872508091973259e-09,0.1143108382821083,0.009276077151298523,-1.6715678841094928e-10,2.2861294021042644e-12,5.3747713536722586e-05,-1.2293817222910897e-13,0.8867981433868408,3.6246403656292614e-09,-0.013286225497722626,2.1286024332045628e-10,16
0.11743053793907166,-3.6921965484992825e-09,0.009191210381686687,-1.4077131127443465e-10,0.12490624189376831,-4.035438205818309e-09,0.11290829628705978,0.010256251320242882,-1.6483225895314035e-10,2.8174812201180177e-13,9.966704055841547e-06,-1.2471996092139337e-12,0.8733821511268616,3.7151974829896517e-09,-0.01351272314786911,-1.0875723932546322e-11,16
0.1266617774963379,-3.7757588167153244e-09,0.009191211313009262,-4.021875887882942e-11,0.13476260006427765,-4.193665414931047e-09,0.1272508203983307,0.009687602519989014,-1.5545099929514805e-10,8.757722195010254e-13,2.486353878339287e-05,-1.3254103760698688e-12,0.8597712516784668,4.189395497178339e-09,-0.013683823868632317,1.143545480530861e-09,13
0.13615845143795013,-3.90161947194656e-09,0.009191052988171577,-1.9104294535221555e-10,0.14406251907348633,-4.342758597175589e-09,0.12081880122423172,0.0090540936216712,-1.4510416479485144e-10,2.0271492817691694e-12,5.355945904739201e-05,-3.472927624573661e-19,0.8460135459899902,4.971511202711554e-09,-0.013812148943543434,4.793511698686359e-10,0
0.1456155776977539,-4.006877496465222e-09,0.009191123768687248,-9.049730409493861e-11,0.15350127220153809,-4.485020355105007e-09,0.13244831562042236,0.009830005466938019,-1.396724402802363e-10,6.042747140340421e-13,2.1052394004072994e-05,-1.2317752070070687e-12,0.8321455717086792,5.246906908951132e-09,-0.01390891894698143,1.3925175457174532e-09,13
0.1548863798379898,-4.077763460230699e-09,0.009191137738525867,-2.4132099096796367e-10,0.16310301423072815,-4.621329985354805e-09,0.11432157456874847,0.009253116324543953,-1.3115226960014326e-10,1.8045093414312263e-12,5.3977881179889664e-05,-7.848454145701483e-14,0.818195104598999,6.280519659895845e-09,-0.013981145806610584,7.273849855771175e-10,0
0.16452930867671967,-4.181053281371305e-09,0.009191210381686687,-1.407724770086105e-10,0.1721230298280716,-4.74917660753249e-09,0.11290082335472107,0.010243003256618977,-1.2770214052881812e-10,1.282848610326126e-13,9.937545655702706e-06,-1.0359472611340403e-12,0.8041828274726868,6.6310437141225975e-09,-0.014035141095519066,4.132027012215822e-11,0
0.1737605631351471,-4.259183672417066e-09,0.009191211313009262,-4.021875887882942e-11,0.18196533620357513,-4.871584469157142e-09,0.12712432444095612,0.009671727195382118,-1.2017395412122767e-10,6.198236910705257e-13,2.4953294996521436e-05,-1.0944892995384814e-12,0.7901244759559631,7.445152494511831e-09,-0.014075811952352524,9.903061704008564e-10,18
0.18325725197792053,-4.343120085792407e-09,0.009191228076815605,-1.910473029775872e-10,0.19124968349933624,-4.98671637316761e-09,0.1208646297454834,0.0090394401922822,-1.1201409938488283e-10,1.5648717131139245e-12,5.347278420231305e-05,0.0,0.7760317921638489,8.041709520512086e-09,-0.014105264097452164,2.738751170294762e-10,16
0.1927143633365631,-4.4118828590455905e-09,0.009191211313009262,-9.049730409493861e-11,0.2006767839193344,-5.0951864949411174e-09,0.13240209221839905,0.009820776991546154,-1.0509910997047456e-10,3.8314653099530416e-13,2.1049674614914693e-05,-1.0098389138790687e-12,0.7619132995605469,8.436487952678817e-09,-0.014127703383564949,1.2728710307996494e-09,0
0.201985165476799,-4.47186110363873e-09,0.009191137738525867,-2.413222954800176e-10,0.21026787161827087,-5.197655639221921e-09,0.1143265813589096,0.009242495521903038,-9.844335069342236e-11,1.3582839280407155e-12,5.4099680710351095e-05,-5.418225140470592e-14,0.7477754950523376,9.29751386991029e-09,-0.014145233668386936,5.237413835956772e-10,13
0.21162809431552887,-4.51326709338673e-09,0.009191210381686687,-1.4077090881858823e-10,0.21927793323993683,-5.29362154111368e-09,0.11289733648300171,0.010236777365207672,-9.255896743498582e-11,-1.019417873954296e-14,9.924268852046225e-06,-8.449472133249813e-13,0.7336235046386719,9.408410939215628e-09,-0.014157154597342014,-2.2708809832572285e-10,18
0.2208593487739563,-4.585909874066374e-09,0.009191211313009262,-4.021875887882942e-11,0.2291136384010315,-5.38215161327571e-09,0.12706488370895386,0.00966428592801094,-8.683689184385557e-11,3.788999008210586e-13,2.4996570573421195e-05,-8.817064374617989e-13,0.7194607257843018,1.0374272996216405e-08,-0.014166271314024925,7.912046573466114e-10,13
0.23035603761672974,-4.6284402976937145e-09,0.009191228076815605,-1.9104857973406553e-10,0.2383907586336136,-5.465202512766609e-09,0.1208861842751503,0.00903258565813303,-8.07533762081647e-11,1.1281492233450319e-12,5.343221710063517e-05,0.0,0.7052900791168213,1.0731241673056502e-08,-0.014173283241689205,1.5570745647702777e-12,18
0.23981314897537231,-4.6611594584078375e-09,0.009191211313009262,-9.049730409493861e-11,0.2478124052286148,-5.541462400060482e-09,0.13238030672073364,0.00981642585247755,-7.18768447538487e-11,1.7205026737066725e-13,2.1047848349553533e-05,-7.993808523107382e-13,0.6911137104034424,1.1239740693724798e-08,-0.014178192242980003,1.0855188969927099e-09,5
0.24908395111560822,-4.710529299956079e-09,0.009191137738525867,-2.4132287834710553e-10,0.25739848613739014,-5.611431763696828e-09,0.11432895064353943,0.009237488731741905,-6.703793770101996e-11,9.249684351786414e-13,5.413813778432086e-05,-3.956124300765265e-14,0.6769329905509949,1.1865964211210667e-08,-0.014182399027049541,2.503558194089095e-10,5
0.25872689485549927,-4.691750987717569e-09,0.009191210381686687,-1.4077390642075471e-10,0.26640385389328003,-5.6767834877291534e-09,0.11289568990468979,0.010233836248517036,-5.86352841280835e-11,-1.4321477218113415e-13,9.917950592353009e-06,-6.622380053188104e-13,0.6627489328384399,1.1856760906425734e-08,-0.014185204170644283,1.4145580262692192e-09,16
0.2679581344127655,-4.759056260184025e-09,0.009191211313009262,-4.0222158936842334e-11,0.2762364149093628,-5.732619268172812e-09,0.12703685462474823,0.009660772047936916,-5.467257202518283e-11,1.4534203105365934e-13,2.501623566786293e-05,-6.77802703286795e-13,0.6485622525215149,1.2780146718682772e-08,-0.014188009314239025,5.214771947592567e-10,11
0.2771647572517395,-4.333284397972648e-09,0.008272131904959679,-1.7437813693010895e-10,0.2855100631713867,-5.784719370183211e-09,0.1208963692188263,0.009029329754412174,-5.0592034034346867e-11,7.067863547031983e-13,5.3412972192745656e-05,0.0,0.6343739032745361,1.2810301264210011e-08,-0.01418871060013771,-3.7186204115968735e-10,17
0.2858436703681946,-3.998690267792426e-09,0.008272073231637478,-8.736275591836318e-11,0.2946227490901947,-5.758963084190327e-09,0.1295602023601532,0.009198077023029327,9.987734250760383e-11,-4.01005563390594e-13,2.2813330360804684e-05,-4.7868240811042503e-14,0.6210532784461975,1.2525628534376665e-08,-0.011890075169503689,1.5177736845117806e-10,6
0.29423755407333374,-3.653199964759324e-09,0.00827198289334774,-2.185543829247294e-10,0.3035402297973633,-5.662416313612084e-09,0.11712762713432312,0.0086248479783535,9.311339893569581e-11,-1.3006821097602539e-12,5.101531496620737e-05,-1.7363023828204118e-19,0.6118153929710388,1.3100899920459597e-08,-0.006782307289540768,7.069390073333182e-10,14
0.30320075154304504,-1.3941031662412229e-09,0.008272024802863598,-1.3488929417881934e-10,0.3119431138038635,-5.571699102091543e-09,0.11507779359817505,0.009545009583234787,5.389915180842308e-10,-3.6920228159431634e-13,9.51494621403981e-06,5.133260895344438e-13,0.6058766841888428,1.3730499404118746e-08,-0.005514481570571661,5.84644055390271e-10,18
0.3115341365337372,-1.267316918074357e-09,0.008272073231637478,-5.122027108006577e-11,0.32111987471580505,-5.0550919006298045e-09,0.1231570765376091,0.008983185514807701,5.049556328629023e-10,-2.885193603127667e-12,2.596900230855681e-05,1.9590600842944728e-12,0.6021387577056885,1.4126774416922672e-08,-0.002450802829116583,2.598342652149199e-10,17
0.3199766278266907,-6.358732207445428e-05,0.008726384490728378,-2.4954097121998586e-10,0.3297465741634369,-4.57125981512263e-09,0.11759927868843079,0.00841832160949707,4.718940238568337e-10,-6.592527738991105e-12,4.9798731197370216e-05,0.0,0.6012765169143677,-8.212092325265985e-06,0.001429109019227326,-3.018802817678079e-05,7
0.3289107382297516,-0.00028947548707947135,0.009753859601914883,-0.00014049469609744847,0.3379209339618683,-4.113044127507237e-09,0.11024822294712067,0.007978798821568489,4.4725639858356203e-10,-6.2482579873957e-12,4.719817661680281e-05,-6.944299632607839e-19,0.6044354438781738,-4.630233161151409e-05,0.0038392404094338417,-3.3921587601071224e-05,5
0.33773091435432434,-0.0008132855873554945,0.008260853588581085,-0.0005558739067055285,0.3841153681278229,-0.00038327809306792915,0.48004135489463806,0.06173623725771904,-0.00048271374544128776,-2.162426790164318e-05,4.5132172090234235e-05,-0.0003670344885904342,0.6089652180671692,-7.430622645188123e-05,0.004513122607022524,-8.284100658784155e-06,6
0.3458912968635559,-0.0012055832194164395,0.007597137708216906,-0.0003221003571525216,0.44430163502693176,-0.0007599543314427137,0.8095420002937317,0.05894314870238304,-0.00029598906985484064,-2.162426790164318e-05,4.5132172090234235e-05,-0.0003670344885904342,0.6129311323165894,-9.971929102903232e-05,0.004603582434356213,-1.4499333701678552e-05,18
0.35303786396980286,-0.0018166539957746863,0.006844015792012215,-0.0008052634075284004,0.501778781414032,-0.0009717391221784055,0.9245947003364563,0.05629711598157883,-0.00014859993825666606,-2.162426790164318e-05,4.5132172090234235e-05,-0.0003670344885904342,0.6183794140815735,-0.00012237024202477187,0.006123851519078016,-3.016359914909117e-05,6
0.35927334427833557,-0.0025503276847302914,0.0060835303738713264,-0.0007157762302085757,0.5566761493682861,-0.001056482782587409,0.8392959237098694,0.0537678562104702,-3.7736281228717417e-05,-2.162426790164318e-05,4.5132172090234235e-05,-0.0003670344885904342,0.6242693662643433,-0.0001561636890983209,0.004089579917490482,-2.4579452656325884e-05,4
0.36623552441596985,-0.0032206932082772255,0.007663053460419178,-0.0005742650828324258,0.6090981960296631,-0.001048917998559773,0.5669012665748596,0.05133390799164772,3.990292316302657e-05,-2.162426790164318e-05,4.5132172090234235e-05,-0.0003670344885904342,0.6257891058921814,-0.00016617088112980127,0.0005679972236976027,-4.440047177922679e-06,4
