lt_dp_posx,lt_dp_posy,lt_dp_velx,lt_dp_vely,ball_posx,ball_posy,ball_posz,ball_vel_x,ball_vel_y,ball_rot_x,ball_rot_y,ball_rot_z,rt_gk_posx,rt_gk_posy,rt_gk_velx,rt_gk_vely,action_left,action_top_left,action_top,action_top_right,action_right,action_bottom_right,action_bottom,action_bottom_left,action_sprint,action_dribble,sel_action
-1.0110293626785278,-0.0,0.0,-0.0,0.019999999552965164,-0.0,0.11061639338731766,0.0,-0.0,0.0,-0.0,0.0,1.0110293626785278,0.0,-0.0,0.0,5
0.0,-0.0,0.0,-0.0,0.019999999552965164,-0.0,0.11059734225273132,0.0,-0.0,0.0,-0.0,0.0,1.0109632015228271,-5.900687924387249e-13,-0.0006619621999561787,-5.900687924387249e-12,5
4.241273563820869e-05,1.157607863733201e-11,0.0006617647595703602,5.533552435710298e-11,0.019999999552965164,-0.0,0.10930104553699493,0.0,-0.0,0.0,-0.0,0.0,1.007768154144287,-2.3127210216355998e-11,-0.004207386635243893,-2.4562249803516956e-11,5
0.002880488522350788,1.6380509448854497e-10,0.004276019521057606,1.0108697212629636e-10,0.019999999552965164,-0.0,0.11075475811958313,0.0,-0.0,0.0,-0.0,0.0,1.0026906728744507,-4.209868564863939e-11,-0.005775339435786009,-1.2325308308691607e-11,5
0.006310980301350355,-1.2954378680873901e-09,0.005893108434975147,-3.6759809085573636e-10,0.019999999552965164,-0.0,0.11053141206502914,0.0,-0.0,0.0,-0.0,0.0,0.9961044192314148,2.8256866291265226e-10,-0.007231095340102911,6.306293820479425e-10,13
0.012720324099063873,-1.8093189169121615e-09,0.007382407784461975,-1.86656856637768e-10,0.027749568223953247,-4.4304382385007557e-10,0.11783096939325333,0.00836621318012476,-4.778805129390662e-10,-4.2259754723383836e-12,-3.2516112696612254e-05,-1.4516064131969708e-12,0.9881436228752136,7.802479773388882e-10,-0.008531177416443825,3.6851499629619866e-10,13
0.020877690985798836,-1.939152394214716e-09,0.00879679061472416,-1.912413838400795e-10,0.0358177050948143,-9.036589809774398e-10,0.10719216614961624,0.007866970263421535,-4.4910269947351367e-10,-6.274045952908702e-12,-4.653661380871199e-05,6.944148155158165e-19,0.9790472984313965,9.73632618972431e-10,-0.009335489943623543,2.526786835321815e-10,13
0.030136406421661377,-2.096109064098073e-09,0.009344386868178844,-1.1628592533341475e-10,0.04344164952635765,-1.3388877784237252e-09,0.11046995222568512,0.007426781579852104,-4.2397355071166487e-10,-5.922886313347586e-12,-4.393195195007138e-05,0.0,0.9695028066635132,1.1688787715513627e-09,-0.009924523532390594,1.5698574384881425e-10,16
0.03952975571155548,-2.2851986969385507e-09,0.009191137738525867,-2.413199640116659e-10,0.050626665353775024,-1.7490594528268844e-09,0.11030273884534836,0.006989436689764261,-3.990069663561968e-10,-5.574039927541685e-12,-4.134442133363336e-05,3.471520383556555e-19,0.9590960144996643,1.2610997801587587e-09,-0.010777922347187996,3.759077077392092e-11,18
0.04917268827557564,-2.927529996199496e-09,0.00919116660952568,-1.4077075616292234e-10,0.05738157406449318,-2.134677989928946e-09,0.10938442498445511,0.01014855969697237,-3.574251727922473e-10,-2.8879080116867017e-12,-2.6325855287723243e-05,-4.455677092476268e-13,0.9481951594352722,1.4391045022321691e-09,-0.01080527063459158,2.0009256751496451e-10,18
0.05840393155813217,-3.053467700908641e-09,0.009191167540848255,-4.0222158936842334e-11,0.06715388596057892,-2.4802337961205012e-09,0.1228615865111351,0.009584315121173859,-3.3943262089941584e-10,-4.1442222917242866e-12,-4.6764245780650526e-05,-4.668200504973075e-13,0.9369930624961853,1.5660454044663652e-09,-0.011505099013447762,6.782283068496042e-11,13
0.06790060549974442,-3.5086344940538083e-09,0.009191184304654598,-1.9104705317740667e-10,0.07646231353282928,-2.810141008779965e-09,0.1157512217760086,0.009105676785111427,-3.2274941053067607e-10,-4.5089275195475675e-12,-5.3864834626438096e-05,0.0,0.9251608848571777,1.6842884864587404e-09,-0.012094132602214813,5.189613738743049e-10,5
0.07735773175954819,-3.90055499011055e-09,0.009191123768687248,-9.049730409493861e-11,0.08592594414949417,-3.1466722560935523e-09,0.1337624341249466,0.00988977774977684,-3.5266228826102974e-10,-3.4373040438268054e-12,-4.173315755906515e-05,-7.148531441271422e-13,0.9127786755561829,2.4376007878856853e-09,-0.012599019333720207,6.898145943345924e-10,13
0.08662852644920349,-4.117977958628671e-09,0.009191137738525867,-2.4132287834710553e-10,0.09566816687583923,-3.4940113025072606e-09,0.11445380002260208,0.009522468782961369,-3.3941913168966664e-10,-4.745570689884682e-12,-5.637179856421426e-05,-1.3893212865082192e-18,0.899957001209259,2.8107174365743504e-09,-0.012988202273845673,9.630064107257752e-11,17
0.09627145528793335,-5.052628093693556e-09,0.009191122837364674,-1.4077380927624006e-10,0.1049562394618988,-3.825075367558384e-09,0.1128305122256279,0.010123859159648418,-4.307225964783612e-10,-2.6744741404155503e-12,-3.2253297831630334e-05,-6.030536855473889e-13,0.8867981433868408,3.009777538309777e-09,-0.013286225497722626,2.0720990201450462e-10,13
0.10550270229578018,-5.204490616250723e-09,0.009191123768687248,-4.0222158936842334e-11,0.11477958410978317,-4.242056483860779e-09,0.12532974779605865,0.009682160802185535,-4.106701090300646e-10,-4.67444399160355e-12,-4.865727532887831e-05,-6.485934836084062e-13,0.8733821511268616,3.0901265990479487e-09,-0.01351272314786911,-2.4760204303531097e-11,13
0.11499937623739243,-6.334906821336972e-09,0.009191052988171577,-1.9104297310779117e-10,0.1241997554898262,-4.641429907081829e-09,0.11593087017536163,0.00921743642538786,-3.907576207051733e-10,-5.459031230531375e-12,-5.45259790669661e-05,1.3892219214371363e-18,0.8597712516784668,3.5525997699181744e-09,-0.013683823868632317,1.1356818818697434e-09,13
0.1244565024971962,-7.3146342316476876e-09,0.009191123768687248,-9.04939040369257e-11,0.13368123769760132,-5.1333910455753085e-09,0.13337543606758118,0.009814356453716755,-5.94052917968213e-10,-5.143550082381543e-12,-4.202549462206662e-05,-1.177508177768738e-12,0.8460135459899902,4.316591084574384e-09,-0.013812148943543434,4.5293530037682217e-10,18
0.1337273120880127,-8.052954747483909e-09,0.009191137738525867,-2.413217958796565e-10,0.143340602517128,-5.717367468349721e-09,0.1144961416721344,0.00944618508219719,-5.703619798680393e-10,-7.968594534224493e-12,-5.5878146667964756e-05,-1.3892942997407347e-18,0.8321455717086792,4.559714827934158e-09,-0.01390891894698143,1.3880435689728188e-09,16
0.14337024092674255,-1.1942859146074625e-08,0.009191122837364674,-1.4077720933425297e-10,0.15255559980869293,-6.273769503906124e-09,0.11280131340026855,0.01006705779582262,-1.1899573548745934e-09,-4.658955513048291e-12,-3.20031467708759e-05,-9.531456570191499e-13,0.818195104598999,5.566408667334599e-09,-0.013981145806610584,6.817572617556777e-10,13
0.1526014804840088,-1.235681779121478e-08,0.009191036224365234,-4.022555899485525e-11,0.1623205691576004,-7.420760894660816e-09,0.12480790913105011,0.009620128199458122,-1.1275241851294027e-09,-1.2103510901861902e-11,-4.884972804575227e-05,-1.824798992466903e-12,0.8041828274726868,5.848328488156085e-09,-0.014035141095519066,-4.612068366105504e-11,16
0.16209818422794342,-1.9433972653359888e-08,0.009191228076815605,-1.9105045323541958e-10,0.17168006300926208,-8.516495952903824e-09,0.11614815890789032,0.009158970788121223,-1.0721422638582112e-09,-1.4978225257311628e-11,-5.4180123697733507e-05,2.778407033337014e-18,0.7901244759559631,6.606152957999711e-09,-0.014075811952352524,9.214345397801083e-10,18
0.171555295586586,-2.5590358276872394e-08,0.009191211313009262,-9.048711085979377e-11,0.18111279606819153,-1.04488657726165e-08,0.13313861191272736,0.009773021563887596,-2.781704422361031e-09,-2.0691491922630867e-11,-4.193546556052752e-05,-5.42160673994152e-12,0.7760317921638489,7.079555608413557e-09,-0.014105264097452164,1.0626183266637668e-10,16
0.1808260977268219,-3.201767029281655e-08,0.009191137738525867,-2.412924304806552e-10,0.19072619080543518,-1.317893438823603e-08,0.11451709270477295,0.009401022456586361,-2.6639990213794817e-09,-3.720967631237748e-11,-5.560162753681652e-05,5.557117641958835e-18,0.7619132995605469,7.311264926812555e-09,-0.014127703383564949,1.1827442358836038e-09,18
0.19046902656555176,-6.818346065529113e-08,0.009191210381686687,-1.4078672949668913e-10,0.19989781081676483,-1.5777922968140956e-08,0.11278659105300903,0.010039370507001877,-9.190671335090883e-09,-2.3788745279196277e-11,-3.186328103765845e-05,-3.778651003205624e-12,0.7477754950523376,7.916732158719242e-09,-0.014145233668386936,1.3273890320242288e-10,5
0.199700266122818,-7.145990110757339e-08,0.009191036224365234,-4.025275598951161e-11,0.20963431894779205,-2.4614461580085845e-08,0.12455400079488754,0.00958988256752491,-8.677296214898433e-09,-9.00058916286639e-11,-4.892111610388383e-05,-1.4185335198146909e-11,0.7336235046386719,7.47089501373921e-09,-0.014157154597342014,-9.194762728981232e-10,0
0.20919696986675262,-1.5577198553273774e-07,0.009191228076815605,-1.9105481086079124e-10,0.21896393597126007,-3.3043654923403665e-08,0.11625321209430695,0.009130041114985943,-8.247732274924147e-09,-1.1522392762142175e-10,-5.400899317464791e-05,-2.2227113991630753e-17,0.7194607257843018,7.903654619667577e-09,-0.014166271314024925,-1.306378755172588e-10,13
0.2186540812253952,-2.2916165676178935e-07,0.009191211313009262,-9.051430438500319e-11,0.2283727377653122,-5.2288502416786287e-08,0.13302427530288696,0.009753051213920116,-3.005877147188585e-08,-2.106288615744134e-10,-4.188976527075283e-05,-5.731688040855332e-11,0.7052900791168213,6.774977467927101e-09,-0.014173283241689205,-1.945499983335708e-09,18
0.2279248833656311,-3.214892387859436e-07,0.009191137738525867,-2.413947097767988e-10,0.2379639744758606,-8.176942145610155e-08,0.114527128636837,0.009378628805279732,-2.875627203025033e-08,-4.0165618053755736e-10,-5.546922693611123e-05,-4.4456716142544066e-17,0.6911137104034424,3.626214439833575e-09,-0.014178192242980003,-4.415020349313181e-09,13
0.23756781220436096,-8.450010113847384e-07,0.009191210381686687,-1.3994903846903384e-10,0.24711397290229797,-1.0982471820852879e-07,0.10452093929052353,0.010026051662862301,-1.262826998527089e-07,-2.794788289683936e-10,-3.179458508384414e-05,-3.3409885968893605e-11,0.6769329905509949,-2.4604591697396927e-09,-0.014182399027049541,-7.454565853493023e-09,13
0.2467990517616272,-8.914992122299736e-07,0.009191036224365234,-4.090550467794607e-11,0.25679725408554077,-2.30527732014707e-07,0.12162236869335175,0.009508457034826279,-1.1810664801714665e-07,-1.4620081811855812e-09,-5.303916987031698e-05,-1.0493626106944376e-10,0.6627489328384399,-1.1419245993238292e-08,-0.014185204170644283,-8.815190355448976e-09,5
0.25629574060440063,-1.9800099835265428e-06,0.009191228076815605,-1.9091556113792763e-10,0.2660471498966217,-3.4537157489467063e-07,0.11636175215244293,0.009052284061908722,-1.1238998354201613e-07,-1.5701299149739611e-09,-5.354900349630043e-05,1.7781384143861223e-16,0.6485622525215149,-2.8573866828196515e-08,-0.014188009314239025,-2.3978349972253454e-08,3
0.2657528519630432,-2.9275583983690012e-06,0.009191211313009262,-9.051430438500319e-11,0.27542001008987427,-5.992272349431005e-07,0.13301825523376465,0.00975705310702324,-3.9299521858993103e-07,-2.755423889055919e-09,-4.173307024757378e-05,-7.572408255995811e-10,0.6343739032745361,-6.089339166237551e-08,-0.01418871060013771,-3.914444235419978e-08,3
0.27501481771469116,-0.0002946630702354014,0.008848569355905056,-1.4259485259238147e-10,0.2850147783756256,-9.846620514508686e-07,0.11452367901802063,0.009381571784615517,-3.759415960757906e-07,-5.250996970573851e-09,-5.548659464693628e-05,0.0,0.6201841831207275,-1.1658228515898372e-07,-0.014190814457833767,-7.569660454009863e-08,13
0.28403666615486145,-0.0019497928442433476,0.008272025734186172,4.277845577771444e-10,0.2941676080226898,-1.3514380725609954e-06,0.11278174817562103,0.009382527321577072,-0.0003627642581705004,-3.536641486334702e-07,-3.0871189665049314e-05,1.1688852907809633e-07,0.6059935688972473,-2.183453062798435e-07,-0.014190814457833767,-1.2309075714256323e-07,0
0.2923700511455536,-0.0020965831354260445,0.008272073231637478,-0.0,0.30325138568878174,-0.00034824147587642074,0.11906452476978302,0.008918283507227898,-0.00033911538776010275,-4.499042006500531e-06,-5.164751928532496e-05,-1.1871566130139399e-07,0.5919753909111023,-3.6263045899431745e-07,-0.013312872499227524,-1.460544041265166e-07,0
0.3010331988334656,-0.002082080813124776,0.009233109652996063,4.7065212129382417e-05,0.31192317605018616,-0.0006779139512218535,0.11095763742923737,0.008477911353111267,-0.000322301551932469,-4.5026567931927275e-06,-5.0151124014519155e-05,3.6411786129633694e-13,0.5808132290840149,-4.842088969780889e-07,-0.009049387648701668,-9.785814825136185e-08,11
0.3103766143321991,-0.001997028710320592,0.009342852979898453,0.0001156693761004135,0.32014474272727966,-0.0009904695907607675,0.11305401474237442,0.008015012368559837,-0.00030470380443148315,-4.2566298361634836e-06,-4.7410823754034936e-05,-1.4563352693924836e-12,0.5740204453468323,-5.57320163352415e-07,-0.005514481570571661,-5.9305147459554064e-08,7
0.3187639117240906,-0.002223064424470067,0.010195388458669186,0.00012313442130107433,0.3279111087322235,-0.0012857213150709867,0.11132923513650894,0.007562912534922361,-0.00028751642093993723,-4.0164914025808685e-06,-4.473613444133662e-05,1.0921573975058996e-12,0.5693634152412415,-6.074018301660544e-07,-0.0036765546537935734,-3.953647365051438e-08,5
0.32775774598121643,-0.002705852733924985,0.009825299493968487,-0.00035850127460435033,0.34721627831459045,-0.001705841044895351,0.1487179696559906,0.0666409283876419,-0.0009597257594577968,4.457086106413044e-06,-6.212031621544156e-06,-0.000786188174970448,0.566909670829773,-1.7391049595971708e-06,-0.002478501293808222,-1.1079810974479187e-05,7
0.3364662826061249,-0.0030890884809195995,0.0085914833471179,-0.00031692773336544633,0.4119354486465454,-0.0024845083244144917,0.2637139558792114,0.06320067495107651,-0.0006345918518491089,4.457086106413044e-06,-6.212031621544156e-06,-0.000786188174970448,0.5660572648048401,0.00013735974789597094,0.00024889223277568817,-0.0020956783555448055,6
0.34409743547439575,-0.003369722282513976,0.007118547800928354,-0.0005476141232065856,0.47340062260627747,-0.0029530213214457035,0.2627265751361847,0.06009073927998543,-0.0003367254976183176,4.457086106413044e-06,-6.212031621544156e-06,-0.000786188174970448,0.5666146278381348,-0.0008046209695748985,0.0007050045533105731,-0.0030169582460075617,6
0.3507364094257355,-0.004060902167111635,0.0061042169108986855,-0.0006359016988426447,0.5319134593009949,-0.0031385731417685747,0.15184855461120605,0.05726052448153496,-6.58523931633681e-05,4.457086106413044e-06,-6.212031621544156e-06,-0.000786188174970448,0.567430317401886,-0.002878502942621708,0.0004849013057537377,-0.0015649748966097832,7
