lt_dp_posx,lt_dp_posy,lt_dp_velx,lt_dp_vely,ball_posx,ball_posy,ball_posz,ball_vel_x,ball_vel_y,ball_rot_x,ball_rot_y,ball_rot_z,rt_gk_posx,rt_gk_posy,rt_gk_velx,rt_gk_vely,action_left,action_top_left,action_top,action_top_right,action_right,action_bottom_right,action_bottom,action_bottom_left,action_sprint,action_dribble,sel_action
-1.0110293626785278,-0.0,0.0,-0.0,0.019999999552965164,-0.0,0.11061639338731766,0.0,-0.0,0.0,-0.0,0.0,1.0110293626785278,0.0,-0.0,0.0,5
0.0,-0.0,0.0,-0.0,0.019999999552965164,-0.0,0.11059734225273132,0.0,-0.0,0.0,-0.0,0.0,1.0089819431304932,-1.5615271228841543e-11,-0.003723537316545844,-2.552534225652714e-11,5
0.002606003312394023,2.5999288832956324e-10,0.004109717905521393,2.364697881951372e-10,0.019999999552965164,-0.0,0.10930104553699493,0.0,-0.0,0.0,-0.0,0.0,1.0043776035308838,-3.788986485675494e-11,-0.005314630456268787,-1.7259107337741497e-11,5
0.0056117442436516285,-2.246044905618305e-09,0.0057430933229625225,-3.6487274313046214e-10,0.019999999552965164,-0.0,0.11075475811958313,0.0,-0.0,0.0,-0.0,0.0,0.9982317090034485,8.930327310974207e-11,-0.006807551719248295,6.668482988025914e-10,13
0.011350343935191631,-3.5552478738765103e-09,0.007246829103678465,-1.991287551517118e-10,0.026255210861563683,-5.280326176304584e-10,0.12504026293754578,0.008751321583986282,-7.380795974398779e-10,-4.920566558375139e-12,-2.6956802685162984e-05,-2.341995954807663e-12,0.9906662106513977,6.593513512953564e-10,-0.008160226047039032,4.533619590851856e-10,16
0.01934845745563507,-3.756546185229581e-09,0.008587582968175411,-5.861399698936509e-10,0.03468456119298935,-1.2381473624145656e-09,0.11820248514413834,0.008202308788895607,-6.906922256355585e-10,-9.649068002937078e-12,-4.852015626966022e-05,2.0833819653242865e-18,0.9818469882011414,9.32785959584237e-10,-0.009317257441580296,1.1066023097860977e-10,18
0.02858891896903515,-4.388697405488529e-09,0.009745973162353039,-5.615531373237559e-10,0.04265095666050911,-1.9089734237809353e-09,0.11113853752613068,0.007771207019686699,-6.543902086875164e-10,-9.141909451670927e-12,-4.596993312588893e-05,0.0,0.9724517464637756,1.108548364214812e-09,-0.009637720882892609,1.7503404281526969e-10,5
0.03787881135940552,-6.965684473669853e-09,0.010092896409332752,-2.403959808994216e-10,0.050176918506622314,-2.542711818875887e-09,0.11245939880609512,0.007328950800001621,-6.171491095940951e-10,-8.621488939430932e-12,-4.335301127866842e-05,6.943454357419386e-19,0.9623057246208191,1.2192802323340857e-09,-0.010538101196289062,5.0453634325986485e-11,13
0.045677490532398224,-1.2030830554010663e-08,0.009783444926142693,-1.236910157631499e-10,0.05726860836148262,-3.13988191003034e-09,0.10812079161405563,0.014519422315061092,2.9962875487399288e-05,3.7274088526828564e-07,-3.381547503522597e-05,-3.9498878834365314e-08,0.9514368772506714,1.6330019558807862e-09,-0.010879600420594215,9.46784650679433e-10,0
0.05580054223537445,-1.2553679873406054e-08,0.010675586760044098,-6.379245742760276e-11,0.07134319841861725,2.936562850663904e-05,0.14322376251220703,0.013963908888399601,2.9173947041272186e-05,3.8051592810006696e-07,-4.348843503976241e-05,-2.4703263434844303e-08,0.9404253959655762,2.3103423618664465e-09,-0.011310156434774399,4.791506080792374e-10,18
0.06652812659740448,4.603371053235605e-06,0.010933945886790752,7.956311492307577e-06,0.08499731868505478,5.808915011584759e-05,0.12248857319355011,0.013196156360208988,2.8090482373954728e-05,3.928067258129886e-07,-7.627913873875514e-05,-9.215542218221628e-10,0.9287715554237366,2.5477382425975748e-09,-0.011916019953787327,5.0020168562703304e-11,5
0.07788979262113571,1.7138150724349543e-05,0.011687594465911388,1.648596844461281e-05,0.0978936105966568,8.554537635063753e-05,0.11546774953603745,0.012608172371983528,2.6842786610359326e-05,3.7497770222216786e-07,-7.457877654815093e-05,0.0,0.9165447354316711,4.771056296704046e-07,-0.012460877187550068,1.1052327408833662e-06,5
0.0899352952837944,3.6504570744000375e-05,0.012330885976552963,2.09351783269085e-05,0.11013621091842651,0.00011160985013702884,0.1136212944984436,0.011938497424125671,2.5417046344955452e-05,3.550773328697687e-07,-7.062082295306027e-05,0.0,0.9038431644439697,2.6038853775389725e-06,-0.01288231648504734,2.962858616228914e-06,18
0.1025637537240982,6.041417145752348e-05,0.012850936502218246,2.6789728508447297e-05,0.12170537561178207,0.00013624060375150293,0.11140929162502289,0.011270640417933464,2.3995178707991727e-05,3.3521112641210493e-07,-6.666966510238126e-05,-4.5545456241104926e-14,0.8907760381698608,6.2815429373586085e-06,-0.013204882852733135,3.996122813987313e-06,13
0.1155487671494484,9.085689816856757e-05,0.013245726935565472,3.262048267060891e-05,0.13262128829956055,0.00015948055079206824,0.10943208634853363,0.010630859062075615,2.2633084881817922e-05,3.1618390039511723e-07,-6.288536678766832e-05,-4.553764998546303e-14,0.8774299025535583,1.0682948413887061e-05,-0.013451716862618923,4.7314683797594626e-06,0
0.12847280502319336,-0.0007347146165557206,0.013404995203018188,2.6981939299730584e-05,0.14291724562644958,0.0001814006536733359,0.1107703372836113,0.010027419775724411,2.1348370864870958e-05,2.982292528486141e-07,-5.931436317041516e-05,0.0,0.8638719320297241,1.5756031643832102e-05,-0.013637542724609375,5.144958322489401e-06,0
0.14152131974697113,-0.0021899319253861904,0.013404997065663338,1.3491254321706947e-05,0.15449382364749908,0.00011776451719924808,0.13492026925086975,0.015627317130565643,-0.0002586125920061022,-7.39776794489444e-07,-5.06306387251243e-05,-4.407088454172481e-07,0.8501538634300232,2.0245774067007005e-05,-0.01377778872847557,3.930339971702779e-06,5
0.15490911900997162,-0.0021835146471858025,0.013344252482056618,3.475749281278695e-06,0.17001231014728546,-0.00013899675104767084,0.14681148529052734,0.015429656021296978,-0.00025529207778163254,-7.443932190653868e-07,-5.069779581390321e-05,-4.44376553332404e-07,0.8363156914710999,2.3535943910246715e-05,-0.013882973231375217,2.763332076938241e-06,18
0.16840940713882446,-0.0021346902940422297,0.013615629635751247,0.00010279305570293218,0.1850370466709137,-0.00038568125455640256,0.1275539994239807,0.0145338149741292,-0.0002361954393563792,-3.1591100650985027e-06,-8.417791104875505e-05,-1.5951054876950366e-07,0.8223875761032104,1.7011074305628426e-05,-0.01396151166409254,-1.7645164916757494e-05,0
0.18213960528373718,-0.0019552006851881742,0.013814427889883518,0.00024006911553442478,0.199282705783844,-0.0006171725690364838,0.11428238451480865,0.013929215259850025,-0.00022634876950178295,-3.161521817673929e-06,-8.238157170126215e-05,0.0,0.8083921074867249,-1.4595735592592973e-05,-0.014020415022969246,-4.305634502088651e-05,13
0.19603966176509857,-0.0016905773663893342,0.013964842073619366,0.0002468316815793514,0.21283148229122162,-0.0008373390301130712,0.11412093043327332,0.013224028050899506,-0.00021488942729774863,-3.0018948109500343e-06,-7.822208135621622e-05,-1.093731442219914e-12,0.7943463325500488,-6.902154564158991e-05,-0.014064592309296131,-5.790720751974732e-05,5
0.2100699245929718,-0.0014798511983826756,0.014078442007303238,0.0001820971810957417,0.2256481796503067,-0.001045609125867486,0.11154801398515701,0.012478324584662914,-0.00020277178555261344,-2.8326010124146705e-06,-7.381070463452488e-05,0.0,0.7802629470825195,-0.0001262751320609823,-0.014096848666667938,-5.6711975048528984e-05,13
0.22419212758541107,-0.0008757674368098378,0.014139974489808083,0.00012264683027751744,0.23773151636123657,-0.0012419619597494602,0.11082721501588821,0.01176300086081028,-0.00019114790484309196,-2.6702555260271765e-06,-6.958036829018965e-05,-3.6441422796018585e-13,0.7661514282226562,-0.00018231109424959868,-0.014122093096375465,-5.5477859859820455e-05,18
0.23833005130290985,0.0009096538415178657,0.014120866544544697,6.6806394897867e-05,0.24961070716381073,-0.0013832957483828068,0.12007300555706024,0.015987444669008255,0.0002572331577539444,-3.7688337783947645e-07,-5.0220009143231437e-05,-1.6242881883954396e-07,0.752018928527832,-0.00023779639741405845,-0.014140325598418713,-5.54878861294128e-05,16
0.2520468533039093,0.0009450437501072884,0.013386151753365993,1.0554692380537745e-05,0.2653258442878723,-0.0011322097852826118,0.15399302542209625,0.015619908459484577,0.000249479926424101,-6.917153960728228e-09,-5.4324329539667815e-05,1.8608420759846922e-07,0.7378708720207214,-0.000293280667392537,-0.014153649099171162,-5.5479198636021465e-05,16
0.2654920518398285,0.0009203387890011072,0.013567769899964333,-7.160132372519001e-05,0.280685156583786,-0.000888557406142354,0.12098553776741028,0.014850900508463383,0.00023054578923620284,2.7188295916857896e-06,-8.279216126538813e-05,4.0459630668010504e-07,0.723711371421814,-0.0003404048038646579,-0.014163466170430183,-3.161684071528725e-05,0
0.27918174862861633,0.0007688265759497881,0.013779542408883572,-0.000215811058296822,0.29522979259490967,-0.0006629643030464649,0.10974416136741638,0.014278284274041653,0.00022145600814837962,3.0940673241275363e-06,-8.447022992186248e-05,0.0,0.7095431685447693,-0.00035013729939237237,-0.014171179383993149,8.17959698906634e-06,16
0.2930510342121124,0.0005030796164646745,0.013937494717538357,-0.00026479773805476725,0.3090813159942627,-0.00044812681153416634,0.11361956596374512,0.01350377406924963,0.0002094433002639562,2.9258198992465623e-06,-7.987696881173179e-05,-7.292210455270287e-13,0.6953685283660889,-0.00032128384918905795,-0.014176789671182632,3.980000474257395e-05,16
0.30705785751342773,0.0002731507702264935,0.014057930558919907,-0.0002014301426243037,0.32216188311576843,-0.00024524700711481273,0.11145391315221786,0.01273427065461874,0.00019750831415876746,2.7590735953708645e-06,-7.532464223913848e-05,1.458081593831706e-12,0.6811890006065369,-0.00028215511702001095,-0.014181697741150856,3.857881165458821e-05,7
0.3205960690975189,0.0009049712098203599,0.013781356625258923,0.00013141911767888814,0.33449047803878784,-5.403083559940569e-05,0.1108514592051506,0.012000315822660923,0.00018612471467349678,2.600081188575132e-06,-7.098406058503315e-05,0.0,0.6670060157775879,-0.00024424956063739955,-0.014184502884745598,3.735427890205756e-05,6
0.3338238298892975,0.0015863481676205993,0.01321189571171999,0.00018841591372620314,0.3476930260658264,0.001730484887957573,0.1444789320230484,0.014526593498885632,0.0033618323504924774,1.755427183525171e-05,-5.3576866775983945e-05,2.7547876015887596e-06,0.6528201103210449,-0.00019939012418035418,-0.01418730802834034,5.430501914815977e-05,12
0.3463982045650482,0.0027599132154136896,0.012425815686583519,0.0018324988195672631,0.36212044954299927,0.005069263279438019,0.13322874903678894,0.014343859627842903,0.0033196546137332916,1.755427183525171e-05,-5.3576866775983945e-05,2.7547876015887596e-06,0.6386324763298035,-0.00013326157932169735,-0.014188009314239025,7.580263627460226e-05,12
0.3583635687828064,0.00522299250587821,0.01170144323259592,0.0025532247964292765,0.3759683668613434,0.008248030208051205,0.1255376935005188,0.013526488095521927,0.00309525104239583,4.324252950027585e-05,-8.001759852049872e-05,0.0,0.6244455575942993,1.2257831258466467e-05,-0.01418099645525217,0.0003288548905402422,12
0.37034907937049866,0.00783061608672142,0.012200369499623775,0.0026434517931193113,0.38913068175315857,0.011259956285357475,0.11882021278142929,0.012850407510995865,0.0029405441600829363,4.1079914808506146e-05,-7.601582183269784e-05,1.1665078625267e-11,0.6102938055992126,0.000670835142955184,-0.014118587598204613,0.000927960907574743,10
0.3827725648880005,0.010501491837203503,0.012590955011546612,0.0026891392190009356,0.4016016125679016,0.014113666489720345,0.11091215163469315,0.01215930562466383,0.0027823993004858494,3.887126877089031e-05,-7.192887278506532e-05,0.0,0.5962368845939636,0.001926601049490273,-0.013997274450957775,0.0015231980942189693,18
0.3955293297767639,0.013215187937021255,0.012874603271484375,0.0027427689637988806,0.4133775532245636,0.016808342188596725,0.11248287558555603,0.01147126592695713,0.002624954329803586,3.667033524834551e-05,-6.785622099414468e-05,-1.1660289053749828e-11,0.582298755645752,0.003661714494228363,-0.01388612948358059,0.0019080402562394738,5
0.4085172712802887,0.01599765382707119,0.013070948421955109,0.0028134675230830908,0.4244884252548218,0.019350837916135788,0.1105981171131134,0.010819731280207634,0.0024758640211075544,3.4586901165312156e-05,-6.400097481673583e-05,-5.829108029598018e-12,0.5684858560562134,0.0057798391208052635,-0.013749388977885246,0.002289449330419302,5
0.42131507396698,0.019115790724754333,0.01263581681996584,0.002727793762460351,0.4349651634693146,0.021748211234807968,0.11057927459478378,0.010202454403042793,0.0023346133530139923,3.2614145311526954e-05,-6.0350517742335796e-05,0.0,0.5548462867736816,0.008327193558216095,-0.01352008618414402,0.0028092609718441963,6
