lt_dp_posx,lt_dp_posy,lt_dp_velx,lt_dp_vely,ball_posx,ball_posy,ball_posz,ball_vel_x,ball_vel_y,ball_rot_x,ball_rot_y,ball_rot_z,rt_gk_posx,rt_gk_posy,rt_gk_velx,rt_gk_vely,action_left,action_top_left,action_top,action_top_right,action_right,action_bottom_right,action_bottom,action_bottom_left,action_sprint,action_dribble,sel_action
-1.0110293626785278,-0.0,0.0,-0.0,0.019999999552965164,-0.0,0.11061639338731766,0.0,-0.0,0.0,-0.0,0.0,1.0110293626785278,0.0,-0.0,0.0,5
0.0,-0.0,0.0,-0.0,0.019999999552965164,-0.0,0.11059734225273132,0.0,-0.0,0.0,-0.0,0.0,1.0097103118896484,-1.053061197270333e-11,-0.0033988673239946365,-2.5076950932456654e-11,5
0.0015068008797243237,1.6729921614722087e-10,0.003586257342249155,2.42457776078453e-10,0.019999999552965164,-0.0,0.10930104553699493,0.0,-0.0,0.0,-0.0,0.0,1.005424976348877,-3.4275877275335986e-11,-0.0050032841973006725,-2.029609813547495e-11,5
0.0047621107660233974,-6.655095363683472e-10,0.0052583664655685425,-3.1212532558555495e-10,0.019999999552965164,-0.0,0.11075475811958313,0.0,-0.0,0.0,-0.0,0.0,0.9995788931846619,-4.5175412022313566e-11,-0.0065179429948329926,-1.7381629989488001e-12,13
0.009853105992078781,-1.7132782970108451e-09,0.006805261597037315,-2.6657762108861505e-10,0.02428310178220272,-2.424414835555666e-10,0.12351405620574951,0.008418847806751728,-4.762710781314183e-10,-2.910471559938732e-12,-2.3506037905463018e-05,-1.3675729385737023e-12,0.9922854900360107,5.658442603362346e-10,-0.007902874611318111,5.172597905556131e-10,5
0.01744282990694046,-1.8592669626116276e-09,0.008229834027588367,-3.399641124168795e-10,0.032385509461164474,-7.003940205585479e-10,0.11691977083683014,0.007870198227465153,-4.446562007487387e-10,-6.211847876358423e-12,-4.655510565498844e-05,0.0,0.9837011694908142,9.096024489174681e-10,-0.009114601649343967,1.8922620415029456e-10,0
0.026398660615086555,-2.464098036725204e-09,0.009344386868178844,-5.285673010391179e-10,0.040023867040872574,-1.131951310462398e-09,0.10896069556474686,0.007444394752383232,-4.2059872251698494e-10,-5.875784234166126e-12,-4.403647835715674e-05,-6.943599114026583e-19,0.9743693470954895,1.0795097038496237e-09,-0.009437869302928448,1.9266926942762552e-10,13
0.035743024200201035,-2.7808799707429444e-09,0.009344364516437054,-1.4350243215943692e-10,0.04722834378480911,-1.5389948204713733e-09,0.11094862967729568,0.007010207511484623,-3.960676508985017e-10,-5.532920042267131e-12,-4.1466857510386035e-05,-6.943065582531486e-19,0.9644050598144531,1.225963996986934e-09,-0.010371208190917969,9.712507187398245e-11,5
0.04531857371330261,-3.3213982675306397e-09,0.009191228076815605,-1.8099179099895224e-10,0.054004471749067307,-1.921837355922662e-09,0.11043388396501541,0.006586682517081499,-3.721390140487557e-10,-5.1986917375124175e-12,-3.8961952668614686e-05,3.471288255997157e-19,0.9536177515983582,1.4754204524791703e-09,-0.010990395210683346,1.0656636684203136e-09,5
0.0547274649143219,-3.6627683108747533e-09,0.009191211313009262,-8.044091781567175e-11,0.06256280839443207,-2.340714511106512e-09,0.1302042156457901,0.009813223034143448,-4.4813744382032894e-10,-4.4348877868694014e-12,-4.0501399780623615e-05,-8.462112846378822e-13,0.9426805973052979,2.2666057919451532e-09,-0.011172715574502945,5.776746303531866e-10,5
0.06403972208499908,-3.869341291817818e-09,0.009191254153847694,-2.3126704717935098e-10,0.07214420288801193,-2.778342889087071e-09,0.11835037171840668,0.009352603927254677,-4.2722111959214715e-10,-5.9681907853270655e-12,-5.5323274864349514e-05,0.0,0.9311493039131165,2.630931916769441e-09,-0.011804524809122086,1.8051865557922042e-10,0
0.07368126511573792,-4.439634437858331e-09,0.009191269986331463,-1.3071745075254881e-10,0.08137297630310059,-3.195839592962102e-09,0.12070874124765396,0.010143519379198551,-4.226727301492872e-10,-3.46804746378937e-12,-3.5292734537506476e-05,-8.926292864586127e-13,0.9190320372581482,2.8171887045402855e-09,-0.012362704612314701,2.1541003702996164e-10,16
0.08287244290113449,-4.515047447029019e-09,0.009191211313009262,-3.016576918812852e-11,0.09131857007741928,-3.610255427943798e-09,0.12421297281980515,0.009839830920100212,-4.10003725415109e-10,-4.444471700393304e-12,-4.519649883150123e-05,-8.233909973114073e-13,0.9064158201217651,2.943254306941867e-09,-0.012806584127247334,3.373887974555956e-11,16
0.09241733700037003,-5.2157593799506685e-09,0.009191228076815605,-1.809913469097424e-10,0.10086467862129211,-4.008014364842438e-09,0.11974926292896271,0.009347097016870975,-3.894660705050512e-10,-5.441008320977714e-12,-5.529322152142413e-05,1.3892627634798811e-18,0.8934142589569092,3.176071627919441e-09,-0.013147382065653801,9.001182577073052e-10,13
0.10182623565196991,-5.664424929108236e-09,0.009191211313009262,-8.044091781567175e-11,0.11051778495311737,-4.427643585103169e-09,0.13264229893684387,0.00983654335141182,-4.384110852129197e-10,-4.48782460846231e-12,-4.465052916202694e-05,-8.848503527114637e-13,0.8801179528236389,4.007432163888325e-09,-0.013407538644969463,5.73203984277626e-10,5
0.1111384928226471,-6.0700875437191826e-09,0.009191210381686687,-2.3126350834346e-10,0.12016420811414719,-4.857388269385865e-09,0.11792261153459549,0.009427138604223728,-4.198707215241626e-10,-5.865380663799824e-12,-5.576295734499581e-05,0.0,0.8665978312492371,4.208352333279208e-09,-0.013604585081338882,-1.0232495406548026e-10,0
0.12078003585338593,-7.380856370531319e-09,0.009191226214170456,-1.307151054064093e-10,0.1294679194688797,-5.2832151986592635e-09,0.11859540641307831,0.010029787197709084,-5.612462161685983e-10,-3.835581158240231e-12,-3.5613553336588666e-05,-9.89732384590325e-13,0.852908194065094,5.183844464795584e-09,-0.013753245584666729,7.823755532321286e-10,16
0.1299712061882019,-7.456269379702007e-09,0.009191123768687248,-3.0169169246141436e-11,0.13925626873970032,-5.829737137474922e-09,0.12109550833702087,0.009644575417041779,-5.37977384862387e-10,-6.375960523441471e-12,-5.048325328971259e-05,-7.384576348849758e-13,0.839091420173645,5.580057305110131e-09,-0.01386404037475586,8.61116594697009e-11,13
0.13951611518859863,-9.363348318913722e-09,0.009191228076815605,-1.809959682130824e-10,0.1486322581768036,-6.352501635831231e-09,0.11274006217718124,0.009173615835607052,-5.114665357908166e-10,-7.1454005906579354e-12,-5.426690768217668e-05,-1.3892081695594526e-18,0.8251792788505554,6.275726160964723e-09,-0.013947486877441406,1.0381063786368827e-09,16
0.14892500638961792,-1.0554519924710348e-08,0.009191036224365234,-8.043751775765884e-11,0.15817947685718536,-7.055765305352679e-09,0.1341247409582138,0.009799115359783173,-8.279957275370009e-10,-7.126789609845918e-12,-4.257852924638428e-05,-1.6752025114308289e-12,0.8111956715583801,6.91134527386339e-09,-0.014009896665811539,3.051865982151014e-10,16
0.1582372784614563,-1.2188268172508288e-08,0.00919103529304266,-2.31280911089371e-10,0.16780328750610352,-7.867744677980681e-09,0.11797907948493958,0.0094011090695858,-7.921954758849381e-10,-1.1066536576009867e-11,-5.560888166655786e-05,0.0,0.7971585988998413,7.163612369964767e-09,-0.014056879095733166,1.328701371150487e-09,16
0.16787880659103394,-1.8066643292513618e-08,0.009191137738525867,-1.3072246063394743e-10,0.1770792007446289,-8.738538781472016e-09,0.11852438002824783,0.009972123429179192,-1.73180481066737e-09,-8.703964632372774e-12,-3.5475506592774764e-05,-2.416540275176904e-12,0.7830818295478821,8.049206634552775e-09,-0.014091940596699715,5.223474985882604e-10,5
0.1770699918270111,-1.8142054969416677e-08,0.009191036224365234,-3.016236913011561e-11,0.18680790066719055,-1.0419846319109638e-08,0.12051946669816971,0.009581631980836391,-1.652366909965508e-09,-1.9044614843477525e-11,-5.084271469968371e-05,-2.2253702786773077e-12,0.7689753174781799,8.126206374470257e-09,-0.014117185026407242,-2.8783439520729814e-10,13
0.18661490082740784,-3.0594456745802745e-08,0.009191052988171577,-1.8100793086617273e-10,0.19612374901771545,-1.202512223130725e-08,0.11300001293420792,0.00911593995988369,-1.5707737333059413e-09,-2.1944362993409072e-11,-5.392571983975358e-05,2.7783805635574123e-18,0.7548463940620422,8.903643156088492e-09,-0.01413752045482397,7.449479366705702e-10,18
0.19602379202842712,-3.82761662365283e-08,0.009191036224365234,-8.04511179897105e-11,0.20562271773815155,-1.518154668644911e-08,0.13384093344211578,0.009754803031682968,-4.184281809926915e-09,-3.1993421800713406e-11,-4.2549851059447974e-05,-8.269026088858489e-12,0.7407010197639465,9.130413758384748e-09,-0.014151545241475105,-1.974968799611787e-10,18
0.2053360491991043,-5.3006427691570934e-08,0.00919103529304266,-2.3125969195181284e-10,0.21519820392131805,-1.9279022822615843e-08,0.11802352964878082,0.009354442358016968,-3.995697106518037e-09,-5.581787809738614e-11,-5.5332966439891607e-05,-2.2228238957263825e-17,0.7265432476997375,9.282155488676835e-09,-0.014162063598632812,9.730152239484369e-10,18
0.21497759222984314,-1.0759463719978157e-07,0.009191137738525867,-1.307104841030693e-10,0.22443079948425293,-2.416984301589764e-08,0.11848274618387222,0.009943191893398762,-1.371881896972127e-08,-5.5708489904437997e-11,-3.532979462761432e-05,-1.583666184301613e-11,0.7123761773109436,9.528614342002584e-09,-0.014170478098094463,-3.482339416827074e-10,13
0.2241687774658203,-1.0767005420575515e-07,0.009191036224365234,-3.024396358353165e-11,0.23412925004959106,-3.746686161321122e-08,0.12022875249385834,0.009549603797495365,-1.30568160727762e-08,-1.4846099349874464e-10,-5.095740925753489e-05,-1.7346651892680143e-11,0.6982024312019348,8.45309600094879e-09,-0.014176088385283947,-1.6707205618970988e-09,13
0.23371368646621704,-2.5433820383113925e-07,0.009191052988171577,-1.8106341426182837e-10,0.24341391026973724,-5.014937087821636e-08,0.11312716454267502,0.009085838682949543,-1.241045666233731e-08,-1.7337931090821712e-10,-5.374768443289213e-05,0.0,0.6840237379074097,8.487994307415647e-09,-0.01418099645525217,-1.1664323951166011e-09,16
0.24312257766723633,-3.4462834719306557e-07,0.009191036224365234,-8.02879290828784e-11,0.25288861989974976,-8.240099447220928e-08,0.1337033063173294,0.009733322076499462,-4.5104435741905036e-08,-3.295623496324396e-10,-4.252707731211558e-05,-8.720903860170992e-11,0.6698413491249084,5.852768492076166e-09,-0.014183801598846912,-3.8371279487137144e-09,16
0.2524348497390747,-5.540819074667525e-07,0.00919103529304266,-2.3095074463963527e-10,0.26244065165519714,-1.265428579699801e-07,0.11804483830928802,0.009331012144684792,-4.3034468433233997e-08,-6.011698916452701e-10,-5.519435944734141e-05,-8.891247937302247e-17,0.6556558609008789,1.1014269496456564e-09,-0.014186606742441654,-6.357094406439501e-09,18
0.26207637786865234,-1.3329040484677535e-06,0.009191137738525867,-1.3082797345465025e-10,0.2716507315635681,-1.8304255888779153e-07,0.11568275839090347,0.009921611286699772,-1.8598802853375673e-07,-7.234423060609174e-10,-3.555646617314778e-05,-2.0591757465826532e-10,0.6414682865142822,-8.427338826777486e-09,-0.01418871060013771,-1.2123940074104667e-08,3
0.2712675631046295,-1.3329794228411629e-06,0.009191036224365234,-3.046154647967647e-11,0.28128913044929504,-3.623520115070278e-07,0.11726941168308258,0.009466397576034069,-1.7561202980687085e-07,-2.404964893898409e-09,-5.546769534703344e-05,-3.1917784387713866e-11,0.6273646354675293,-2.343783123137655e-08,-0.01361650601029396,-1.599190291301511e-08,7
0.27991488575935364,-0.0014796584146097302,0.008272073231637478,-2.8518970518476294e-10,0.29049378633499146,-5.330946919457347e-07,0.11325696110725403,0.009007882326841354,-1.670926792485261e-07,-2.3343544874876443e-09,-5.328651241143234e-05,-3.5562416239653743e-16,0.6157787442207336,-3.689585525989969e-08,-0.009575311094522476,-1.0997352362096535e-08,13
0.2881869375705719,-0.0023895527701824903,0.008272073231637478,-0.0,0.29949331283569336,-0.00024190872500184923,0.12988466024398804,0.008983324281871319,-0.000396641407860443,-3.1703182230558014e-06,-4.2749754356918857e-05,-6.309534228421398e-07,0.6086340546607971,-4.502593142774458e-08,-0.005867902189493179,-6.661015294895378e-09,6
0.29654476046562195,-0.0023876086343079805,0.008698421530425549,1.1639303920674138e-05,0.30827298760414124,-0.0006284029805101454,0.1186453253030777,0.008584109134972095,-0.000377604243112728,-5.2751347539015114e-06,-5.077816967968829e-05,-1.0923777073873486e-12,0.6037931442260742,-5.052092788560003e-08,-0.0036765546537935734,-4.173286161091028e-09,7
0.30576515197753906,-0.0023260114248842,0.009343203157186508,9.796978702070192e-05,0.31661856174468994,-0.0009955144487321377,0.11337935924530029,0.008143942803144455,-0.0003582416975405067,-5.004669219488278e-06,-4.817471563001163e-05,1.092279261830087e-12,0.601219654083252,-5.344221776226732e-08,-0.0018379268003627658,-2.0866701699873147e-09,6
0.3147850036621094,-0.002415337134152651,0.01019606925547123,0.00010462070349603891,0.3245103061199188,-0.001342661096714437,0.11262545734643936,0.007686466909945011,-0.0003381177957635373,-4.723417077912018e-06,-4.546740819932893e-05,1.456243437468474e-12,0.6026557087898254,-2.8471726182033308e-05,0.0031387105118483305,-3.938377631129697e-05,17
0.32442447543144226,-0.0027590924873948097,0.009823896922171116,-0.0003763309505302459,0.3435373306274414,-0.0017220688750967383,0.1579708456993103,0.06499936431646347,-0.0005630375235341489,-1.0779707508845604e-06,7.843912499083672e-06,-0.0008415551856160164,0.6065637469291687,-6.136124284239486e-05,0.0045334589667618275,-2.41297220782144e-05,13
0.333131343126297,-0.0031581379007548094,0.00859008077532053,-0.00033252761932089925,0.4066881835460663,-0.0021090370137244463,0.3393065333366394,0.06169156730175018,-0.0002464978024363518,-1.0779707508845604e-06,7.843912499083672e-06,-0.0008415551856160164,0.6102991700172424,-0.0008464665152132511,0.0014533319044858217,-4.485748831939418e-06,6
0.34076127409935,-0.0034526267554610968,0.007116443943232298,-0.0005605403566733003,0.4667157530784607,-0.0021926851477473974,0.43479984998703003,0.05871148779988289,4.598042505676858e-05,-1.0779707508845604e-06,7.843912499083672e-06,-0.0008415551856160164,0.6110159754753113,-0.0012419447302818298,0.0006117777084000409,-0.00016584343393333256,18
0.3473972678184509,-0.004155858885496855,0.006101762410253286,-0.0006469813524745405,0.5239211916923523,-0.0019970061257481575,0.4481862783432007,0.056012120097875595,0.0003146396193187684,-1.0779707508845604e-06,7.843912499083672e-06,-0.0008415551856160164,0.611632764339447,-0.0015491534722968936,0.0006112277042120695,-0.00016584240074735135,18
0.3537406921386719,-0.004798519890755415,0.006905023008584976,-0.0006188972620293498,0.5785632133483887,-0.0015453745145350695,0.38251885771751404,0.05355480685830116,0.0005603634053841233,-1.0779707508845604e-06,7.843912499083672e-06,-0.0008415551856160164,0.6121155619621277,-0.0016218391247093678,0.00044418341713026166,0.000125356629723683,5
0.36148202419281006,-0.005270322784781456,0.008394788019359112,-0.00031274615321308374,0.604243814945221,-0.006229042075574398,0.42400410771369934,-0.01482973899692297,-0.012642273679375648,6.139201286714524e-05,-3.0164073905325495e-05,-0.0028104668017476797,0.6126522421836853,-0.0015399615513160825,0.0007419025059789419,0.00026860946672968566,3
0.3705105781555176,-0.005297382362186909,0.009188231080770493,0.0001504126121290028,0.5897365808486938,-0.01877264305949211,0.6632711887359619,-0.014251514337956905,-0.01246553473174572,6.139201286714524e-05,-3.0164073905325495e-05,-0.0028104668017476797,0.613394021987915,-0.0012713525211438537,0.0007419025059789419,0.00026860946672968566,18
0.3797000050544739,-0.005181434564292431,0.009190334938466549,8.774930029176176e-05,0.5757795572280884,-0.031148942187428474,0.8238989114761353,-0.01372294407337904,-0.012305701151490211,6.139201286714524e-05,-3.0164073905325495e-05,-0.0028104668017476797,0.6141358017921448,-0.0010027438402175903,0.0007419025059789419,0.00026860859361477196,6
0.38889074325561523,-0.005128159187734127,0.009191036224365234,2.5071738491533324e-05,0.562326967716217,-0.0433739498257637,0.9061473608016968,-0.013237467035651207,-0.012161176651716232,6.139201286714524e-05,-3.0164073905325495e-05,-0.0028104668017476797,0.6148033738136292,-0.0007609949680045247,0.0005560762947425246,0.00020145888265687972,6
0.3980819284915924,-0.005120711401104927,0.00919138640165329,4.5131268961995374e-06,0.5493388175964355,-0.055462196469306946,0.9104158878326416,-0.012789265252649784,-0.012030557729303837,6.139201286714524e-05,-3.0164073905325495e-05,-0.0028104668017476797,0.6160424947738647,-0.0008208914077840745,0.0026758979074656963,-0.00029577469103969634,18
0.4072731137275696,-0.005117576103657484,0.00919138640165329,2.0070224309165496e-06,0.536780834197998,-0.0674269050359726,0.8372485041618347,-0.012373233214020729,-0.011912661604583263,6.139201286714524e-05,-3.0164073905325495e-05,-0.0028104668017476797,0.6197326183319092,-0.0011384092504158616,0.004326595924794674,-0.0002956730895675719,11
0.416464239358902,-0.005116804502904415,0.009191036224365234,2.210220060305801e-07,0.5246232748031616,-0.07928025722503662,0.6873385310173035,-0.01198496576398611,-0.011806522496044636,6.139201286714524e-05,-3.0164073905325495e-05,-0.0028104668017476797,0.6248307228088379,-0.00136019557248801,0.005747991614043713,-0.00018897470727097243,4
0.42565542459487915,-0.005116639658808708,0.009191036224365234,1.1764074514530876e-07,0.5128404498100281,-0.09103358536958694,0.4615333080291748,-0.011620724573731422,-0.011711403727531433,6.139201286714524e-05,-3.0164073905325495e-05,-0.0028104668017476797,0.6313725709915161,-0.0015569186070933938,0.007170789409428835,-0.0001974492915906012,18
0.4348466098308563,-0.005116574466228485,0.009191036224365234,2.1389226390056137e-08,0.501410186290741,-0.10269759595394135,0.1608361005783081,-0.011277389712631702,-0.011626777239143848,6.139201286714524e-05,-3.0164073905325495e-05,-0.0028104668017476797,0.6392567157745361,-0.0017443349352106452,0.008442822843790054,-0.00017425447003915906,3
0.4440377652645111,-0.005116566084325314,0.00919138640165329,7.1297421300187125e-09,0.49222704768180847,-0.11235447227954865,0.25668561458587646,-0.008603348396718502,-0.009140356443822384,3.427521005505696e-05,-1.877972681540996e-05,-0.002415142022073269,0.6482962369918823,-0.0019439862808212638,0.009492565877735615,-0.00022795390395913273,3
0.4532289505004883,-0.005116561893373728,0.00919138640165329,-0.0,0.48373833298683167,-0.1214422807097435,0.3550402820110321,-0.008397472091019154,-0.009046027436852455,3.427521005505696e-05,-1.877972681540996e-05,-0.002415142022073269,0.6583058834075928,-0.002214412670582533,0.01040907483547926,-0.0003017110866494477,7
0.46242013573646545,-0.005116560962051153,0.009191036224365234,-0.0,0.47544699907302856,-0.13043980300426483,0.35990187525749207,-0.008206458762288094,-0.00895879976451397,3.427521005505696e-05,-1.877972681540996e-05,-0.002415142022073269,0.6690316796302795,-0.002556686056777835,0.010787739418447018,-0.00039091307553462684,6
0.47161129117012024,-0.0051165614277124405,0.009191036224365234,-0.0,0.4673401415348053,-0.1393534392118454,0.2723274230957031,-0.008026819676160812,-0.008877494372427464,3.427521005505696e-05,-1.877972681540996e-05,-0.002415142022073269,0.6800745725631714,-0.0030231899581849575,0.011345217935740948,-0.0005282764905132353,16
0.4808024764060974,-0.0051165614277124405,0.009191036224365234,-0.0,0.4594208002090454,-0.1481751948595047,0.09343922138214111,-0.007728250697255135,-0.008667157962918282,3.0261813662946224e-05,-1.7156198737211525e-05,-0.002348004374653101,0.6917485594749451,-0.003629530081525445,0.011931447312235832,-0.0006589129334315658,4
0.4899936616420746,-0.005116561893373728,0.009191036224365234,-0.0,0.4527563154697418,-0.155780628323555,0.20182636380195618,-0.006605728063732386,-0.007567552383989096,3.793417363340268e-06,-6.391712304321118e-06,-0.0019024854991585016,0.7039728760719299,-0.004370425827801228,0.012439839541912079,-0.000831499055493623,7
0.49918484687805176,-0.005116561893373728,0.009191036224365234,-0.0,0.44621214270591736,-0.16331113874912262,0.19572821259498596,-0.006494494620710611,-0.007500424049794674,3.793417363340268e-06,-6.391712304321118e-06,-0.0019024854991585016,0.7166270017623901,-0.005331974942237139,0.012812193483114243,-0.0010661673732101917,16
0.5083760619163513,-0.005116561893373728,0.00919138640165329,-0.0,0.4398338794708252,-0.17071527242660522,0.11846068501472473,-0.005916140042245388,-0.006939863786101341,-2.3467695427825674e-05,4.638631708075991e-06,-0.001395421801134944,0.7295982241630554,-0.0065068937838077545,0.013085673563182354,-0.0012725164415314794,1
0.5175672173500061,-0.005116562359035015,0.00919138640165329,-0.0,0.43406763672828674,-0.1775069534778595,0.14793148636817932,-0.005725150462239981,-0.0067579131573438644,-3.023121644218918e-05,7.396016371785663e-06,-0.0012616058811545372,0.7427849769592285,-0.007934398017823696,0.013257475569844246,-0.0015517313731834292,11
0.5267583727836609,-0.005116562359035015,0.009191036224365234,-0.0,0.4284857213497162,-0.18412120640277863,0.1226746216416359,-0.005338016897439957,-0.00635567307472229,-6.767457671230659e-05,2.276426130265463e-05,-0.00047453196020796895,0.7561075091362,-0.00962745025753975,0.013366867788136005,-0.001803974504582584,5
0.5359495878219604,-0.005116562359035015,0.009191036224365234,-0.0,0.4232877194881439,-0.19031770527362823,0.11365857720375061,-0.005080054514110088,-0.006057932507246733,-8.462002733722329e-05,3.004707832587883e-05,0.0,0.7694958448410034,-0.011606818996369839,0.013397020287811756,-0.0021222534123808146,7
0.5451407432556152,-0.005116562359035015,0.009191036224365234,-0.0,0.4154459238052368,-0.19185508787631989,0.20824936032295227,-0.019318565726280212,0.015974771231412888,-6.937267608009279e-05,-2.833802682289388e-05,-0.0017429686849936843,0.7828899621963501,-0.01389138400554657,0.013385099358856678,-0.0024169113021343946,13
0.5543319582939148,-0.005116562824696302,0.00919138640165329,-3.5648710650093562e-09,0.396329402923584,-0.17624901235103607,0.66057950258255,-0.018955642357468605,0.015314243733882904,-6.937267608009279e-05,-2.833802682289388e-05,-0.0017429686849936843,0.7961586713790894,-0.015600697137415409,0.012807986699044704,-0.0007675880333408713,18
0.5635231137275696,-0.005116562824696302,0.00919138640165329,-0.0,0.3775597810745239,-0.16126872599124908,1.0470616817474365,-0.01862163282930851,0.014715924859046936,-6.937267608009279e-05,-2.833802682289388e-05,-0.0017429686849936843,0.8079020380973816,-0.014882995747029781,0.011247746646404266,0.002080772537738085,6
0.5718788504600525,-0.005116562824696302,0.007335578557103872,-0.0,0.3591092526912689,-0.14685550332069397,1.3665519952774048,-0.018314430490136147,0.014173425734043121,-6.937267608009279e-05,-2.833802682289388e-05,-0.0017429686849936843,0.8187794089317322,-0.012010196223855019,0.010416788049042225,0.0034117670729756355,3
0.5796357989311218,-0.00511656329035759,0.00839969702064991,-0.0,0.34095215797424316,-0.1329568475484848,1.61814546585083,-0.01803196221590042,0.013680882751941681,-6.937267608009279e-05,-2.833802682289388e-05,-0.0017429686849936843,0.827713668346405,-0.007810660172253847,0.007021427154541016,0.004745485261082649,5
0.5888757705688477,-0.00511656329035759,0.008864963427186012,-0.0,0.32306480407714844,-0.11952579021453857,1.8011603355407715,-0.01777227595448494,0.013232961297035217,-6.937267608009279e-05,-2.833802682289388e-05,-0.0017429686849936843,0.8336176872253418,-0.002899337559938431,0.005255727097392082,0.004687598906457424,12
0.595916748046875,-0.005116563756018877,0.005825127009302378,-0.0,0.3054255545139313,-0.1065203994512558,1.9151272773742676,-0.017533522099256516,0.012824825942516327,-6.937267608009279e-05,-2.833802682289388e-05,-0.0017429686849936843,0.8363283276557922,0.001360144466161728,0.0003884820325765759,0.004415377974510193,8
0.5998377203941345,-0.005116563756018877,0.0024332720786333084,-0.0,0.28801432251930237,-0.09390328824520111,1.9597797393798828,-0.017314007505774498,0.012452145107090473,-6.937267608009279e-05,-2.833802682289388e-05,-0.0017429686849936843,0.8349418044090271,0.005606775172054768,-0.002293025841936469,0.004066334571689367,3
0.6013646125793457,-0.005116563756018877,0.0003267737047281116,-0.0,0.2708127200603485,-0.08164120465517044,1.9350450038909912,-0.01711220107972622,0.012111064977943897,-6.937267608009279e-05,-2.833802682289388e-05,-0.0017429686849936843,0.8312983512878418,0.00913174357265234,-0.005313929170370102,0.002961039077490568,6
0.6014951467514038,-0.005116563756018877,0.0,-0.0,0.2538038492202759,-0.06970442831516266,1.8410378694534302,-0.01692674681544304,0.011798196472227573,-6.937267608009279e-05,-2.833802682289388e-05,-0.0017429686849936843,0.824838399887085,0.011802108958363533,-0.00718972273170948,0.002491973340511322,9
0.6014951467514038,-0.005116563756018877,0.0,-0.0,0.23697195947170258,-0.05806638300418854,1.6780564785003662,-0.016756469383835793,0.011510591022670269,-6.937267608009279e-05,-2.833802682289388e-05,-0.0017429686849936843,0.8176771998405457,0.014086036011576653,-0.006827186327427626,0.0020666983909904957,6
0.6014951467514038,-0.005116563756018877,0.0,-0.0,0.22030243277549744,-0.04670324921607971,1.4465752840042114,-0.016600387170910835,0.011245723813772202,-6.937267608009279e-05,-2.833802682289388e-05,-0.0017429686849936843,0.8107303977012634,0.01595693826675415,-0.007021427154541016,0.0017048639710992575,3
0.6014951467514038,-0.005116563756018877,0.0,-0.0,0.2037815898656845,-0.03559347987174988,1.1472419500350952,-0.01645771414041519,0.01100147608667612,-6.937267608009279e-05,-2.833802682289388e-05,-0.0017429686849936843,0.8039880394935608,0.01738644577562809,-0.0064204721711575985,0.001196299446746707,3
0.6017052531242371,-0.005116563756018877,0.000525222101714462,-0.0,0.1873963177204132,-0.024717461317777634,0.7808712124824524,-0.016327839344739914,0.010776092298328876,-6.937267608009279e-05,-2.833802682289388e-05,-0.0017429686849936843,0.8000028133392334,0.01810702309012413,-0.0019066473469138145,0.0003447943308856338,6
0.6022304892539978,-0.005116563756018877,0.000525222101714462,-0.0,0.1711340993642807,-0.014057129621505737,0.3484387993812561,-0.01621030457317829,0.010568141005933285,-6.937267608009279e-05,-2.833802682289388e-05,-0.0017429686849936843,0.7992291450500488,0.018246915191411972,-0.00019424101628828794,3.5106852010358125e-05,11
0.6024332642555237,-0.0054836999624967575,-0.000735591456759721,-0.0014354060404002666,0.15711438655853271,-0.005154845304787159,0.2536996901035309,-0.011834842152893543,0.007263882551342249,-4.795024142367765e-05,-1.5852532669669017e-05,-0.0016221128171309829,0.7996405363082886,0.017805982381105423,0.001591093372553587,-0.0015842572320252657,3
0.6022041440010071,-0.0066681005991995335,0.001370205543935299,-0.0004956953343935311,0.14535072445869446,0.0020271565299481153,0.4697255790233612,-0.011707083322107792,0.007117489818483591,-4.795024142367765e-05,-1.5852532669669017e-05,-0.0016221128171309829,0.8018283247947693,0.015868742018938065,0.00269763614051044,-0.0022101630456745625,5
0.6056728363037109,-0.006734592840075493,0.004320284817367792,2.0120132830925286e-05,0.1337091028690338,0.009071244858205318,0.5913739800453186,-0.011589457280933857,0.0069860429503023624,-4.795024142367765e-05,-1.5852532669669017e-05,-0.0016221128171309829,0.8052345514297485,0.013395902700722218,0.00399070605635643,-0.002680569188669324,7
0.6108455061912537,-0.0067221419885754585,0.005856682080775499,2.7663400032906793e-06,0.12218038737773895,0.015990745276212692,0.6195957660675049,-0.009005919098854065,-0.003919057548046112,-1.475792123528663e-05,-1.564172089274507e-05,-0.0008111490169540048,0.8098223209381104,0.010372990742325783,0.00507691316306591,-0.00328370975330472,6
0.6175326108932495,-0.00671955943107605,0.0073439935222268105,2.2529984562424943e-06,0.11322223395109177,0.012087017297744751,0.6369062066078186,-0.008919849991798401,-0.00389107852242887,-1.475792123528663e-05,-1.564172089274507e-05,-0.0008111490169540048,0.8153938055038452,0.006855923216789961,0.0057732355780899525,-0.0035818754695355892,18
0.6256173849105835,-0.006718006916344166,0.008663710206747055,8.626988119431189e-07,0.10434779524803162,0.008211789652705193,0.5569284558296204,-0.008837662637233734,-0.0038620487321168184,-1.475792123528663e-05,-1.564172089274507e-05,-0.0008111490169540048,0.8204268217086792,0.0037831610534340143,0.00442336592823267,-0.002663525752723217,18
