lt_dp_posx,lt_dp_posy,lt_dp_velx,lt_dp_vely,ball_posx,ball_posy,ball_posz,ball_vel_x,ball_vel_y,ball_rot_x,ball_rot_y,ball_rot_z,rt_gk_posx,rt_gk_posy,rt_gk_velx,rt_gk_vely,action_left,action_top_left,action_top,action_top_right,action_right,action_bottom_right,action_bottom,action_bottom_left,action_sprint,action_dribble,sel_action
-1.0110293626785278,-0.0,0.0,-0.0,0.019999999552965164,-0.0,0.11061639338731766,0.0,-0.0,0.0,-0.0,0.0,1.0110293626785278,0.0,-0.0,0.0,5
0.0022227545268833637,2.2929655396630721e-10,0.003935635089874268,2.4066337811490257e-10,0.019999999552965164,-0.0,0.11059734225273132,0.0,-0.0,0.0,-0.0,0.0,1.0085934400558472,-1.8159612702461914e-11,-0.003884820267558098,-2.5443416470927183e-11,5
0.005492288153618574,-1.002862792809367e-09,0.0055781081318855286,-3.5028452360919005e-10,0.019999999552965164,-0.0,0.10930104553699493,0.0,-0.0,0.0,-0.0,0.0,1.0038305521011353,-3.946894894246711e-11,-0.0054703038185834885,-1.5790851265462535e-11,13
0.011258020997047424,-1.7349559566781636e-09,0.007097138091921806,-1.4400559911198485e-10,0.025691552087664604,4.666567479660877e-11,0.11982817947864532,0.007935377769172192,6.553727005531584e-11,7.881643471555067e-13,-2.8185742849018425e-05,1.0509669035648622e-13,0.9975366592407227,1.5499701522259102e-10,-0.006950602866709232,6.567814070379541e-10,16
0.01913214847445488,-1.8623836917086578e-09,0.008518051356077194,-4.992004587478505e-10,0.033334169536828995,1.1015234557820719e-10,0.10874872654676437,0.007443141657859087,6.189120049793218e-11,8.646267837982002e-13,-4.402924605528824e-05,8.679496307593815e-20,0.989837646484375,7.025668935511931e-10,-0.008285746909677982,4.2765832541924453e-10,13
0.02826753258705139,-2.2628934281954116e-09,0.009344364516437054,-1.4975792828053613e-10,0.04053959995508194,1.7006689112530893e-10,0.11106738448143005,0.007011249661445618,5.829994126349547e-11,8.144280605817955e-13,-4.1472987504675984e-05,-8.678833916868919e-20,0.9809144139289856,9.417313595605492e-10,-0.009325672872364521,7.258075390703667e-11,18
0.03761189803481102,-2.0823018864746246e-09,0.009344386868178844,4.50878473445826e-10,0.047318074852228165,2.264312487509912e-10,0.11036119610071182,0.006590736098587513,5.480327650020378e-11,7.655920710759878e-13,-3.898613067576662e-05,0.0,0.971478283405304,1.1397018884196086e-09,-0.00973448995500803,1.8980585159145136e-10,18
0.046408385038375854,-2.4485893312942153e-09,0.009191141463816166,-5.996361185367505e-10,0.0536840483546257,2.793655584643062e-10,0.11113974452018738,0.006184297613799572,5.142366740762405e-11,7.183677480995798e-13,-3.65813284588512e-05,0.0,0.961243748664856,1.2775789315355723e-09,-0.010619443841278553,9.021172697742941e-11,5
0.05548911169171333,-2.729599657413928e-09,0.009191167540848255,-2.2486128237186875e-10,0.06288012862205505,-2.400175613814781e-10,0.12985756993293762,0.009819586761295795,-6.504026761611215e-10,-4.859316074523612e-12,-4.144199556321837e-05,-1.4801348081211474e-12,0.9503563046455383,1.4418601868015912e-09,-0.010805971920490265,2.362231521502167e-10,18
0.0648190900683403,-3.0884470536562958e-09,0.009191181510686874,-2.111568142559861e-10,0.07243544608354568,-8.707379262062886e-10,0.11868171393871307,0.009330241940915585,-6.150225329015768e-10,-8.591960476422855e-12,-5.5192416766658425e-05,-1.389257490203476e-18,0.9392877221107483,1.6068097963284345e-09,-0.011376773938536644,1.1269411792635964e-10,0
0.07424911856651306,-3.5660823183292223e-09,0.009191123768687248,-1.1060668353435332e-10,0.0818668007850647,-1.4645776813537736e-09,0.1295962780714035,0.010049599222838879,-5.701557004300639e-10,-5.3565086394202766e-12,-3.9874012145446613e-05,-1.37245488411597e-12,0.9275738596916199,1.6562254900875928e-09,-0.011977027170360088,6.0083354957996e-11,18
0.08344029635190964,-3.6213854137656654e-09,0.009191211313009262,-1.0056389748713812e-11,0.09178996086120605,-2.0275623402454812e-09,0.11329358071088791,0.009771052747964859,-5.54362999949376e-10,-6.6610163565461455e-12,-4.966718188370578e-05,-8.966187167724904e-13,0.9152939915657043,1.8322326988950977e-09,-0.012507859617471695,1.766650575829587e-10,18
0.09307796508073807,-4.7637453981508315e-09,0.009191148914396763,-1.6088279319870225e-10,0.1012742817401886,-2.565665235820802e-09,0.11333652585744858,0.009293124079704285,-5.272563496916405e-10,-7.366052212631757e-12,-5.497433812706731e-05,-1.3892457028797472e-18,0.9025512933731079,1.9077699420222416e-09,-0.01291878055781126,-1.6707952729677622e-11,18
0.10239410400390625,-5.131331803909234e-09,0.009191211313009262,-6.032813831824413e-11,0.11105363816022873,-3.1421103496853675e-09,0.13134798407554626,0.009812886826694012,-5.831647387211092e-10,-6.1804532845710636e-12,-4.61364361399319e-05,-1.1742014695628744e-12,0.8894527554512024,2.4465720560584714e-09,-0.013232932426035404,9.814022927656652e-10,5
0.11179530620574951,-6.0086375874846e-09,0.009191148914396763,-2.1115194315246555e-10,0.12063352763652802,-3.7111367312547827e-09,0.12177181988954544,0.009364115074276924,-5.561245908225487e-10,-7.769051027506357e-12,-5.5392109061358497e-05,-1.3892680367562861e-18,0.8760826587677002,3.1250444454400395e-09,-0.013472052291035652,3.809869086879303e-10,0
0.12134790420532227,-7.449203476284083e-09,0.009191211313009262,-1.1061348365037915e-10,0.13006798923015594,-4.316824675498765e-09,0.12717139720916748,0.009909938089549541,-7.383067490707163e-10,-6.152371147261082e-12,-4.0672097384231165e-05,-1.5607133641015736e-12,0.8625065684318542,3.4892098099703617e-09,-0.013653671368956566,1.1440588476574476e-09,5
0.13053907454013824,-7.504506349675921e-09,0.009191211313009262,-1.0056389748713812e-11,0.1397995501756668,-5.040825978852581e-09,0.10971716791391373,0.009557281620800495,-7.103113652817683e-10,-9.787355821633259e-12,-5.5981996410991997e-05,-1.211803010367496e-13,0.8487749099731445,4.377610718364622e-09,-0.013789709657430649,5.727892604667773e-10,16
0.14017674326896667,-1.0718709475554533e-08,0.009191148914396763,-1.6087857435120867e-10,0.1490945965051651,-5.731596086633317e-09,0.11257560551166534,0.009082550182938576,-6.749785175230727e-10,-9.429023534179848e-12,-5.3724172175861895e-05,2.0837694994412676e-18,0.8349264860153198,4.574654877131934e-09,-0.013892089948058128,-1.1198017513258662e-10,0
0.14949288964271545,-1.1666110744101843e-08,0.009191211313009262,-6.032473826023121e-11,0.15878832340240479,-6.756474046909489e-09,0.13265395164489746,0.00977813359349966,-1.1027407875729978e-09,-9.714832237273097e-12,-4.3342533899703994e-05,-2.2745052369321783e-12,0.8209907412528992,5.551189286023828e-09,-0.01396852359175682,8.120245587051045e-10,18
0.15889409184455872,-1.5330728686535622e-08,0.009191323071718216,-2.111550656547223e-10,0.1683354526758194,-7.83117037883585e-09,0.12190583348274231,0.009327796287834644,-1.0491532087542055e-09,-1.4656650892952428e-11,-5.517725367099047e-05,4.1677697822734375e-18,0.8069894313812256,5.955178128402849e-09,-0.01402532309293747,6.915042843891328e-11,0
0.16844668984413147,-2.1567625907437105e-08,0.009191211313009262,-1.1061348365037915e-10,0.17772646248340607,-9.233629860716519e-09,0.12697429955005646,0.009845808148384094,-2.250669206560474e-09,-1.5841701214713844e-11,-4.052622534800321e-05,-4.363264090312402e-12,0.7929392457008362,6.496205351425033e-09,-0.014068800024688244,1.068520272262674e-09,16
0.17763786017894745,-2.1622927448561313e-08,0.009191211313009262,-1.0049590500049721e-11,0.18738994002342224,-1.1436362967742753e-08,0.10896318405866623,0.009487095288932323,-2.1583552722859167e-09,-3.017828348328422e-11,-5.614900874206796e-05,0.0,0.778852641582489,7.100123156078553e-09,-0.014100355096161366,2.2315121972482643e-10,5
0.18727552890777588,-4.1700999986460374e-08,0.009191148914396763,-1.6090441479210682e-10,0.19661939144134521,-1.3536107346112658e-08,0.11255209892988205,0.009019378572702408,-2.0519614896130633e-09,-2.8664641840703275e-11,-5.335058449418284e-05,0.0,0.7647386789321899,7.058201134668707e-09,-0.014124196954071522,1.3899983386522763e-09,0
0.19659167528152466,-4.736782699410469e-08,0.009191211313009262,-6.032473826023121e-11,0.20626148581504822,-1.8288313086145536e-08,0.13225653767585754,0.00972528476268053,-5.371727507252899e-09,-4.338963563443876e-11,-4.349039591033943e-05,-1.0747153167400825e-11,0.7506043314933777,7.858073303168567e-09,-0.014142429456114769,3.1658928256739216e-10,18
0.20599287748336792,-7.898060516708938e-08,0.009191323071718216,-2.111028574169893e-10,0.21575474739074707,-2.3517731762012772e-08,0.12200718373060226,0.009276563301682472,-5.104824563062493e-09,-7.131430862505894e-11,-5.4874199122423306e-05,0.0,0.7364548444747925,7.583099481678346e-09,-0.014155051670968533,-7.59274421113787e-10,13
0.21554547548294067,-1.3330995329852158e-07,0.009191211313009262,-1.1074947209310793e-10,0.22510144114494324,-3.212511145989083e-08,0.12686999142169952,0.009813455864787102,-1.6840964178754803e-08,-1.067450919323143e-10,-4.0380564314546064e-05,-3.0666632427900353e-11,0.7222939729690552,7.858496964274764e-09,-0.014164868742227554,2.9354593755748226e-10,16
0.22473664581775665,-1.333652335233637e-07,0.009191211313009262,-1.0008793273341698e-11,0.23473036289215088,-4.858970470422719e-08,0.1085849404335022,0.009451333433389664,-1.6122172041832528e-08,-2.2542104294309695e-10,-5.593462265096605e-05,4.445752016209947e-17,0.7081246972084045,7.202499929803707e-09,-0.01417258195579052,-1.4331477116158453e-09,13
0.23437431454658508,-3.5721870972338365e-07,0.009191148914396763,-1.6090659360479265e-10,0.24392534792423248,-6.427467980074653e-08,0.11254057288169861,0.008986196480691433,-1.5328858182783733e-08,-2.14134848741665e-10,-5.31543446413707e-05,4.4452801923885465e-17,0.6939493417739868,4.714831636221106e-09,-0.014177490957081318,-3.5555489663607887e-09,18
0.24369044601917267,-4.199129648441158e-07,0.009191211313009262,-6.04879271670633e-11,0.2535419464111328,-1.1154062917739793e-07,0.1320638507604599,0.009699787944555283,-5.464557872869591e-08,-4.2674200284587016e-10,-4.3547832319745794e-05,-1.0699785502055192e-10,0.6797693967819214,-5.0604923029773374e-11,-0.014181697741150856,-5.755477872071424e-09,18
0.2530916631221771,-8.500296075908409e-07,0.009191323071718216,-2.1173385267303502e-10,0.2630087435245514,-1.64711551065011e-07,0.1220557913184166,0.009250661358237267,-5.1898673802952544e-08,-7.250236522260423e-10,-5.472099292092025e-05,8.891085809902187e-17,0.665585994720459,-7.016374148349769e-09,-0.014184502884745598,-7.956079350890377e-09,12
0.2626442611217499,-1.5900933476586943e-06,0.009191211313009262,-1.1140222078154238e-10,0.2723287343978882,-2.6610044301378366e-07,0.12403806298971176,0.009776036255061626,-2.1685580975372432e-07,-1.4198721087765875e-09,-4.1281997255282477e-05,-3.976156626173122e-10,0.6513997912406921,-1.8448316652097674e-08,-0.014186606742441654,-1.5389634455686974e-08,18
0.27183544635772705,-1.5901487131486647e-06,0.009191211313009262,-1.0443958198269598e-11,0.2818859815597534,-4.772142006004287e-07,0.10556340217590332,0.009367993101477623,-2.0661592259330064e-07,-2.886564764992272e-09,-5.541784776141867e-05,0.0,0.6372116804122925,-3.878298215909126e-08,-0.014189411886036396,-2.4380794272360617e-08,6
0.2814731001853943,-4.356280442152638e-06,0.009191148914396763,-1.6069770514270942e-10,0.2910000681877136,-6.78230037465255e-07,0.1125287339091301,0.008907529525458813,-1.964601921145004e-07,-2.74443312520134e-09,-5.268907989375293e-05,7.112325488044322e-16,0.6230222582817078,-7.201197860240427e-08,-0.014189411886036396,-4.608935100236522e-08,17
0.29078924655914307,-5.130442787049105e-06,0.009191211313009262,-6.266374918961759e-11,0.30060309171676636,-1.268865162273869e-06,0.13205985724925995,0.00970183964818716,-6.816288760091993e-07,-5.318963935962984e-09,-4.339741281000897e-05,-1.3456327163652304e-09,0.6088317036628723,-1.365541208997456e-07,-0.014190814457833767,-7.964040094066149e-08,7
0.29999327659606934,-0.0008405244443565607,0.0082723218947649,-5.703794103695259e-10,0.3100713789463043,-1.93207210941182e-06,0.12204530835151672,0.009251780807971954,-6.473178473243024e-07,-9.043019666421515e-09,-5.4727606766391546e-05,1.4225742589799419e-15,0.5946686267852783,-2.340861442462483e-07,-0.013910321518778801,-1.075675513106944e-07,7
0.3087489604949951,-0.0022780473809689283,0.008272073231637478,-1.7824355325046781e-09,0.3192026913166046,-0.00011781760986195877,0.12513935565948486,0.00915479939430952,-0.0003812722279690206,-2.2077990706748096e-06,-3.949415258830413e-05,-5.475144462252501e-07,0.5826759934425354,-3.2653497328283265e-07,-0.010087911039590836,-7.7504616058377e-08,8
0.3170210123062134,-0.0022780473809689283,0.008271722123026848,-0.0,0.32815343141555786,-0.0004887067480012774,0.11362626403570175,0.00876444298774004,-0.00036257324973121285,-5.064660399511922e-06,-5.1839902880601585e-05,3.6413978928527546e-13,0.5751587152481079,-3.841161628770351e-07,-0.00622132234275341,-4.760138594406271e-08,6
0.32639825344085693,-0.0020806402899324894,0.009387264028191566,-6.335756097541889e-06,0.33667847514152527,-0.0008413781761191785,0.11439115554094315,0.008320081979036331,-0.0003441905719228089,-4.80823109683115e-06,-4.921520667267032e-05,0.0,0.5700986981391907,-4.228310501730448e-07,-0.0036765546537935734,-2.8129061746540174e-08,15
0.3365545868873596,-0.0020899218507111073,0.00914054736495018,-0.0004616436781361699,0.35617825388908386,-0.0012363919522613287,0.18038997054100037,0.06484798341989517,-0.0006182286306284368,-1.7596657926333137e-05,2.2657088720734464e-06,-0.0007446659728884697,0.5673413872718811,-4.439280303358828e-07,-0.0018382773268967867,-1.4064530873270087e-08,15
0.34500473737716675,-0.0025957690086215734,0.008580263704061508,-0.0004275136161595583,0.4191887676715851,-0.0017103180289268494,0.4519413113594055,0.061559759080410004,-0.00035753060365095735,-1.7596657926333137e-05,2.2657088720734464e-06,-0.0007446659728884697,0.5669615864753723,-0.00087741733295843,1.480015399124568e-08,3.5648711760316587e-10,6
0.35262584686279297,-0.0029746254440397024,0.007100666407495737,-0.0006391849601641297,0.47909337282180786,-0.0019298047991469502,0.6197675466537476,0.05859510600566864,-0.00010830106475623325,-1.7596657926333137e-05,2.2657088720734464e-06,-0.0007446659728884697,0.5669348835945129,-0.001970425946637988,1.2241584101957415e-07,4.277845577771444e-10,0
0.3592425286769867,-0.0037511701229959726,0.006083881016820669,-0.000714393041562289,0.5361887216567993,-0.0019065489759668708,0.6892435550689697,0.05590657517313957,0.00012911755766253918,-1.7596657926333137e-05,2.2657088720734464e-06,-0.0007446659728884697,0.5672637224197388,-0.0019914654549211264,2.6638565486791776e-07,-1.3479668492522023e-09,6
0.365444153547287,-0.0041675567626953125,0.00639768224209547,0.0002986292529385537,0.5650883913040161,-0.001861215103417635,0.8505751490592957,0.0026465794071555138,-0.000107276086055208,-8.640167834528256e-06,-1.7652581618676777e-06,-0.00037151179276406765,0.5674562454223633,-0.002003780798986554,-0.0,0.0,18
0.3723757863044739,-0.003214586526155472,0.007513691205531359,0.0010214531794190407,0.567728579044342,-0.0019684447906911373,1.1000280380249023,0.0026354731526225805,-0.00010715277312556282,-8.640167834528256e-06,-1.7652581618676777e-06,-0.00037151179276406765,0.5674562454223633,-0.002003780798986554,-0.0,0.0,13
0.3807131350040436,-0.002412948524579406,0.008973304182291031,0.0005922997952438891,0.5703594088554382,-0.002075451659038663,1.2506403923034668,0.002627349691465497,-0.0001068785204552114,-8.640167834528256e-06,-1.7652581618676777e-06,-0.00037151179276406765,0.5682491660118103,-0.002005472080782056,0.0020111307967454195,-7.669819751754403e-06,6
0.38988327980041504,-0.0021357268560677767,0.009190686047077179,5.8039666328113526e-05,0.5729833245277405,-0.00218216679058969,1.3028801679611206,0.002621297026053071,-0.00010657883831299841,-8.640167834528256e-06,-1.7652581618676777e-06,-0.00037151179276406765,0.5708202123641968,-0.002024624263867736,0.0015413060318678617,-1.3501949069905095e-05,6
0.3990741968154907,-0.002090987516567111,0.009191036224365234,3.3857362723210827e-05,0.5756013989448547,-0.002288548741489649,1.2570202350616455,0.0026153032667934895,-0.0001061941366060637,-8.640167834528256e-06,-1.7652581618676777e-06,-0.00037151179276406765,0.5710484981536865,-0.0020266245119273663,-0.0,0.0,4
0.4082653224468231,-0.002070431597530842,0.009191036224365234,9.673277418187354e-06,0.5782124400138855,-0.002394401002675295,1.1133331060409546,0.002607254311442375,-0.00010550711886025965,-8.640167834528256e-06,-1.7652581618676777e-06,-0.00037151179276406765,0.5710484981536865,-0.0020266245119273663,-0.0,0.0,7
0.4174564778804779,-0.0020675589330494404,0.00919138640165329,1.7414395188097842e-06,0.5808138251304626,-0.0024992702528834343,0.8722798228263855,0.0025960688944905996,-0.00010423603816889226,-8.640167834528256e-06,-1.7652581618676777e-06,-0.00037151179276406765,0.5731201767921448,-0.002032429911196232,0.003401321591809392,0.0002375915355514735,6
0.4266476631164551,-0.002066350309178233,0.00919138640165329,7.735770282124577e-07,0.5834020972251892,-0.0026023986283689737,0.5345788598060608,0.002581292064860463,-0.00010206179285887629,-8.640167834528256e-06,-1.7652581618676777e-06,-0.00037151179276406765,0.5761579275131226,-0.0018339607631787658,0.0022705812007188797,0.00016478465113323182,0
