lt_dp_posx,lt_dp_posy,lt_dp_velx,lt_dp_vely,ball_posx,ball_posy,ball_posz,ball_vel_x,ball_vel_y,ball_rot_x,ball_rot_y,ball_rot_z,rt_gk_posx,rt_gk_posy,rt_gk_velx,rt_gk_vely,action_left,action_top_left,action_top,action_top_right,action_right,action_bottom_right,action_bottom,action_bottom_left,action_sprint,action_dribble,sel_action
-1.0110293626785278,-0.0,0.0,-0.0,0.019999999552965164,-0.0,0.11061639338731766,0.0,-0.0,0.0,-0.0,0.0,1.0110293626785278,0.0,-0.0,0.0,5
4.2432238842593506e-05,1.1572422707606389e-11,0.0006617647595703602,5.5335507009868223e-11,0.019999999552965164,-0.0,0.11059734225273132,0.0,-0.0,0.0,-0.0,0.0,1.0110293626785278,0.0,-0.0,0.0,5
0.0028806820046156645,1.626383611119664e-10,0.0042760190553963184,9.35186442174718e-11,0.019999999552965164,-0.0,0.10930104553699493,0.0,-0.0,0.0,-0.0,0.0,1.0109632015228271,-5.890623817721152e-13,-0.0006619621999561787,-5.8906243598222385e-12,5
0.006311010103672743,-1.3072087856613734e-09,0.005893101915717125,-3.570401474473073e-10,0.019999999552965164,-0.0,0.11075475811958313,0.0,-0.0,0.0,-0.0,0.0,1.007768154144287,-2.281598694697795e-11,-0.004207386635243893,-2.3928931752736915e-11,13
0.012720324099063873,-1.7778994942929671e-09,0.007382407784461975,-1.148750400359333e-10,0.02783653885126114,8.446822408192389e-11,0.11904273927211761,0.00846934411674738,9.183254850997358e-11,1.0426666040980193e-12,-3.1684536224929616e-05,1.8433765256418988e-13,1.0026906728744507,-4.055417113235649e-11,-0.005775339435786009,-1.0515644778552602e-11,0
0.02084559015929699,-2.0358315033774943e-09,0.008707515895366669,-5.716894180274323e-10,0.03599417209625244,1.7331690249644538e-10,0.1149766817688942,0.007963255979120731,8.680336310851189e-11,1.2126676616000531e-12,-4.710652865469456e-05,-2.604104413539241e-19,0.9961044192314148,4.540699413690952e-11,-0.007231095340102911,1.6910638167555447e-10,5
0.030195849016308784,-2.5109450074722872e-09,0.009847519919276237,-3.238239121294839e-10,0.04371677339076996,2.574969681923278e-10,0.11205574870109558,0.007525598164647818,8.203266538275855e-11,1.1459576777089753e-12,-4.45151817984879e-05,-1.7359253694068466e-19,0.9881436228752136,1.7870283031129475e-10,-0.008531177416443825,9.851471027833014e-11,5
0.038637567311525345,-5.8772253730410284e-09,0.009385136887431145,-1.7454437895025876e-10,0.051006071269512177,3.3695382595233525e-10,0.10906882584095001,0.007096750661730766,7.735802970421091e-11,1.0806885985051307e-12,-4.1979776142397895e-05,0.0,0.9790472984313965,2.4875365656207293e-10,-0.009335489943623543,2.5410062942654577e-10,13
0.047436438500881195,-8.446824573127287e-09,0.010158954188227654,-1.0774411918212934e-10,0.06085140258073807,1.1818126949947327e-05,0.13679221272468567,0.014080355875194073,2.9390714189503342e-05,3.80051375259427e-07,-4.2783503886312246e-05,-2.4534077880389304e-08,0.9695028066635132,4.5242862234395886e-10,-0.009924523532390594,1.7084005043965789e-10,16
0.05798553302884102,8.695744782016845e-07,0.010675542056560516,3.512461944410461e-06,0.07484252750873566,4.102495586266741e-05,0.12861883640289307,0.013905372470617294,2.9036284104222432e-05,3.8029364191061177e-07,-4.315669139032252e-05,-2.408667931774744e-08,0.9590960144996643,5.671806357909759e-10,-0.010777922347187996,6.732902430028886e-11,18
0.06889751553535461,8.628585419501178e-06,0.011254759505391121,1.1164383067807648e-05,0.08818665891885757,6.928561924723908e-05,0.1241956278681755,0.01301866490393877,2.7704692911356688e-05,3.8705036331521114e-07,-7.70133119658567e-05,-1.3670744495198478e-13,0.9481951594352722,3.661047003333806e-07,-0.01080527063459158,9.098753253056202e-07,16
0.0805448666214943,2.4422288333880715e-05,0.011945822276175022,1.9294098819955252e-05,0.10085869580507278,9.625267557566985e-05,0.11380849033594131,0.012373633682727814,2.633201984281186e-05,3.678684663555032e-07,-7.319659925997257e-05,0.0,0.9369930624961853,1.991867293327232e-06,-0.011505099013447762,2.2001991055731196e-06,16
0.092839315533638,4.533009996521287e-05,0.012555718421936035,2.288313044118695e-05,0.11285270750522614,0.00012177684402558953,0.11225123703479767,0.01168922707438469,2.4875551389413886e-05,3.475042262834904e-07,-6.914463301654905e-05,-4.555081287746336e-14,0.9251608848571777,4.842760972678661e-06,-0.012094132602214813,3.174392304572393e-06,13
0.10566219687461853,7.178449595812708e-05,0.01302221231162548,2.953941293526441e-05,0.12417763471603394,0.00014587711484637111,0.1097559779882431,0.0110311983153224,2.347522422496695e-05,3.279486975316104e-07,-6.525355274789035e-05,9.108497647531549e-14,0.9127786755561829,8.36209346743999e-06,-0.012599019333720207,3.8558537198696285e-06,5
0.11864220350980759,0.00010409982496639714,0.013374908827245235,3.3437274396419525e-05,0.13486024737358093,0.00016861048061400652,0.1107875183224678,0.010403383523225784,2.2139180146041326e-05,3.092765439305367e-07,-6.153826689114794e-05,-4.5534980137613285e-14,0.899957001209259,1.2650755706999917e-05,-0.012988903559744358,4.634833658201387e-06,0
0.1297096610069275,-0.000502025883179158,0.013405105099081993,2.1564261260209605e-05,0.1449369192123413,0.00019005441572517157,0.11049683392047882,0.009814450517296791,2.088589644699823e-05,2.917729204909847e-07,-5.805547334603034e-05,4.552834956370218e-14,0.8867981433868408,1.7575357560417615e-05,-0.013286225497722626,5.200506166147534e-06,13
0.14213953912258148,-0.0007573104230687022,0.013405084609985352,8.086910384008661e-06,0.15864162147045135,0.00012350613542366773,0.15109750628471375,0.015324585139751434,-0.00010314553219359368,-2.5476185783190886e-07,-5.0702372391242534e-05,-1.7572261867826455e-07,0.8733821511268616,2.315130586794112e-05,-0.01351272314786911,5.871676876267884e-06,16
0.15553323924541473,-0.0007520394865423441,0.013462936505675316,1.20350050565321e-05,0.173849955201149,2.1165971702430397e-05,0.11888550966978073,0.015046164393424988,-0.0001010662381304428,-3.2034310493145313e-07,-5.2877097914461046e-05,-2.2018130607648345e-07,0.8597712516784668,2.803602365020197e-05,-0.013683823868632317,1.5700471749369171e-06,16
0.16913506388664246,-0.0007137179491110146,0.013704685494303703,6.23852465650998e-05,0.18828386068344116,-7.443290814990178e-05,0.119989775121212,0.014144712127745152,-9.350925392936915e-05,-1.3064216091152048e-06,-8.367741975234821e-05,1.8234491607621583e-13,0.8460135459899902,2.3189475541585125e-05,-0.013812148943543434,-9.9147146102041e-06,16
0.18294298648834229,-0.000623486761469394,0.013884375803172588,0.00010793583351187408,0.20201313495635986,-0.0001651956990826875,0.11486838757991791,0.01341194473206997,-8.866496500559151e-05,-1.2387031347316224e-06,-7.93399813119322e-05,-1.8229981326584044e-13,0.8321455717086792,7.379116595984669e-06,-0.01390891894698143,-1.9721293938346207e-05,0
0.19690418243408203,-0.0005265199579298496,0.014018136076629162,8.595795225119218e-05,0.21501202881336212,-0.000251130317337811,0.11213270574808121,0.012665719725191593,-8.373177115572616e-05,-1.1696711226250045e-06,-7.491842552553862e-05,1.822562961011423e-13,0.818195104598999,-1.2134357348259073e-05,-0.013981145806610584,-1.933866042236332e-05,13
0.210979163646698,-0.00045387266436591744,0.014116833917796612,6.20171704213135e-05,0.22728513181209564,-0.00033226641244255006,0.10892169177532196,0.011956185102462769,-7.904109224909917e-05,-1.1042237701985869e-06,-7.072647713357583e-05,0.0,0.8041828274726868,-3.124861905234866e-05,-0.014035842381417751,-1.8926846678368747e-05,16
0.22352664172649384,0.00017882160318549722,0.014141271822154522,3.9666461816523224e-05,0.2388637214899063,-0.00040881126187741756,0.10870744287967682,0.011274616234004498,-7.453527359757572e-05,-1.0412603614895488e-06,-6.669362483080477e-05,1.821820418048542e-13,0.7901240587234497,-5.023287667427212e-05,-0.01407651323825121,-1.923181116580963e-05,0
0.23619909584522247,0.0007138277287594974,0.013827226124703884,1.723793502605986e-05,0.2521507740020752,-0.00038212400977499783,0.14476381242275238,0.015403102152049541,0.00012557020818348974,1.1406182665041342e-07,-5.3913321607979015e-05,1.3860923786523927e-07,0.7760308980941772,-6.980311445659027e-05,-0.01410596538335085,-1.9845692804665305e-05,16
0.24968478083610535,0.0007194074569270015,0.01340525969862938,-3.69365216101869e-06,0.26744869351387024,-0.00025741709396243095,0.1333974152803421,0.015209559351205826,0.00012400343257468194,1.1406182665041342e-07,-5.3913321607979015e-05,1.3860923786523927e-07,0.7619118690490723,-8.878793596522883e-05,-0.014128404669463634,-1.4478557204711251e-05,13
0.2632372975349426,0.0006871368386782706,0.013661559671163559,-6.146728992462158e-05,0.2821201980113983,-0.0001398412714479491,0.12556692957878113,0.01432613842189312,0.00011404693213989958,1.59330500082433e-06,-8.474804053548723e-05,-3.64712871448597e-13,0.7477735280990601,-9.263358515454456e-05,-0.014145934954285622,4.861091838392895e-06,6
0.2770082950592041,0.0005888707819394767,0.013851944357156754,-0.00012746018182951957,0.29606109857559204,-2.886082074837759e-05,0.11880453675985336,0.0136106600984931,0.00010835121793206781,1.5136863567022374e-06,-8.051311306189746e-05,-3.646235331895842e-13,0.7336211204528809,-7.711725629633293e-05,-0.0141578558832407,2.4238728656200692e-05,16
0.2909415364265442,0.0004638112150132656,0.013993768021464348,-0.00011301220365567133,0.30926987528800964,7.629067840753123e-05,0.11092296242713928,0.012878737412393093,0.00010252454376313835,1.4323110235636705e-06,-7.618474046466872e-05,3.6453701385621984e-13,0.7194583415985107,-5.132257501827553e-05,-0.014166271314024925,2.5410234229639173e-05,7
0.30470824241638184,0.0006210490828379989,0.013996540568768978,-9.196504834108055e-05,0.3217426538467407,0.00017558346735313535,0.11248471587896347,0.01215010229498148,9.672406304161996e-05,1.3512261602954823e-06,-7.187182927737013e-05,3.6445556316801186e-13,0.7052876949310303,-2.6384157536085695e-05,-0.01417398452758789,2.4551740352762863e-05,6
0.3174659013748169,0.0017218174180015922,0.013590363785624504,0.0002825419360306114,0.3335111737251282,0.000269269454292953,0.11059796810150146,0.011460104957222939,9.123113704845309e-05,1.274466853828926e-06,-6.778901297366247e-05,1.8219143370617336e-13,0.6911109685897827,-3.8654621903333464e-07,-0.014178893528878689,3.008886778843589e-05,12
0.33041912317276,0.0023575255181640387,0.012546427547931671,0.0009965472854673862,0.34751182794570923,0.0034443566109985113,0.1516859531402588,0.014191119000315666,0.0034908740781247616,1.777039869921282e-05,-5.252043411019258e-05,2.78401535069861e-06,0.6769298315048218,3.626769102993421e-05,-0.014183100312948227,4.202640411676839e-05,12
0.3427165746688843,0.004283961374312639,0.011958795599639416,0.0026486278511583805,0.3615318238735199,0.006887415889650583,0.11557439714670181,0.0136186508461833,0.003313555847853422,3.8826405216241255e-05,-7.324223406612873e-05,4.694426934293006e-06,0.6627457141876221,8.989421621663496e-05,-0.014184502884745598,0.00010429860412841663,12
0.3544924557209015,0.006948055699467659,0.011871492490172386,0.002679649507626891,0.3748183846473694,0.010117053985595703,0.11126097291707993,0.013032407499849796,0.0031676949001848698,4.425676888786256e-05,-7.70985716371797e-05,1.1665756034784369e-11,0.6485732197761536,0.00047746810014359653,-0.014155752956867218,0.0006191949360072613,12
0.3666295111179352,0.009656688198447227,0.012340265326201916,0.002720859367400408,0.3874628245830536,0.013190435245633125,0.10614841431379318,0.012341315858066082,0.0029997166711837053,4.190849722363055e-05,-7.30076790205203e-05,1.1663249359361583e-11,0.6344543695449829,0.0013790715020149946,-0.014082123525440693,0.0011322671780362725,6
0.3791818618774414,0.012377346865832806,0.012711566872894764,0.0027173017151653767,0.3994266390800476,0.016098393127322197,0.1131739467382431,0.011659332551062107,0.0028339512646198273,3.958994057029486e-05,-6.896860577398911e-05,-1.1660910084754228e-11,0.620417594909668,0.002728537656366825,-0.014006390236318111,0.0014835032634437084,12
0.39203107357025146,0.015136787667870522,0.0129482327029109,0.002796926535665989,0.41072186827659607,0.018843846395611763,0.11168885976076126,0.011002201586961746,0.0026742275804281235,3.735828795470297e-05,-6.508087972179055e-05,-5.82939165688634e-12,0.6064526438713074,0.004367000423371792,-0.013929255306720734,0.001765017630532384,5
0.4050752818584442,0.017978044226765633,0.013114774599671364,0.002875111298635602,0.421377569437027,0.02143385261297226,0.10877041518688202,0.010377810336649418,0.002522460650652647,3.5239059798186645e-05,-6.138905882835388e-05,-5.828440594740636e-12,0.5925737619400024,0.0062920632772147655,-0.01382897887378931,0.0020747906528413296,5
0.4176384210586548,0.02125350572168827,0.012305868789553642,0.0026615276001393795,0.43142950534820557,0.023877114057540894,0.11124721169471741,0.009791306219995022,0.002379903569817543,3.32467898260802e-05,-5.791837247670628e-05,2.913798109044352e-12,0.5788233280181885,0.008574279025197029,-0.013682772405445576,0.0024513264652341604,6
0.42871272563934326,0.02387547492980957,0.010187135078012943,0.0017652956303209066,0.45197829604148865,0.025960737839341164,0.18469230830669403,0.06441089510917664,0.0011258597951382399,-8.587411684857216e-06,6.125946129031945e-06,0.0007356431451626122,0.56523197889328,0.011230702511966228,-0.01351272314786911,0.002823534654453397,0
0.4373951554298401,0.025269849225878716,0.008340793661773205,0.0013778083957731724,0.5145673155784607,0.026906872168183327,0.49198806285858154,0.061150919646024704,0.0008035659557208419,-8.587411684857216e-06,6.125946129031945e-06,0.0007356431451626122,0.5531661510467529,0.013921244069933891,-0.0103883882984519,0.002539628418162465,4
0.4448026120662689,0.02649378590285778,0.007039308547973633,0.0008654366247355938,0.5740785002708435,0.027547059580683708,0.7034323811531067,0.05821441486477852,0.0005109042976982892,-8.587411684857216e-06,6.125946129031945e-06,0.0007356431451626122,0.5456273555755615,0.016466382890939713,-0.005000479053705931,0.0026589659973978996,18
0.4514535665512085,0.02713237702846527,0.006116137839853764,0.0005872055771760643,0.6308090090751648,0.02791045978665352,0.8235180377960205,0.05555487796664238,0.0002469170722179115,-8.587411684857216e-06,6.125946129031945e-06,0.0007356431451626122,0.5434363484382629,0.01956459879875183,-9.116004548559431e-06,0.0030470520723611116,3
0.45781001448631287,0.027718378230929375,0.006914489436894655,0.0005719478940591216,0.6850141882896423,0.02802494913339615,0.8559795618057251,0.05313398316502571,1.0078739251184743e-05,-8.587411684857216e-06,6.125946129031945e-06,0.0007356431451626122,0.5462300181388855,0.021987279877066612,0.004623567219823599,0.0018661387730389833,18
0.46555325388908386,0.0281785000115633,0.008391632698476315,0.00033698012703098357,0.7369145154953003,0.02791667729616165,0.8039696216583252,0.05091989412903786,-0.00020145393500570208,-8.587411684857216e-06,6.125946129031945e-06,0.0007356431451626122,0.5519518852233887,0.023463809862732887,0.006481830030679703,0.0012659284984692931,17
0.47457170486450195,0.028275681659579277,0.009100226685404778,-0.0001737090351525694,0.7867018580436707,0.027609871700406075,0.6701928377151489,0.048885881900787354,-0.0003896642883773893,-8.587411684857216e-06,6.125946129031945e-06,0.0007356431451626122,0.5592671632766724,0.02460753731429577,0.007977555505931377,0.0009950267849490047,9
0.48201876878738403,0.027457067742943764,0.005893146153539419,-0.0013180611422285438,0.8345434665679932,0.027126744389533997,0.4570080637931824,0.04700936749577522,-0.0005565543542616069,-8.587411684857216e-06,6.125946129031945e-06,0.0007356431451626122,0.5679774880409241,0.025336092337965965,0.009270626120269299,0.0004910110728815198,16
0.4860886037349701,0.02546846494078636,0.002364165149629116,-0.0027877367101609707,0.8805862665176392,0.02648754045367241,0.16650690138339996,0.045271143317222595,-0.0007040659547783434,-8.587411684857216e-06,6.125946129031945e-06,0.0007356431451626122,0.5773292183876038,0.02563033439218998,0.009530782699584961,0.00024392273917328566,8
0.48777535557746887,0.02289063110947609,0.000852522614877671,-0.001468273694626987,0.9196042418479919,0.025740038603544235,0.24270275235176086,0.03711407631635666,-0.0007884293445385993,-8.806131518213078e-06,-1.430119573342381e-05,0.0006785736768506467,0.587378978729248,0.0258402731269598,0.010450446978211403,0.00017430793377570808,12
0.49112942814826965,0.02178257517516613,0.0020117852836847305,-0.0005638497532345355,0.9561134576797485,0.024900823831558228,0.30188238620758057,0.03602183237671852,-0.000878751976415515,-8.806131518213078e-06,-1.430119573342381e-05,0.0006785736768506467,0.5982105731964111,0.025967536494135857,0.010927284136414528,9.593780850991607e-05,8
0.4938434958457947,0.020904261618852615,0.0006633843295276165,-0.0002641994215082377,0.9915558695793152,0.023978378623723984,0.2467031478881836,0.03497490659356117,-0.000956416130065918,-8.806131518213078e-06,-1.430119573342381e-05,0.0006785736768506467,0.6091780066490173,0.026034096255898476,0.011241436004638672,4.403328784974292e-05,18
