lt_dp_posx,lt_dp_posy,lt_dp_velx,lt_dp_vely,ball_posx,ball_posy,ball_posz,ball_vel_x,ball_vel_y,ball_rot_x,ball_rot_y,ball_rot_z,rt_gk_posx,rt_gk_posy,rt_gk_velx,rt_gk_vely,action_left,action_top_left,action_top,action_top_right,action_right,action_bottom_right,action_bottom,action_bottom_left,action_sprint,action_dribble,sel_action
-1.0110293626785278,-0.0,0.0,-0.0,0.019999999552965164,-0.0,0.11061639338731766,0.0,-0.0,0.0,-0.0,0.0,1.0110293626785278,0.0,-0.0,0.0,5
0.000559650594368577,7.62100660356424e-11,0.0026072831824421883,1.9929723149569867e-10,0.019999999552965164,-0.0,0.11059734225273132,0.0,-0.0,0.0,-0.0,0.0,1.0110293626785278,0.0,-0.0,0.0,5
0.0037909799721091986,-4.2882783435338467e-10,0.00477812672033906,-1.2493993339912635e-10,0.019999999552965164,-0.0,0.10930104553699493,0.0,-0.0,0.0,-0.0,0.0,1.0100501775741577,-7.977695760941206e-12,-0.003236181568354368,-2.4818154475969578e-11,13
0.007220606319606304,-3.3994782544510826e-09,0.006362332962453365,-3.436693429836879e-10,0.0209170114248991,-1.8649751881705257e-11,0.11501296609640121,0.009170141071081161,-1.8649753963373428e-10,2.231189408577472e-13,-1.3295130884216633e-05,-1.8042921215259689e-13,1.0059254169464111,-3.159715197820212e-11,-0.00484480569139123,-2.0473336567738976e-11,13
0.01438907440751791,-3.5843852330685877e-09,0.007803343702107668,-1.5713532905414773e-11,0.029684362933039665,-1.9517243377009663e-10,0.11064129322767258,0.008495262823998928,-1.7000123531119016e-10,-1.4969398333744555e-12,-3.7889494706178084e-05,-5.92098527325835e-13,1.0002306699752808,-4.262537198207461e-11,-0.0063720871694386005,-1.5236881851718453e-12,18
0.022906016558408737,-3.949633953226339e-09,0.009073887020349503,-5.559878113459149e-10,0.03789382800459862,-3.5902933404052817e-10,0.10685884207487106,0.008017521351575851,-1.6000099856139371e-10,-2.2352547330434236e-12,-4.742744204122573e-05,-1.7360879620960016e-19,0.9930757880210876,1.0421945945138233e-10,-0.0077724456787109375,1.381018632784503e-10,13
0.03245893493294716,-4.650997809108048e-09,0.010056402534246445,-2.7504162836144985e-10,0.045668408274650574,-5.141820302867472e-10,0.11311600357294083,0.007577183656394482,-1.512134167880319e-10,-2.1124317572951412e-12,-4.482140866457485e-05,-1.7359421715130391e-19,0.9846126437187195,1.9207778423346866e-10,-0.00900100264698267,4.1990865645713527e-11,16
0.040823813527822495,-8.616130031668945e-09,0.009685635566711426,-1.5893937554967152e-10,0.05300551652908325,-6.606044045120996e-10,0.11167290061712265,0.007141703274101019,-1.4252275748471988e-10,-1.9910084865515376e-12,-4.224505755701102e-05,0.0,0.975313127040863,6.289038179119188e-10,-0.009335489943623543,7.824537129330622e-10,0
0.05011948570609093,-1.0503612202228396e-08,0.010337285697460175,-9.286011543041539e-11,0.06430814415216446,1.768596121110022e-05,0.1434319168329239,0.014049658551812172,2.932729694293812e-05,3.800752210736391e-07,-4.308273128117435e-05,-2.6630837979269018e-08,0.9654421806335449,1.2806092852812867e-09,-0.010284255258738995,5.097056110514586e-10,18
0.06074507534503937,1.832542920965352e-06,0.010675542056560516,5.266143944027135e-06,0.07824574410915375,4.67980898974929e-05,0.1145654171705246,0.013736046850681305,2.879684507206548e-05,3.8260566270764684e-07,-4.728198837256059e-05,-2.175382363134304e-08,0.9547167420387268,1.4158667127617264e-08,-0.011003718711435795,1.259443962453588e-07,0
0.07179554551839828,1.1080046533606946e-05,0.011405261233448982,1.2704511391348206e-05,0.09142373502254486,7.47928861528635e-05,0.11872802674770355,0.012915725819766521,2.7478217816678807e-05,3.8389589462894946e-07,-7.640626427019015e-05,-9.113532411370029e-14,0.9437978863716125,8.155733439707546e-07,-0.011102592572569847,1.394665787302074e-06,18
0.08357881754636765,2.8317344913375564e-05,0.012080897577106953,1.965093360922765e-05,0.1039651483297348,0.0001014747322187759,0.10668723285198212,0.012235515750944614,2.6031062589026988e-05,3.6366941458254587e-07,-7.238064426928759e-05,0.0,0.9323297739028931,2.8635820399358636e-06,-0.011747725307941437,2.5905367238010513e-06,13
0.0959906354546547,5.005963612347841e-05,0.012659676373004913,2.407892134215217e-05,0.11582677066326141,0.00012671035074163228,0.11036170274019241,0.011560228653252125,2.45943883783184e-05,3.4358612310825265e-07,-6.838348781457171e-05,9.109829860950991e-14,0.9202682971954346,5.8641685427573975e-06,-0.012311514467000961,3.255472392993397e-06,16
0.10890308767557144,7.786002970533445e-05,0.013101013377308846,3.091066173510626e-05,0.1270236372947693,0.00015053169045131654,0.110275499522686,0.010905447416007519,2.3201337171485648e-05,3.2411944062005205e-07,-6.450906948884949e-05,-9.108188649912391e-14,0.9076964855194092,9.557486009725835e-06,-0.012767314910888672,4.067901045345934e-06,13
0.12168461084365845,5.943779615336098e-05,0.013404990546405315,3.233024472137913e-05,0.13758495450019836,0.00017300092440564185,0.10931459814310074,0.010286103934049606,2.1883684894419275e-05,3.057149342566845e-07,-6.084604319767095e-05,9.106727009858609e-14,0.89472895860672,1.4041717804502696e-05,-0.01311722956597805,4.74306079922826e-06,18
0.1324603110551834,-0.0004988764994777739,0.01340507436543703,1.8859629562939517e-05,0.14754748344421387,0.00019419619638938457,0.11076351255178452,0.009702855721116066,2.06428248930024e-05,2.883735419345612e-07,-5.739460902987048e-05,2.276356661219496e-14,0.8814587593078613,1.9132035959046334e-05,-0.013384398072957993,5.398537723522168e-06,13
0.14538942277431488,-0.0005930054467171431,0.013405084609985352,5.388302724895766e-06,0.16235919296741486,0.0001189578470075503,0.15304629504680634,0.015279188752174377,-8.52009397931397e-05,-1.95020803062107e-07,-5.07062031829264e-05,-1.4327947894798854e-07,0.8679583072662354,2.4890297936508432e-05,-0.01358705386519432,6.04574279350345e-06,13
0.15880274772644043,-0.0005863693659193814,0.013516930863261223,1.6907291865209118e-05,0.17745894193649292,3.4945722291013226e-05,0.11548739671707153,0.01465381495654583,-8.041520050028339e-05,-8.079067015387409e-07,-7.448333781212568e-05,-2.3681252514506923e-07,0.8542835116386414,2.7477533876663074e-05,-0.01373992208391428,-1.6020475186451222e-06,18
0.17245081067085266,-0.0005458185914903879,0.013745181262493134,6.0527945606736466e-05,0.19173431396484375,-4.3209463910898194e-05,0.1102888360619545,0.01399239432066679,-7.658822869416326e-05,-1.070035636985267e-06,-8.27777330414392e-05,0.0,0.8404778242111206,2.0757965103257447e-05,-0.013854924589395523,-1.0787161045300309e-05,13
0.18629321455955505,-0.0004651381750591099,0.013914529234170914,8.706395601620898e-05,0.20530889928340912,-0.00011751084821298718,0.10661295801401138,0.013251318596303463,-7.253192598000169e-05,-1.0133313708138303e-06,-7.839105819584802e-05,-3.645804903633365e-13,0.8265740275382996,6.357118309097132e-06,-0.013940474949777126,-1.528989196231123e-05,0
0.20028012990951538,-0.0003887093625962734,0.01404040027409792,6.711582682328299e-05,0.21815350651741028,-0.000187816665857099,0.11323656141757965,0.012516802176833153,-6.851153011666611e-05,-9.57096972342697e-07,-7.404077769024298e-05,1.8224796129694132e-13,0.8125966191291809,-8.897613042790908e-06,-0.01400498766452074,-1.5222709407680668e-05,16
0.21437403559684753,-0.0003324253484606743,0.014133312739431858,4.756473936140537e-05,0.23027925193309784,-0.0002541877329349518,0.11170478165149689,0.011810747906565666,-6.464689067797735e-05,-9.031006129589514e-07,-6.986362132010981e-05,0.0,0.7985642552375793,-2.407816100458149e-05,-0.014053372666239738,-1.5174584405031055e-05,16
0.2262994647026062,0.0002571657532826066,0.014141205698251724,2.9229804567876272e-05,0.24171730875968933,-0.00031679467065259814,0.11070176213979721,0.01113774161785841,-6.096312790759839e-05,-8.516444722772576e-07,-6.588300311705098e-05,0.0,0.7844904065132141,-3.9426238799933344e-05,-0.014089135453104973,-1.5488529243157245e-05,0
0.23933036625385284,0.0005109126796014607,0.013680142350494862,1.0603708687995095e-05,0.2558301091194153,-0.000270588556304574,0.15089896321296692,0.015347547829151154,9.110074461204931e-05,5.094222288448691e-08,-5.389388752519153e-05,9.314340587707193e-08,0.7703859806060791,-5.508324466063641e-05,-0.014115782454609871,-1.5793715647305362e-05,0
0.2527623772621155,0.0005120120476931334,0.013462760485708714,-8.143057129927911e-06,0.27105990052223206,-0.00018021895084530115,0.11816184222698212,0.015062488615512848,8.91194140422158e-05,1.3247327501630934e-07,-5.6303528253920376e-05,1.4824789218437218e-07,0.756258487701416,-6.698565266560763e-05,-0.0141361178830266,-5.949937076366041e-06,13
0.26636406779289246,0.000479585665743798,0.013704685494303703,-5.4661060858052224e-05,0.28553569316864014,-9.622072684578598e-05,0.12025301158428192,0.014194123446941376,8.218288712669164e-05,1.1481810133773251e-06,-8.396972407354042e-05,-1.8234806026251604e-13,0.7421140670776367,-6.511649553431198e-05,-0.014150142669677734,8.270946636912413e-06,18
0.2801719009876251,0.0003991850826423615,0.013884375803172588,-9.680496441433206e-05,0.29931384325027466,-1.64462071552407e-05,0.11476139724254608,0.013459021225571632,7.792671385686845e-05,1.088683575289906e-06,-7.961849769344553e-05,-5.469078965744667e-13,0.7279570698738098,-4.988306318409741e-05,-0.014162063598632812,1.816246185626369e-05,7
0.2941330671310425,0.0003118036256637424,0.014017960987985134,-7.79169422457926e-05,0.31235775351524353,5.907688682782464e-05,0.11212807148694992,0.012709435075521469,7.358665607171133e-05,1.027951157084317e-06,-7.517699123127386e-05,3.645175253221694e-13,0.7137908935546875,-3.1865569326328114e-05,-0.014169776812195778,1.789835368981585e-05,6
0.30802348256111145,0.0005508019821718335,0.014016701839864254,-6.3055515056476e-05,0.32467272877693176,0.00013037999451626092,0.10893736034631729,0.011996826156973839,6.946070789126679e-05,9.70383212006709e-07,-7.096686749719083e-05,-1.8221954164749504e-13,0.6996176242828369,-1.4113909855950624e-05,-0.014176088385283947,1.7631267837714404e-05,6
0.3211865723133087,0.0018745472189038992,0.013600533828139305,0.0003109620593022555,0.3362904489040375,0.00019764568423852324,0.10870308429002762,0.011312550865113735,6.549882527906448e-05,9.150205073638062e-07,-6.691801536362618e-05,0.0,0.6854394674301147,5.131726538820658e-06,-0.014180295169353485,2.0886509446427226e-05,12
0.3342054784297943,0.002574892481788993,0.012534155510365963,0.0010356841376051307,0.3503350615501404,0.0034209005534648895,0.15302224457263947,0.01425962895154953,0.0035480791702866554,1.7348160326946527e-05,-5.178934588911943e-05,2.547923486417858e-06,0.6712573170661926,2.8023816412314773e-05,-0.014183801598846912,2.453302477078978e-05,12
0.34649497270584106,0.0045397840440273285,0.011945822276175022,0.002675731899216771,0.364429235458374,0.0069224778562784195,0.1155305728316307,0.013698514550924301,0.0033721199724823236,3.769548129639588e-05,-7.180275133578107e-05,5.542959115700796e-06,0.6570736765861511,0.00012844499724451452,-0.014180295169353485,0.0002744451630860567,12
0.3582577705383301,0.0072281877510249615,0.011858519166707993,0.002703854814171791,0.3777834177017212,0.010205387137830257,0.11071482300758362,0.01309346966445446,0.0032184580340981483,4.496600740822032e-05,-7.745982293272391e-05,5.832991641779861e-12,0.6429128646850586,0.0006755298236384988,-0.014138221740722656,0.0007699431153014302,12
0.37038254737854004,0.009960051625967026,0.012328694574534893,0.002742847427725792,0.39048612117767334,0.013327783904969692,0.1064026951789856,0.012399055995047092,0.003047764766961336,4.257980253896676e-05,-7.334930705837905e-05,-5.831726594685005e-12,0.6288156509399414,0.0017151387874037027,-0.014060385525226593,0.0012441098224371672,12
0.3829246163368225,0.012700754217803478,0.012702451087534428,0.0027357249055057764,0.40250495076179504,0.016282077878713608,0.11321002244949341,0.01171223632991314,0.0028789399657398462,4.021841596113518e-05,-6.928151560714468e-05,-1.166108615918704e-11,0.6147918701171875,0.00312395510263741,-0.013991664163768291,0.001543352147564292,12
0.3957642614841461,0.015479320660233498,0.012938064523041248,0.0028168470598757267,0.4138511121273041,0.01907104067504406,0.11169804632663727,0.011051452718675137,0.002716515911743045,3.7949048419250175e-05,-6.53722308925353e-05,-1.1658939438885518e-11,0.6008458733558655,0.004831136669963598,-0.013906815089285374,0.0018409492913633585,5
0.40875735878944397,0.018382307142019272,0.013059943914413452,0.0028831488452851772,0.42455387115478516,0.021701835095882416,0.11070334166288376,0.010421670973300934,0.002561712171882391,3.578668474801816e-05,-6.164726073620841e-05,-5.828505213190116e-12,0.5870016813278198,0.006859149783849716,-0.01378410030156374,0.002197208348661661,5
0.4209345579147339,0.02160150744020939,0.011912545189261436,0.002423160243779421,0.4346463978290558,0.02418264001607895,0.10915517807006836,0.009828969836235046,0.002416021889075637,3.375183223397471e-05,-5.814198448206298e-05,-8.741473690732082e-12,0.5733007192611694,0.009264887310564518,-0.013629128225147724,0.0025757048279047012,18
0.4315390884876251,0.023912841454148293,0.009471528232097626,0.0015620552003383636,0.4658188223838806,0.02549782581627369,0.30135223269462585,0.06299320608377457,-0.0003515125426929444,2.7172274712938815e-05,-8.354458259418607e-06,0.0019255786901339889,0.5599254965782166,0.011998055502772331,-0.012649508193135262,0.002713779453188181,11
0.43987664580345154,0.025266150012612343,0.007681285496801138,0.0013177760411053896,0.5270887017250061,0.024827752262353897,0.6821329593658447,0.059904273599386215,-0.0009268116555176675,2.7172274712938815e-05,-8.354458259418607e-06,0.0019255786901339889,0.5493981838226318,0.014497044496238232,-0.008443874306976795,0.002294807229191065,0
0.44708752632141113,0.026364848017692566,0.006878376007080078,0.0006681709201075137,0.5854232311248779,0.023597244173288345,0.9306696653366089,0.05708761885762215,-0.0014747020322829485,2.7172274712938815e-05,-8.354458259418607e-06,0.0019255786901339889,0.5441035032272339,0.01654338277876377,-0.0025756219401955605,0.0019882284104824066,11
0.4535839855670929,0.026995910331606865,0.00611438462510705,0.0005939645343460143,0.6410708427429199,0.021834811195731163,1.0550769567489624,0.05450129508972168,-0.0019933986477553844,2.7172274712938815e-05,-8.354458259418607e-06,0.0019255786901339889,0.5438568592071533,0.019187111407518387,0.0021050958894193172,0.002729636151343584,2
0.4601500630378723,0.02755671925842762,0.007236003875732422,0.0004777782887686044,0.6942429542541504,0.019570013508200645,1.0625611543655396,0.0521116629242897,-0.002482411451637745,2.7172274712938815e-05,-8.354458259418607e-06,0.0019255786901339889,0.5481109619140625,0.021302400156855583,0.005513429641723633,0.0016239698743447661,16
0.4681973457336426,0.027786262333393097,0.008671424351632595,-2.3727781808702275e-05,0.7451204657554626,0.01683235727250576,0.9595330953598022,0.04989144578576088,-0.002942167455330491,2.7172274712938815e-05,-8.354458259418607e-06,0.0019255786901339889,0.554598867893219,0.022565174847841263,0.0072062015533447266,0.0010896954918280244,13
0.47736838459968567,0.027417443692684174,0.00930112972855568,-0.0005142540321685374,0.7938603758811951,0.013650570064783096,0.751711905002594,0.0478181391954422,-0.003373709972947836,2.7172274712938815e-05,-8.354458259418607e-06,0.0019255786901339889,0.5626129508018494,0.023372311145067215,0.008636713027954102,0.0005365416291169822,0
0.48705485463142395,0.02686523087322712,0.010140152648091316,-0.0005913123022764921,0.8405987620353699,0.010052097961306572,0.4442179203033447,0.04587298631668091,-0.0037784732412546873,2.7172274712938815e-05,-8.354458259418607e-06,0.0019255786901339889,0.5717787146568298,0.023517755791544914,0.009333035908639431,-0.00014135426317807287,11
0.4976951777935028,0.026222804561257362,0.011023352853953838,-0.0006829722551628947,0.8846262693405151,0.006180123426020145,0.13658861815929413,0.03605690598487854,-0.003021086333319545,2.0379491616040468e-05,-2.7809543098555878e-05,0.0017409144202247262,0.5813172459602356,0.023308057337999344,0.009915407747030258,-0.0002655686403159052,13
0.5091650485992432,0.02550717443227768,0.011814692057669163,-0.0007386413053609431,0.9201050996780396,0.003066279226914048,0.3289308547973633,0.03500966727733612,-0.003188756527379155,2.0379491616040468e-05,-2.7809543098555878e-05,0.0017409144202247262,0.5917084217071533,0.02295485883951187,0.010756184346973896,-0.0004255600506439805,15
0.5213358402252197,0.02474321611225605,0.012437736615538597,-0.0007833875715732574,0.9545496702194214,-0.0002117183175869286,0.391707181930542,0.03398548811674118,-0.003350096521899104,2.0379491616040468e-05,-2.7809543098555878e-05,0.0017409144202247262,0.6025824546813965,0.022468801587820053,0.010775117203593254,-0.0005193589604459703,11
0.5340468287467957,0.023939654231071472,0.012915275059640408,-0.000818637025076896,0.9879811406135559,-0.0036477914545685053,0.3303772211074829,0.03298080340027809,-0.0035055805929005146,2.0379491616040468e-05,-2.7809543098555878e-05,0.0017409144202247262,0.6137475371360779,0.021888159215450287,0.011463024653494358,-0.0006291854660958052,5
