lt_dp_posx,lt_dp_posy,lt_dp_velx,lt_dp_vely,ball_posx,ball_posy,ball_posz,ball_vel_x,ball_vel_y,ball_rot_x,ball_rot_y,ball_rot_z,rt_gk_posx,rt_gk_posy,rt_gk_velx,rt_gk_vely,action_left,action_top_left,action_top,action_top_right,action_right,action_bottom_right,action_bottom,action_bottom_left,action_sprint,action_dribble,sel_action
-1.0110293626785278,-0.0,0.0,-0.0,0.019999999552965164,-0.0,0.11061639338731766,-0.0,0.0,0.0,-0.0,0.0,1.0110293626785278,0.0,-0.0,0.0,0,0,0,0,0,0,0,0,0,0,5
0.0,-0.0,0.0,-0.0,0.019999999552965164,-0.0,0.11059734225273132,-0.0,0.0,0.0,-0.0,0.0,1.010373830795288,-5.178543011075121e-11,-0.0026071772444993258,-1.9923605820704182e-10,0,0,0,0,1,0,0,0,0,0,5
0.00015050964429974556,2.3460271919573117e-11,0.0013189289020374417,1.1476692859946347e-11,0.019999999552965164,-0.0,0.10930104553699493,-0.0,0.0,0.0,-0.0,0.0,1.0064098834991455,-2.8306179622461514e-10,-0.0046870289370417595,-2.1158365337559104e-10,0,0,0,0,1,0,0,0,0,0,5
0.003169773379340768,-1.4493864441966764e-10,0.00444171903654933,-1.5154891230828582e-10,0.019999999552965164,-0.0,0.11075475811958313,-0.0,0.0,0.0,-0.0,0.0,1.0008678436279297,-4.217382554294602e-10,-0.006225530058145523,-5.989382600990467e-11,0,0,0,0,1,0,0,0,0,0,13
0.006755396723747253,-1.957444650813045e-09,0.006048675626516342,-3.87537057999765e-10,0.019999999552965164,-0.0,0.11053141206502914,0.00913205649703741,-6.147181652593758e-10,-9.637430827338922e-13,-9.290210982726421e-06,-1.3573547125687868e-13,0.9938530325889587,7.795958323342234e-11,-0.007639211602509022,5.689258508745354e-10,0,0,0,0,1,0,0,0,1,0,5
0.013472573831677437,-2.375027507994787e-09,0.0075225005857646465,-1.680195566011733e-10,0.02855907380580902,-5.773715394674639e-10,0.11543484032154083,0.008211899548768997,-5.546685333257528e-10,2.7993885421545572e-12,1.5690209693275392e-05,-3.075214995845732e-12,0.9855127334594727,4.891269056450653e-10,-0.008886702358722687,2.6454968771183474e-10,0,0,0,0,1,0,0,0,1,0,18
0.021728597581386566,-2.5135953318766724e-09,0.008830077946186066,-1.81885340122534e-10,0.036379411816596985,-1.1061840332615702e-09,0.11138299852609634,0.007620302028954029,-5.153768523058488e-10,7.19994723563655e-12,4.507770063355565e-05,0.0,0.9762466549873352,6.645308192609889e-10,-0.009335489943623543,2.1365280378216056e-10,0,0,0,0,1,0,0,0,1,0,16
0.030881790444254875,-2.922456943110774e-09,0.009742077440023422,-2.5578592022235114e-10,0.04376407340168953,-1.6056237450712274e-09,0.11308421939611435,0.007194009609520435,-4.865457481351143e-10,6.796908955802872e-12,4.255434760125354e-05,0.0,0.9664705991744995,8.307490806380713e-10,-0.010197303257882595,1.2125632442572254e-10,0,0,0,0,1,0,0,0,1,0,18
0.03869873657822609,-4.3936441151970484e-09,0.009488419629633427,-1.4568914130652644e-10,0.05072854459285736,-2.0766453001641594e-09,0.111333929002285,0.006776058580726385,-4.582789148166455e-10,6.401970099878529e-12,4.008169344160706e-05,6.942791578953578e-19,0.9558171629905701,8.8504703565917e-10,-0.011003718711435795,-1.9718410660795466e-13,0,0,0,0,1,0,0,0,1,0,5
0.04813002794981003,-4.973140121933284e-09,0.010424151085317135,-8.550311153543433e-11,0.06252732127904892,1.980778506549541e-05,0.14545723795890808,0.013862470164895058,2.7951717129326425e-05,2.8575809096764715e-07,7.840256330382545e-06,3.5737642178901297e-07,0.9449081420898438,1.7728272183603622e-09,-0.011030365712940693,6.759930393229752e-10,0,0,0,0,1,0,0,0,1,0,13
0.05878075584769249,2.2622389224125072e-06,0.010675542056560516,5.668308858730597e-06,0.07626029849052429,4.7447425458813086e-05,0.11189621686935425,0.013442620635032654,2.6799771148944274e-05,2.3780512492521666e-07,1.3059423508821055e-05,4.052058670822589e-07,0.9335045218467712,2.213284222563061e-09,-0.011688821017742157,2.446204905304228e-10,0,0,0,0,1,0,0,0,1,0,13
0.06991150975227356,1.1484563401609194e-05,0.011478189378976822,1.2574428183143027e-05,0.0888451412320137,7.155003549996763e-05,0.12182088941335678,0.0122311906889081,2.3126820451579988e-05,-1.318102818004263e-07,5.257704833638854e-05,3.361167273396859e-07,0.9214994311332703,1.1545662914613786e-07,-0.012258922681212425,4.0662203559804766e-07,0,0,0,0,1,0,0,0,1,0,0
0.08176156133413315,2.7965594199486077e-05,0.01214584894478321,1.8356662621954456e-05,0.10066431760787964,9.372463682666421e-05,0.11328858882188797,0.01153589691966772,2.1608733732136898e-05,-3.0188436994649237e-07,6.824140291428193e-05,9.109768196952431e-14,0.908973217010498,1.3067958661849843e-06,-0.01272664312273264,1.9005036620001192e-06,0,0,0,0,1,0,0,0,1,0,16
0.09422973543405533,4.844388604396954e-05,0.012709463015198708,2.275824772368651e-05,0.11184936761856079,0.00011467617878224701,0.11222801357507706,0.010902130044996738,2.0421579392859712e-05,-2.852877685199928e-07,6.448969361372292e-05,4.5540902591980487e-14,0.896040678024292,4.034618086734554e-06,-0.01308637484908104,3.2155276130652055e-06,0,0,0,0,1,0,0,0,1,0,5
0.10718514025211334,7.4634728662204e-05,0.013138792477548122,2.9030972655164078e-05,0.12241337448358536,0.00013446439697872847,0.11061704903841019,0.010290587320923805,1.9276052626082674e-05,-2.6928015017801954e-07,6.087116707931273e-05,0.0,0.8827971816062927,7.553033810836496e-06,-0.013360556215047836,3.8032510474295123e-06,0,0,0,0,1,0,0,0,1,0,16
0.12041448801755905,-0.0015572878764942288,0.013238980434834957,1.9075911040999927e-05,0.1323803961277008,0.00015313435869757086,0.11057812720537186,0.00970765296369791,1.8184113287134096e-05,-2.5402917458450247e-07,5.742365829064511e-05,0.0,0.8693169951438904,1.1697665286192205e-05,-0.013568822294473648,4.416471256263321e-06,0,0,0,0,1,0,0,0,1,0,5
0.13365352153778076,-0.0022489482071250677,0.013239067979156971,7.15291389496997e-06,0.14618335664272308,-2.3735496142762713e-05,0.15490058064460754,0.015498308464884758,-0.0002584803442005068,-6.146940023654679e-08,1.0350106094847433e-05,-7.976349252203363e-07,0.8556575179100037,1.4418035789276473e-05,-0.013726599514484406,1.0481556245167667e-07,0,0,0,0,1,0,0,0,1,0,13
0.14694152772426605,-0.002239745343104005,0.013399124145507812,2.953495641122572e-05,0.16157445311546326,-0.00028042044141329825,0.1334289014339447,0.015303518623113632,-0.0002552282530814409,-6.146940023654679e-08,1.0350106094847433e-05,-7.976349252203363e-07,0.8418632745742798,1.1116880159534048e-05,-0.013844406232237816,-5.988823431835044e-06,0,0,0,0,1,0,0,0,1,0,16
0.16048797965049744,-0.002138615818694234,0.013655073940753937,0.00016761846200097352,0.17598877847194672,-0.0005194549448788166,0.1294790357351303,0.013877257704734802,-0.0002293538418598473,1.575376586515631e-06,4.642819840228185e-05,-1.8863893274101429e-06,0.8279680609703064,4.923435312775837e-07,-0.013932760804891586,-1.7401131117367186e-05,0,0,0,0,1,0,0,0,1,0,0
0.1742507666349411,-0.0018932271050289273,0.013842477463185787,0.0002950109192170203,0.1893971711397171,-0.0007406179211102426,0.11955047398805618,0.013011065311729908,-0.00021434167865663767,2.9943334993731696e-06,7.696470856899396e-05,0.0,0.813997209072113,-2.774302447505761e-05,-0.013998677022755146,-3.7122004869161174e-05,0,0,0,0,1,0,0,0,1,0,0
0.18817661702632904,-0.0016261015553027391,0.013987807556986809,0.00023852908634580672,0.20204278826713562,-0.0009489389485679567,0.11305272579193115,0.0123354597017169,-0.00020321195188444108,2.8389185899868608e-06,7.296999683603644e-05,-3.6447586485369166e-13,0.7999698519706726,-7.576885400339961e-05,-0.014048464596271515,-5.6960681831697e-05,0,0,0,0,1,0,0,0,1,0,16
0.20222631096839905,-0.0014224725309759378,0.014095447026193142,0.0001758158759912476,0.21399495005607605,-0.0011458364315330982,0.11263197660446167,0.011644318699836731,-0.00019182628602720797,2.6797520149557386e-06,6.88788277329877e-05,0.0,0.7859002351760864,-0.0001321600575465709,-0.01408492773771286,-5.591934677795507e-05,0,0,0,0,1,0,0,0,1,0,16
0.21631461381912231,-0.0012832327047362924,0.014121787622570992,0.00011329163680784404,0.22527851164340973,-0.0013317198026925325,0.10997515171766281,0.010991089046001434,-0.00018106513016391546,2.5294766601291485e-06,6.50162182864733e-05,3.643358943532238e-13,0.7717989683151245,-0.00018748699221760035,-0.014112977311015129,-5.483674249262549e-05,0,0,0,0,1,0,0,0,1,0,13
0.2303355634212494,-0.0012068914948031306,0.013827050104737282,4.929860369884409e-05,0.23866933584213257,-0.0014097949024289846,0.14891332387924194,0.015875935554504395,2.139749631169252e-05,8.98818484529329e-07,1.2283048818062525e-05,-9.630675776861608e-07,0.7576740980148315,-0.00024245436361525208,-0.014133312739431858,-5.584236714639701e-05,0,0,0,0,1,0,0,0,1,0,0
0.24380238354206085,-0.0007223005522973835,0.013312505558133125,5.2185432650730945e-06,0.25443336367607117,-0.0013885481748729944,0.14991557598114014,0.015672583132982254,2.1144716811249964e-05,8.98818484529329e-07,1.2283048818062525e-05,-9.630675776861608e-07,0.7435317635536194,-0.000299621548037976,-0.014148740097880363,-5.824910113005899e-05,0,0,0,0,1,0,0,0,1,0,0
0.2571147382259369,0.0010147127322852612,0.013312675058841705,2.8463357466534944e-06,0.26967301964759827,-0.0013447680976241827,0.13528913259506226,0.015916738659143448,0.0002661653852555901,4.0488751551492896e-07,-7.756295303806837e-07,1.802452374022323e-07,0.729376494884491,-0.0003584807855077088,-0.014159959740936756,-5.592413799604401e-05,0,0,0,0,1,0,0,0,1,0,5
0.27042728662490845,0.001016254536807537,0.013312522321939468,4.7412785875167174e-07,0.28547656536102295,-0.0010805154452100396,0.17414537072181702,0.015711912885308266,0.0002627134963404387,4.0488751551492896e-07,-7.756295303806837e-07,1.802452374022323e-07,0.7152115702629089,-0.0004027304530609399,-0.014168374240398407,-3.4692879125941545e-05,0,0,0,0,1,0,0,0,1,0,7
0.28387242555618286,0.0009880263824015856,0.013567769899964333,-7.276347605511546e-05,0.30106449127197266,-0.0008198792929761112,0.11521957814693451,0.015382506884634495,0.0002570876677054912,3.1557920010527596e-07,1.2763357517542318e-06,3.595498867525748e-07,0.7010392546653748,-0.0004257327236700803,-0.014174685813486576,-1.3433771528070793e-05,0,0,0,0,0,1,0,0,1,0,0
0.29756221175193787,0.0008394189644604921,0.013779542408883572,-0.0002096269017783925,0.3153144121170044,-0.0005831037415191531,0.13555510342121124,0.013996833004057407,0.00023232428065966815,-9.924923460857826e-07,3.129063406959176e-05,1.908558260765858e-06,0.686861515045166,-0.0004255078674759716,-0.014179594814777374,1.2192750546091702e-05,0,0,0,0,0,1,0,0,1,0,6
0.3114319145679474,0.0005826419219374657,0.01393801998347044,-0.0002551717043388635,0.3288481533527374,-0.00035887639387510717,0.12166450917720795,0.013023816049098969,0.000215336331166327,-2.623291493364377e-06,6.837336695753038e-05,7.766657290630974e-07,0.6726797223091125,-0.0003986164811067283,-0.014183100312948227,3.8919035432627425e-05,0,0,0,0,0,1,0,0,1,0,7
0.3254391551017761,0.00036220450419932604,0.014058631844818592,-0.00019205208809580654,0.3415127992630005,-0.00014952105993870646,0.11578289419412613,0.01236000843346119,0.00020431532175280154,-2.854287458831095e-06,7.311404624488205e-05,-7.289570965081371e-13,0.6584951877593994,-0.0003476800920907408,-0.014185905456542969,5.490748299052939e-05,0,0,0,0,0,1,0,0,1,0,6
0.3376883268356323,-2.5223936972906813e-05,0.013545066118240356,-0.0001731732045300305,0.35349950194358826,4.8623525799484923e-05,0.1115843802690506,0.011678065173327923,0.00019304253510199487,-2.6967582016368397e-06,6.90788438078016e-05,-1.4576215668499204e-12,0.6443086266517639,-0.0002928453905042261,-0.01418730802834034,5.47751369595062e-05,0,0,0,0,0,1,0,0,1,0,6
0.3488077223300934,-0.0003090761019848287,0.010702540166676044,-0.00013683133875019848,0.36447209119796753,-9.903462796501117e-07,0.1322445273399353,0.010467447340488434,-0.0002052672643912956,-2.858413381545688e-07,2.8097749236621894e-05,-3.1134948130784323e-07,0.6301203370094299,-0.00023814418818801641,-0.01418871060013771,5.464056084747426e-05,0,0,0,0,0,1,0,0,1,0,6
0.3584550619125366,-0.00043011276284232736,0.009435765445232391,-0.00011142271978314966,0.37465882301330566,-0.0001985437993425876,0.1175566092133522,0.00985000655055046,-0.0001884249650174752,2.631886218296131e-06,5.826098276884295e-05,3.642298322757004e-13,0.6159309148788452,-0.00018353115592617542,-0.014190113171935081,5.458976374939084e-05,0,0,0,0,0,1,0,0,1,0,14
0.36836597323417664,-0.0005387504934333265,0.010363494977355003,-0.00010614759958116338,0.3842642307281494,-0.00038228987250477076,0.1148943081498146,0.00938527099788189,-0.00017953469068743289,2.5080337309191236e-06,5.55158439965453e-05,0.0,0.6017405986785889,-0.00012897027772851288,-0.014190814457833767,5.453706762637012e-05,0,0,0,0,0,1,0,0,1,0,6
0.37920457124710083,-0.0002653519331943244,0.011159596964716911,-0.00011007815919583663,0.39337998628616333,-0.0005566688487306237,0.10943292081356049,0.008889090269804,-0.00017004307301249355,2.3755171696393518e-06,5.2582574426196516e-05,1.8207481420999538e-13,0.5875494480133057,-8.770831482252106e-05,-0.014191865921020508,1.6637866792734712e-05,0,0,0,0,0,1,0,0,1,0,10
0.3905234634876251,-0.00012048667122144252,0.010695437900722027,-0.0005110183847136796,0.40781471133232117,-0.0006844705785624683,0.14233949780464172,0.06663189083337784,0.00020862396922893822,-1.215770225826418e-05,3.213961099390872e-05,0.00037536927266046405,0.5733577609062195,-0.0001057944682543166,-0.014191865921020508,-4.649728361982852e-05,0,0,0,0,0,1,0,0,1,0,12
0.3996851146221161,-0.0006845383322797716,0.008569044061005116,-0.0005140401772223413,0.4725659489631653,-0.0005454762722365558,0.34859856963157654,0.0632568895816803,8.158425043802708e-05,-1.215770225826418e-05,3.213961099390872e-05,0.00037536927266046405,0.5603055953979492,-0.00015948883083183318,-0.011479153297841549,-4.768115468323231e-05,0,0,0,0,0,1,0,0,1,0,1
0.40744471549987793,-0.0011205796618014574,0.007337331771850586,-0.0005533838411793113,0.5340935587882996,-0.000534899125341326,0.3719610273838043,0.0601486936211586,-4.777749927598052e-05,-1.215770225826418e-05,3.213961099390872e-05,0.00037536927266046405,0.5515926480293274,-0.00019544681708794087,-0.006193623878061771,-2.528162076487206e-05,0,0,0,0,0,1,0,0,1,0,17
0.41414394974708557,-0.001957304310053587,0.006065999623388052,-0.0007756963605061173,0.5583731532096863,-0.0005453753983601928,0.47601720690727234,0.009141816757619381,1.6401134416810237e-05,-9.748562661116011e-06,2.3456255803466775e-05,0.0003021961892955005,0.5481892228126526,-0.0002089640765916556,-0.001960642170161009,-7.580698365927674e-06,0,0,0,0,0,1,0,0,1,0,18
0.4203718900680542,-0.0027335372287780046,0.006712885573506355,-0.0007681548595428467,0.5674790143966675,-0.0005296533927321434,0.5779643058776855,0.009076425805687904,1.5083646758284885e-05,-9.748562661116011e-06,2.3456255803466775e-05,0.0003021961892955005,0.5463399887084961,-0.00021600499167107046,-0.0018491464434191585,-6.951721388759324e-06,0,0,0,0,1,0,0,0,1,0,3
0.42793914675712585,-0.0033740291837602854,0.008238764479756355,-0.0004931642906740308,0.5765190124511719,-0.0005155535764060915,0.5804668664932251,0.00900963507592678,1.320757746725576e-05,-9.748562661116011e-06,2.3456255803466775e-05,0.0003021961892955005,0.5453090667724609,-0.0002193911641370505,0.0005020814714953303,3.15557940666622e-06,0,0,0,0,0,1,0,0,1,0,12
0.4368830919265747,-0.0035713312681764364,0.009334788657724857,4.804020136361942e-05,0.5854901671409607,-0.0005036737420596182,0.4842841327190399,0.008938937447965145,1.0684711014619097e-05,-9.748562661116011e-06,2.3456255803466775e-05,0.0003021961892955005,0.5476537346839905,-0.00020827569824177772,0.0030496541876345873,1.4023979929334018e-05,0,0,0,0,1,0,0,0,1,0,17
0.446382611989975,-0.0035205851309001446,0.009877541102468967,5.3925803513266146e-05,0.5943872928619385,-0.0004947581910528243,0.2901448607444763,0.008861412294209003,7.324040325329406e-06,-9.748562661116011e-06,2.3456255803466775e-05,0.0003021961892955005,0.5511698126792908,-0.00019240043184254318,0.0036534140817821026,1.626026823942084e-05,0,0,0,0,1,0,0,0,1,0,12
0.456795334815979,-0.0034617825876921415,0.010823502205312252,6.284511619014665e-05,0.6030073761940002,-0.00046469707740470767,0.16378964483737946,0.00813953299075365,8.597086707595736e-05,-2.4534165277145803e-06,4.460374839254655e-05,6.375131488312036e-05,0.5553438663482666,-0.0001740918669383973,0.004806238226592541,2.0833553207921796e-05,0,0,0,0,1,0,0,0,1,0,17
0.4680759310722351,-0.0033944898750633,0.011647448875010014,7.130811718525365e-05,0.6111202239990234,-0.00037911717663519084,0.2777283787727356,0.008090919815003872,8.524677832610905e-05,-2.4534165277145803e-06,4.460374839254655e-05,6.375131488312036e-05,0.5609118342399597,-0.00015052076196298003,0.006173638626933098,2.5827490389929153e-05,0,0,0,0,1,0,0,0,1,0,17
0.4801097810268402,-0.003315781010314822,0.012324136681854725,8.543569856556132e-05,0.6191827058792114,-0.0002943135623354465,0.29175689816474915,0.008038495667278767,8.442404941888526e-05,-2.4534165277145803e-06,4.460374839254655e-05,6.375131488312036e-05,0.567879855632782,-0.00012047582276863977,0.007594683673232794,3.365817610756494e-05,0,0,0,0,1,0,0,0,1,0,0
0.49273204803466797,-0.0032222100999206305,0.012845151126384735,9.85187798505649e-05,0.6271897554397583,-0.0002104049053741619,0.2065773755311966,0.007979988120496273,8.34616002975963e-05,-2.4534165277145803e-06,4.460374839254655e-05,6.375131488312036e-05,0.5761776566505432,-8.220363815780729e-05,0.00884638074785471,4.211365740047768e-05,0,0,0,0,1,0,0,0,1,0,18
0.5058038830757141,-0.0031214614864438772,0.01324064563959837,0.000102554215118289,0.6350959539413452,-0.000126814964460209,0.1507323682308197,0.007816578261554241,8.409997826674953e-05,-1.1755251989598037e-06,4.626345616998151e-05,2.7305260374803353e-13,0.585454523563385,-3.700990055222064e-05,0.009537794627249241,4.674537558457814e-05,0,0,0,0,1,0,0,0,1,0,17
0.51921546459198,-0.003016930539160967,0.013538668863475323,0.00010603352711768821,0.6428865194320679,-4.2995256080757827e-05,0.18270260095596313,0.007768574170768261,8.358350896742195e-05,-1.1755251989598037e-06,4.626345616998151e-05,2.7305260374803353e-13,0.5955092310905457,1.2518501534941606e-05,0.01045395340770483,5.1728784455917776e-05,0,0,0,0,1,0,0,0,1,0,18
0.5328813791275024,-0.0029032931197434664,0.013760258443653584,0.00012437657278496772,0.6506243348121643,4.025697126053274e-05,0.11541455239057541,0.007695866748690605,8.280121983261779e-05,-1.1567916544663603e-06,4.552616155706346e-05,9.10153774721055e-14,0.6063422560691833,6.642461084993556e-05,0.010927985422313213,5.4583302699029446e-05,0,0,0,0,1,0,0,0,1,0,17
0.546736478805542,-0.002764100907370448,0.013925047591328621,0.00015090990928001702,0.658170223236084,0.00012144404172431678,0.14195939898490906,0.007500362582504749,8.069771865848452e-05,-1.1301035556243733e-06,4.4475873437477276e-05,1.8202475117468087e-13,0.6173102259635925,0.00012140752369305119,0.011241436004638672,5.651902756653726e-05,0,0,0,0,1,0,0,0,1,0,18
0.5607318878173828,-0.002602281514555216,0.0140474122017622,0.00016452770796604455,0.6655890941619873,0.00020126589515712112,0.11933298408985138,0.00727260485291481,7.824724161764607e-05,-1.0930824601018685e-06,4.3018873839173466e-05,-9.100832338172077e-14,0.6289022564888,0.0001798680459614843,0.011859220452606678,5.9955786127829924e-05,0,0,0,0,1,0,0,0,1,0,7
0.5748313665390015,-0.0024398586247116327,0.0141378715634346,0.0001607008307473734,0.6727060079574585,0.0002778372436296195,0.10653716325759888,0.006975029595196247,7.504561654059216e-05,-1.0484103540875367e-06,4.1260769648943096e-05,-9.100360710227046e-14,0.6417319774627686,0.00023737196170259267,0.012345943599939346,6.25118482275866e-05,0,0,0,0,1,0,0,0,1,0,3
