lt_dp_posx,lt_dp_posy,lt_dp_velx,lt_dp_vely,ball_posx,ball_posy,ball_posz,ball_vel_x,ball_vel_y,ball_rot_x,ball_rot_y,ball_rot_z,rt_gk_posx,rt_gk_posy,rt_gk_velx,rt_gk_vely,action_left,action_top_left,action_top,action_top_right,action_right,action_bottom_right,action_bottom,action_bottom_left,action_sprint,action_dribble,sel_action
-1.0110293626785278,-0.0,0.0,-0.0,0.019999999552965164,-0.0,0.11061639338731766,-0.0,0.0,0.0,-0.0,0.0,1.0110293626785278,0.0,-0.0,0.0,0,0,0,0,0,0,0,0,0,0,5
0.0,-0.0,0.0,-0.0,0.019999999552965164,-0.0,0.11059734225273132,-0.0,0.0,0.0,-0.0,0.0,1.0110293626785278,0.0,-0.0,0.0,0,0,0,0,1,0,0,0,0,0,5
0.0,-0.0,0.0,-0.0,0.019999999552965164,-0.0,0.10930104553699493,-0.0,0.0,0.0,-0.0,0.0,1.0106345415115356,-3.1861822208378854e-11,-0.001967654563486576,-1.5578560663698227e-10,0,0,0,0,1,0,0,0,0,0,5
0.002605511574074626,1.3680566401941263e-10,0.004109719302505255,2.5224112729094195e-11,0.019999999552965164,-0.0,0.11075475811958313,-0.0,0.0,0.0,-0.0,0.0,1.0068784952163696,-2.6190344337706506e-10,-0.004527849145233631,-2.1994273069481096e-10,0,0,0,0,1,0,0,0,0,0,5
0.005889641121029854,-1.5970879063686994e-09,0.005736230872571468,-3.9207298518917355e-10,0.019999999552965164,-0.0,0.11053141206502914,-0.0,0.0,0.0,-0.0,0.0,1.0014904737472534,-4.1574887976736363e-10,-0.006076167803257704,-8.290019365420065e-11,0,0,0,0,1,0,0,0,0,0,13
0.011982080526649952,-2.3340314125874784e-09,0.007240616716444492,-2.362129658539658e-10,0.02691209688782692,-4.666663722119324e-10,0.12254813313484192,0.008374633267521858,-5.659687718484463e-10,2.0085038233280672e-12,1.0416755685582757e-05,-2.8667975111862365e-12,0.9946169853210449,1.8782211896883894e-11,-0.007505276706069708,5.873192487904078e-10,0,0,0,0,1,0,0,0,1,0,5
0.019974837079644203,-2.479345617700801e-09,0.008583002723753452,-1.7994919443431456e-10,0.03486180678009987,-1.0046676823805e-09,0.11699162423610687,0.007705577649176121,-5.217304921423249e-10,7.288690484497096e-12,4.558203727356158e-05,0.0,0.986401379108429,4.4766826357012235e-10,-0.008770297281444073,2.7952207215520275e-10,0,0,0,0,1,0,0,0,1,0,13
0.029211096465587616,-2.6511925987904306e-09,0.009742094203829765,-1.496287399538332e-10,0.04233737289905548,-1.510824132466837e-09,0.10775913298130035,0.007286667823791504,-4.933667918649576e-10,6.8923690539623994e-12,4.31035332439933e-05,6.943401107667453e-19,0.9771802425384521,6.1120353223032e-10,-0.009335489943623543,2.26559868088394e-10,0,0,0,0,1,0,0,0,1,0,18
0.03715028613805771,-4.070698444991194e-09,0.009281553328037262,-1.6718125495085445e-10,0.049390897154808044,-1.9884056623453716e-09,0.11127554625272751,0.006866077426820993,-4.648892382164149e-10,6.494466856660219e-12,4.061513391206972e-05,-6.942896010505913e-19,0.9674903154373169,7.864967566106884e-10,-0.010107545182108879,1.3164504208962313e-10,0,0,0,0,1,0,0,0,1,0,16
0.04607756808400154,-4.900661654261285e-09,0.010248887352645397,-1.0085627472067316e-10,0.05977779999375343,1.4214143448043615e-05,0.1403011828660965,0.013893861323595047,2.8018363082082942e-05,2.857442211734451e-07,7.852933777030557e-06,3.574642164494435e-07,0.9569175243377686,8.525547490201291e-10,-0.01093008928000927,1.1523371666599669e-11,0,0,0,0,1,0,0,0,1,0,5
0.05666933208703995,1.209588958772656e-06,0.010675542056560516,4.048628852615366e-06,0.0735815018415451,4.204217475489713e-05,0.12649618089199066,0.013696718961000443,2.7571653845370747e-05,2.785293133911182e-07,8.640456144348718e-06,3.6553785776050063e-07,0.9460111856460571,4.934169055559323e-07,-0.010957437567412853,9.695104381535202e-07,0,0,0,0,1,0,0,0,1,0,0
0.06764684617519379,9.054887414094992e-06,0.011330842971801758,1.0955336620099843e-05,0.08641690015792847,6.69076616759412e-05,0.12636925280094147,0.01235953439027071,2.3456506824004464e-05,-9.507835585509383e-08,4.876920866081491e-05,3.7999774349373183e-07,0.9346734285354614,2.1040646061010193e-06,-0.011628516018390656,2.135597924279864e-06,0,0,0,0,1,0,0,0,1,0,18
0.07936257123947144,2.4316739654750563e-05,0.012014280073344707,1.7938891687663272e-05,0.09837605804204941,8.939208782976493e-05,0.11752312630414963,0.011652267538011074,2.1826706870342605e-05,-3.049231338536629e-07,6.892834790050983e-05,9.110068385428938e-14,0.9227253198623657,4.6526720325346105e-06,-0.012204927392303944,2.748780161709874e-06,0,0,0,0,1,0,0,0,1,0,5
0.09171651303768158,4.395041105453856e-05,0.01260839868336916,2.160557050956413e-05,0.10968796163797379,0.00011058121890528128,0.11176754534244537,0.0110254418104887,2.0652551029343158e-05,-2.885046797018731e-07,6.521696195704862e-05,-4.55424103106266e-14,0.9102458953857422,7.656193702132441e-06,-0.012685270980000496,3.2316600027115783e-06,0,0,0,0,1,0,0,0,1,0,16
0.10458483546972275,6.889075302751735e-05,0.013062182813882828,2.7766725906985812e-05,0.12037452310323715,0.00013059900084044784,0.11096896231174469,0.010411463677883148,1.9502460418152623e-05,-2.7244587386121566e-07,6.158681935630739e-05,-4.553507500530338e-14,0.8973493576049805,1.115958275477169e-05,-0.013054819777607918,3.6986302802688442e-06,0,0,0,0,1,0,0,0,1,0,18
0.11779036372900009,-0.0011668414808809757,0.013238980434834957,2.145966936950572e-05,0.13045881688594818,0.0001494886091677472,0.10908360034227371,0.009821703657507896,1.8397733583697118e-05,-2.570160688719625e-07,5.8098921726923436e-05,-4.5528430878865114e-14,0.8841332197189331,1.5091693967406172e-05,-0.01333671435713768,4.162780896876939e-06,0,0,0,0,1,0,0,0,1,0,18
0.1310293972492218,-0.0022505000233650208,0.013239067979156971,9.537812729831785e-06,0.1431073695421219,2.7994654374197125e-05,0.1472282111644745,0.015537279658019543,-0.00025914341676980257,-6.145261011170078e-08,1.0351108358008787e-05,-7.97656298345828e-07,0.8706738948822021,1.9537641492206603e-05,-0.0135505897924304,4.6697305151610635e-06,0,0,0,0,1,0,0,0,1,0,18
0.14428842067718506,-0.0022447635419666767,0.01333785429596901,1.321675972576486e-05,0.15853729844093323,-0.0002293430588906631,0.14566361904144287,0.015342291444540024,-0.00025587400887161493,-6.145261011170078e-08,1.0351108358008787e-05,-7.97656298345828e-07,0.8570301532745361,1.8653832739801146e-05,-0.013712574727833271,-1.092169350158656e-05,0,0,0,0,1,0,0,0,1,0,5
0.15778285264968872,-0.002170633291825652,0.013610019348561764,0.00013727426994591951,0.17323258519172668,-0.0004734790127258748,0.12910307943820953,0.014003572054207325,-0.00023157746181823313,1.456201971450355e-06,4.381480175652541e-05,-1.918556336022448e-06,0.8432478308677673,-6.539923106174683e-06,-0.013833887875080109,-3.640474096755497e-05,0,0,0,0,1,0,0,0,1,0,5
0.17150762677192688,-0.0019523954251781106,0.013809168711304665,0.0002824732509907335,0.18681393563747406,-0.0006976486183702946,0.11690471321344376,0.013139991089701653,-0.0002164687612093985,3.0237451937864535e-06,7.772020762786269e-05,-3.6456715467661494e-13,0.8293614387512207,-5.503521970240399e-05,-0.013925047591328621,-5.373324529500678e-05,0,0,0,0,1,0,0,0,1,0,5
0.1854040026664734,-0.0016744860913604498,0.013961861841380596,0.00025186705170199275,0.19959409534931183,-0.000908189918845892,0.1149793490767479,0.012468472123146057,-0.0002054059732472524,2.8694814773189137e-06,7.375453424174339e-05,3.644905015830202e-13,0.8153972029685974,-0.00010886544623645023,-0.013993768021464348,-5.389795478549786e-05,0,0,0,0,1,0,0,0,1,0,0
0.19943185150623322,-0.0014582672156393528,0.01407651323825121,0.0001880950730992481,0.21168439090251923,-0.001107366057112813,0.10733582079410553,0.011780688539147377,-0.00019407537183724344,2.711302158786566e-06,6.968885281821713e-05,0.0,0.8013747930526733,-0.0001628219470148906,-0.014044256880879402,-5.399565270636231e-05,0,0,0,0,1,0,0,0,1,0,0
0.2135240137577057,-0.0013057789765298367,0.01412181742489338,0.00012587745732162148,0.22309879958629608,-0.0012954073026776314,0.11101727187633514,0.01111898198723793,-0.0001831744593800977,2.5588706193957478e-06,6.577090243808925e-05,0.0,0.7873087525367737,-0.00021678823395632207,-0.014082123525440693,-5.392758612288162e-05,0,0,0,0,1,0,0,0,1,0,0
0.22758762538433075,-0.0012173341820016503,0.013973958790302277,6.227651465451345e-05,0.23551695048809052,-0.0014140820130705833,0.13666029274463654,0.015916774049401283,2.147306440747343e-05,8.988234299067699e-07,1.2282899660931434e-05,-9.630429076423752e-07,0.7732102870941162,-0.0002706553495954722,-0.014110873453319073,-5.381261871661991e-05,0,0,0,0,1,0,0,0,1,0,16
0.24116477370262146,-0.0010370410745963454,0.013312673196196556,5.693384082405828e-06,0.2513216733932495,-0.001392776146531105,0.15771380066871643,0.015713201835751534,2.1191086489125155e-05,8.988234299067699e-07,1.2282899660931434e-05,-9.630429076423752e-07,0.7590875029563904,-0.0003226522239856422,-0.014131911098957062,-4.7872432332951576e-05,0,0,0,0,1,0,0,0,1,0,0
0.25447729229927063,0.0007004057988524437,0.013312689028680325,3.3214616905752337e-06,0.2666681110858917,-0.0013729291968047619,0.12169547379016876,0.014493783004581928,1.5940669982228428e-05,4.634405286196852e-07,4.097482451470569e-05,-1.2733747212223534e-07,0.7449465394020081,-0.0003640514623839408,-0.014148038811981678,-3.609699342632666e-05,0,0,0,0,1,0,0,0,1,0,16
0.26778995990753174,0.001016146270558238,0.013312697410583496,9.482557175033435e-07,0.28235700726509094,-0.00113308138679713,0.1742367297410965,0.015752393752336502,0.0002633905678521842,4.0487327623850433e-07,-7.757118396511942e-07,1.8028227088962012e-07,0.7307921648025513,-0.00039366536657325923,-0.01415925845503807,-2.438282717776019e-05,0,0,0,0,1,0,0,0,1,0,0
0.28118664026260376,0.0010013086721301079,0.013516930863261223,-4.796623034053482e-05,0.2979988157749176,-0.0008715346339158714,0.1347707211971283,0.01555195078253746,0.0002600571315269917,4.0487327623850433e-07,-7.757118396511942e-07,1.8028227088962012e-07,0.7166275382041931,-0.0004120617522858083,-0.014168374240398407,-1.3495710845745634e-05,0,0,0,0,1,0,0,0,1,0,16
0.29483333230018616,0.0008800413925200701,0.013742377050220966,-0.0001832566485973075,0.3125383257865906,-0.000629585178103298,0.13702881336212158,0.014029093086719513,0.00023286580108106136,-9.924951882567257e-07,3.129049582639709e-05,1.9085771327809198e-06,0.7024555206298828,-0.0004195634392090142,-0.014174685813486576,-2.5956717308872612e-06,0,0,0,0,0,1,0,0,1,0,18
0.3086709678173065,0.0006342396955005825,0.01390891894698143,-0.00026568182511255145,0.3262609839439392,-0.000402056728489697,0.11793908476829529,0.01318079698830843,0.00021800672402605414,-2.3809025151422247e-06,6.290276360232383e-05,1.172635393231758e-06,0.6882777810096741,-0.00041345099452883005,-0.014179594814777374,1.5085197446751408e-05,0,0,0,0,0,1,0,0,1,0,7
0.32250943779945374,0.0005904858116991818,0.01397092454135418,-0.00021635601297020912,0.3390592932701111,-0.0001904797536553815,0.1149919331073761,0.012490350753068924,0.00020646967459470034,-2.884269633796066e-06,7.388213998638093e-05,7.289858820758166e-13,0.674095869064331,-0.0003870411601383239,-0.014183801598846912,3.567678504623473e-05,0,0,0,0,0,1,0,0,1,0,7
0.33550921082496643,0.0016543602105230093,0.01361006312072277,0.00015642996004316956,0.3511820137500763,9.913527719618287e-06,0.10941587388515472,0.011816035024821758,0.00019532296573743224,-2.7287080683890963e-06,6.98973672115244e-05,0.0,0.6599111557006836,-0.00034030567621812224,-0.014185905456542969,5.492552736541256e-05,0,0,0,0,0,1,0,0,1,0,12
0.34852954745292664,0.0022211705800145864,0.012725241482257843,0.0006778085371479392,0.3649826645851135,0.0027574801351875067,0.15521076321601868,0.014225674793124199,0.003360981121659279,3.6201963666826487e-06,1.611016887181904e-05,1.7479993402957916e-05,0.6457242965698242,-0.00027652407879941165,-0.01418730802834034,7.102782547008246e-05,0,0,0,0,0,1,0,0,1,0,15
0.3609176278114319,0.003835872281342745,0.01214847806841135,0.0023421344812959433,0.37910178303718567,0.006092769093811512,0.11946232616901398,0.013959459029138088,0.0032939384691417217,2.3932013846206246e-06,1.7754782675183378e-05,1.8869353880290873e-05,0.6315360069274902,-0.00019663944840431213,-0.01418871060013771,8.713124407222494e-05,0,0,0,0,0,1,0,0,1,0,12
0.3727577030658722,0.006389925722032785,0.011874997988343239,0.002564546884968877,0.3921743333339691,0.009134726598858833,0.130285382270813,0.012716471217572689,0.0029448512941598892,-2.2740059648640454e-05,5.1151320803910494e-05,2.398928700131364e-05,0.6173589825630188,0.0001570970780448988,-0.014158557169139385,0.0006185677484609187,0,0,0,0,0,1,0,0,1,0,6
0.3849062919616699,0.008981588296592236,0.012358496896922588,0.0026003452949225903,0.4045092463493347,0.011982547119259834,0.11858467012643814,0.012015972286462784,0.0027701067738234997,-3.8698875869158655e-05,7.107978308340535e-05,-5.831057858785016e-12,0.6032445430755615,0.0010984264081344008,-0.01406950131058693,0.0012048586504533887,0,0,0,0,0,1,0,0,1,0,6
0.3974859118461609,0.011573991738259792,0.012745927087962627,0.0025825637858361006,0.41617557406425476,0.014672059565782547,0.11102475225925446,0.011379636824131012,0.0026234097313135862,-3.6649998946813866e-05,6.73165122861974e-05,0.0,0.5892428159713745,0.002596606034785509,-0.013949590735137463,0.00169652933254838,0,0,0,0,0,1,0,0,1,0,1
0.41038069128990173,0.014185099862515926,0.01299942284822464,0.0026445782277733088,0.42720139026641846,0.017213892191648483,0.11248773336410522,0.010743958875536919,0.0024768642615526915,-3.4601562219904736e-05,6.355402001645416e-05,-1.1657982738888517e-11,0.575360894203186,0.00451225321739912,-0.013822317123413086,0.0020943761337548494,0,0,0,0,0,1,0,0,1,0,5
0.4233332872390747,0.017030144110322,0.012941759079694748,0.002654050709679723,0.4376112222671509,0.01961372420191765,0.10797764360904694,0.01013909000903368,0.0023374208249151707,-3.265400664531626e-05,5.9976860939059407e-05,8.742136355099905e-12,0.561622679233551,0.006826168391853571,-0.013656475581228733,0.002514011226594448,0,0,0,0,1,0,0,0,1,0,12
0.435280978679657,0.019895656034350395,0.011681132949888706,0.0020371221471577883,0.44743332266807556,0.021878059953451157,0.1113424226641655,0.009567737579345703,0.0022057045716792345,-3.081324030063115e-05,5.659583257511258e-05,0.0,0.5481353998184204,0.00969462376087904,-0.013338116928935051,0.003156194230541587,0,0,0,0,1,0,0,0,1,0,12
0.4452933967113495,0.02166944183409214,0.008467365987598896,0.0011533356737345457,0.49930113554000854,0.022449688985943794,0.21077494323253632,0.06880998611450195,-0.00023613666417077184,-1.676669307926204e-05,4.5086275349603966e-05,0.0011549812043085694,0.5350057482719421,0.013196277432143688,-0.012948582880198956,0.0037815296091139317,0,0,0,0,1,0,0,0,1,0,6
0.4532661437988281,0.02289264090359211,0.0073944819159805775,0.0011787174735218287,0.5660528540611267,0.021996820345520973,0.17164994776248932,0.06510954350233078,-0.0006294277845881879,-1.676669307926204e-05,4.5086275349603966e-05,0.0011549812043085694,0.5229381322860718,0.01687442511320114,-0.010796855203807354,0.003254285315051675,0,0,0,0,0,1,0,0,1,0,5
0.46036356687545776,0.02370646968483925,0.006899062544107437,0.0005705647636204958,0.6250264644622803,0.02129909209907055,0.14118678867816925,0.05478107929229736,-0.000751734187360853,-1.445581619918812e-05,6.99668817105703e-05,0.0010504835518077016,0.5144740343093872,0.01930937170982361,-0.006287939380854368,0.0016973207239061594,0,0,0,0,1,0,0,0,1,0,4
0.46664959192276,0.02422633394598961,0.00613261666148901,0.0005071813357062638,0.6754050254821777,0.020502286031842232,0.11460674554109573,0.04583117365837097,-0.0007762096938677132,-1.0094762728840578e-05,0.00010620332614053041,0.0008644047193229198,0.5112982988357544,0.020145567134022713,-0.0004989259177818894,0.0001946989941643551,0,0,0,0,1,0,0,0,1,0,12
0.4736511707305908,0.024691926315426826,0.0076904017478227615,0.00038628943730145693,0.7166728377342224,0.01977909915149212,0.10853571444749832,0.038196858018636703,-0.0006871048244647682,-2.4609914817119716e-06,0.0001573550543980673,0.0005319110350683331,0.5136275887489319,0.020405132323503494,0.0035110642202198505,0.00037645039265044034,0,0,0,0,1,0,0,0,1,0,1
0.482109010219574,0.024901611730456352,0.009050790220499039,2.732117172854487e-05,0.7520900964736938,0.01913614757359028,0.1088382676243782,0.0334622748196125,-0.0006075416458770633,6.779831892345101e-06,0.00019384725601412356,8.880502718966454e-05,0.5180048942565918,0.020759576931595802,0.005102858878672123,0.0001389871904393658,0,0,0,0,1,0,0,0,1,0,0
0.49140170216560364,0.02479095198214054,0.009413214400410652,-0.00014218523574527353,0.7836840152740479,0.018563564866781235,0.10915328562259674,0.030163753777742386,-0.0005466639995574951,7.636231202923227e-06,0.00017841419321484864,0.0,0.5240852236747742,0.020798489451408386,0.006757921073585749,2.2511503630084917e-05,0,0,0,0,1,0,0,0,1,0,12
0.5013554096221924,0.024634072557091713,0.010431675240397453,-0.0001746729394653812,0.8122959733009338,0.018045026808977127,0.1093778908252716,0.027412697672843933,-0.0004968062276020646,6.939902505109785e-06,0.0001621448900550604,0.0,0.5317911505699158,0.02078579179942608,0.008150014095008373,-2.4926250262069516e-05,0,0,0,0,1,0,0,0,1,0,6
0.5122256875038147,0.024442158639431,0.01125305239111185,-0.000205037955311127,0.8383933305740356,0.017572060227394104,0.10953635722398758,0.025075837969779968,-0.00045445471187122166,6.348370334308129e-06,0.00014832429587841034,1.4664508756617733e-12,0.5408002138137817,0.02071564830839634,0.009448166936635971,-8.505182631779462e-05,0,0,0,0,1,0,0,0,1,0,5
0.5238730311393738,0.024228911846876144,0.01200784370303154,-0.00022477738093584776,0.8623385429382324,0.017138095572590828,0.10965004563331604,0.02306319586932659,-0.0004179792304057628,5.8388873185322154e-06,0.00013642068370245397,-2.9294136560942263e-12,0.5507802367210388,0.020612943917512894,0.010248757898807526,-0.00010057270264951512,0,0,0,0,1,0,0,0,1,0,5
0.5361858606338501,0.02399512752890587,0.012595951557159424,-0.0002452691551297903,0.8844177722930908,0.01673794910311699,0.10973294079303741,0.021308962255716324,-0.00038618690450675786,5.394804702518741e-06,0.00012604503717739135,1.4633080988243896e-12,0.5616216659545898,0.020492110401391983,0.011057654395699501,-0.00011802545486716554,0,0,0,0,1,0,0,0,1,0,4
0.5490083694458008,0.02374560572206974,0.013034394010901451,-0.000255822844337672,0.9048613905906677,0.016367444768548012,0.10979428887367249,0.019763944670557976,-0.00035818625474348664,5.0036801440001e-06,0.00011690668179653585,0.0,0.5733028650283813,0.020347759127616882,0.011887793429195881,-0.00013977476919535547,0,0,0,0,1,0,0,0,1,0,13
0.5622235536575317,0.023486338555812836,0.013380286283791065,-0.00026540239923633635,0.9238571524620056,0.0160231813788414,0.10984030365943909,0.018390605226159096,-0.00033329700818285346,4.656007604353363e-06,0.0001087836644728668,-2.19184501278058e-12,0.585598886013031,0.02019132673740387,0.012443128041923046,-0.00015093854744918644,0,0,0,0,1,0,0,0,1,0,3
0.5757340788841248,0.02321934513747692,0.013627507723867893,-0.0002705781371332705,0.9415599703788757,0.015702348202466965,0.10987525433301926,0.017159834504127502,-0.0003109914541710168,4.344423359725624e-06,0.00010150371235795319,-7.302232820152743e-13,0.5983932614326477,0.020020805299282074,0.012935617007315159,-0.00016817630967125297,0,0,0,0,1,0,0,0,1,0,16
0.5894641876220703,0.022947771474719048,0.013824651017785072,-0.00027551440871320665,0.9580996036529541,0.01540259551256895,0.10990208387374878,0.016048697754740715,-0.00029085410642437637,4.063121650688117e-06,9.49313398450613e-05,7.298931424537525e-13,0.6115660071372986,0.019840272143483162,0.013249804265797138,-0.00017316600133199245,0,0,0,0,1,0,0,0,1,0,10
0.6033639311790466,0.022671855986118317,0.013970296829938889,-0.0002793629246298224,0.9735851883888245,0.015121945179998875,0.10992289334535599,0.015038900077342987,-0.000272553414106369,3.807473831329844e-06,8.8958338892553e-05,7.29612442511296e-13,0.6250048875808716,0.019654449075460434,0.013534573838114738,-0.00018667560652829707,0,0,0,0,1,0,0,0,1,0,15
0.617382824420929,0.022394007071852684,0.014073503203690052,-0.00028092600405216217,0.9881097674369812,0.014858715236186981,0.10993917286396027,0.014115666039288044,-0.00025582133093848825,3.573738013074035e-06,8.349736162927002e-05,-2.1881160078285333e-12,0.6386696100234985,0.01945892535150051,0.013699953444302082,-0.00018744284170679748,0,0,0,0,1,0,0,0,1,0,1
0.631496250629425,0.022113298997282982,0.014154711738228798,-0.00028357174596749246,1.0017528533935547,0.014611456543207169,0.10995201021432877,0.013266894035041332,-0.00024043880694080144,3.3588564747333294e-06,7.847679080441594e-05,-3.645822250868125e-13,0.6524760127067566,0.01926184631884098,0.013828464783728123,-0.00018856533279176801,0,0,0,0,1,0,0,0,1,0,14
0.6456771492958069,0.0218310859054327,0.014209697023034096,-0.00028403548640199006,1.0145835876464844,0.014378925785422325,0.10996221005916595,0.012482608668506145,-0.00022622507822234184,3.1602980925526936e-06,7.383765478152782e-05,-3.644920736761703e-13,0.6664032936096191,0.01905883103609085,0.013947224244475365,-0.00019683582650031894,0,0,0,0,1,0,0,0,1,0,0
