lt_dp_posx,lt_dp_posy,lt_dp_velx,lt_dp_vely,ball_posx,ball_posy,ball_posz,ball_vel_x,ball_vel_y,ball_rot_x,ball_rot_y,ball_rot_z,rt_gk_posx,rt_gk_posy,rt_gk_velx,rt_gk_vely,action_left,action_top_left,action_top,action_top_right,action_right,action_bottom_right,action_bottom,action_bottom_left,action_sprint,action_dribble,sel_action
-1.0110293626785278,-0.0,0.0,-0.0,0.019999999552965164,-0.0,0.11061639338731766,0.0,-0.0,0.0,-0.0,0.0,1.0110293626785278,0.0,-0.0,0.0,5
0.0,-0.0,0.0,-0.0,0.019999999552965164,-0.0,0.11059734225273132,0.0,-0.0,0.0,-0.0,0.0,1.0110293626785278,0.0,-0.0,0.0,5
0.0,-0.0,0.0,-0.0,0.019999999552965164,-0.0,0.10930104553699493,0.0,-0.0,0.0,-0.0,0.0,1.0106345415115356,-3.396718453382852e-12,-0.001967654563486576,-1.6605321284668406e-11,5
0.002605511574074626,2.600850090850315e-10,0.004109719302505255,2.364695939061079e-10,0.019999999552965164,-0.0,0.11075475811958313,0.0,-0.0,0.0,-0.0,0.0,1.0068784952163696,-2.785685224160339e-11,-0.004527849145233631,-2.3320049016839484e-11,5
0.0056115807965397835,-2.2176995795319954e-09,0.005743090528994799,-3.6283451243512843e-10,0.019999999552965164,-0.0,0.11053141206502914,0.0,-0.0,0.0,-0.0,0.0,1.0014904737472534,-4.401146808108436e-11,-0.006076167803257704,-8.480536585475651e-12,13
0.011350344866514206,-3.5563638700608635e-09,0.007246829103678465,-2.685681677050411e-10,0.026164140552282333,-5.520513490786527e-10,0.12431752681732178,0.008619163185358047,-7.711959959522119e-10,-5.274416320366626e-12,-2.717408278840594e-05,-2.441331425212523e-12,0.9946169853210449,4.000957343208711e-10,-0.007505276706069708,5.837837435684889e-10,18
0.01936383545398712,-3.7108467410007506e-09,0.008648107759654522,-1.7264488449963977e-10,0.03446371108293533,-1.2938071725088207e-09,0.11842720210552216,0.008077450096607208,-7.216097164253199e-10,-1.0080992464411853e-11,-4.7781566536286846e-05,-1.3888867064938992e-18,0.986401379108429,8.214799396277783e-10,-0.008770297281444073,2.684873989799996e-10,18
0.028562815859913826,-3.8295069337834775e-09,0.009344364516437054,-5.128146865485128e-11,0.04230928793549538,-1.994701959162626e-09,0.11097025871276855,0.007652565836906433,-6.836520238806543e-10,-9.550692701976171e-12,-4.526809061644599e-05,-2.083159660534663e-18,0.9771802425384521,1.1742755656740655e-09,-0.009335489943623543,8.607519697001464e-10,0
0.037907179445028305,-3.7965182109189755e-09,0.009344343096017838,1.0193738214647752e-10,0.049719370901584625,-2.656691533431399e-09,0.11242659389972687,0.007215386722236872,-6.445960987200294e-10,-9.004919206134776e-12,-4.268123666406609e-05,-6.943313736715252e-19,0.9674903154373169,1.8696340031709724e-09,-0.010107545182108879,5.559265825461068e-10,18
0.047544851899147034,-7.544271873882735e-09,0.009191191755235195,-5.996363405813554e-10,0.05669998750090599,-3.280314020415176e-09,0.10810631513595581,0.0067888409830629826,-6.064899138458202e-10,-8.47258634778525e-12,-4.015812373836525e-05,-6.942806571602181e-19,0.9569175243377686,2.2141042332890493e-09,-0.01093008928000927,1.6830004057055703e-10,13
0.05686097592115402,-8.771599446788514e-09,0.009191167540848255,-2.2486468242988167e-10,0.06588125228881836,-4.237202144707908e-09,0.12945707142353058,0.009658139199018478,-1.0301327568740248e-09,-9.720079775787926e-12,-4.222093048156239e-05,-2.1063385410857727e-12,0.9460111856460571,2.4246222807278173e-09,-0.010957437567412853,1.5155299237790132e-10,5
0.06626217812299728,-1.0698395058739152e-08,0.009191191755235195,-2.111616159705676e-10,0.07528240978717804,-5.238770306448259e-09,0.1192205399274826,0.009184366092085838,-9.780820597882212e-10,-1.3663961455356866e-11,-5.432951729744673e-05,2.7784229565638057e-18,0.9346734285354614,2.4810067333902452e-09,-0.011628516018390656,-2.2125416082596772e-11,13
0.07581477612257004,-1.3874110749156898e-08,0.009191211313009262,-1.105998834183275e-10,0.08457568287849426,-6.352097514650268e-09,0.12902900576591492,0.00991570483893156,-1.4643697365812613e-09,-1.1010858891324915e-11,-3.9475671655964106e-05,-3.049179398556534e-12,0.9227253198623657,2.6696689303662424e-09,-0.012204927392303944,6.698701038310162e-10,0
0.08500595390796661,-1.3929414954816366e-08,0.009191211313009262,-1.0063188997377903e-11,0.09434466809034348,-7.792580802856719e-09,0.1115744337439537,0.00960505846887827,-1.4140439930088178e-09,-1.703895878557571e-11,-5.1493676437530667e-05,-1.7759469025588337e-12,0.9102458953857422,3.3520544118204043e-09,-0.012685270980000496,4.958058408277566e-10,7
0.09464362263679504,-2.23565486123789e-08,0.009191148914396763,-1.6088755327992033e-10,0.10368011146783829,-9.166003955840551e-09,0.11403248459100723,0.009151153266429901,-1.3462716497159022e-09,-1.8808121726721083e-11,-5.413445978774689e-05,1.3892012419218225e-18,0.8973493576049805,3.5207208259890876e-09,-0.013054819777607918,2.8955807196417993e-10,16
0.10395975410938263,-2.4762812245171517e-08,0.009191211313009262,-6.035193872433453e-11,0.11335623264312744,-1.1510922881541319e-08,0.1306500881910324,0.009714079089462757,-2.5630275679588976e-09,-2.4436359186141843e-11,-4.6160083002178e-05,-5.0327242373526815e-12,0.8841332197189331,4.3235819369158435e-09,-0.01333671435713768,6.587241307975944e-10,16
0.11336096376180649,-3.40776473706228e-08,0.009191148914396763,-2.111550656547223e-10,0.1228385791182518,-1.4008674220633566e-08,0.11933772265911102,0.009273816831409931,-2.4417947663835093e-09,-3.411226509597576e-11,-5.4858664952917024e-05,8.335437821331531e-18,0.8706738948822021,4.533952768781546e-09,-0.0135505897924304,-1.5291287680518906e-10,13
0.12291356176137924,-5.0037275656222846e-08,0.009191211313009262,-1.1053188919696311e-10,0.1321769803762436,-1.7377999483869644e-08,0.12883539497852325,0.009860135614871979,-5.605285124943293e-09,-3.662012706961981e-11,-3.963245399063453e-05,-1.0642152090123425e-11,0.8570301532745361,5.0712043453415845e-09,-0.013712574727833271,8.317191935169888e-10,16
0.13210473954677582,-5.009258430277441e-08,0.009191211313009262,-1.0117584721414108e-11,0.14188507199287415,-2.288281031326278e-08,0.11087760329246521,0.009541540406644344,-5.396911806343496e-09,-6.593867812876297e-11,-5.242404586169869e-05,-5.6551777150026794e-12,0.8432477116584778,5.351756371396732e-09,-0.013833887875080109,-1.5469092673470186e-10,0
0.14174240827560425,-1.099630253520445e-07,0.009191148914396763,-1.609283400982875e-10,0.15116511285305023,-2.812901733761919e-08,0.11433518677949905,0.009098567068576813,-5.143630410486821e-09,-7.18592615966962e-11,-5.382341623771936e-05,-2.7783696447733266e-17,0.8293613195419312,5.33215427367395e-09,-0.013925047591328621,1.057600340637066e-09,18
0.15105853974819183,-1.2676591154558992e-07,0.009191211313009262,-6.027034427091849e-11,0.16079632937908173,-4.14786605063e-08,0.13033035397529602,0.009668953716754913,-1.519463488364181e-08,-1.384390796443924e-10,-4.6186843974282965e-05,-2.9001578916165727e-11,0.8153970837593079,5.622441623387431e-09,-0.013993066735565662,-3.396462278093537e-10,5
0.1604597568511963,-2.138744292778938e-07,0.009191323071718216,-2.1121165927340257e-10,0.17023256421089172,-5.627610377700876e-08,0.11945192515850067,0.009228674694895744,-1.4464537123615173e-08,-2.0207191475662967e-10,-5.459163003251888e-05,-2.222760533691461e-17,0.8013744354248047,4.508726281216013e-09,-0.014044256880879402,-1.7484145242718796e-09,18
0.17001233994960785,-3.6369931422086665e-07,0.009191211313009262,-1.1074947209310793e-10,0.17953141033649445,-8.036776932840439e-08,0.12871046364307404,0.009829954244196415,-4.686304677647968e-08,-2.8200447532711337e-10,-3.951658072764985e-05,-8.328250589162423e-11,0.7873084545135498,4.417765708808474e-09,-0.014082123525440693,-9.972483949738375e-10,13
0.17920352518558502,-3.637545944457088e-07,0.009191211313009262,-1.0008793273341698e-11,0.18920588493347168,-1.2634787083243282e-07,0.11049725115299225,0.009506034664809704,-4.504767758817252e-08,-5.550964687905946e-10,-5.274689101497643e-05,-4.259158997710344e-11,0.7732098698616028,1.895373635818487e-09,-0.014110873453319073,-3.7717038381401835e-09,16
0.18884119391441345,-1.0734398756540031e-06,0.009191148914396763,-1.615332173576789e-10,0.19845201075077057,-1.7014005493365403e-07,0.11448676139116287,0.009065951220691204,-4.2938896882560584e-08,-5.998792573791434e-10,-5.363046147977002e-05,-8.890718541710213e-17,0.7590870261192322,-2.7038922212341276e-09,-0.014131911098957062,-5.731873642389473e-09,13
0.19815732538700104,-1.2720961422019172e-06,0.009191211313009262,-6.005276137477367e-11,0.20806004106998444,-3.1496009000875347e-07,0.13017551600933075,0.00964701920747757,-1.6791271661986684e-07,-1.5025787281075509e-09,-4.618423554347828e-05,-3.1511240838888455e-10,0.7449461221694946,-1.157160678388891e-08,-0.014147337526082993,-1.1434883262495532e-08,0
0.2075585424900055,-2.4969119749584934e-06,0.009191323071718216,-2.1249974002657268e-10,0.21747377514839172,-4.784353109243966e-07,0.11950681358575821,0.009206665679812431,-1.5979119893927418e-07,-2.2323076720454083e-09,-5.4461415857076645e-05,-1.7781995595770022e-16,0.7307917475700378,-2.6230463134879756e-08,-0.01415925845503807,-1.7980823940888513e-08,5
0.21711112558841705,-4.604471541824751e-06,0.009191211313009262,-1.1140222078154238e-10,0.2267533540725708,-7.784531135257566e-07,0.12865053117275238,0.009815461002290249,-6.296682499851158e-07,-3.657992353467421e-09,-3.945680145989172e-05,-1.081832401439442e-09,0.7166271209716797,-5.4715428632334806e-08,-0.014168374240398407,-3.708203522023723e-08,5
0.22630231082439423,-4.604527021001559e-06,0.009191211313009262,-1.0443958198269598e-11,0.23641175031661987,-1.396000357090088e-06,0.11031507700681686,0.009489048272371292,-6.048452405593707e-07,-7.48996598076701e-09,-5.2880062867188826e-05,-5.419225068692413e-10,0.7024551630020142,-1.023102313979507e-07,-0.014174685813486576,-5.61978517055195e-08,7
0.23593997955322266,-1.6074855011538602e-05,0.009191148914396763,-1.5150702914468184e-10,0.2456415593624115,-1.9840033473883523e-06,0.11455907672643661,0.009050269611179829,-5.765642185906472e-07,-8.054912292720928e-09,-5.353770757210441e-05,-7.112549951775345e-16,0.6882778406143188,-1.833663390016227e-07,-0.014179594814777374,-1.125678110724948e-07,16
0.24525611102581024,-1.9284923837403767e-05,0.009191211313009262,-5.570111039077119e-11,0.2552119791507721,-4.227983481541742e-06,0.12730753421783447,0.009578090161085129,-2.61460559158877e-06,-2.743636073887501e-08,-4.9417896661907434e-05,-4.092253202969687e-09,0.674096405506134,-3.371893058101705e-07,-0.014183100312948227,-1.8758132114271575e-07,16
0.2546573281288147,-3.63020044460427e-05,0.009191323071718216,-2.2280444156308477e-10,0.2645493745803833,-6.773518180125393e-06,0.11957164108753204,0.009131667204201221,-2.489069629518781e-06,-3.477270027474333e-08,-5.401778616942465e-05,5.690142875923367e-15,0.6600852608680725,-5.586182396655204e-07,-0.013305860571563244,-2.2529749799105048e-07,2
0.26420992612838745,-6.558446330018342e-05,0.009191211313009262,-1.1140222078154238e-10,0.2737797796726227,-1.1187742529727984e-05,0.12864425778388977,0.009822167456150055,-8.951288691605441e-06,-5.262643298920011e-08,-3.9304100937442854e-05,-1.564821161537111e-08,0.6489312052726746,-7.475880465790397e-07,-0.009040271863341331,-1.5325203150950983e-07,3
0.27340108156204224,-6.558452150784433e-05,0.009191211313009262,-5.570111039077119e-11,0.2834445834159851,-1.9967408661614172e-05,0.11038197576999664,0.009495082311332226,-8.599481589044444e-06,-1.05865424870899e-07,-5.269114626571536e-05,-8.125417672033564e-09,0.6421421766281128,-8.627202419120295e-07,-0.0055151828564703465,-9.352739027690404e-08,6
0.28303876519203186,-0.0002089671470457688,0.009191148914396763,-7.129742629619074e-11,0.29267993569374084,-2.8327025574981235e-05,0.1145152598619461,0.009055506438016891,-8.196834642149042e-06,-1.1451418657770773e-07,-5.3568695875583217e-05,2.2760186950735416e-14,0.637485146522522,-9.417021260560432e-07,-0.0036765546537935734,-6.235130456389015e-08,6
0.29235488176345825,-0.00024909345665946603,0.009191211313009262,-0.0,0.3022567927837372,-5.7114928495138884e-05,0.12735627591609955,0.009585046209394932,-3.3351676393067464e-05,-3.5083888860754087e-07,-4.9418169510317966e-05,-5.249403400853225e-08,0.635159432888031,-1.2981743111595279e-06,-0.0011984040029346943,-3.1906101867207326e-06,16
0.3012714087963104,-0.0010766391642391682,0.008271953091025352,-1.2833535345535552e-09,0.3116011917591095,-8.958679245552048e-05,0.11955313384532928,0.009138504043221474,-3.1751522328704596e-05,-4.435739526797988e-07,-5.405822957982309e-05,-4.552121415815451e-14,0.6370424628257751,-3.6739365896210074e-05,0.00327895674854517,-4.2632909753592685e-05,14
0.30953243374824524,-0.0025006569921970367,0.008272073231637478,-0.0,0.32061436772346497,-0.00023340231564361602,0.12673187255859375,0.009085679426789284,-0.0004033434670418501,-2.302658913322375e-06,-3.8412494177464396e-05,-5.901845270273043e-07,0.6410890221595764,-7.030844426481053e-05,0.004670199006795883,-2.194517946918495e-05,6
0.3178044557571411,-0.0025006569921970367,0.008271722123026848,-0.0,0.32951095700263977,-0.0006264850380830467,0.11366326361894608,0.008714878000319004,-0.00038427836261689663,-5.36782636118005e-06,-5.154659811523743e-05,2.184815479575053e-12,0.646552562713623,-8.137400436680764e-05,0.006133668590337038,-9.735161256685387e-06,1
0.32737448811531067,-0.0022060363553464413,0.009387344121932983,-6.2991980485094246e-06,0.3379886746406555,-0.0010003057541325688,0.11434314399957657,0.008274508640170097,-0.000364860228728503,-5.0969820222235285e-06,-4.894564699498005e-05,1.0923078847674406e-12,0.6534165740013123,-9.063864126801491e-05,0.007468812633305788,-8.678344784129877e-06,0
0.3377278745174408,-0.002115917159244418,0.00914054736495018,-0.0004616044752765447,0.3576449453830719,-0.0016541180666536093,0.16553883254528046,0.06580621749162674,-0.0018203090876340866,1.3735575521423016e-05,6.453070000134176e-06,-0.0010474437149241567,0.661098062992096,-9.776317892828956e-05,0.00780540332198143,-5.7494685279380064e-06,6
0.3461780250072479,-0.002621730323880911,0.008580263704061508,-0.0004274779639672488,0.42156553268432617,-0.0032124847639352083,0.3717060387134552,0.06243231147527695,-0.001350486301817,1.3735575521423016e-05,6.453070000134176e-06,-0.0010474437149241567,0.6658938527107239,-0.0016061629867181182,0.0021653417497873306,-1.0705308341130149e-05,2
0.35379913449287415,-0.003000556258484721,0.007100666407495737,-0.0006391564384102821,0.4823014736175537,-0.004324574489146471,0.4882293939590454,0.059394367039203644,-0.0009233925375156105,1.3735575521423016e-05,6.453070000134176e-06,-0.0010474437149241567,0.6670980453491211,-0.00293181836605072,0.0005951249622739851,-0.00018978471052832901,6
0.36041581630706787,-0.0037770746275782585,0.006083881016820669,-0.0007143680704757571,0.5401608347892761,-0.0050325836054980755,0.5190602540969849,0.05664330720901489,-0.0005378930363804102,1.3735575521423016e-05,6.453070000134176e-06,-0.0010474437149241567,0.6681877970695496,-0.0027845571748912334,0.0005956979002803564,-0.00018978332809638232,12
0.36674168705940247,-0.004489715211093426,0.006887842435389757,-0.0006948718219064176,0.5954078435897827,-0.005377049557864666,0.4674396216869354,0.05413902923464775,-0.0001919628557516262,1.3735575521423016e-05,6.453070000134176e-06,-0.0010474437149241567,0.66932612657547,-0.002564844908192754,0.0005021672695875168,8.413167051912751e-06,6
0.37446990609169006,-0.005046151112765074,0.008385672233998775,-0.0004040424828417599,0.6482706069946289,-0.00539617333561182,0.3360753655433655,0.05184834077954292,0.0001169405149994418,1.3735575521423016e-05,6.453070000134176e-06,-0.0010474437149241567,0.6702989935874939,-0.0021046020556241274,0.00045554418466053903,0.00010751330410130322,6
0.38347944617271423,-0.005171238910406828,0.009019585326313972,4.571947283693589e-05,0.6511818766593933,-0.013619223609566689,0.4708169996738434,-0.0176781564950943,-0.011773903854191303,5.886357030249201e-05,-3.6570992961060256e-05,-0.002494290703907609,0.6711275577545166,-0.0017907997826114297,0.0007650431361980736,0.00023871446319390088,11
0.3918531835079193,-0.00534383999183774,0.008323963731527328,-0.00033538308343850076,0.633847177028656,-0.025309989228844643,0.6777079105377197,-0.017062051221728325,-0.011625044979155064,5.886357030249201e-05,-3.6570992961060256e-05,-0.002494290703907609,0.6718931198120117,-0.0015520885353907943,0.0007657443638890982,0.00023871089797466993,5
0.400151789188385,-0.005872610490769148,0.008272774517536163,-0.0006866725743748248,0.6170991063117981,-0.03686009719967842,0.8097077012062073,-0.016498705372214317,-0.011490903794765472,5.886357030249201e-05,-3.6570992961060256e-05,-0.002494290703907609,0.6726586818695068,-0.001313377870246768,0.0007657443638890982,0.00023871089797466993,6
0.4079960584640503,-0.0067216819152235985,0.007610811851918697,-0.0010009302059188485,0.6008883118629456,-0.04828357696533203,0.8669010400772095,-0.015981614589691162,-0.011370251886546612,5.886357030249201e-05,-3.6570992961060256e-05,-0.002494290703907609,0.6732902526855469,-0.0011164392344653606,0.0005743082729168236,0.0001790367387002334,18
0.41553419828414917,-0.007927804253995419,0.007472318597137928,-0.001372981583699584,0.5851720571517944,-0.059593312442302704,0.8495375514030457,-0.01550500188022852,-0.011262013576924801,5.886357030249201e-05,-3.6570992961060256e-05,-0.002494290703907609,0.6753015518188477,-0.0013977506896480918,0.003311914624646306,-0.00041513636824674904,7
0.4230163097381592,-0.009476451203227043,0.00782749243080616,-0.0015921498415991664,0.5699124336242676,-0.07080120593309402,0.7580323815345764,-0.015063817612826824,-0.011165288276970387,5.886357030249201e-05,-3.6570992961060256e-05,-0.002494290703907609,0.6793979406356812,-0.0017793523147702217,0.0047354139387607574,-0.0003230486181564629,6
0.4316779673099518,-0.010730236768722534,0.009077437222003937,-0.0009384452132508159,0.555076539516449,-0.08191836625337601,0.5929667353630066,-0.014653715305030346,-0.011079352349042892,5.886357030249201e-05,-3.6570992961060256e-05,-0.002494290703907609,0.6849233508110046,-0.002021919935941696,0.006189065985381603,-0.00023859860084485263,2
0.44082918763160706,-0.011239687912166119,0.009187880903482437,-0.00015703969984315336,0.540635347366333,-0.09295526146888733,0.35508856177330017,-0.014271008782088757,-0.011003663763403893,5.886357030249201e-05,-3.6570992961060256e-05,-0.002494290703907609,0.6916933655738831,-0.0022679606918245554,0.007325060199946165,-0.0002536869142204523,0
0.45001980662345886,-0.011304080486297607,0.009190686047077179,-5.025755308452062e-05,0.5268809199333191,-0.10368102043867111,0.13080480694770813,-0.010998417623341084,-0.00872886460274458,3.3179188903886825e-05,-2.2449579773820005e-05,-0.00213015079498291,0.6993318200111389,-0.0025151551235467196,0.007667962461709976,-0.0002347057597944513,11
0.4592108428478241,-0.011337063275277615,0.009191036224365234,-1.885103847598657e-05,0.5160778760910034,-0.11231356114149094,0.28705620765686035,-0.010695242322981358,-0.008592202328145504,3.194205783074722e-05,-2.176689486077521e-05,-0.002110871486365795,0.7076612114906311,-0.0027526195626705885,0.008724016137421131,-0.00023297146253753453,2
0.4671953320503235,-0.011345849372446537,0.007335578557103872,-6.644919722020859e-06,0.5055072903633118,-0.12085916846990585,0.34984660148620605,-0.010471267625689507,-0.008508521132171154,3.194205783074722e-05,-2.176689486077521e-05,-0.002110871486365795,0.7168674468994141,-0.00307083479128778,0.009579517878592014,-0.0003851308429148048,13
0.4753268361091614,-0.011352425441145897,0.009477488696575165,-6.965758075239137e-06,0.4951517581939697,-0.12932464480400085,0.3202115595340729,-0.01026280876249075,-0.00843112450093031,3.194205783074722e-05,-2.176689486077521e-05,-0.002110871486365795,0.7269476652145386,-0.0035633379593491554,0.01046727690845728,-0.0005632746033370495,1
0.48449820280075073,-0.011358316987752914,0.008864963427186012,-4.997949417884229e-06,0.48499780893325806,-0.13771575689315796,0.19923950731754303,-0.010066520422697067,-0.008359111845493317,3.194205783074722e-05,-2.176689486077521e-05,-0.002110871486365795,0.7376672029495239,-0.004216284491121769,0.010742159560322762,-0.0007329767104238272,3
0.49075600504875183,-0.011361310258507729,0.004657577257603407,-1.8323437416256638e-06,0.4756785035133362,-0.14552918076515198,0.164265975356102,-0.008599321357905865,-0.007273856550455093,5.091308594273869e-06,-7.3899464041460305e-06,-0.0016834039706736803,0.7487168908119202,-0.0050678797997534275,0.011343815363943577,-0.000947189808357507,18
0.49417373538017273,-0.011362365446984768,0.0024329214356839657,-5.418604018814221e-07,0.4671544134616852,-0.15276721119880676,0.1993597000837326,-0.008463641628623009,-0.007208998780697584,5.091308594273869e-06,-7.3899464041460305e-06,-0.0016834039706736803,0.760371208190918,-0.006132517475634813,0.011904099024832249,-0.0011403452372178435,3
0.4952792525291443,-0.011362544260919094,0.00032642309088259935,-1.4259484260037425e-08,0.4587627947330475,-0.15994131565093994,0.13744443655014038,-0.008333345875144005,-0.007145714946091175,5.091308594273869e-06,-7.3899464041460305e-06,-0.0016834039706736803,0.7725414037704468,-0.007409665733575821,0.01235989946871996,-0.0014183979947119951,12
0.4953445494174957,-0.011362546123564243,0.0,-0.0,0.4510585367679596,-0.16660059988498688,0.14694204926490784,-0.007419767323881388,-0.006440905854105949,-2.905115979956463e-05,1.0844451026059687e-05,-0.0010867780074477196,0.7850785851478577,-0.0090188542380929,0.012664935551583767,-0.0017617663834244013,7
0.4953445494174957,-0.011362546123564243,0.0,-0.0,0.443702757358551,-0.17299939692020416,0.11462432891130447,-0.0072348578833043575,-0.006307811941951513,-3.344894139445387e-05,1.3200291505199857e-05,-0.0010040114866569638,0.797866940498352,-0.010943912900984287,0.012863383628427982,-0.0020880091469734907,17
0.4953445494174957,-0.011362546123564243,0.0,-0.0,0.436855673789978,-0.1789926290512085,0.12143438309431076,-0.006689780857414007,-0.005861712619662285,-7.796005229465663e-05,3.738091982086189e-05,-9.835286618908867e-05,0.8107693791389465,-0.013274244964122772,0.012922286987304688,-0.0025220036040991545,9
0.4953445494174957,-0.011362546123564243,0.0,-0.0,0.4303509294986725,-0.1846926361322403,0.11379123479127884,-0.0063594626262784,-0.0055726743303239346,-7.785268826410174e-05,3.761972766369581e-05,-1.7470937890839977e-11,0.8236888647079468,-0.016019033268094063,0.012897743843495846,-0.0029408333357423544,12
0.4956596791744232,-0.011362546123564243,0.000525222101714462,-0.0,0.42418086528778076,-0.1900993287563324,0.11201988905668259,-0.006018307991325855,-0.00527372770011425,-7.367110811173916e-05,3.55991032847669e-05,-5.823344410849085e-12,0.8364856243133545,-0.019275439903140068,0.012702801264822483,-0.0035072911996394396,18
0.4961848556995392,-0.011362546123564243,0.000525222101714462,-0.0,0.41834521293640137,-0.19521301984786987,0.11117419600486755,-0.0056858062744140625,-0.00498236482962966,-6.960267637623474e-05,3.363316864124499e-05,-5.823067722454667e-12,0.8490554094314575,-0.0230671688914299,0.01244895625859499,-0.0040223440155386925,18
0.4961355924606323,-0.012016763910651207,-0.0007352408138103783,-0.0014354096492752433,0.4056103229522705,-0.18719077110290527,0.488944411277771,-0.017394665628671646,0.016461916267871857,-6.954688433324918e-05,-2.442599543428514e-05,-0.0014929247554391623,0.8611676692962646,-0.027551745995879173,0.01180943287909031,-0.004861229564994574,18
0.4959619343280792,-0.01318453997373581,0.0003260724770370871,-0.0009767318842932582,0.3884136378765106,-0.171108216047287,1.062169075012207,-0.017039477825164795,0.015782801434397697,-6.954688433324918e-05,-2.442599543428514e-05,-0.0014929247554391623,0.8725550770759583,-0.03285104036331177,0.011020548641681671,-0.00564929423853755,11
0.4971199035644531,-0.014856962487101555,0.001849847729317844,-0.001985761569812894,0.3715554177761078,-0.15566721558570862,1.5642949342727661,-0.01671428233385086,0.015170815400779247,-6.954688433324918e-05,-2.442599543428514e-05,-0.0014929247554391623,0.8827911615371704,-0.03848427161574364,0.009209267795085907,-0.00513501139357686,6
0.4991733729839325,-0.01640453189611435,0.0016822534380480647,-0.000912564224563539,0.35500702261924744,-0.14080463349819183,1.99439537525177,-0.01641664281487465,0.014618882909417152,-6.954688433324918e-05,-2.442599543428514e-05,-0.0014929247554391623,0.8900614976882935,-0.04253828153014183,0.005449267104268074,-0.0030382683034986258,18
0.5010791420936584,-0.01710229553282261,0.0020872144959867,-0.0005174909601919353,0.3387422561645508,-0.12646402418613434,2.3517489433288574,-0.016144223511219025,0.014120515435934067,-6.954688433324918e-05,-2.442599543428514e-05,-0.0014929247554391623,0.8929579854011536,-0.04415434971451759,0.000732786487787962,-0.00041418097680434585,8
0.5028592944145203,-0.017334342002868652,0.0,-0.0,0.32273706793785095,-0.1125951036810875,2.6358273029327393,-0.015894802287220955,0.013669799081981182,-6.954688433324918e-05,-2.442599543428514e-05,-0.0014929247554391623,0.8914534449577332,-0.0432603545486927,-0.002420649863779545,0.0015056019183248281,11
0.5028592944145203,-0.017334342002868652,0.0,-0.0,0.30696964263916016,-0.09915322065353394,2.846285343170166,-0.015666300430893898,0.013261362910270691,-6.954688433324918e-05,-2.442599543428514e-05,-0.0014929247554391623,0.888573169708252,-0.04129656031727791,-0.003246700158342719,0.0023366445675492287,11
0.5028592944145203,-0.017334342002868652,0.0,-0.0,0.29141998291015625,-0.08609879016876221,2.98295521736145,-0.015456821769475937,0.012890400364995003,-6.954688433324918e-05,-2.442599543428514e-05,-0.0014929247554391623,0.8848869800567627,-0.038505252450704575,-0.004128848668187857,0.0031257360242307186,11
0.5028592944145203,-0.017334342002868652,0.0,-0.0,0.2760702073574066,-0.07339674979448318,3.04584002494812,-0.015264623798429966,0.012552606873214245,-6.954688433324918e-05,-2.442599543428514e-05,-0.0014929247554391623,0.880193293094635,-0.03502114117145538,-0.005147036164999008,0.003761452389881015,16
0.5028592944145203,-0.017334342002868652,0.0,-0.0,0.26090389490127563,-0.06101604178547859,3.0351099967956543,-0.015088165178894997,0.012244205921888351,-6.954688433324918e-05,-2.442599543428514e-05,-0.0014929247554391623,0.8745201826095581,-0.030962899327278137,-0.006081076338887215,0.0042815241031348705,8
0.503279447555542,-0.01733352802693844,0.000525222101714462,1.0124233540409477e-06,0.24590599536895752,-0.04892913997173309,2.9511032104492188,-0.0149261225014925,0.011961905285716057,-6.954688433324918e-05,-2.442599543428514e-05,-0.0014929247554391623,0.867991030216217,-0.026454290375113487,-0.006886089686304331,0.004678166005760431,18
0.503804624080658,-0.01733251102268696,0.000525222101714462,1.0124233540409477e-06,0.23106274008750916,-0.03711151331663132,2.7943222522735596,-0.014777361415326595,0.01170288771390915,-6.954688433324918e-05,-2.442599543428514e-05,-0.0014929247554391623,0.8606970906257629,-0.02160423994064331,-0.007617473602294922,0.004975732881575823,11
0.5035075545310974,-0.01827438920736313,-0.0007289297645911574,-0.0014368284028023481,0.2163613885641098,-0.02554122544825077,2.5654337406158447,-0.014640949666500092,0.011464773677289486,-6.954688433324918e-05,-2.442599543428514e-05,-0.0014929247554391623,0.8529201745986938,-0.016655873507261276,-0.00785799603909254,0.004894425626844168,16
0.5046901702880859,-0.0189583208411932,0.0033687143586575985,-3.071493119932711e-05,0.2017900049686432,-0.014198481105268002,2.2652673721313477,-0.014516178518533707,0.01124561857432127,-6.954688433324918e-05,-2.442599543428514e-05,-0.0014929247554391623,0.8446774482727051,-0.011659019626677036,-0.008538891561329365,0.005073375068604946,3
0.5089307427406311,-0.01893819309771061,0.004946834873408079,1.8836779418052174e-05,0.1873372346162796,-0.0030652140267193317,1.894813060760498,-0.014402504079043865,0.011043847538530827,-6.954688433324918e-05,-2.442599543428514e-05,-0.0014929247554391623,0.8361582159996033,-0.006673894822597504,-0.007726164534687996,0.00453385291621089,7
0.5147167444229126,-0.01893053576350212,0.0064709605649113655,3.222643499611877e-06,0.1729922592639923,0.00787525437772274,1.4552160501480103,-0.014299560338258743,0.010858232155442238,-6.954688433324918e-05,-2.442599543428514e-05,-0.0014929247554391623,0.8305042386054993,-0.003253147006034851,-0.003725640941411257,0.0023821003269404173,11
0.5219847559928894,-0.01892782747745514,0.007895161397755146,2.138922582162195e-06,0.15874439477920532,0.018638547509908676,0.9477719664573669,-0.014207120053470135,0.010687838308513165,-6.954688433324918e-05,-2.442599543428514e-05,-0.0014929247554391623,0.8272554874420166,-0.0010649960022419691,-0.0031906014773994684,0.002224123105406761,2
