lt_dp_posx,lt_dp_posy,lt_dp_velx,lt_dp_vely,ball_posx,ball_posy,ball_posz,ball_vel_x,ball_vel_y,ball_rot_x,ball_rot_y,ball_rot_z,rt_gk_posx,rt_gk_posy,rt_gk_velx,rt_gk_vely,action_left,action_top_left,action_top,action_top_right,action_right,action_bottom_right,action_bottom,action_bottom_left,action_sprint,action_dribble,sel_action
-1.0110293626785278,-0.0,0.0,-0.0,0.019999999552965164,-0.0,0.11061639338731766,0.0,-0.0,0.0,-0.0,0.0,1.0110293626785278,0.0,-0.0,0.0,5
0.00015037840057630092,2.8413053160258883e-11,0.0013189289020374417,1.0759058921561149e-10,0.019999999552965164,-0.0,0.11059734225273132,0.0,-0.0,0.0,-0.0,0.0,1.0110293626785278,0.0,-0.0,0.0,5
0.0032546569127589464,6.680134223557843e-11,0.004448926541954279,8.556416686289481e-11,0.019999999552965164,-0.0,0.10930104553699493,0.0,-0.0,0.0,-0.0,0.0,1.010373830795288,-5.49647263467512e-12,-0.0026071772444993258,-2.1107376263485023e-11,5
0.006366906687617302,-2.842866386743026e-09,0.006055429577827454,-3.6904868050413597e-10,0.019999999552965164,-0.0,0.11075475811958313,0.0,-0.0,0.0,-0.0,0.0,1.0064098834991455,-2.956339686943643e-11,-0.0046870289370417595,-2.1525843607594908e-11,13
0.012842056341469288,-3.5768010775427683e-09,0.0075285593047738075,-1.1384322651242229e-10,0.027539096772670746,-2.1181166542927343e-10,0.11652964353561401,0.008133233524858952,-2.274202909324785e-10,-1.7571606062555256e-12,-3.251568341511302e-05,-7.976125185674143e-13,1.0008678436279297,-4.2525979265795044e-11,-0.006225530058145523,-3.821345150034627e-12,16
0.02113472856581211,-3.845881391129069e-09,0.00892244279384613,-5.790753432322049e-10,0.035381980240345,-4.305281409155981e-10,0.10822400450706482,0.007649718318134546,-2.1326328203397082e-10,-2.9793266378280725e-12,-4.5251472329255193e-05,-3.4719308719355344e-19,0.9938530325889587,8.992859928946828e-11,-0.007639211602509022,1.4510838364234502e-10,18
0.030431687831878662,-4.080340065826249e-09,0.009344364516437054,6.098768712270441e-11,0.0427929051220417,-6.371338456823139e-10,0.11066719889640808,0.00721757672727108,-2.012158079045534e-10,-2.8109704234419164e-12,-4.269438795745373e-05,-3.471657902333392e-19,0.9855127334594727,1.8545638635902861e-10,-0.008886702358722687,4.9796212292507747e-11,0
0.03977833315730095,-4.105388473618632e-09,0.009191177785396576,-8.994474054446755e-10,0.049773577600717545,-8.317448951800088e-10,0.11028042435646057,0.006788823287934065,-1.8926277212116815e-10,-2.6439560176644283e-12,-4.0157701732823625e-05,1.7357016429005452e-19,0.9762466549873352,5.468624442173109e-10,-0.009335489943623543,8.266892725927732e-10,5
0.049156296998262405,-5.518196122267227e-09,0.009191149845719337,-5.246793000068806e-10,0.05633219704031944,-1.0145898565738776e-09,0.10939440876245499,0.010259120725095272,-9.865841477108006e-10,-2.426395672924797e-12,-2.603464963613078e-05,-9.842029873919668e-15,0.9664705991744995,1.2318468467498178e-09,-0.010197303257882595,5.507207467836395e-10,16
0.05836404114961624,-5.90056092875102e-09,0.009191167540848255,-1.4990751695531657e-10,0.06621226668357849,-1.9578363374961327e-09,0.12385262548923492,0.00969565287232399,-9.23048026901796e-10,-8.98215529732127e-12,-4.577722938847728e-05,-1.886573362808175e-12,0.9558171629905701,1.579787189953663e-09,-0.011003718711435795,1.8255678913003948e-10,0
0.06786071509122849,-6.736232904813733e-09,0.009191184304654598,-1.9103836568223898e-10,0.07562409341335297,-2.852219127547073e-09,0.11530353128910065,0.009203297086060047,-8.742974122455394e-10,-1.2214253046483048e-11,-5.444228372653015e-05,-1.3892173719437673e-18,0.9449081420898438,1.7886400138777958e-09,-0.011030365712940693,1.2750332734068337e-10,5
0.07731784135103226,-7.445061900313021e-09,0.009191123768687248,-9.04939040369257e-11,0.0851779580116272,-3.715463270381747e-09,0.1342625766992569,0.00997717585414648,-8.596043876707427e-10,-8.224485328889308e-12,-4.186480873613618e-05,-2.0539867549851376e-12,0.9335045218467712,1.8229181497630975e-09,-0.011688821017742157,-4.294193819975867e-11,0
0.08658864349126816,-7.851629568733642e-09,0.009191137738525867,-2.413220734354127e-10,0.09502187371253967,-4.56338122845068e-09,0.11440812796354294,0.009619536809623241,-8.282032837314546e-10,-1.1589645042275887e-11,-5.699056782759726e-05,1.389355407708487e-18,0.9214994311332703,2.0842600978454584e-09,-0.012258922681212425,7.316193206818866e-10,9
0.09623157978057861,-9.859370209142071e-09,0.009191122837364674,-1.4076959042874648e-10,0.10440311580896378,-5.371071143400741e-09,0.1128627136349678,0.010182288475334644,-9.728955419063823e-10,-5.825993767277771e-12,-3.255216506659053e-05,-1.7165848820513419e-12,0.908973217010498,2.758661521440331e-09,-0.01272664312273264,4.659052588174006e-10,0
0.10546281933784485,-1.0106403713905365e-08,0.009191123768687248,-4.021195876280359e-11,0.114286869764328,-6.3128986482752225e-09,0.1258690357208252,0.009746729396283627,-9.279486068436427e-10,-1.0335488541401983e-11,-4.8486439482076094e-05,-1.6866589505268315e-12,0.896040678024292,2.9883475693992523e-09,-0.01308637484908104,6.068884839116606e-10,13
0.11495949327945709,-1.2438906793477145e-08,0.009191052988171577,-1.910439306751499e-10,0.12376716732978821,-7.2149393126608174e-09,0.12163718044757843,0.009282144717872143,-8.831186337765473e-10,-1.2337446168853017e-11,-5.490853436640464e-05,-2.7784843747242877e-18,0.8827971816062927,3.836508000176764e-09,-0.013360556215047836,6.496774229702851e-10,5
0.12441661953926086,-1.4465053155277019e-08,0.009191123768687248,-9.048711085979377e-11,0.13330452144145966,-8.290840014524292e-09,0.13168616592884064,0.009828777052462101,-1.2675004379403276e-09,-1.1417014902925793e-11,-4.3550506234169006e-05,-2.7062835479541025e-12,0.8693169951438904,4.0774921217234805e-09,-0.013568822294473648,-8.968477349657888e-11,5
0.13368742167949677,-1.5662767083313156e-08,0.009191137738525867,-2.413353961117082e-10,0.1429564654827118,-9.533865252819851e-09,0.11671234667301178,0.009445423260331154,-1.2153381634405491e-09,-1.6977679678786828e-11,-5.587123450823128e-05,0.0,0.8556575179100037,4.80865081087245e-09,-0.013726599514484406,8.597805245535994e-10,5
0.14333036541938782,-2.2158983981057645e-08,0.009191122837364674,-1.4076388665795747e-10,0.15215396881103516,-1.0717303489116148e-08,0.11471086740493774,0.010105661116540432,-2.1593893340110526e-09,-9.044927133661229e-12,-3.19754944939632e-05,-2.2759812697698e-12,0.8418632745742798,5.220149201790036e-09,-0.013844406232237816,5.711539574626556e-11,5
0.15256160497665405,-2.2804091059924758e-08,0.009191211313009262,-4.022555899485525e-11,0.16199080646038055,-1.2808508920159056e-08,0.12708155810832977,0.009721881709992886,-2.0635324560203117e-09,-1.923691067551303e-11,-4.523269672063179e-05,-4.177634800595076e-12,0.8279680609703064,5.586463736051428e-09,-0.013932760804891586,1.1101635166710366e-09,0
0.1620582938194275,-3.392451830563914e-08,0.009191228076815605,-1.9104066939501507e-10,0.1714407056570053,-1.481031208783179e-08,0.12183018028736115,0.00925026647746563,-1.95873339770003e-09,-2.7364126589657367e-11,-5.471995973493904e-05,2.7784643155944333e-18,0.8139971494674683,6.193387136477213e-09,-0.013999378308653831,1.9373679049916603e-10,13
0.17151542007923126,-4.360058980523718e-08,0.009191211313009262,-9.051430438500319e-11,0.1809317022562027,-1.8064485018953746e-08,0.13138562440872192,0.0097661092877388,-4.5245953650407955e-09,-3.6765989558373846e-11,-4.3485484638949856e-05,-9.142254661642646e-12,0.7999695539474487,5.879287723331572e-09,-0.014048464596271515,-7.305399063461948e-10,16
0.18078622221946716,-5.138407743743301e-08,0.009191137738525867,-2.4128155029501386e-10,0.19051729142665863,-2.249555386413249e-08,0.11677909642457962,0.009380045346915722,-4.330446667921706e-09,-6.049437339950003e-11,-5.548461194848642e-05,2.2228371306161834e-17,0.7858998775482178,6.798001717100988e-09,-0.014085629023611546,4.5089207367787765e-10,18
0.19042915105819702,-9.524400468308158e-08,0.009191210381686687,-1.4075410281755296e-10,0.19965213537216187,-2.6712806189266303e-08,0.1146443784236908,0.010060306638479233,-1.1905177288440427e-08,-3.5300415368588745e-11,-3.1764331652084365e-05,-7.077891224505084e-12,0.7717986106872559,6.675282993029441e-09,-0.014112977311015129,-5.926470425521302e-10,13
0.19966039061546326,-9.920282906250577e-08,0.009191211313009262,-4.025275598951161e-11,0.2094407081604004,-3.8214384545653957e-08,0.1266210526227951,0.009668613784015179,-1.1334843286192609e-08,-1.0128994171187955e-10,-4.552926839096472e-05,-2.215183939058285e-11,0.7576736807823181,6.781346595374771e-09,-0.014133312739431858,2.094571183164362e-10,16
0.2091570794582367,-2.0018092072859872e-07,0.009191228076815605,-1.9102000536896924e-10,0.21883928775787354,-4.9205503671601036e-08,0.1219797283411026,0.009201442822813988,-1.0756143531409634e-08,-1.5026675737050965e-10,-5.443114787340164e-05,-1.1113734012466463e-17,0.7435312271118164,5.808493686032534e-09,-0.014149441383779049,-1.940855920423701e-09,13
0.21861420571804047,-2.880784109038359e-07,0.009191211313009262,-9.051430438500319e-11,0.22829094529151917,-7.292304360362323e-08,0.1312302052974701,0.009734390303492546,-3.6391529789625565e-08,-2.7981880701410944e-10,-4.3383850425016135e-05,-7.102575472206496e-11,0.7293756604194641,2.858222991619641e-09,-0.014160661026835442,-3.1854243687234884e-09,5
0.22788500785827637,-3.7679561160075536e-07,0.009191137738525867,-2.4125543229835955e-10,0.23784270882606506,-1.0853630527662972e-07,0.11681167781352997,0.009345995262265205,-3.479389931726473e-08,-4.860551405805325e-10,-5.52832025277894e-05,-8.891278377548789e-17,0.7152101993560791,-1.13392251144262e-09,-0.014169075526297092,-4.6523482843952024e-09,18
0.23752792179584503,-8.798243129604089e-07,0.009191210381686687,-1.4033198214580267e-10,0.24694490432739258,-1.4242256440866186e-07,0.11461180448532104,0.010038290172815323,-1.2637285351502214e-07,-3.1111055398547194e-10,-3.1656618375563994e-05,-4.7947274622872627e-11,0.7010376453399658,-6.59348042830743e-09,-0.014175387099385262,-6.12009154465909e-09,5
0.24675917625427246,-9.245059118256904e-07,0.009191211313009262,-4.0035173093366794e-11,0.25671008229255676,-2.6438470968059846e-07,0.12639784812927246,0.00964291300624609,-1.201238575276875e-07,-1.0575251785382989e-09,-4.565382914734073e-05,-2.3001947568879189e-10,0.6868598461151123,-1.5856860713370224e-08,-0.014179594814777374,-1.551599559945771e-08,13
0.2562558650970459,-2.3247787339641945e-06,0.009191228076815605,-1.893837725530645e-10,0.2660832703113556,-3.808368091995362e-07,0.12205149233341217,0.009176759049296379,-1.139627201496296e-07,-1.59209523342696e-09,-5.4285115766106173e-05,0.0,0.6726780533790588,-4.005251597050119e-08,-0.014183801598846912,-3.129814984959012e-08,12
0.2657129764556885,-3.543716957210563e-06,0.009191211313009262,-9.051430438500319e-11,0.2755042612552643,-6.797913556511048e-07,0.1283707469701767,0.009682673960924149,-4.787666512129363e-07,-4.012620458127003e-09,-4.512698433245532e-05,-9.139606294006342e-10,0.658493161201477,-7.939929957956338e-08,-0.014185905456542969,-4.614597770569162e-08,12
0.27498379349708557,-4.6524714889528695e-06,0.009191137738525867,-2.4229981909762444e-10,0.2849779725074768,-1.14701265374606e-06,0.11684094369411469,0.009263950400054455,-4.5652799940398836e-07,-6.3774905356694944e-09,-5.4797896154923365e-05,-1.4225779647490861e-15,0.644305944442749,-1.3659671083132707e-07,-0.014188009314239025,-6.62399344264486e-08,7
0.28462672233581543,-1.0942572771455161e-05,0.009191210381686687,-1.4927897806771284e-10,0.29400065541267395,-1.5916515394565067e-06,0.11457885056734085,0.010042400099337101,-1.5987121742000454e-06,-4.018106292136281e-09,-3.1479350582230836e-05,-6.407805952513002e-10,0.6301171183586121,-2.138894785730372e-07,-0.014189411886036396,-8.633628567622509e-08,12
0.29385796189308167,-1.1500496839289553e-05,0.009191211313009262,-4.1775832793078393e-11,0.30376866459846497,-3.134580992991687e-06,0.1264057457447052,0.009645222686231136,-1.5196554841168108e-06,-1.3363644413288966e-08,-4.550117228063755e-05,-2.9376143739767713e-09,0.6159270405769348,-3.571155389181513e-07,-0.014190814457833767,-1.8959788405936706e-07,6
0.30267849564552307,-0.0012741698883473873,0.008271859958767891,-7.129742352063317e-10,0.31314346194267273,-4.60771343568922e-06,0.12203443050384521,0.009178202599287033,-1.4416098110814346e-06,-2.013974409464936e-08,-5.429366501630284e-05,-2.8451010841148375e-15,0.6017361879348755,-6.03394141762692e-07,-0.014191515743732452,-2.9265450507409696e-07,0
0.31102144718170166,-0.002373328199610114,0.008272073231637478,-1.7824355325046781e-09,0.32221677899360657,-0.00020473511540330946,0.12806379795074463,0.00900021567940712,-0.0003933792468160391,-3.164811005262891e-06,-4.303847890696488e-05,-6.160181555969757e-07,0.5875446200370789,-5.1576266741903964e-06,-0.014191865921020508,-1.241028803633526e-05,6
0.3193366527557373,-0.00237254542298615,0.008558876812458038,5.8606478887668345e-06,0.33101364970207214,-0.000588076887652278,0.11798476427793503,0.008600092492997646,-0.00037452802644111216,-5.232091552898055e-06,-5.087205863674171e-05,-1.4565085248996468e-12,0.573352575302124,-2.8639045922318473e-05,-0.014192216098308563,-3.2539752282900736e-05,12
0.32888495922088623,-0.0021915817633271217,0.00963522121310234,3.9517130971944425e-06,0.33937931060791016,-0.0009523949702270329,0.11469507962465286,0.008163667283952236,-0.00035552179906517267,-4.966639153280994e-06,-4.829108729609288e-05,-7.28189101899257e-13,0.5592455863952637,-7.135388295864686e-05,-0.013620011508464813,-4.6681489038746804e-05,18
0.33916738629341125,-0.0022236136719584465,0.009339346550405025,-0.00044204757432453334,0.3583018481731415,-0.0016644359566271305,0.15295207500457764,0.062446221709251404,-0.0021688994020223618,-8.998505109047983e-06,-4.323600478528533e-06,0.0003081278991885483,0.5476556420326233,-0.0001110770390368998,-0.009579868987202644,-3.283402111264877e-05,7
0.3476782441139221,-0.002713697962462902,0.008581316098570824,-0.00041794904973357916,0.4190455675125122,-0.003836335614323616,0.2957887053489685,0.05939624831080437,-0.0021737890783697367,-8.998505109047983e-06,-4.323600478528533e-06,0.0003081278991885483,0.5405085682868958,-0.00013557259808294475,-0.005868252366781235,-2.011166543525178e-05,4
0.35530033707618713,-0.0030840595718473196,0.007102419156581163,-0.0006312709301710129,0.4768971800804138,-0.006010811775922775,0.3255380094051361,0.05662645772099495,-0.002174307592213154,-8.998505109047983e-06,-4.323600478528533e-06,0.0003081278991885483,0.5356677770614624,-0.0001521636440884322,-0.0036765546537935734,-1.2600259651662782e-05,7
0.3619190454483032,-0.003853228874504566,0.006085634231567383,-0.0007076091133058071,0.5321137309074402,-0.008183010853827,0.24790631234645844,0.0540962778031826,-0.002169667975977063,-8.998505109047983e-06,-4.323600478528533e-06,0.0003081278991885483,0.5330942869186401,-0.00016098393825814128,-0.0018382773268967867,-6.300241238932358e-06,9
0.36824360489845276,-0.00457121804356575,0.006878376007080078,-0.0007340069860219955,0.5841765999794006,-0.010323211550712585,0.12284770607948303,0.04590197652578354,-0.0019712247885763645,-1.0632134035404306e-05,-2.7412757845013402e-05,0.00027418480021879077,0.5329198241233826,-0.00016158200742211193,-0.0,0.0,7
0.3759470283985138,-0.00526403496041894,0.008351662196218967,-0.0006353562930598855,0.6285697817802429,-0.012270336039364338,0.16795280575752258,0.04366503655910492,-0.0019441599724814296,-1.0816803296620492e-05,-3.002796984219458e-05,0.0002702490601222962,0.5329198241233826,-0.00016158200742211193,-0.0,0.0,16
0.38495856523513794,-0.005769179668277502,0.009313751943409443,-0.00041129699093289673,0.6705138683319092,-0.014176404103636742,0.12376604229211807,0.03836144506931305,-0.0017949264729395509,-1.2822021744796075e-05,-5.724294169340283e-05,0.00022727251052856445,0.5341224074363708,-0.00013992306776344776,0.0031755249947309494,-0.0002572243975009769,6
0.3945029079914093,-0.006172701716423035,0.009960987605154514,-0.00040899054147303104,0.7066951990127563,-0.015900971367955208,0.11600124835968018,0.033802859485149384,-0.0016420612810179591,-1.5406569218612276e-05,-9.303361730417237e-05,0.00016710498312022537,0.5380679368972778,-0.0007614248897880316,0.0046011279337108135,-0.0007931575528346002,4
0.4049900770187378,-0.006583212409168482,0.010891171172261238,-0.0004082561645191163,0.7380027770996094,-0.017445236444473267,0.11043566465377808,0.029498159885406494,-0.0014695249265059829,-1.8703407477005385e-05,-0.00014291907427832484,7.1050162659958e-05,0.5435272455215454,-0.001511322450824082,0.006159263662993908,-0.0006741108372807503,6
0.4163352847099304,-0.006994765251874924,0.011705650947988033,-0.0004207759920973331,0.7658690810203552,-0.018839150667190552,0.1094483733177185,0.02669309452176094,-0.0013363760663196445,-1.866792626969982e-05,-0.00015788889140821993,0.0,0.5504751801490784,-0.002234136452898383,0.007571543101221323,-0.0007522376836277544,10
0.42841818928718567,-0.007423418574035168,0.012366211041808128,-0.00043381628347560763,0.7913030385971069,-0.02011248841881752,0.10957014560699463,0.024454880505800247,-0.0012243204982951283,-1.7102825950132683e-05,-0.00014465166896115988,-5.863588260768271e-12,0.5587493777275085,-0.0030009557958692312,0.008823240175843239,-0.0007712313672527671,18
0.44107434153556824,-0.007862117141485214,0.012872850522398949,-0.000443812197772786,0.8146719336509705,-0.021282436326146126,0.10967440903186798,0.022520821541547775,-0.00112749298568815,-1.575034730194602e-05,-0.00013321274309419096,-2.9285243934723537e-12,0.5679585933685303,-0.003763349261134863,0.009365993551909924,-0.0007549541187472641,8
0.4541601538658142,-0.008312876336276531,0.013203831389546394,-0.0004545068077277392,0.8362449407577515,-0.022362474352121353,0.10975088179111481,0.020830228924751282,-0.0010428540408611298,-1.4568082406185567e-05,-0.00012321348185651004,-2.92589151691669e-12,0.5778495073318481,-0.004543598275631666,0.010296877473592758,-0.0007957576308399439,6
0.46736398339271545,-0.00876699946820736,0.013203831389546394,-0.00045380808296613395,0.8562394380569458,-0.023363487794995308,0.10980768501758575,0.019337473437190056,-0.0009681200608611107,-1.3524163477995899e-05,-0.00011438422370702028,5.847480919612957e-12,0.5885640382766724,-0.0053496696054935455,0.010920272208750248,-0.0008062490960583091,4
0.4805440306663513,-0.009220387786626816,0.013177184388041496,-0.00045376530033536255,0.8748332262039185,-0.024294376373291016,0.1098504364490509,0.018007617443799973,-0.0009015415562316775,-1.259414420928806e-05,-0.00010651834600139409,0.0,0.5994338989257812,-0.006136174779385328,0.0111060980707407,-0.0007899041520431638,6
0.4937213957309723,-0.009674722328782082,0.013177535496652126,-0.00045479912660084665,0.8921738266944885,-0.025162525475025177,0.10988300293684006,0.016813412308692932,-0.000841754546854645,-1.1758977052522823e-05,-9.945466445060447e-05,-5.840943614193739e-12,0.6108983755111694,-0.0069377608597278595,0.01173790730535984,-0.0008092685020528734,18
0.5068761706352234,-0.010129165835678577,0.013132305815815926,-0.00045377243077382445,0.9083845615386963,-0.025974107906222343,0.1099080741405487,0.015733344480395317,-0.0007876817835494876,-1.1003623512806371e-05,-9.306602441938594e-05,0.0,0.6229482889175415,-0.007760790642350912,0.01229468546807766,-0.0008333313744515181,1
0.5200085043907166,-0.010582951828837395,0.013132655993103981,-0.00045379382208921015,0.9235698580741882,-0.02673434652388096,0.10992756485939026,0.014750166796147823,-0.0007384598138742149,-1.0316030056856107e-05,-8.725047518964857e-05,-5.836285014299003e-12,0.6354971528053284,-0.008599153719842434,0.012739966623485088,-0.0008409245638176799,12
0.5331310629844666,-0.011036405339837074,0.013034484349191189,-0.00045034303911961615,0.9378185272216797,-0.027447696775197983,0.10994285345077515,0.013849913142621517,-0.0006933892727829516,-9.68642871157499e-06,-8.192544191842899e-05,-1.4586112265929652e-12,0.6484326124191284,-0.009442375041544437,0.013081466779112816,-0.0008470989414490759,0
0.5461657047271729,-0.011486252769827843,0.013034834526479244,-0.00044944469118490815,0.9512071013450623,-0.028117986395955086,0.10995492339134216,0.0130211366340518,-0.0006518966984003782,-9.106807738135103e-06,-7.702319271629676e-05,-2.916427082472195e-12,0.661663293838501,-0.010291440412402153,0.013342324644327164,-0.0008495586807839572,4
0.5592004060745239,-0.011935200542211533,0.013034834526479244,-0.00044854634325020015,0.9638018608093262,-0.028748534619808197,0.1099645271897316,0.012254366651177406,-0.0006135086296126246,-8.570549653086346e-06,-7.248767360579222e-05,0.0,0.6751191020011902,-0.011140432208776474,0.013540071435272694,-0.0008480543037876487,16
0.5721477270126343,-0.012380018830299377,0.012909664772450924,-0.0004427997628226876,0.9756600856781006,-0.029342208057641983,0.10997221618890762,0.011541700921952724,-0.0005778291961178184,-8.07212563813664e-06,-6.827212928328663e-05,1.4575649714965166e-12,0.6887446641921997,-0.01198937464505434,0.0136894341558218,-0.0008485676371492445,16
0.5850576758384705,-0.012821877375245094,0.012910015881061554,-0.0004411028930917382,0.9868322610855103,-0.029901539906859398,0.10997840017080307,0.010876489803195,-0.000544525682926178,-7.6068827183917165e-06,-6.433724774979055e-05,1.457299016703606e-12,0.7024984955787659,-0.012836851179599762,0.013801630586385727,-0.0008463574340566993,18
0.5979206562042236,-0.013260356150567532,0.012753290124237537,-0.0004336451820563525,0.9973625540733337,-0.03042873926460743,0.1099833995103836,0.010253101587295532,-0.0005133160157129169,-7.170893240981968e-06,-6.064974149921909e-05,0.0,0.7163485288619995,-0.013681681826710701,0.01388577837496996,-0.0008438477525487542,4
0.6106737852096558,-0.013692330569028854,0.012753290124237537,-0.00043059364543296397,1.007290244102478,-0.03092576377093792,0.10998745262622833,0.009666725061833858,-0.0004839594184886664,-6.76078934702673e-06,-5.7181161537300795e-05,0.0,0.7302708625793457,-0.014524002559483051,0.013948889449238777,-0.0008408960420638323,0
