lt_dp_posx,lt_dp_posy,lt_dp_velx,lt_dp_vely,ball_posx,ball_posy,ball_posz,ball_vel_x,ball_vel_y,ball_rot_x,ball_rot_y,ball_rot_z,rt_gk_posx,rt_gk_posy,rt_gk_velx,rt_gk_vely,action_left,action_top_left,action_top,action_top_right,action_right,action_bottom_right,action_bottom,action_bottom_left,action_sprint,action_dribble,sel_action
-1.0110293626785278,-0.0,0.0,-0.0,0.019999999552965164,-0.0,0.11061639338731766,0.0,-0.0,0.0,-0.0,0.0,1.0110293626785278,0.0,-0.0,0.0,0,0,0,0,0,0,0,0,0,0,5
0.0,-0.0,0.0,-0.0,0.019999999552965164,-0.0,0.11059734225273132,0.0,-0.0,0.0,-0.0,0.0,1.0097103118896484,-1.053061197270333e-11,-0.0033988673239946365,-2.5076950932456654e-11,0,0,0,0,1,0,0,0,0,0,5
0.00015050964429974556,2.8388463454986912e-11,0.0013189289020374417,1.0759057533782368e-10,0.019999999552965164,-0.0,0.10930104553699493,0.0,-0.0,0.0,-0.0,0.0,1.005424976348877,-3.4275877275335986e-11,-0.0050032841973006725,-2.029609813547495e-11,0,0,0,0,1,0,0,0,0,0,5
0.0032553800847381353,6.826811338456196e-11,0.0044489274732768536,9.383747251456853e-11,0.019999999552965164,-0.0,0.11075475811958313,0.0,-0.0,0.0,-0.0,0.0,0.9995788931846619,-4.5175412022313566e-11,-0.0065179429948329926,-1.7381629989488001e-12,0,0,0,0,1,0,0,0,0,0,5
0.006367017515003681,-2.8247144623350096e-09,0.006055423058569431,-3.7899874905100717e-10,0.019999999552965164,-0.0,0.11053141206502914,0.0,-0.0,0.0,-0.0,0.0,0.9922854900360107,5.671075276048043e-10,-0.007902874611318111,5.197569041826e-10,0,0,0,0,1,0,0,0,0,0,13
0.012842056341469288,-3.601403175679252e-09,0.0075285593047738075,-1.8625058439969422e-10,0.02797866053879261,-6.944040897849391e-10,0.11944223940372467,0.008623507805168629,-7.496659404360173e-10,-6.208922265216188e-12,-3.203926462447271e-05,-2.4147890718279053e-12,0.9837011694908142,9.152765212405711e-10,-0.009114601649343967,1.95278557213463e-10,0,0,0,0,1,0,0,0,1,0,16
0.021103112027049065,-3.725521224851036e-09,0.00883454829454422,-1.6919075862542599e-10,0.036285605281591415,-1.4159141636937989e-09,0.1145222932100296,0.008107957430183887,-7.041093263993048e-10,-9.836609825286668e-12,-4.7962534154066816e-05,-1.3888951850951779e-18,0.9743693470954895,1.0863530075511107e-09,-0.009437869302928448,1.8818673008791365e-10,0,0,0,0,1,0,0,0,1,0,0
0.0305695328861475,-3.863385611424519e-09,0.00995480827987194,-9.53963089078691e-11,0.044148705899715424,-2.098759388502458e-09,0.11203202605247498,0.007663946598768234,-6.655505035979559e-10,-9.297430013377461e-12,-4.5333530579227954e-05,-1.3887760710869702e-18,0.9644050598144531,1.2247065583892436e-09,-0.010371208190917969,8.542321711102474e-11,0,0,0,0,1,0,0,0,1,0,18
0.03918817639350891,-5.1548880719565204e-09,0.009499148465692997,-1.7666228202539713e-10,0.05157289281487465,-2.743488325407384e-09,0.1091429740190506,0.007229129783809185,-6.27790319729371e-10,-8.770218058729018e-12,-4.2762880184454843e-05,0.0,0.9536177515983582,1.461124332635677e-09,-0.010990395210683346,1.0627501101367898e-09,0,0,0,0,1,0,0,0,1,0,5
0.04806087166070938,-6.123885842868049e-09,0.010158954188227654,-1.0774411918212934e-10,0.06149664148688316,1.181521929538576e-05,0.13679730892181396,0.014081127010285854,2.9392276701400988e-05,3.80076073724922e-07,-4.308273128117435e-05,-2.6628971028230808e-08,0.9426805973052979,2.241522301105192e-09,-0.011172715574502945,5.599009034185087e-10,0,0,0,0,1,0,0,0,1,0,13
0.058609966188669205,8.714221166883362e-07,0.010675542056560516,3.5105611004837556e-06,0.07548849284648895,4.10235661547631e-05,0.12858088314533234,0.013905836269259453,2.903743734350428e-05,3.80326014237653e-07,-4.346490095485933e-05,-2.6148725851271593e-08,0.9311493039131165,2.5807129766519665e-09,-0.011804524809122086,1.4914937340737566e-10,0,0,0,0,1,0,0,0,1,0,0
0.0695219486951828,8.62623164721299e-06,0.011254759505391121,1.1158338566019665e-05,0.08883501589298248,6.928494985913858e-05,0.12421794980764389,0.01302226260304451,2.7705649699782953e-05,3.870635794100963e-07,-7.703457958996296e-05,-1.3670760758231065e-13,0.9190320372581482,2.6445067646818643e-07,-0.012362704612314701,7.429203492392844e-07,0,0,0,0,1,0,0,0,1,0,13
0.08116930723190308,2.4411381673417054e-05,0.01194591075181961,1.9283654182800092e-05,0.10151070356369019,9.625323582440615e-05,0.11379798501729965,0.012377169914543629,2.6333162168157287e-05,3.678843540910748e-07,-7.321750308619812e-05,9.11201114019676e-14,0.9064158201217651,1.9625942968559684e-06,-0.012806584127247334,2.509333398847957e-06,0,0,0,0,1,0,0,0,1,0,5
0.09346383810043335,4.530760634224862e-05,0.012555805966258049,2.2870292013976723e-05,0.11350809037685394,0.00012177840108051896,0.1122499480843544,0.01169251836836338,2.487652272975538e-05,3.4751772659546987e-07,-6.916408892720938e-05,9.110171384635324e-14,0.8934142589569092,5.307379979058169e-06,-0.013147382065653801,3.739010253411834e-06,0,0,0,0,1,0,0,0,1,0,0
0.10628677159547806,7.174708298407495e-05,0.013022299855947495,2.9522647309931926e-05,0.12483616918325424,0.0001458795741200447,0.10975512862205505,0.01103427167981863,2.3476066417060792e-05,3.279605209627334e-07,-6.527172809001058e-05,9.10850374616877e-14,0.8801179528236389,9.423542906006332e-06,-0.013407538644969463,4.4404018808563706e-06,0,0,0,0,1,0,0,0,1,0,18
0.11927655339241028,0.00010405668581370264,0.013374910689890385,3.341985211591236e-05,0.13552172482013702,0.00016861374024301767,0.11078748106956482,0.010406265035271645,2.2139947759569623e-05,3.09287258914992e-07,-6.155532173579559e-05,4.5535010630799386e-14,0.8665978312492371,1.4239869415177964e-05,-0.013604585081338882,5.119155048305402e-06,0,0,0,0,1,0,0,0,1,0,5
0.1302986443042755,-0.00038767990190535784,0.013405070640146732,2.1553745682467707e-05,0.14560118317604065,0.00019005840294994414,0.11049683392047882,0.009817165322601795,2.0886598576908e-05,2.9178269755902875e-07,-5.8071516832569614e-05,4.552837666875649e-14,0.852908194065094,1.965540104720276e-05,-0.013753245584666729,5.696691914636176e-06,0,0,0,0,1,0,0,0,1,0,0
0.14270848035812378,-0.0005943359574303031,0.013405084609985352,8.082453859969974e-06,0.15930145978927612,0.00013600251986645162,0.1510506272315979,0.015317070297896862,-8.542744762962684e-05,-1.9506293824633758e-07,-5.070622137282044e-05,-1.433035521358761e-07,0.839091420173645,2.5679228201624937e-05,-0.01386404037475586,6.284784376475727e-06,0,0,0,0,1,0,0,0,1,0,18
0.15610209107398987,-0.0005895135109312832,0.013462760485708714,1.0180826393479947e-05,0.17450207471847534,5.124430390424095e-05,0.11878031492233276,0.015037443488836288,-8.368853013962507e-05,-2.513453694064083e-07,-5.2920266170986e-05,-1.816085557493352e-07,0.8251792788505554,3.018543247890193e-05,-0.013947486877441406,8.65650974901655e-07,0,0,0,0,1,0,0,0,1,0,5
0.16970384120941162,-0.0005576041876338422,0.013704860582947731,5.179980507818982e-05,0.18892811238765717,-2.788102938211523e-05,0.1200253888964653,0.014137483201920986,-7.739428838249296e-05,-1.081278810488584e-06,-8.36346298456192e-05,3.6468891058058506e-13,0.8111956715583801,2.5837300199782476e-05,-0.014009896665811539,-8.625901500636246e-06,0,0,0,0,1,0,0,0,1,0,5
0.1835118681192398,-0.0004827883676625788,0.01388455182313919,8.944751607486978e-05,0.20265060663223267,-0.0001030036510201171,0.11485067754983902,0.013405334204435349,-7.338626164710149e-05,-1.02525052625424e-06,-7.930090214358643e-05,-5.46898192965023e-13,0.7971585988998413,1.2253263776074164e-05,-0.014056879095733166,-1.6225274521275423e-05,0,0,0,0,1,0,0,0,1,0,13
0.1974731981754303,-0.00040242692921310663,0.014018136076629162,7.124305557226762e-05,0.21564313769340515,-0.0001741300948197022,0.11213156580924988,0.01265956275165081,-6.930361996637657e-05,-9.68120843936049e-07,-7.488202390959486e-05,0.0,0.7830818295478821,-3.8551770558115095e-06,-0.014091940596699715,-1.601089388714172e-05,0,0,0,0,1,0,0,0,1,0,0
0.21154822409152985,-0.00034220877569168806,0.014117009937763214,5.1413906476227567e-05,0.22791029512882233,-0.00024128540826495737,0.108924999833107,0.011950432322919369,-6.5421532781329e-05,-9.13954750103585e-07,-7.069242565194145e-05,0.0,0.7689753174781799,-1.974279985006433e-05,-0.014117185026407242,-1.578533192514442e-05,0,0,0,0,1,0,0,0,1,0,16
0.22399888932704926,0.00011957420065300539,0.014141228049993515,3.2886789995245636e-05,0.23948335647583008,-0.000304641027469188,0.10870729386806488,0.011269239708781242,-6.169244443299249e-05,-8.618450806352485e-07,-6.666180706815794e-05,-9.109088537715554e-14,0.7548463940620422,-3.5644650779431686e-05,-0.01413752045482397,-1.6095755199785344e-05,0,0,0,0,1,0,0,0,1,0,18
0.2365870624780655,0.0005084944423288107,0.013827226124703884,1.4292013474914711e-05,0.25275883078575134,-0.0002889013849198818,0.14468340575695038,0.01538496371358633,9.132597915595397e-05,5.0885663682720406e-08,-5.389392754295841e-05,9.312545046213927e-08,0.7407010197639465,-5.198429789743386e-05,-0.014151545241475105,-1.653860635997262e-05,0,0,0,0,1,0,0,0,1,0,16
0.25007274746894836,0.0005132186925038695,0.01340525969862938,-2.48382389145263e-06,0.2680388391017914,-0.00019820252782665193,0.13317938148975372,0.015191853046417236,9.018846321851015e-05,5.0885663682720406e-08,-5.389392754295841e-05,9.312545046213927e-08,0.7265436053276062,-6.722802936565131e-05,-0.014161362312734127,-1.0831136933120433e-05,0,0,0,0,1,0,0,0,1,0,18
0.2636253237724304,0.0004899050109088421,0.013661910779774189,-4.4594307837542146e-05,0.28269097208976746,-0.00011278076999587938,0.12562811374664307,0.014308053068816662,8.28387783258222e-05,1.1573077927096165e-06,-8.464103302685544e-05,1.8235528375949023e-13,0.7123770713806152,-6.984336505411193e-05,-0.014170478098094463,4.109349447389832e-06,0,0,0,0,1,0,0,0,1,0,13
0.27739670872688293,0.00041849270928651094,0.013852469623088837,-9.268887515645474e-05,0.29661521315574646,-3.2164134609047323e-05,0.11877243965864182,0.013594577088952065,7.870800618547946e-05,1.0995649972755928e-06,-8.041793626034632e-05,-1.8231079081283685e-13,0.6982036828994751,-5.750979107688181e-05,-0.014175387099385262,1.9064151274506003e-05,0,0,0,0,1,0,0,0,1,0,7
0.29133057594299316,0.0003274972550570965,0.013994294218719006,-8.228903607232496e-05,0.30980825424194336,4.421901030582376e-05,0.11094540357589722,0.012863571755588055,7.44757562642917e-05,1.0404569366073702e-06,-7.609499880345538e-05,-1.8226763956637193e-13,0.6840256452560425,-3.8520935049746186e-05,-0.014180295169353485,1.892681757453829e-05,0,0,0,0,0,0,1,0,1,0,13
0.3053281009197235,0.00035735536948777735,0.01407106127589941,-6.32974915788509e-05,0.32226642966270447,0.00011634784459602088,0.11248864978551865,0.012135971337556839,7.026321691228077e-05,9.815702242121915e-07,-7.178818486863747e-05,-3.644540452849704e-13,0.6698436737060547,-1.9670533220050856e-05,-0.014183100312948227,1.8787650333251804e-05,0,0,0,0,0,0,1,0,1,0,6
0.31858059763908386,0.001591294421814382,0.013695694506168365,0.00030797283397987485,0.33402130007743835,0.00018440469284541905,0.1105976402759552,0.011446919292211533,6.62738602841273e-05,9.25822291719669e-07,-6.771099288016558e-05,1.821907696323427e-13,0.6556587815284729,1.7741639624091476e-07,-0.014185905456542969,2.189673250541091e-05,0,0,0,0,0,1,0,0,1,0,12
0.33168235421180725,0.0023863508831709623,0.012892834842205048,0.00067983876215294,0.3474814295768738,0.0027107445057481527,0.1511259824037552,0.014294895343482494,0.003556920448318124,1.734856778057292e-05,-5.1789702411042526e-05,2.5482017917966004e-06,0.6414716839790344,2.4975193809950724e-05,-0.014188009314239025,2.717141978791915e-05,0,0,0,0,0,1,0,0,1,0,12
0.34408867359161377,0.004023000597953796,0.012187747284770012,0.0023373791482299566,0.36166730523109436,0.006239945534616709,0.11826187372207642,0.014032715931534767,0.003486379748210311,1.9339944628882222e-05,-5.377595152822323e-05,3.7244128634483786e-06,0.6272832155227661,7.249717600643635e-05,-0.014188009314239025,0.00014877399371471256,0,0,0,0,0,1,0,0,1,0,12
0.3558911383152008,0.006688233464956284,0.01175298448652029,0.002685331739485264,0.3751576244831085,0.00955985952168703,0.12037663906812668,0.013227632269263268,0.003251454094424844,4.542621900327504e-05,-7.825213833712041e-05,1.749973083109424e-11,0.6131137609481812,0.000543831440154463,-0.014145934954285622,0.0007349899969995022,0,0,0,0,0,1,0,0,1,0,9
0.3679209351539612,0.009411496110260487,0.012242092750966549,0.002740879775956273,0.3879987597465515,0.01271631196141243,0.11468755453824997,0.012543796561658382,0.0030833622440695763,4.30764484917745e-05,-7.42043848731555e-05,5.8319842011211875e-12,0.5990182161331177,0.001599977258592844,-0.014045659452676773,0.001318293740041554,0,0,0,0,0,1,0,0,1,0,12
0.3803872764110565,0.012153385207057,0.012635133229196072,0.002738812007009983,0.4001559019088745,0.015704626217484474,0.11212276667356491,0.011845853179693222,0.0029118021484464407,4.0675760828889906e-05,-7.0068912464194e-05,-5.83076729260279e-12,0.5850317478179932,0.0031623458489775658,-0.013940825127065182,0.0017314276192337275,0,0,0,0,0,1,0,0,1,0,12
0.39317843317985535,0.014916768297553062,0.012898094952106476,0.0027993079274892807,0.4116343855857849,0.018526125699281693,0.10895217210054398,0.011182141490280628,0.0027486549224704504,3.8399397453758866e-05,-6.614765879930928e-05,-5.829677886259876e-12,0.5711551308631897,0.00509680388495326,-0.013820914551615715,0.002100093988701701,0,0,0,0,0,1,0,0,1,0,5
0.4061782658100128,0.017762860283255577,0.013074453920125961,0.002882226835936308,0.4224633574485779,0.02118797041475773,0.10870331525802612,0.010544689372181892,0.0025919645559042692,3.620982897700742e-05,-6.23758533038199e-05,5.8286890938785696e-12,0.5574191808700562,0.007416842505335808,-0.01364525593817234,0.002540305722504854,0,0,0,0,1,0,0,0,1,0,5
0.4186212718486786,0.021000700071454048,0.01227266900241375,0.0026677295099943876,0.43267473578453064,0.023697998374700546,0.11073706299066544,0.009944145567715168,0.0024443459697067738,3.414668026380241e-05,-5.8821806305786595e-05,-5.827811323799725e-12,0.5439168810844421,0.010257537476718426,-0.013377386145293713,0.003084847005084157,0,0,0,0,1,0,0,0,1,0,4
0.42960765957832336,0.02358914352953434,0.01020501647144556,0.0017833196325227618,0.45376715064048767,0.025495827198028564,0.1688568890094757,0.0665290430188179,-0.000554131343960762,1.805076863092836e-05,1.9793984051830193e-07,0.001188372727483511,0.5307103395462036,0.013636436313390732,-0.0130586763843894,0.0036175597924739122,0,0,0,1,0,0,0,0,1,0,3
0.4383073151111603,0.024999069049954414,0.008336937054991722,0.0013869915856048465,0.5183618068695068,0.024742184206843376,0.3968074321746826,0.06306745111942291,-0.0009147742530331016,1.805076863092836e-05,1.9793984051830193e-07,0.001188372727483511,0.5194061398506165,0.016953524202108383,-0.00957320723682642,0.0030058850534260273,0,0,1,0,0,0,0,0,1,0,12
0.44571158289909363,0.026231151074171066,0.007036503404378891,0.0008731937850825489,0.57968670129776,0.023636195808649063,0.5189683437347412,0.059946201741695404,-0.0012599298497661948,1.805076863092836e-05,1.9793984051830193e-07,0.001188372727483511,0.5127140283584595,0.019529785960912704,-0.00413796491920948,0.0022200164385139942,0,0,1,0,0,0,0,0,1,0,18
0.4523608684539795,0.026877054944634438,0.00611438462510705,0.0005939360707998276,0.6380531191825867,0.02219455875456333,0.5410837531089783,0.057114098221063614,-0.0015875978861004114,1.805076863092836e-05,1.9793984051830193e-07,0.001188372727483511,0.5113866329193115,0.02208217978477478,0.0008989782654680312,0.0028411736711859703,0,0,1,0,0,0,0,0,1,0,4
0.4587174952030182,0.027462081983685493,0.006918696686625481,0.0005494464421644807,0.6937269568443298,0.020435309037566185,0.46810221672058105,0.05452955514192581,-0.001896917587146163,1.805076863092836e-05,1.9793984051830193e-07,0.001188372727483511,0.5149332284927368,0.024239733815193176,0.005179643630981445,0.0014572908403351903,0,0,0,1,0,0,0,0,1,0,18
0.46647053956985474,0.027837419882416725,0.008402502164244652,0.00019139080541208386,0.7469359636306763,0.01837688498198986,0.30432283878326416,0.0521584078669548,-0.0021878278348594904,1.805076863092836e-05,1.9793984051830193e-07,0.001188372727483511,0.5211388468742371,0.025108596310019493,0.006920449901372194,0.0005505871959030628,0,0,0,1,0,0,0,0,1,0,11
0.4755103588104248,0.02770581841468811,0.009320413693785667,-0.0003410298377275467,0.7970861792564392,0.016093796119093895,0.1270381212234497,0.043117817491292953,-0.001962624955922365,1.3948896594229154e-05,-2.2096492102718912e-05,0.0010729326168075204,0.5288289189338684,0.02552422694861889,0.008292758837342262,0.00026844904641620815,0,0,0,1,0,0,0,0,1,0,15
0.48505842685699463,0.0273419376462698,0.009962741285562515,-0.0003895120753441006,0.8390305042266846,0.014068744145333767,0.22187112271785736,0.04129750654101372,-0.0020932273473590612,1.3638758900924586e-05,-2.376736119913403e-05,0.0010636493097990751,0.5377615094184875,0.02557951584458351,0.009314453229308128,-0.00013486620446201414,0,0,0,1,0,0,0,0,0,0,11
0.4955437183380127,0.026915857568383217,0.010885911993682384,-0.0004561323730740696,0.8795584440231323,0.011894707567989826,0.18415753543376923,0.039906419813632965,-0.0022391462698578835,1.3638758900924586e-05,-2.376736119913403e-05,0.0010636493097990751,0.5471491813659668,0.025341128930449486,0.009627902880311012,-0.0002680782927200198,0,0,0,1,0,0,0,0,0,0,7
0.5068817734718323,0.026431944221258163,0.011697937734425068,-0.000501848291605711,0.9172475337982178,0.009712852537631989,0.14102807641029358,0.034901369363069534,-0.002032050397247076,7.657125934201758e-06,-4.9726681027095765e-05,0.0009021844016388059,0.5572828054428101,0.02503041736781597,0.010523024946451187,-0.00034770325873978436,0,0,0,0,0,0,1,0,0,0,8
0.5189554691314697,0.025909563526511192,0.012355692684650421,-0.0005386662669479847,0.9515365362167358,0.007644191384315491,0.11351805180311203,0.03342776000499725,-0.0020682578906416893,6.8343006205395795e-06,-5.3005231166025624e-05,0.0008797971531748772,0.5681341886520386,0.02464407868683338,0.010861719027161598,-0.0004041137872263789,0,0,0,0,0,0,0,1,0,0,1
0.5316001772880554,0.025353537872433662,0.01286057848483324,-0.0005678696907125413,0.9820278286933899,0.005773473996669054,0.10533850640058517,0.02885235846042633,-0.0017738580936565995,-4.1803687054198235e-06,-9.522689651930705e-05,0.0005735717713832855,0.579125702381134,0.024217059835791588,0.011287717148661613,-0.0004524534451775253,1,0,0,0,0,0,0,0,0,0,4
0.5446808338165283,0.024774160236120224,0.013244502246379852,-0.000588374852668494,1.0089975595474243,0.004130924120545387,0.10824918746948242,0.0257873572409153,-0.0015660225180909038,-2.1878533516428433e-05,-0.00015255046309903264,-5.868425103500163e-12,0.5907548069953918,0.023734450340270996,0.011889373883605003,-0.0005057981470599771,0,0,0,1,0,0,0,0,0,0,5
