lt_dp_posx,lt_dp_posy,lt_dp_velx,lt_dp_vely,ball_posx,ball_posy,ball_posz,ball_vel_x,ball_vel_y,ball_rot_x,ball_rot_y,ball_rot_z,rt_gk_posx,rt_gk_posy,rt_gk_velx,rt_gk_vely,action_left,action_top_left,action_top,action_top_right,action_right,action_bottom_right,action_bottom,action_bottom_left,action_sprint,action_dribble,sel_action
-1.0110293626785278,-0.0,0.0,-0.0,0.019999999552965164,-0.0,0.11061639338731766,0.0,-0.0,0.0,-0.0,0.0,1.0110293626785278,0.0,-0.0,0.0,5
0.0,-0.0,0.0,-0.0,0.019999999552965164,-0.0,0.11059734225273132,0.0,-0.0,0.0,-0.0,0.0,1.0100501775741577,-8.022917399874707e-12,-0.003236181568354368,-2.5031638220540664e-11,5
0.0005595720722340047,7.62247973074004e-11,0.0026072831824421883,1.992972731290621e-10,0.019999999552965164,-0.0,0.10930104553699493,0.0,-0.0,0.0,-0.0,0.0,1.0059254169464111,-3.224626815567788e-11,-0.00484480569139123,-2.1483743603556427e-11,5
0.003790798597037792,-4.2200493099997516e-10,0.0047781276516616344,-1.0988730064775964e-10,0.019999999552965164,-0.0,0.11075475811958313,0.0,-0.0,0.0,-0.0,0.0,1.0002306699752808,-4.500159273002069e-11,-0.0063720871694386005,-3.904107072350005e-12,13
0.007220607250928879,-3.3801015320022998e-09,0.006362335756421089,-3.6541070169704426e-10,0.020887326449155807,-8.07226507859582e-11,0.11554968357086182,0.00887326430529356,-8.072265078595819e-10,-2.004883672274138e-12,-1.2773170965374447e-05,-9.286692508742034e-13,0.9930757880210876,5.143110382022087e-10,-0.0077724456787109375,5.417981618904832e-10,18
0.01438907440751791,-3.6193081864865917e-09,0.007803343702107668,-9.658961824809964e-11,0.02936985343694687,-8.508755366953835e-10,0.10904423892498016,0.008212558925151825,-7.447357175394131e-10,-7.892768036366071e-12,-3.79097655240912e-05,-1.863441692617762e-12,0.9846126437187195,8.916437588268877e-10,-0.00900100264698267,2.263325082907386e-10,0
0.022959034889936447,-3.737380183110872e-09,0.009187135845422745,-1.4057867370187438e-10,0.03731648623943329,-1.571269336864134e-09,0.11371266096830368,0.007749469950795174,-7.02520541739915e-10,-9.814007245756429e-12,-4.584000998875126e-05,-6.943992541805429e-19,0.975313127040863,1.0605887279524495e-09,-0.009335489943623543,1.958335715812609e-10,16
0.03230055049061775,-3.795897374203605e-09,0.009344364516437054,1.0522151726310991e-11,0.04482736438512802,-2.2521606801717553e-09,0.11145465075969696,0.007311675697565079,-6.628327886559759e-10,-9.259502886660442e-12,-4.324997280491516e-05,2.083029586383339e-18,0.9654421806335449,1.2085865641608962e-09,-0.010284255258738995,9.725596022969185e-11,5
0.041748154908418655,-4.566799383098896e-09,0.009191129356622696,-8.244996907436075e-10,0.05190108343958855,-2.893422168526172e-09,0.11082620173692703,0.006878861226141453,-6.235962302092446e-10,-8.711415269702094e-12,-4.068995258421637e-05,-2.0828732492475664e-18,0.9547167420387268,1.3460659253894391e-09,-0.011003718711435795,1.1150352863253943e-09,0
0.05134626477956772,-6.315982403748421e-09,0.009191167540848255,-4.497225647437375e-10,0.059258896857500076,-3.520406188783909e-09,0.12067524343729019,0.009986975230276585,-7.061383144879585e-10,-5.6070048777556725e-12,-3.321818803669885e-05,-1.2470097654135315e-12,0.9437978863716125,2.175058577691402e-09,-0.011102592572569847,6.051427137165888e-10,16
0.0605374351143837,-6.559584431187204e-09,0.009191167540848255,-7.495035841964537e-11,0.06898313760757446,-4.20805035261651e-09,0.11391577869653702,0.009532039053738117,-6.740971114638228e-10,-8.603498122261577e-12,-5.143551607034169e-05,-6.663896322776919e-13,0.9323297739028931,2.551004740780627e-09,-0.011747725307941437,1.830395418567221e-10,16
0.07012958824634552,-7.700448279024386e-09,0.00919114425778389,-1.7093292059566778e-10,0.0782407745718956,-4.862754199308483e-09,0.10812562704086304,0.009051370434463024,-6.401171814829354e-10,-8.942691205604536e-12,-5.354368840926327e-05,-6.945851113244259e-19,0.9202682971954346,2.706053603418468e-09,-0.012311514467000961,2.0396996591731664e-10,13
0.07949124276638031,-8.218715485952544e-09,0.009191211313009262,-7.03879246555239e-11,0.08790867030620575,-5.545540027185325e-09,0.13461202383041382,0.009898820891976357,-6.98509472485398e-10,-6.6570486102757176e-12,-4.2327275878051296e-05,-1.5672387432968948e-12,0.9076964855194092,2.8255728867776497e-09,-0.012767314910888672,2.1032404984300257e-11,5
0.08884692192077637,-9.037010251233824e-09,0.009191173128783703,-2.212095645548473e-10,0.09760978817939758,-6.229686988490357e-09,0.12027546018362045,0.009468134492635727,-6.673857022576613e-10,-9.323215810486118e-12,-5.60065200261306e-05,-1.389301434173518e-18,0.89472895860672,2.9313114158213693e-09,-0.01311722956597805,7.598897622251855e-10,0
0.09844502806663513,-1.0940969907835552e-08,0.009191123768687248,-1.2066307675251409e-10,0.1070404201745987,-6.929369078534364e-09,0.12342323362827301,0.009974631480872631,-8.767062076309173e-10,-6.638290611649111e-12,-3.862180528813042e-05,-1.8350655196786025e-12,0.8814587593078613,3.7682741371725115e-09,-0.013384398072957993,6.010919539889414e-10,16
0.10763620585203171,-1.1006327405027605e-08,0.009191211313009262,-2.0112779497427624e-11,0.11681526154279709,-7.78692044178797e-09,0.11605552583932877,0.009620301425457,-8.43085379287345e-10,-1.0649836047760264e-11,-5.295801383908838e-05,-8.297444220421724e-13,0.8679583072662354,3.975245466136812e-09,-0.01358705386519432,-1.1274511185765945e-10,5
0.11722836643457413,-1.4430520778319078e-08,0.009191188961267471,-1.7092978421562322e-10,0.1261664628982544,-8.606185986081982e-09,0.10846923291683197,0.009144526906311512,-8.011521446249503e-10,-1.1192426326023242e-11,-5.409482400864363e-05,-2.778398141145429e-18,0.8542835116386414,4.828371480414262e-09,-0.01373992208391428,8.154786845793183e-10,16
0.12659001350402832,-1.592067633282568e-08,0.009191123768687248,-7.03879246555239e-11,0.13579584658145905,-9.765534159100753e-09,0.13395221531391144,0.009798631072044373,-1.3042644742000675e-09,-1.121821992938754e-11,-4.292657467885874e-05,-2.7239187468108828e-12,0.8404778242111206,5.226411303738132e-09,-0.013854924589395523,6.592748569289597e-11,16
0.13594570755958557,-1.930711235331728e-08,0.009191173128783703,-2.2122369214283566e-10,0.14539247751235962,-1.1040655500949015e-08,0.1204347014427185,0.009371890686452389,-1.2438650109913851e-09,-1.737649087119042e-11,-5.543718725675717e-05,4.1678115548943714e-18,0.8265740275382996,5.761460641906524e-09,-0.013940474949777126,1.0657801308155967e-09,0
0.14554381370544434,-2.7563434201738346e-08,0.009191123768687248,-1.2064947652046243e-10,0.15473538637161255,-1.255292225721405e-08,0.12326256930828094,0.009905990213155746,-2.6683470988331237e-09,-1.6309191844254833e-11,-3.8324546039802954e-05,-4.759984507246573e-12,0.8125966191291809,6.375230121591358e-09,-0.01400498766452074,2.426656375842384e-10,16
0.15473498404026031,-2.762879347528724e-08,0.009191211313009262,-2.0099181000099442e-11,0.1644374579191208,-1.515678604846471e-08,0.11530373245477676,0.009543673135340214,-2.5560304983685e-09,-3.228494208085131e-11,-5.334731031325646e-05,-2.1657532538188473e-12,0.7985643148422241,6.3593814658702286e-09,-0.014052671380341053,1.388155701498306e-09,16
0.16432714462280273,-4.861816549350806e-08,0.009191188961267471,-1.7093060300510388e-10,0.17371636629104614,-1.7641058391859588e-08,0.108815997838974,0.009075284935534,-2.4297548417706594e-09,-3.394467693040859e-11,-5.368520942283794e-05,8.335065590055882e-18,0.7844910025596619,7.189523199002679e-09,-0.014088434167206287,3.727051722801633e-10,13
0.17368879914283752,-5.757588894539367e-08,0.009191211313009262,-7.03879246555239e-11,0.1832900047302246,-2.28054499729069e-08,0.1335790604352951,0.009745217859745026,-6.281709818978243e-09,-4.9286862785491437e-11,-4.2978583223884925e-05,-1.259071579634563e-11,0.7703869938850403,7.001411450602291e-09,-0.014115782454609871,-6.475321945309531e-10,18
0.18304447829723358,-8.605042722820144e-08,0.009191173128783703,-2.2124656273714294e-10,0.19283023476600647,-2.893922435021068e-08,0.12051317095756531,0.00931825116276741,-5.982658812797581e-09,-8.357628478172785e-11,-5.511990821105428e-05,-2.2228055323167838e-17,0.7562601566314697,7.3756689644710605e-09,-0.014135416597127914,4.5146322791289606e-10,16
