lt_dp_posx,lt_dp_posy,lt_dp_velx,lt_dp_vely,ball_posx,ball_posy,ball_posz,ball_vel_x,ball_vel_y,ball_rot_x,ball_rot_y,ball_rot_z,rt_gk_posx,rt_gk_posy,rt_gk_velx,rt_gk_vely,action_left,action_top_left,action_top,action_top_right,action_right,action_bottom_right,action_bottom,action_bottom_left,action_sprint,action_dribble,sel_action
-1.0110293626785278,-0.0,0.0,-0.0,0.019999999552965164,-0.0,0.11061639338731766,0.0,-0.0,0.0,-0.0,0.0,1.0110293626785278,0.0,-0.0,0.0,0,0,0,0,0,0,0,0,0,0,5
4.2432238842593506e-05,1.1572422707606389e-11,0.0006617647595703602,5.5335507009868223e-11,0.019999999552965164,-0.0,0.11059734225273132,0.0,-0.0,0.0,-0.0,0.0,1.010373830795288,-5.519753491084467e-12,-0.0026071772444993258,-2.123035081069702e-11,0,0,0,0,1,0,0,0,0,0,5
0.0028806820046156645,1.626383611119664e-10,0.0042760190553963184,9.35186442174718e-11,0.019999999552965164,-0.0,0.10930104553699493,0.0,-0.0,0.0,-0.0,0.0,1.0064098834991455,-3.00978929279605e-11,-0.0046870289370417595,-2.241041033301805e-11,0,0,0,0,1,0,0,0,0,0,5
0.006311010103672743,-1.3072087856613734e-09,0.005893101915717125,-3.570401474473073e-10,0.019999999552965164,-0.0,0.11075475811958313,0.0,-0.0,0.0,-0.0,0.0,1.0008678436279297,-4.4611182803411253e-11,-0.006225530058145523,-5.997169774674127e-12,0,0,0,0,1,0,0,0,0,0,13
0.012720324099063873,-1.7778994942929671e-09,0.007382407784461975,-1.148750400359333e-10,0.02783653885126114,8.446822408192389e-11,0.11904273927211761,0.00846934411674738,9.183254850997358e-11,1.0426666040980193e-12,-3.1684536224929616e-05,1.8433765256418988e-13,0.9938530325889587,4.598903757813133e-10,-0.007639211602509022,5.671864644618552e-10,0,0,0,0,1,0,0,0,1,0,5
0.02084559015929699,-2.0358315033774943e-09,0.008707515895366669,-5.716894180274323e-10,0.03599417209625244,1.7331690249644538e-10,0.1149766817688942,0.007963255979120731,8.680336310851189e-11,1.2126676616000531e-12,-4.710652865469456e-05,-2.604104413539241e-19,0.9855127334594727,8.676442342370194e-10,-0.008886702358722687,2.596608761340491e-10,0,0,0,0,1,0,0,0,1,0,5
0.030195849016308784,-2.5109450074722872e-09,0.009847519919276237,-3.238239121294839e-10,0.04371677339076996,2.574969681923278e-10,0.11205574870109558,0.007525598164647818,8.203266538275855e-11,1.1459576777089753e-12,-4.45151817984879e-05,-1.7359253694068466e-19,0.9762466549873352,1.0409964001922845e-09,-0.009335489943623543,2.2000222477114306e-10,0,0,0,0,1,0,0,0,1,0,16
0.038637567311525345,-5.8772253730410284e-09,0.009385136887431145,-1.7454437895025876e-10,0.051006071269512177,3.3695382595233525e-10,0.10906882584095001,0.007096750661730766,7.735802970421091e-11,1.0806885985051307e-12,-4.1979776142397895e-05,0.0,0.9664705991744995,1.2209031563514827e-09,-0.010197303257882595,1.4191221808790289e-10,0,0,0,0,1,0,0,0,1,0,13
0.047436438500881195,-8.446824573127287e-09,0.010158954188227654,-1.0774411918212934e-10,0.06085140258073807,1.1818126949947327e-05,0.13679221272468567,0.014080355875194073,2.9390714189503342e-05,3.80051375259427e-07,-4.2783503886312246e-05,-2.4534077880389304e-08,0.9558171629905701,1.3056408176836953e-09,-0.011003718711435795,3.8132177970773284e-11,0,0,0,0,1,0,0,0,1,0,16
0.05798553302884102,8.695744782016845e-07,0.010675542056560516,3.512461944410461e-06,0.07484252750873566,4.102495586266741e-05,0.12861883640289307,0.013905372470617294,2.9036284104222432e-05,3.8029364191061177e-07,-4.315669139032252e-05,-2.408667931774744e-08,0.9449081420898438,3.578325618036615e-07,-0.011030365712940693,6.543375548062613e-07,0,0,0,0,1,0,0,0,1,0,5
0.06889751553535461,8.628585419501178e-06,0.011254759505391121,1.1164383067807648e-05,0.08818665891885757,6.928561924723908e-05,0.1241956278681755,0.01301866490393877,2.7704692911356688e-05,3.8705036331521114e-07,-7.70133119658567e-05,-1.3670744495198478e-13,0.9335045218467712,1.376826844534662e-06,-0.011688821017742157,1.318654199167213e-06,0,0,0,0,1,0,0,0,1,0,5
0.0805448666214943,2.4422288333880715e-05,0.011945822276175022,1.9294098819955252e-05,0.10085869580507278,9.625267557566985e-05,0.11380849033594131,0.012373633682727814,2.633201984281186e-05,3.678684663555032e-07,-7.319659925997257e-05,0.0,0.9214994311332703,2.9870950584154343e-06,-0.012258922681212425,1.899940571092884e-06,0,0,0,0,1,0,0,0,1,0,18
0.092839315533638,4.533009996521287e-05,0.012555718421936035,2.288313044118695e-05,0.11285270750522614,0.00012177684402558953,0.11225123703479767,0.01168922707438469,2.4875551389413886e-05,3.475042262834904e-07,-6.914463301654905e-05,-4.555081287746336e-14,0.908973217010498,5.526986115000909e-06,-0.01272664312273264,3.112929789494956e-06,0,0,0,0,1,0,0,0,1,0,0
0.10566219687461853,7.178449595812708e-05,0.01302221231162548,2.953941293526441e-05,0.12417763471603394,0.00014587711484637111,0.1097559779882431,0.0110311983153224,2.347522422496695e-05,3.279486975316104e-07,-6.525355274789035e-05,9.108497647531549e-14,0.896040678024292,9.306358151661698e-06,-0.01308637484908104,4.185562374914298e-06,0,0,0,0,1,0,0,0,1,0,18
0.11864220350980759,0.00010409982496639714,0.013374908827245235,3.3437274396419525e-05,0.13486024737358093,0.00016861048061400652,0.1107875183224678,0.010403383523225784,2.2139180146041326e-05,3.092765439305367e-07,-6.153826689114794e-05,-4.5534980137613285e-14,0.8827971816062927,1.3823024346493185e-05,-0.013360556215047836,4.826320036954712e-06,0,0,0,0,1,0,0,0,1,0,0
0.1297096610069275,-0.000502025883179158,0.013405105099081993,2.1564261260209605e-05,0.1449369192123413,0.00019005441572517157,0.11049683392047882,0.009814450517296791,2.088589644699823e-05,2.917729204909847e-07,-5.805547334603034e-05,4.552834956370218e-14,0.8693169951438904,1.9019213141291402e-05,-0.013568822294473648,5.490361218107864e-06,0,0,0,0,1,0,0,0,1,0,13
0.14213953912258148,-0.0007573104230687022,0.013405084609985352,8.086910384008661e-06,0.15864162147045135,0.00012350613542366773,0.15109750628471375,0.015324585139751434,-0.00010314553219359368,-2.5476185783190886e-07,-5.0702372391242534e-05,-1.7572261867826455e-07,0.8556575179100037,2.39251930906903e-05,-0.013726599514484406,3.883147201122483e-06,0,0,0,0,1,0,0,0,1,0,5
0.15553323924541473,-0.0007520394865423441,0.013462936505675316,1.20350050565321e-05,0.173849955201149,2.1165971702430397e-05,0.11888550966978073,0.015046164393424988,-0.0001010662381304428,-3.2034310493145313e-07,-5.2877097914461046e-05,-2.2018130607648345e-07,0.8418632745742798,2.646606844791677e-05,-0.013844406232237816,1.4808140349487076e-06,0,0,0,0,1,0,0,0,1,0,16
0.16913506388664246,-0.0007137179491110146,0.013704685494303703,6.23852465650998e-05,0.18828386068344116,-7.443290814990178e-05,0.119989775121212,0.014144712127745152,-9.350925392936915e-05,-1.3064216091152048e-06,-8.367741975234821e-05,1.8234491607621583e-13,0.8279680609703064,2.6045216145575978e-05,-0.013932760804891586,-3.3082003483286826e-06,0,0,0,0,1,0,0,0,1,0,16
0.18294298648834229,-0.000623486761469394,0.013884375803172588,0.00010793583351187408,0.20201313495635986,-0.0001651956990826875,0.11486838757991791,0.01341194473206997,-8.866496500559151e-05,-1.2387031347316224e-06,-7.93399813119322e-05,-1.8229981326584044e-13,0.8139971494674683,1.806908221624326e-05,-0.013999378308653831,-1.180583694804227e-05,0,0,0,0,1,0,0,0,1,0,18
0.19690418243408203,-0.0005265199579298496,0.014018136076629162,8.595795225119218e-05,0.21501202881336212,-0.000251130317337811,0.11213270574808121,0.012665719725191593,-8.373177115572616e-05,-1.1696711226250045e-06,-7.491842552553862e-05,1.822562961011423e-13,0.7999696731567383,1.5623520539520541e-06,-0.014048464596271515,-2.035943907685578e-05,0,0,0,0,1,0,0,0,1,0,5
0.210979163646698,-0.00045387266436591744,0.014116833917796612,6.20171704213135e-05,0.22728513181209564,-0.00033226641244255006,0.10892169177532196,0.011956185102462769,-7.904109224909917e-05,-1.1042237701985869e-06,-7.072647713357583e-05,0.0,0.7858999371528625,-1.8754661141429096e-05,-0.014085629023611546,-2.027967457252089e-05,0,0,0,0,1,0,0,0,1,0,5
0.22352664172649384,0.00017882160318549722,0.014141271822154522,3.9666461816523224e-05,0.2388637214899063,-0.00040881126187741756,0.10870744287967682,0.011274616234004498,-7.453527359757572e-05,-1.0412603614895488e-06,-6.669362483080477e-05,1.821820418048542e-13,0.7717986702919006,-3.898355862475e-05,-0.014112977311015129,-2.0185552784823813e-05,0,0,0,0,1,0,0,0,1,0,0
0.23619909584522247,0.0007138277287594974,0.013827226124703884,1.723793502605986e-05,0.2521507740020752,-0.00038212400977499783,0.14476381242275238,0.015403102152049541,0.00012557020818348974,1.1406182665041342e-07,-5.3913321607979015e-05,1.3860923786523927e-07,0.7576737403869629,-5.835523552377708e-05,-0.014133312739431858,-1.7919326637638733e-05,0,0,0,0,1,0,0,0,1,0,18
0.24968478083610535,0.0007194074569270015,0.01340525969862938,-3.69365216101869e-06,0.26744869351387024,-0.00025741709396243095,0.1333974152803421,0.015209559351205826,0.00012400343257468194,1.1406182665041342e-07,-5.3913321607979015e-05,1.3860923786523927e-07,0.7435312867164612,-7.423140777973458e-05,-0.014148740097880363,-1.4202501915860921e-05,0,0,0,0,1,0,0,0,1,0,5
0.2632372975349426,0.0006871368386782706,0.013661559671163559,-6.146728992462158e-05,0.2821201980113983,-0.0001398412714479491,0.12556692957878113,0.01432613842189312,0.00011404693213989958,1.59330500082433e-06,-8.474804053548723e-05,-3.64712871448597e-13,0.7293757200241089,-8.602903108112514e-05,-0.014160661026835442,-8.106294444587547e-06,0,0,0,0,1,0,0,0,1,0,7
0.2770082950592041,0.0005888707819394767,0.013851944357156754,-0.00012746018182951957,0.29606109857559204,-2.886082074837759e-05,0.11880453675985336,0.0136106600984931,0.00010835121793206781,1.5136863567022374e-06,-8.051311306189746e-05,-3.646235331895842e-13,0.7152103185653687,-8.557078399462625e-05,-0.014169075526297092,7.468404874089174e-06,0,0,0,0,0,0,1,0,1,0,16
0.2909415364265442,0.0004638112150132656,0.013993768021464348,-0.00011301220365567133,0.30926987528800964,7.629067840753123e-05,0.11092296242713928,0.012878737412393093,0.00010252454376313835,1.4323110235636705e-06,-7.618474046466872e-05,3.6453701385621984e-13,0.7010377049446106,-6.952901458134875e-05,-0.014175387099385262,2.305814268765971e-05,0,0,0,0,0,0,1,0,1,0,7
0.30470824241638184,0.0006210490828379989,0.013996540568768978,-9.196504834108055e-05,0.3217426538467407,0.00017558346735313535,0.11248471587896347,0.01215010229498148,9.672406304161996e-05,1.3512261602954823e-06,-7.187182927737013e-05,3.6445556316801186e-13,0.6868599653244019,-4.3385713070165366e-05,-0.014179594814777374,2.644761116243899e-05,0,0,0,0,0,0,1,0,1,0,6
0.3174659013748169,0.0017218174180015922,0.013590363785624504,0.0002825419360306114,0.3335111737251282,0.000269269454292953,0.11059796810150146,0.011460104957222939,9.123113704845309e-05,1.274466853828926e-06,-6.778901297366247e-05,1.8219143370617336e-13,0.6726781725883484,-1.6753496311139315e-05,-0.014183100312948227,2.6782960048876703e-05,0,0,0,0,0,1,0,0,1,0,12
0.33041912317276,0.0023575255181640387,0.012546427547931671,0.0009965472854673862,0.34751182794570923,0.0034443566109985113,0.1516859531402588,0.014191119000315666,0.0034908740781247616,1.777039869921282e-05,-5.252043411019258e-05,2.78401535069861e-06,0.6584933400154114,1.4589769307349343e-05,-0.014185905456542969,4.4623244320973754e-05,0,0,0,0,0,1,0,0,1,0,12
0.3427165746688843,0.004283961374312639,0.011958795599639416,0.0026486278511583805,0.3615318238735199,0.006887415889650583,0.11557439714670181,0.0136186508461833,0.003313555847853422,3.8826405216241255e-05,-7.324223406612873e-05,4.694426934293006e-06,0.6443064212799072,8.34703168948181e-05,-0.014188009314239025,8.872858597896993e-05,0,0,0,0,0,1,0,0,1,0,12
0.3544924557209015,0.006948055699467659,0.011871492490172386,0.002679649507626891,0.3748183846473694,0.010117053985595703,0.11126097291707993,0.013032407499849796,0.0031676949001848698,4.425676888786256e-05,-7.70985716371797e-05,1.1665756034784369e-11,0.630118727684021,0.00019645938300527632,-0.014188009314239025,0.00013283912267070264,0,0,0,0,0,1,0,0,1,0,1
0.3666295111179352,0.009656688198447227,0.012340265326201916,0.002720859367400408,0.3874628245830536,0.013190435245633125,0.10614841431379318,0.012341315858066082,0.0029997166711837053,4.190849722363055e-05,-7.30076790205203e-05,1.1663249359361583e-11,0.6159523725509644,0.0006951446994207799,-0.01413752045482397,0.0007976639899425209,1,0,0,0,0,0,0,0,1,0,12
0.3791818618774414,0.012377346865832806,0.012711566872894764,0.0027173017151653767,0.3994266390800476,0.016098393127322197,0.1131739467382431,0.011659332551062107,0.0028339512646198273,3.958994057029486e-05,-6.896860577398911e-05,-1.1660910084754228e-11,0.6018772721290588,0.0018567000515758991,-0.01401270180940628,0.0014584118034690619,1,0,0,0,0,0,0,0,1,0,18
0.39203107357025146,0.015136787667870522,0.0129482327029109,0.002796926535665989,0.41072186827659607,0.018843846395611763,0.11168885976076126,0.011002201586961746,0.0026742275804281235,3.735828795470297e-05,-6.508087972179055e-05,-5.82939165688634e-12,0.5879490375518799,0.003621513955295086,-0.013868598267436028,0.0019587185233831406,1,0,0,0,0,0,0,0,1,0,5
0.4050752818584442,0.017978044226765633,0.013114774599671364,0.002875111298635602,0.421377569437027,0.02143385261297226,0.10877041518688202,0.010377810336649418,0.002522460650652647,3.5239059798186645e-05,-6.138905882835388e-05,-5.828440594740636e-12,0.57415771484375,0.005796979647129774,-0.013724144548177719,0.0023521804250776768,0,0,0,0,1,0,0,0,1,0,5
0.4176384210586548,0.02125350572168827,0.012305868789553642,0.0026615276001393795,0.43142950534820557,0.023877114057540894,0.11124721169471741,0.009791306219995022,0.002379903569817543,3.32467898260802e-05,-5.791837247670628e-05,2.913798109044352e-12,0.5605286955833435,0.008369825780391693,-0.013532708398997784,0.0027833657804876566,0,0,0,0,1,0,0,0,1,0,8
0.42871272563934326,0.02387547492980957,0.010187135078012943,0.0017652956303209066,0.4518660008907318,0.025781461969017982,0.17088574171066284,0.0638568252325058,0.0002166375343222171,4.792233994521666e-06,-1.5037791854410898e-05,0.0016690563643351197,0.5471670627593994,0.011478864587843418,-0.013212245889008045,0.0033733732998371124,0,0,0,0,0,0,0,1,1,0,6
0.4373951554298401,0.025269849225878716,0.008340793661773205,0.0013778083957731724,0.5139691829681396,0.025679169222712517,0.38054683804512024,0.06071189045906067,-0.0003571713459677994,4.792233994521666e-06,-1.5037791854410898e-05,0.0016690563643351197,0.5341595411300659,0.015169618651270866,-0.012831127271056175,0.003947895020246506,0,0,0,0,0,1,0,0,1,0,5
0.4448026120662689,0.02649378590285778,0.007039308547973633,0.0008654366247355938,0.5730773210525513,0.02502559684216976,0.4493463933467865,0.05783241614699364,-0.0008898607338778675,4.792233994521666e-06,-1.5037791854410898e-05,0.0016690563643351197,0.5224725604057312,0.01896326057612896,-0.010195549577474594,0.0034693896304816008,0,0,0,0,1,0,0,0,1,0,18
0.4514535665512085,0.02713237702846527,0.006116137839853764,0.0005872055771760643,0.629431962966919,0.023862149566411972,0.38550254702568054,0.05517653748393059,-0.0013811233220621943,4.792233994521666e-06,-1.5037791854410898e-05,0.0016690563643351197,0.5149093270301819,0.02189341001212597,-0.005166670773178339,0.002442064927890897,0,0,0,0,1,0,0,0,1,0,7
0.4578115940093994,0.027710361406207085,0.0069200992584228516,0.000541660760063678,0.6832380890846252,0.022229798138141632,0.19646784663200378,0.05271098017692566,-0.001831956091336906,4.792233994521666e-06,-1.5037791854410898e-05,0.0016690563643351197,0.5127019286155701,0.02427181601524353,-0.0001770608505466953,0.0028621067758649588,0,0,0,0,0,0,1,0,1,0,4
0.46556556224823,0.028076723217964172,0.008403203450143337,0.00018143767374567688,0.730410099029541,0.020395945757627487,0.18926814198493958,0.04357060417532921,-0.0018394588259980083,1.9008404024134506e-06,-3.837418989860453e-05,0.0015150281833484769,0.5154260396957397,0.026652291417121887,0.0046628364361822605,0.0017111666966229677,0,0,0,1,0,0,0,0,1,0,1
0.47460490465164185,0.02793402224779129,0.009319361299276352,-0.0003524944477248937,0.7731335163116455,0.01840723678469658,0.1927189975976944,0.04203450679779053,-0.002106954576447606,1.9008404024134506e-06,-3.837418989860453e-05,0.0015150281833484769,0.5212860703468323,0.02763640321791172,0.006622777320444584,0.0005031886976212263,1,0,0,0,0,0,0,0,1,0,18
0.4841519892215729,0.027559639886021614,0.0099616888910532,-0.0003996363084297627,0.813285231590271,0.01624022237956524,0.1344514787197113,0.036920808255672455,-0.002082525286823511,-2.5290748908446403e-06,-6.356066296575591e-05,0.0013042284408584237,0.528694748878479,0.028018280863761902,0.008024889044463634,0.00025678478414192796,1,0,0,0,0,0,0,0,1,0,10
0.4946364164352417,0.027124276384711266,0.010884859599173069,-0.00046457399730570614,0.8493865728378296,0.014088264666497707,0.10347098112106323,0.03478987514972687,-0.002159140771254897,-3.875036782119423e-06,-7.032922439975664e-05,0.0012397756800055504,0.5373975038528442,0.028067978098988533,0.009223643690347672,-0.00013061687059234828,1,0,0,0,0,0,0,0,1,0,7
0.5059734582901001,0.02663199044764042,0.011696885339915752,-0.0005109458579681814,0.8810949921607971,0.012082806788384914,0.11503075063228607,0.029802387580275536,-0.0019118200289085507,-1.651914863032289e-05,-0.00012998816964682192,0.0005823450046591461,0.54672771692276,0.027782663702964783,0.009423494338989258,-0.00033224598155356944,0,0,0,0,0,0,1,0,1,0,6
0.5180458426475525,0.02609878033399582,0.01235429011285305,-0.0005510720075108111,0.9092272520065308,0.010269557125866413,0.10906333476305008,0.026930969208478928,-0.0017365599051117897,-2.4258504708996043e-05,-0.00015929843357298523,-1.7618299180677255e-11,0.5566745400428772,0.02740992046892643,0.010350171476602554,-0.0004092757299076766,0,0,0,0,0,1,0,0,1,0,15
0.5306890606880188,0.025528598576784134,0.01285917591303587,-0.0005825569969601929,0.9348782896995544,0.008615531027317047,0.10955232381820679,0.02465617097914219,-0.001589875784702599,-2.2209340386325493e-05,-0.00014584224845748395,5.8642999310742905e-12,0.5674378871917725,0.026956189423799515,0.010965501889586449,-0.0004803164629265666,0,0,0,0,0,1,0,0,0,0,3
0.5437684059143066,0.02493603341281414,0.013243100605905056,-0.0006000105640850961,0.9584320187568665,0.007096745073795319,0.10966362059116364,0.02269326150417328,-0.0014633029932156205,-2.0441391825443134e-05,-0.00013423270138446242,5.857609536308317e-12,0.5783484578132629,0.026463115587830544,0.01114431582391262,-0.0005166211049072444,0,0,1,0,0,0,0,0,0,0,5
0.5571445822715759,0.02432950958609581,0.013512322679162025,-0.0006126057705841959,0.9801642894744873,0.005695403087884188,0.10974294692277908,0.020979657769203186,-0.0013528065755963326,-1.889795566967223e-05,-0.00012409742339514196,1.1704463787065578e-11,0.590019166469574,0.02591170184314251,0.011871306225657463,-0.0005725049413740635,0,0,0,0,1,0,0,0,0,0,16
0.5707501173019409,0.023711128160357475,0.013715723529458046,-0.0006237156339921057,1.0002976655960083,0.004397168289870024,0.1098017543554306,0.01946830190718174,-0.0012553512351587415,-1.7536647646920756e-05,-0.00011515814549056813,0.0,0.60235595703125,0.025315187871456146,0.012494481168687344,-0.0006119566969573498,0,0,0,0,1,0,0,0,0,0,5
