lt_dp_posx,lt_dp_posy,lt_dp_velx,lt_dp_vely,ball_posx,ball_posy,ball_posz,ball_vel_x,ball_vel_y,ball_rot_x,ball_rot_y,ball_rot_z,rt_gk_posx,rt_gk_posy,rt_gk_velx,rt_gk_vely,action_left,action_top_left,action_top,action_top_right,action_right,action_bottom_right,action_bottom,action_bottom_left,action_sprint,action_dribble,sel_action
-1.0110293626785278,-0.0,0.0,-0.0,0.019999999552965164,-0.0,0.11061639338731766,0.0,-0.0,0.0,-0.0,0.0,1.0110293626785278,0.0,-0.0,0.0,5
0.0,-0.0,0.0,-0.0,0.019999999552965164,-0.0,0.11059734225273132,0.0,-0.0,0.0,-0.0,0.0,1.010373830795288,-5.519753491084467e-12,-0.0026071772444993258,-2.123035081069702e-11,5
0.0018565163481980562,1.982930208921374e-10,0.00376110733486712,2.4271309961854115e-10,0.019999999552965164,-0.0,0.10930104553699493,0.0,-0.0,0.0,-0.0,0.0,1.0064098834991455,-3.00978929279605e-11,-0.0046870289370417595,-2.241041033301805e-11,5
0.0049516549333930016,-1.6119865442476566e-09,0.005425760988146067,-3.2541960792720204e-10,0.019999999552965164,-0.0,0.11075475811958313,0.0,-0.0,0.0,-0.0,0.0,1.0008678436279297,-4.4611182803411253e-11,-0.006225530058145523,-5.997169774674127e-12,13
0.00991531927138567,-3.5129084086094053e-09,0.0069583710283041,-2.709615587459524e-10,0.024294553324580193,-3.934977066410994e-10,0.1236116960644722,0.008441704325377941,-7.728813145035929e-10,-4.565607440720765e-12,-2.3515338398283347e-05,-2.2502603079510575e-12,0.9938530325889587,4.592972113748317e-10,-0.007639211602509022,5.65774760374893e-10,18
0.017648281529545784,-3.6618350574002534e-09,0.008364250883460045,-3.6577993411945897e-10,0.0324198380112648,-1.1364723606632765e-09,0.11687131971120834,0.007892433553934097,-7.212943020640239e-10,-1.0076483050736051e-11,-4.668664769269526e-05,-2.0832547863051065e-18,0.9855127334594727,8.64279259271683e-10,-0.008886702358722687,2.556899969530235e-10,16
0.026693930849432945,-4.243851492446993e-09,0.009344364516437054,-4.5768472345386613e-10,0.04007967934012413,-1.8365091669636513e-09,0.10900561511516571,0.0074655115604400635,-6.822779563542269e-10,-9.531460690159754e-12,-4.4161410187371075e-05,0.0,0.9762466549873352,1.0318184084923132e-09,-0.009335489943623543,2.0856978644179236e-10,18
0.036038294434547424,-4.4572612267756995e-09,0.009344364516437054,-1.3547908454814017e-11,0.047304749488830566,-2.4968132006364385e-09,0.11094687134027481,0.007030420936644077,-6.425148191269159e-10,-8.975697789181947e-12,-4.1586441511753947e-05,2.777235745589639e-18,0.9664705991744995,1.1870785465717404e-09,-0.010197303257882595,1.0471921246812954e-10,16
0.045613843947649,-5.753602483338227e-09,0.009191228076815605,-6.745915492878396e-10,0.0541006363928318,-3.1178946091614534e-09,0.11043467372655869,0.006606096401810646,-6.037358390997838e-10,-8.434044261595997e-12,-3.907680729753338e-05,-6.942598225485394e-19,0.9558171629905701,1.2170083829587952e-09,-0.011003718711435795,-3.0881412010907994e-11,0
0.05502273514866829,-6.629735871399589e-09,0.009191211313009262,-2.9982183402665896e-10,0.0626794844865799,-3.792610669961505e-09,0.13031969964504242,0.009834869764745235,-7.189513429040062e-10,-6.977386984158285e-12,-4.0539100155001506e-05,-1.4354975541586157e-12,0.9449081420898438,2.0963559776987495e-09,-0.011030365712940693,6.60508980843133e-10,18
0.06433499604463577,-6.991866197125773e-09,0.009191254153847694,-2.3126948967000516e-10,0.07228340953588486,-4.494649097352976e-09,0.11831559985876083,0.009374511428177357,-6.852531875267687e-10,-9.572850324934823e-12,-5.5452866945415735e-05,1.3892713454787364e-18,0.9335045218467712,2.512698715761985e-09,-0.011688821017742157,2.1341439726541012e-10,13
0.073976531624794,-7.855149419810914e-09,0.009191269986331463,-1.3070898530198605e-10,0.08153264969587326,-5.1623310071136075e-09,0.1207457035779953,0.010158983990550041,-6.584544021137617e-10,-5.278248758205928e-12,-3.5362634662305936e-05,-1.5150346255321523e-12,0.9214994311332703,2.6635027516874743e-09,-0.012258922681212425,2.0352119989297535e-10,0
0.08316770941019058,-7.930561984892393e-09,0.009191211313009262,-3.016236913011561e-11,0.09149536490440369,-5.807908820543162e-09,0.12438488006591797,0.009859191253781319,-6.388090056930196e-10,-6.814681631495123e-12,-4.5047010644339025e-05,-1.384253497417609e-12,0.908973217010498,2.7983895201089126e-09,-0.01272664312273264,4.092930161458952e-11,5
0.09271260350942612,-9.091941421957017e-09,0.009191228076815605,-1.8099270693294756e-10,0.10105961561203003,-6.4274918720741425e-09,0.11968778073787689,0.009364280849695206,-6.066062097076497e-10,-8.474552656845269e-12,-5.539486664929427e-05,-6.946341217757196e-19,0.896040678024292,2.824648293042742e-09,-0.01308637484908104,5.623622678641027e-10,5
0.102121502161026,-9.824142388481505e-09,0.009191211313009262,-8.043751775765884e-11,0.11072582006454468,-7.089136389026862e-09,0.1327047049999237,0.009847501292824745,-6.960205745087933e-10,-6.9469608017513895e-12,-4.467571488930844e-05,-1.4843291526456248e-12,0.8827971816062927,3.678567006559774e-09,-0.013360556215047836,6.767188476253239e-10,18
0.11143376678228378,-1.0512986037269911e-08,0.009191210381686687,-2.3126935089212708e-10,0.12038399279117584,-7.77131159424016e-09,0.11791160702705383,0.009438884444534779,-6.664340190809526e-10,-9.30974481533342e-12,-5.583242455031723e-05,0.0,0.8693169951438904,3.962023598091946e-09,-0.013568822294473648,-3.5017176658325155e-11,13
0.12107530981302261,-1.2876983035425837e-08,0.009191226214170456,-1.3071184412627446e-10,0.12969860434532166,-8.451977784318387e-09,0.11860597133636475,0.010037186555564404,-9.387340904609687e-10,-5.992990825820499e-12,-3.565087899914943e-05,-1.691407756042318e-12,0.8556575179100037,4.7263908342642935e-09,-0.013726599514484406,8.99570917756165e-10,16
0.130266472697258,-1.2952395600507316e-08,0.009191123768687248,-3.016236913011561e-11,0.13949471712112427,-9.365551889572998e-09,0.12117000669240952,0.009652836248278618,-8.990981847922797e-10,-1.0497660032915412e-11,-5.044835779699497e-05,-1.3039451246185663e-12,0.8418632745742798,5.208151687696727e-09,-0.013844406232237816,1.514305902894364e-10,0
0.13981139659881592,-1.64893467768934e-08,0.009191228076815605,-1.8099052812026173e-10,0.14887849986553192,-1.0239075365348072e-08,0.1127072274684906,0.009181075729429722,-8.546180430002437e-10,-1.1939368764479763e-11,-5.431104000308551e-05,1.3892104443061371e-18,0.8279680609703064,5.654766432883207e-09,-0.013932760804891586,1.1599354809987972e-09,5
0.1492202877998352,-1.8683691038745565e-08,0.009191036224365234,-8.04511179897105e-11,0.15843188762664795,-1.1465090210549533e-08,0.13416031002998352,0.00980465766042471,-1.4673811055132546e-09,-1.2249217265503098e-11,-4.258265835233033e-05,-3.043154920764901e-12,0.8139971494674683,6.380266537320267e-09,-0.013999378308653831,3.687682936792669e-10,13
0.1585325449705124,-2.1738427946615957e-08,0.00919103529304266,-2.3126948967000516e-10,0.168061763048172,-1.2903852208978606e-08,0.11797350645065308,0.00940688420087099,-1.4033822992587375e-09,-1.9604472559220376e-11,-5.564302409766242e-05,0.0,0.7999695539474487,6.3104845793304776e-09,-0.014048464596271515,-4.2943978928455806e-10,0
0.16817408800125122,-3.290188388405113e-08,0.009191137738525867,-1.306941638246073e-10,0.17734301090240479,-1.446042841024564e-08,0.11852958798408508,0.0099757369607687,-3.2076084011123385e-09,-1.549872903627847e-11,-3.5490604204824194e-05,-4.483324302084757e-12,0.7858998775482178,7.298896154139811e-09,-0.014085629023611546,5.777086586888913e-10,16
0.1773652583360672,-3.297729733731103e-08,0.009191211313009262,-3.016236913011561e-11,0.18707552552223206,-1.7573723809505282e-08,0.12055589258670807,0.009585630148649216,-3.059429376506273e-09,-3.503792395109784e-11,-5.0828573876060545e-05,-4.205571221133075e-12,0.7717986106872559,7.372983112929887e-09,-0.014112977311015129,-3.3851751957136855e-10,18
0.18691016733646393,-5.64669591085476e-08,0.009191052988171577,-1.8105253407618704e-10,0.19639527797698975,-2.05458032809247e-08,0.1129840761423111,0.009119685739278793,-2.90817792070186e-09,-4.062844852215086e-11,-5.3947889682604e-05,1.1113531353216387e-17,0.7576736807823181,7.799930479279737e-09,-0.014133312739431858,7.995339390554079e-10,5
0.19631905853748322,-7.094197940205049e-08,0.009191036224365234,-8.039672400039777e-11,0.205897256731987,-2.6453053081354483e-08,0.13385815918445587,0.00975747685879469,-7.851276073722602e-09,-5.963427668342902e-11,-4.254861414665356e-05,-1.5613290174631977e-11,0.7435312271118164,7.958839809418805e-09,-0.014149441383779049,-3.656269453866656e-10,0
0.2056313306093216,-9.837342673790772e-08,0.00919103529304266,-2.312031260887082e-10,0.21547569334506989,-3.4141393712161516e-08,0.11802083998918533,0.009357352741062641,-7.497123810651374e-09,-1.0473105022112961e-10,-5.535018863156438e-05,0.0,0.7293756604194641,7.490326581205409e-09,-0.014160661026835442,1.1267712318741019e-09,18
0.21527287364006042,-2.0020112856400374e-07,0.009191137738525867,-1.3068002235883114e-10,0.22471097111701965,-4.3304623886797344e-08,0.11848525702953339,0.009944931603968143,-2.560680911756208e-08,-1.0382304738154602e-10,-3.53372743120417e-05,-2.9759444908350474e-11,0.7152101993560791,7.5872632621099e-09,-0.014169075526297092,-7.459950990273967e-10,0
0.2244640439748764,-2.0027654556997732e-07,0.009191211313009262,-3.024396358353165e-11,0.23441119492053986,-6.812428665625703e-08,0.12024620175361633,0.009551550261676311,-2.4371672679990297e-08,-2.770500495685724e-10,-5.0965860282303765e-05,-3.246058283279396e-11,0.7010376453399658,5.810353975732596e-09,-0.014175387099385262,-2.6205972947224154e-09,5
0.23400895297527313,-4.705078140432306e-07,0.009191052988171577,-1.8068048446284735e-10,0.24369782209396362,-9.1797353718448e-08,0.11311963945627213,0.009087704122066498,-2.3165197760022238e-08,-3.236274859208521e-10,-5.3758711146656424e-05,-8.890761555102066e-17,0.6868598461151123,2.0466592864920585e-09,-0.014179594814777374,-4.821882448879933e-09,16
0.24341784417629242,-6.368498475239903e-07,0.009191036224365234,-8.094067777131286e-11,0.2531740069389343,-1.5145815268624574e-07,0.13371148705482483,0.009734601713716984,-8.330255241162376e-08,-6.090725701568545e-10,-4.252936560078524e-05,-1.613636169128796e-10,0.6726780533790588,-4.099841799387605e-09,-0.014183801598846912,-7.230394505342019e-09,0
0.2527301013469696,-1.0185572136833798e-06,0.00919103529304266,-2.314381047918701e-10,0.2627274692058563,-2.3298488827094843e-07,0.11804357916116714,0.009332431480288506,-7.948204938657e-08,-1.1103243879873048e-09,-5.5202763178385794e-05,8.891250584280207e-17,0.658493161201477,-1.2831784523825718e-08,-0.014185905456542969,-1.1171893632422325e-08,5
0.26237165927886963,-2.4380422019021353e-06,0.009191137738525867,-1.300620999789004e-10,0.27193886041641235,-3.369525529706152e-07,0.11568351089954376,0.009922439232468605,-3.396714021164371e-07,-1.3247667407512154e-09,-3.555914736352861e-05,-3.77721937061537e-10,0.644305944442749,-2.9329479289685878e-08,-0.014188009314239025,-2.08554418179574e-08,7
0.2715628147125244,-2.438117462588707e-06,0.009191211313009262,-2.9591214895097195e-11,0.28157806396484375,-6.64433684960386e-07,0.11727730929851532,0.00946727953851223,-3.2073313604996656e-07,-4.392919361606573e-09,-5.547566615859978e-05,-5.80188674881299e-11,0.6301171183586121,-5.5511662822027574e-08,-0.014189411886036396,-3.0540583395577414e-08,6
0.28021013736724854,-0.0014818408526480198,0.008272073231637478,-2.8518970518476294e-10,0.2907836139202118,-9.762743502506055e-07,0.1132533997297287,0.009008730761706829,-3.051740691262239e-07,-4.26340784898116e-09,-5.32915182702709e-05,-7.112484836117525e-16,0.6177446842193604,-8.182637145637273e-08,-0.010572461411356926,-2.2218106465743404e-08,0
0.2884821891784668,-0.0023923986591398716,0.008272073231637478,-0.0,0.2997837960720062,-0.0002426386927254498,0.1298888921737671,0.0089839743450284,-0.00039702482172288,-3.173502591380384e-06,-4.2752119043143466e-05,-6.316516305560071e-07,0.6098429560661316,-9.82461827447878e-08,-0.006574742961674929,-1.3583455249488452e-08,6
0.29684004187583923,-0.002390452427789569,0.008698421530425549,1.1649998668872286e-05,0.30856409668922424,-0.0006295090424828231,0.11864396929740906,0.008584787137806416,-0.0003779723192565143,-5.280276582197985e-06,-5.078218600829132e-05,0.0,0.6045284867286682,-1.0922590831796697e-07,-0.004289430566132069,-8.861481326505327e-09,7
0.30606046319007874,-0.0023287893272936344,0.009343203157186508,9.807495371205732e-05,0.3169103264808655,-0.000996978022158146,0.11338043212890625,0.008144578896462917,-0.00035859091440215707,-5.009548203815939e-06,-4.817847366211936e-05,0.0,0.6015872955322266,-1.1530234189649491e-07,-0.0018379268003627658,-3.797793191040455e-09,6
0.3150792419910431,-0.0024181101471185684,0.010195950977504253,0.00010474498412804678,0.3248026669025421,-0.0013444635551422834,0.11262562870979309,0.007687076926231384,-0.00033844809513539076,-4.7280318540288135e-06,-4.547100979834795e-05,1.0921826594165185e-12,0.6020419597625732,-2.0575575035763904e-05,0.0028589193243533373,-4.136815550737083e-05,3
0.32471764087677,-0.002761856187134981,0.009823896922171116,-0.0003762133128475398,0.34484127163887024,-0.0016592235770076513,0.15243148803710938,0.06984993070363998,-0.00023383882944472134,4.941103270539315e-06,-3.5681159715750255e-06,-0.0010666863527148962,0.6055977940559387,-5.6175813369918615e-05,0.0035264913458377123,-2.7267587938695215e-05,7
0.33342453837394714,-0.0031607961282134056,0.00859008077532053,-0.00033242424251511693,0.4125763177871704,-0.001677043386735022,0.28989213705062866,0.06606721132993698,0.00015508811338804662,4.941103270539315e-06,-3.5681159715750255e-06,-0.0010666863527148962,0.6070903539657593,-6.951238174224272e-05,0.0011479153763502836,-1.2204280210426077e-05,15
0.34105443954467773,-0.003455192781984806,0.007116093300282955,-0.0005604547914117575,0.4767446517944336,-0.001320660230703652,0.31612157821655273,0.06266724318265915,0.000516792293637991,4.941103270539315e-06,-3.5681159715750255e-06,-0.0010666863527148962,0.6075977087020874,-7.540371007053182e-05,5.8903413446387276e-05,-7.892290341260377e-07,12
0.3476904630661011,-0.0041583445854485035,0.006101411767303944,-0.0006469100480899215,0.5376949310302734,-0.0006185657694004476,0.23700042068958282,0.05958986282348633,0.0008492501801811159,4.941103270539315e-06,-3.5681159715750255e-06,-0.0010666863527148962,0.6076095104217529,0.00046732911141589284,6.070639546607026e-09,-2.138922788885722e-10,7
0.3540344834327698,-0.004799309186637402,0.00690642511472106,-0.0006127050728537142,0.5944181084632874,0.00037915376015007496,0.13265004754066467,0.05038128048181534,0.0010484419763088226,5.831249382026726e-06,-2.7106852940050885e-05,-0.0009844659361988306,0.6076095104217529,0.0013375179842114449,5.8941167502268854e-09,0.0,7
