lt_dp_posx,lt_dp_posy,lt_dp_velx,lt_dp_vely,ball_posx,ball_posy,ball_posz,ball_vel_x,ball_vel_y,ball_rot_x,ball_rot_y,ball_rot_z,rt_gk_posx,rt_gk_posy,rt_gk_velx,rt_gk_vely,action_left,action_top_left,action_top,action_top_right,action_right,action_bottom_right,action_bottom,action_bottom_left,action_sprint,action_dribble,sel_action
-1.0110293626785278,-0.0,0.0,-0.0,0.019999999552965164,-0.0,0.11061639338731766,-0.0,0.0,0.0,-0.0,0.0,1.0110293626785278,0.0,-0.0,0.0,0,0,0,0,0,0,0,0,0,0,5
0.0018559683812782168,1.0662123267612955e-10,0.003761105705052614,2.5890256952210144e-11,0.019999999552965164,-0.0,0.11059734225273132,-0.0,0.0,0.0,-0.0,0.0,1.0110293626785278,0.0,-0.0,0.0,0,0,0,0,1,0,0,0,0,0,5
0.0051171546801924706,-1.242467462247987e-09,0.005418804008513689,-3.8793526724312244e-10,0.019999999552965164,-0.0,0.10930104553699493,-0.0,0.0,0.0,-0.0,0.0,1.0110293626785278,0.0,-0.0,0.0,0,0,0,0,1,0,0,0,0,0,13
0.01054830476641655,-2.3025912287977235e-09,0.006952005438506603,-2.5532281844320437e-10,0.024873042479157448,-3.642681156712513e-10,0.12240666896104813,0.007911467924714088,-5.919166268242293e-10,1.86374873867301e-12,8.354207238880917e-06,-2.6272100814295207e-12,1.0085934400558472,-1.710265540300071e-10,-0.003884820267558098,-2.4040461288343806e-10,0,0,0,0,1,0,0,0,0,0,18
0.018100934103131294,-1.28906981444743e-06,0.008328305557370186,-1.3618922656277732e-10,0.032380226999521255,-9.26762167008377e-10,0.11689220368862152,0.007256743963807821,-5.440517480970186e-10,7.600457589684861e-12,4.2926621972583234e-05,0.0,1.0038305521011353,-3.7486372339579077e-10,-0.0054703038185834885,-1.5425703769889054e-10,0,0,0,0,1,0,0,0,1,0,13
0.02631440944969654,-5.988582415739074e-06,0.009301362559199333,-2.3895777023774656e-10,0.03941595181822777,-1.4542433923736553e-09,0.11169417947530746,0.0068491739220917225,-5.134955238794703e-10,7.173309255620319e-12,4.05141145165544e-05,-2.0828627026947563e-18,0.9975366592407227,-5.076656317548611e-10,-0.006950602866709232,-6.840745747638266e-10,0,0,0,0,1,0,0,0,1,0,5
0.03398887813091278,-1.1099125913460739e-05,0.009278613142669201,-1.509500163754396e-10,0.046039968729019165,-1.9508588078309685e-09,0.1109515130519867,0.006439860910177231,-4.828086819230748e-10,6.7447128611342055e-12,3.8093439798103645e-05,-6.942414177799101e-19,0.989837646484375,-4.457857194495318e-09,-0.008285746909677982,-7.118927669580444e-09,0,0,0,0,1,0,0,0,1,0,13
0.043284911662340164,-1.2966931535629556e-05,0.01024928130209446,-8.355166558615679e-11,0.057583775371313095,-2.10634261748055e-05,0.14486855268478394,0.01364416629076004,-2.972616312035825e-05,-2.7764943411057175e-07,7.386308425338939e-06,-3.4996782005691784e-07,0.9809144139289856,-1.6053112616987164e-08,-0.009325672872364521,-1.5265680275433624e-08,0,0,0,0,1,0,0,0,1,0,18
0.05377814546227455,-1.510261427029036e-05,0.010600992478430271,-5.373569820221746e-06,0.07109471410512924,-5.044161662226543e-05,0.11017846316099167,0.01320032961666584,-2.8423502953955904e-05,-2.2156011425522593e-07,1.3277972357172985e-05,-4.0520635025131924e-07,0.971478283405304,-4.5492959088733187e-07,-0.00973448995500803,-7.971290187924751e-07,0,0,0,0,1,0,0,0,1,0,18
0.06484215706586838,-2.375602525717113e-05,0.01141761988401413,-1.1829078175651375e-05,0.0834537222981453,-7.609408930875361e-05,0.12249815464019775,0.012023801915347576,-2.468044294801075e-05,1.594063689935865e-07,5.260594480205327e-05,-3.244207960051426e-07,0.961243748664856,-1.845387373577978e-06,-0.010619443841278553,-1.916184373840224e-06,0,0,0,0,1,0,0,0,1,0,13
0.07663851976394653,-3.9323225792031735e-05,0.012097726576030254,-1.739849176374264e-05,0.09508338570594788,-9.981117909774184e-05,0.11299540102481842,0.011352213099598885,-2.3120823243516497e-05,3.230085781069647e-07,6.715473864460364e-05,-4.5546493009432365e-14,0.9503563046455383,-4.2385900087538175e-06,-0.010805971920490265,-2.5956021545425756e-06,0,0,0,0,1,0,0,0,1,0,13
0.08906497806310654,-5.896562652196735e-05,0.012672561220824718,-2.2076077584642917e-05,0.10609089583158493,-0.00012222994701005518,0.11217886209487915,0.01072979997843504,-2.1853167709195986e-05,3.0528693173437205e-07,6.347033195197582e-05,0.0,0.9392877221107483,-7.098698461049935e-06,-0.011376773938536644,-3.088306357312831e-06,0,0,0,0,1,0,0,0,1,0,5
0.10198859870433807,-8.474539936287329e-05,0.013110830448567867,-2.8854734409833327e-05,0.11648819595575333,-0.00014340592315420508,0.11062079668045044,0.010128417983651161,-2.0628353013307787e-05,2.881713498936733e-07,5.9911904827458784e-05,9.106367190262615e-14,0.9275738596916199,-1.0468546861375216e-05,-0.011977027170360088,-3.5618563742900733e-06,0,0,0,0,1,0,0,0,1,0,16
0.11521001905202866,-3.4283271816093475e-05,0.013239067979156971,-1.903650445456151e-05,0.1262982338666916,-0.00016338583372998983,0.11057727783918381,0.009554718621075153,-1.945991607499309e-05,2.718519169775391e-07,5.651901665260084e-05,4.552554757871266e-14,0.9152939915657043,-1.426338803867111e-05,-0.012507859617471695,-4.033401182823582e-06,0,0,0,0,1,0,0,0,1,0,18
0.12844905257225037,-1.4942090274416842e-05,0.013238980434834957,-7.138654382288223e-06,0.14010457694530487,-0.0001578575320309028,0.1553572714328766,0.015567420981824398,1.600748328201007e-05,9.625562569226531e-08,9.858847079158295e-06,-4.6018641342016053e-08,0.9025512933731079,-1.8622904462972656e-05,-0.01291878055781126,-4.61969693787978e-06,0,0,0,0,1,0,0,0,1,0,16
0.14173707365989685,-1.775152668415103e-05,0.013399211689829826,-2.9732834718743106e-06,0.15556389093399048,-0.000141960073960945,0.13457973301410675,0.015371020883321762,1.581024298502598e-05,9.625562569226531e-08,9.858847079158295e-06,-4.6018641342016053e-08,0.8894527554512024,-2.304162990185432e-05,-0.013232932426035404,-3.7060872273286805e-06,0,0,0,0,1,0,0,0,1,0,16
0.15528453886508942,-2.5207798898918554e-05,0.013657527975738049,-1.1612845810304862e-05,0.17006579041481018,-0.00012737882207147777,0.12917275726795197,0.013953902758657932,1.3832713193551172e-05,-4.428552813351416e-08,4.543735121842474e-05,1.0637243974542798e-07,0.8760826587677002,-2.5412386094103567e-05,-0.013472052291035652,-1.290149157284759e-06,0,0,0,0,1,0,0,0,1,0,13
0.1690525859594345,-4.167702354607172e-05,0.013849840499460697,-1.9565237380447797e-05,0.18353363871574402,-0.00011414448817959055,0.11964201927185059,0.013061105273663998,1.2763207450916525e-05,-1.7830072351898707e-07,7.726065086899325e-05,-2.2784879655213773e-14,0.8625065684318542,-2.5569399440428242e-05,-0.013653671368956566,3.046015137897484e-07,0,0,0,0,1,0,0,0,1,0,0
0.1829843819141388,-5.942002826486714e-05,0.013992540538311005,-1.587437145644799e-05,0.19622841477394104,-0.00010173920600209385,0.11298847943544388,0.012383297085762024,1.2100860658392776e-05,-1.6905184452298272e-07,7.325295882765204e-05,-2.2780071896205158e-14,0.8487749099731445,-2.5357428967254236e-05,-0.013789709657430649,1.3596641679214372e-07,0,0,0,0,1,0,0,0,1,0,5
0.19703751802444458,-7.301424193428829e-05,0.014098076149821281,-1.1776941391872242e-05,0.2082265168428421,-9.001477155834436e-05,0.11262310296297073,0.011688959784805775,1.1422359420976136e-05,-1.5956669585648342e-07,6.914287223480642e-05,-2.277540643873168e-14,0.8349264860153198,-2.5309258489869535e-05,-0.013892089948058128,-2.4035029966285038e-08,0,0,0,0,1,0,0,0,1,0,18
0.21086116135120392,-8.122692815959454e-05,0.014123672619462013,-7.610873126395745e-06,0.21955309808254242,-7.894651935203001e-05,0.10996855795383453,0.011032863520085812,1.0781232049339451e-05,-1.5061363001223071e-07,6.526334618683904e-05,-6.831375607340914e-14,0.8209907412528992,-2.5370653020218015e-05,-0.01396852359175682,-8.494419745375126e-08,0,0,0,0,1,0,0,0,1,0,5
0.22465115785598755,-8.536501991329715e-05,0.013827226124703884,-3.31165392708499e-06,0.23296551406383514,-7.425015064654872e-05,0.14891782402992249,0.015878066420555115,-1.1796704484368092e-06,-5.351975929102082e-08,1.2376298400340602e-05,5.7840015443844095e-08,0.8069894313812256,-2.5484849174972624e-05,-0.01402532309293747,-1.3816661237342487e-07,0,0,0,0,1,0,0,0,1,0,18
0.23811818659305573,-0.0005909905885346234,0.013312697410583496,-3.5064070402768266e-07,0.24873164296150208,-7.542150706285611e-05,0.14991971850395203,0.015674646943807602,-1.1658383982648957e-06,-5.351975929102082e-08,1.2376298400340602e-05,5.7840015443844095e-08,0.7929392457008362,-2.575973849161528e-05,-0.014068800024688244,-5.499927624441625e-07,0,0,0,0,1,0,0,0,1,0,0
0.2514308989048004,-0.0024671736173331738,0.013312697410583496,-1.926456434375723e-07,0.26397350430488586,-0.00010300387657480314,0.13529248535633087,0.015918001532554626,-0.00026641314616426826,-2.4793632746877847e-07,-7.402875894513272e-07,-3.695593306929368e-07,0.778852641582489,-2.673529161256738e-05,-0.014100355096161366,-1.3241825627119397e-06,0,0,0,0,1,0,0,0,1,0,18
0.2647435963153839,-0.0024672774598002434,0.013312697410583496,-3.2083839585084206e-08,0.27977827191352844,-0.0003675072512123734,0.17415598034858704,0.015713145956397057,-0.0002629626542329788,-2.4793632746877847e-07,-7.402875894513272e-07,-3.695593306929368e-07,0.7647386789321899,-2.8818922146456316e-05,-0.014124196954071522,-5.425984454632271e-06,0,0,0,0,1,0,0,0,1,0,18
0.2781887352466583,-0.002438835334032774,0.013567769899964333,7.29675666661933e-05,0.2953675091266632,-0.0006283900584094226,0.11523109674453735,0.015384137630462646,-0.0002573816746007651,-1.6230234223257867e-07,1.3049535709797055e-06,-5.371051088332024e-07,0.7506043910980225,-5.298078031046316e-05,-0.014141728170216084,-3.9502781874034554e-05,0,0,0,0,1,0,0,0,1,0,16
0.29187852144241333,-0.0022900416515767574,0.0137797174975276,0.00020979979308322072,0.309619277715683,-0.0008660097955726087,0.13555394113063812,0.01399865373969078,-0.00023324920039158314,1.095326751965331e-06,3.1319399568019435e-05,-1.959222799996496e-06,0.7364552021026611,-0.00011125556920887902,-0.014154350385069847,-7.364076736848801e-05,0,0,0,0,1,0,0,0,1,0,7
0.30574822425842285,-0.002033134689554572,0.013937669806182384,0.0002552126825321466,0.32315486669540405,-0.0010912950383499265,0.12166547775268555,0.01302570290863514,-0.0002165357582271099,2.658038965819287e-06,6.840143032604828e-05,-7.707173494964081e-07,0.7222954630851746,-0.00019409555534366518,-0.014163466170430183,-8.3826387708541e-05,0,0,0,0,0,1,0,0,1,0,18
0.31964603066444397,-0.001642068033106625,0.013993986882269382,0.00020349767873995006,0.3358214795589447,-0.0013018359895795584,0.11578303575515747,0.012361951172351837,-0.00020547454187180847,2.8704821488645393e-06,7.312555680982769e-05,3.6447871088439443e-13,0.7081273198127747,-0.00027786637656390667,-0.014171880669891834,-8.372344746021554e-05,0,0,0,0,0,1,0,0,1,0,7
0.33285143971443176,-0.00029017668566666543,0.013600388541817665,0.0005653801490552723,0.34781014919281006,-0.0015011046780273318,0.11158439517021179,0.011679880321025848,-0.00019413749396335334,2.712053174036555e-06,6.908957584528252e-05,-3.6440555434280597e-13,0.6939529180526733,-0.0003609491395764053,-0.014176789671182632,-8.071759657468647e-05,0,0,0,0,0,1,0,0,1,0,6
0.34590208530426025,0.0006412654183804989,0.012665636837482452,0.0010674524819478393,0.3614007830619812,0.0014987527392804623,0.1541302353143692,0.013987143523991108,0.0037658880464732647,5.6698427215451375e-06,1.658029214013368e-05,1.77723886736203e-05,0.6797735095024109,-0.0004363026237115264,-0.01418099645525217,-7.096321496646851e-05,0,0,0,0,0,1,0,0,1,0,7
0.35816386342048645,0.0026410326827317476,0.011974573135375977,0.0027157259173691273,0.3752812147140503,0.005235182121396065,0.1190633475780487,0.013714566826820374,0.0036865309812128544,4.084939973836299e-06,1.8371547412243672e-05,1.955896004801616e-05,0.6655905246734619,-0.0005018954398110509,-0.014184502884745598,-6.119814497651532e-05,0,0,0,0,0,1,0,0,1,0,6
0.36980968713760376,0.005548735614866018,0.011680757626891136,0.002917519072070718,0.3881292939186096,0.008634070865809917,0.1299496293067932,0.01249690167605877,0.003287635277956724,-2.4861403289833106e-05,5.0761613238137215e-05,2.5969968191930093e-05,0.651410698890686,-0.00029534767963923514,-0.014167673885822296,0.00047323285252787173,0,0,0,0,0,1,0,0,1,0,5
0.38176414370536804,0.008497429080307484,0.012166359461843967,0.002958928467705846,0.4002482295036316,0.01181108970195055,0.11871546506881714,0.011806214228272438,0.0030898170080035925,-4.316528793424368e-05,6.983896309975535e-05,5.830701373110703e-12,0.6372784376144409,0.0005031481268815696,-0.014094044454395771,0.00106416130438447,0,0,0,0,0,1,0,0,1,0,16
0.3941558301448822,0.011447824537754059,0.012561503797769547,0.0029395928140729666,0.41171205043792725,0.01481128204613924,0.11092668026685715,0.011181972920894623,0.002926445798948407,-4.0883536712499335e-05,6.614722224185243e-05,5.829677886259876e-12,0.6232423782348633,0.0018507612403482199,-0.01399657316505909,0.0015187669778242707,0,0,0,0,0,1,0,0,1,0,18
0.4068663418292999,0.014417106285691261,0.012814297340810299,0.003003018908202648,0.42254638671875,0.017646748572587967,0.11246868968009949,0.010557579807937145,0.0027630343101918697,-3.859933349303901e-05,6.245153053896502e-05,0.0,0.6092936396598816,0.003545558312907815,-0.013906815089285374,0.0018385109724476933,0,0,0,0,0,1,0,0,1,0,5
0.41968947649002075,0.017594600096344948,0.012758703902363777,0.0030062878504395485,0.4327755868434906,0.020323853939771652,0.10796912014484406,0.009963258169591427,0.002607493894174695,-3.642696174210869e-05,5.893675916013308e-05,0.0,0.5954448580741882,0.005560082849115133,-0.013794618658721447,0.002167976461350918,0,0,0,0,1,0,0,0,1,0,7
0.43163251876831055,0.020724501460790634,0.01153877004981041,0.0023553315550088882,0.4424273371696472,0.022849829867482185,0.11134351044893265,0.009401875548064709,0.002460573334246874,-3.437371560721658e-05,5.561472789850086e-05,-5.82706322430071e-12,0.5817449688911438,0.007966824807226658,-0.013617207296192646,0.00260125077329576,0,0,0,0,1,0,0,0,1,0,13
0.4415894150733948,0.02274947613477707,0.008385672233998775,0.0013842679327353835,0.49009597301483154,0.022482022643089294,0.44224363565444946,0.06313662230968475,-0.0016451006522402167,-1.995454113057349e-05,2.2892802007845603e-05,0.0011120890267193317,0.5682403445243835,0.010803557001054287,-0.013407538644969463,0.003028400707989931,0,0,0,0,1,0,0,0,1,0,18
0.4494759738445282,0.02419000305235386,0.007311736699193716,0.0013802610337734222,0.5515301823616028,0.02069488726556301,0.7682462930679321,0.060081854462623596,-0.001903299242258072,-1.995454113057349e-05,2.2892802007845603e-05,0.0011120890267193317,0.5557346343994141,0.013804690912365913,-0.011105747893452644,0.0028077494353055954,0,0,0,0,0,1,0,0,1,0,11
0.4565144181251526,0.025197546929121017,0.0068562873639166355,0.0007590609020553529,0.6100490093231201,0.01865040510892868,0.931251049041748,0.057273730635643005,-0.0021594453137367964,-1.995454113057349e-05,2.2892802007845603e-05,0.0011120890267193317,0.547224223613739,0.016277698799967766,-0.006112281233072281,0.0021537381689995527,0,0,0,0,0,1,0,0,1,0,5
0.462761253118515,0.025889158248901367,0.006094399839639664,0.000674758804962039,0.6658759117126465,0.016352275386452675,0.941497802734375,0.054671600461006165,-0.0024106979835778475,-1.995454113057349e-05,2.2892802007845603e-05,0.0011120890267193317,0.5441505312919617,0.018278740346431732,-0.0011433573672547936,0.0024258948396891356,0,0,0,0,0,1,0,0,1,0,0
0.4697404205799103,0.0264735110104084,0.00768409064039588,0.00043653984903357923,0.7191988229751587,0.013806523755192757,0.8083561062812805,0.05224357545375824,-0.0026551103219389915,-1.995454113057349e-05,2.2892802007845603e-05,0.0011120890267193317,0.5457570552825928,0.02086784318089485,0.003754040692001581,0.002252870239317417,0,0,0,0,0,1,0,0,1,0,12
0.47819894552230835,0.026598356664180756,0.00904623232781887,-0.0001930163853103295,0.7701775431632996,0.011020730249583721,0.5403733849525452,0.04996428266167641,-0.0028914352878928185,-1.995454113057349e-05,2.2892802007845603e-05,0.0011120890267193317,0.5510086417198181,0.02248135395348072,0.006171184591948986,0.0011955294758081436,0,0,0,0,0,1,0,0,1,0,9
0.487499475479126,0.026162195950746536,0.009417183697223663,-0.0004922659136354923,0.8189489841461182,0.008003411814570427,0.1453360617160797,0.047813136130571365,-0.003118964610621333,-1.995454113057349e-05,2.2892802007845603e-05,0.0011120890267193317,0.5580529570579529,0.023436592891812325,0.0077314237132668495,0.0007413505809381604,0,0,0,0,0,1,0,0,1,0,16
0.4974891245365143,0.025625867769122124,0.010429410263895988,-0.0005744575755670667,0.8583457469940186,0.005607339553534985,0.3051389455795288,0.0380251407623291,-0.002352034905925393,-1.5243013876897749e-05,4.138218719162978e-05,0.0010070749558508396,0.5665296912193298,0.02379406802356243,0.009036765433847904,1.033812623063568e-05,0,0,0,0,0,1,0,0,1,0,18
0.5083935260772705,0.02500511333346367,0.011281406506896019,-0.0006525710341520607,0.8957402110099792,0.003202056046575308,0.3764708936214447,0.03687889128923416,-0.002448796294629574,-1.5243013876897749e-05,4.138218719162978e-05,0.0010070749558508396,0.5758194923400879,0.0234580859541893,0.009310245513916016,-0.00044491016888059676,0,0,0,0,0,1,0,0,1,0,12
0.5200996398925781,0.024324601516127586,0.012026113457977772,-0.0007030211272649467,0.9319900274276733,0.0007002895581535995,0.30211007595062256,0.035735271871089935,-0.0025449967943131924,-1.5243013876897749e-05,4.138218719162978e-05,0.0010070749558508396,0.5856596827507019,0.022958049550652504,0.01024849247187376,-0.0005495320074260235,0,0,0,0,0,1,0,0,1,0,6
0.5324547290802002,0.0235960241407156,0.012601473368704319,-0.0007483092485927045,0.9670508503913879,-0.0018923473544418812,0.08900914341211319,0.03413268178701401,-0.002591474913060665,-1.4273849956225604e-05,4.435872324393131e-05,0.0009851806098595262,0.5963420271873474,0.022345736622810364,0.010955333709716797,-0.0006544247735291719,0,0,0,0,0,1,0,0,1,0,1
0.5453082323074341,0.022829687222838402,0.013041496276855469,-0.0007791239768266678,0.9974901676177979,-0.004079282283782959,0.20561178028583527,0.030088961124420166,-0.0022020977921783924,-7.701003596594092e-06,6.438096170313656e-05,0.0008372708107344806,0.6072130799293518,0.02168276719748974,0.011052103713154793,-0.0006856530671939254,0,0,0,0,0,1,0,0,1,0,18
