lt_dp_posx,lt_dp_posy,lt_dp_velx,lt_dp_vely,ball_posx,ball_posy,ball_posz,ball_vel_x,ball_vel_y,ball_rot_x,ball_rot_y,ball_rot_z,rt_gk_posx,rt_gk_posy,rt_gk_velx,rt_gk_vely,action_left,action_top_left,action_top,action_top_right,action_right,action_bottom_right,action_bottom,action_bottom_left,action_sprint,action_dribble,sel_action
-1.0110293626785278,-0.0,0.0,-0.0,0.019999999552965164,-0.0,0.11061639338731766,0.0,-0.0,0.0,-0.0,0.0,1.0110293626785278,0.0,-0.0,0.0,0,0,0,0,0,0,0,0,0,0,5
0.0,-0.0,0.0,-0.0,0.019999999552965164,-0.0,0.11059734225273132,0.0,-0.0,0.0,-0.0,0.0,1.0110293626785278,0.0,-0.0,0.0,0,0,0,0,1,0,0,0,0,0,5
0.0005595720722340047,7.62247973074004e-11,0.0026072831824421883,1.992972731290621e-10,0.019999999552965164,-0.0,0.10930104553699493,0.0,-0.0,0.0,-0.0,0.0,1.0100501775741577,-8.022917399874707e-12,-0.003236181568354368,-2.5031638220540664e-11,0,0,0,0,1,0,0,0,0,0,5
0.003790798597037792,-4.2200493099997516e-10,0.0047781276516616344,-1.0988730064775964e-10,0.019999999552965164,-0.0,0.11075475811958313,0.0,-0.0,0.0,-0.0,0.0,1.0059254169464111,-3.224626815567788e-11,-0.00484480569139123,-2.1483743603556427e-11,0,0,0,0,1,0,0,0,0,0,13
0.007220607250928879,-3.3801015320022998e-09,0.006362335756421089,-3.6541070169704426e-10,0.020917296409606934,-7.92504256663662e-11,0.1157693862915039,0.009172989055514336,-7.925042844192376e-10,-1.975893624064917e-12,-1.3215454600867815e-05,-9.232022698396625e-13,1.0002306699752808,-4.500159273002069e-11,-0.0063720871694386005,-3.904107072350005e-12,0,0,0,0,1,0,0,0,1,0,16
0.01438907440751791,-3.6193081864865917e-09,0.007803343702107668,-9.658961824809964e-11,0.02969912439584732,-8.365065862214749e-10,0.11140777915716171,0.00851544737815857,-7.33417548914872e-10,-7.225288943535357e-12,-3.683616887428798e-05,-2.109536503813736e-12,0.9930757880210876,5.054060503439928e-10,-0.0077724456787109375,5.224596866248987e-10,0,0,0,0,1,0,0,0,1,0,5
0.022906016558408737,-3.739859977258675e-09,0.009073887020349503,-1.6276528735925666e-10,0.037924520671367645,-1.544549044218968e-09,0.10684056580066681,0.008032718673348427,-6.914334660379495e-10,-9.659500629921602e-12,-4.751733649754897e-05,0.0,0.9846126437187195,8.471098267293087e-10,-0.00900100264698267,1.7644492811275114e-10,0,0,0,0,1,0,0,0,1,0,13
0.03259078413248062,-3.85799125979247e-09,0.010156127624213696,-6.699159976752966e-11,0.04571395367383957,-2.215041261521833e-09,0.1131139025092125,0.007591758854687214,-6.534770502497622e-10,-9.12899009858359e-12,-4.490760693443008e-05,-6.943786780628056e-19,0.975313127040863,1.3048663261017168e-09,-0.009335489943623543,7.748893748882324e-10,0,0,0,0,1,0,0,0,1,0,16
0.040964774787425995,-6.6093215345119916e-09,0.009499174542725086,-1.7666254570336548e-10,0.05306529253721237,-2.8478233105033723e-09,0.11167235672473907,0.007155665196478367,-6.159394660976147e-10,-8.60452334383588e-12,-4.23276360379532e-05,0.0,0.9654421806335449,1.9421622088344748e-09,-0.010284255258738995,4.885134519128087e-10,0,0,0,0,1,0,0,0,1,0,13
0.04952162876725197,-8.712957466627813e-09,0.010158954188227654,-1.0775091929815517e-10,0.06294082850217819,1.1811383956228383e-05,0.1357617974281311,0.014059150591492653,2.9371487471507862e-05,3.8051769024605164e-07,-4.3488424125825986e-05,-2.470205728855035e-08,0.9547167420387268,8.729888811842557e-09,-0.011003718711435795,6.531001162102257e-08,0,0,0,0,1,0,0,0,1,0,13
0.060070719569921494,8.696800932739279e-07,0.010675542056560516,3.5139494229952106e-06,0.07691004872322083,4.0998183976626024e-05,0.1275327056646347,0.013875016942620277,2.9005921533098444e-05,3.80928781851253e-07,-4.4129727029940113e-05,-2.393684006563035e-08,0.9437978863716125,4.235018877807306e-07,-0.011102592572569847,7.21700587291707e-07,0,0,0,0,1,0,0,0,1,0,0
0.07098269462585449,8.631969649286475e-06,0.011254759505391121,1.116910334530985e-05,0.0902237519621849,6.921740714460611e-05,0.1242324635386467,0.012994016520678997,2.766469151538331e-05,3.864913082907151e-07,-7.686745811952278e-05,9.113758060947177e-14,0.9323297739028931,1.4832226042926777e-06,-0.011747725307941437,1.3404071523837047e-06,0,0,0,0,1,0,0,0,1,0,18
0.08263005316257477,2.443234006932471e-05,0.011945822276175022,1.930225880641956e-05,0.10287228226661682,9.614657028578222e-05,0.11378893256187439,0.012350794859230518,2.629525442898739e-05,3.6735474395754864e-07,-7.306146289920434e-05,-9.111938634176475e-14,0.9202682971954346,3.1240629141393583e-06,-0.012311514467000961,1.9647941371658817e-06,0,0,0,0,1,0,0,0,1,0,0
0.09492450207471848,4.5350130676524714e-05,0.012555718421936035,2.289591429871507e-05,0.11484425514936447,0.00012163527571829036,0.11224844306707382,0.011667870916426182,2.4841294361976907e-05,3.4702551943155413e-07,-6.901827146066353e-05,0.0,0.9076964855194092,5.752211109211203e-06,-0.012767314910888672,3.2035379717854084e-06,0,0,0,0,1,0,0,0,1,0,16
0.10774736851453781,7.182310946518555e-05,0.01302221231162548,2.9563085263362154e-05,0.12614856660366058,0.0001457025355193764,0.10975518077611923,0.011011205613613129,2.3443210011464544e-05,3.275013114034664e-07,-6.513523840112612e-05,-4.554223751590536e-14,0.89472895860672,9.591480193194002e-06,-0.01311722956597805,4.1912790038622916e-06,0,0,0,0,1,0,0,0,1,0,18
0.12068764865398407,0.00010411426774226129,0.013374942354857922,3.3468899346189573e-05,0.13681185245513916,0.00016840500757098198,0.11078740656375885,0.010384606197476387,2.210916136391461e-05,3.088568973907968e-07,-6.142714846646413e-05,4.553476329717879e-14,0.8814587593078613,1.4131143871054519e-05,-0.013384398072957993,4.849867764278315e-06,0,0,0,0,1,0,0,0,1,0,13
0.1336432695388794,-0.001504118088632822,0.013404997996985912,2.158586539735552e-05,0.14687037467956543,0.00018981991161126643,0.11049699783325195,0.009796757251024246,2.0857618437730707e-05,2.9137754609109834e-07,-5.795073229819536e-05,0.0,0.8679583072662354,1.9343946405570023e-05,-0.01358705386519432,5.503130523720756e-06,0,0,0,0,1,0,0,0,1,0,18
0.14687886834144592,-0.0021854264196008444,0.013404997065663338,8.094039912975859e-06,0.16072432696819305,1.470519055146724e-05,0.15244998037815094,0.0155479172244668,-0.00025720379198901355,-7.442829428327968e-07,-5.0697686674539e-05,-4.443117518349027e-07,0.8542835116386414,2.258616041217465e-05,-0.01373992208391428,4.7485195864283014e-07,0,0,0,0,1,0,0,0,1,0,16
0.16027243435382843,-0.002176050329580903,0.013462760485708714,2.9035874831606634e-05,0.17615815997123718,-0.00024058911367319524,0.12190023809671402,0.01529730949550867,-0.00025280300178565085,-8.328810281454935e-07,-5.1963790610898286e-05,-5.082873713035951e-07,0.8404778242111206,1.967897878785152e-05,-0.013854924589395523,-5.595719812845346e-06,0,0,0,0,1,0,0,0,1,0,16
0.17387333512306213,-0.0020789173431694508,0.013702932745218277,0.00015952976536937058,0.1908036768436432,-0.0004792766412720084,0.1275317519903183,0.014353560283780098,-0.00023320749460253865,-3.2581037885393016e-06,-8.491164771839976e-05,0.0,0.8265740275382996,8.644383342470974e-06,-0.013940474949777126,-1.8754077245830558e-05,0,0,0,0,1,0,0,0,1,0,16
0.18767714500427246,-0.0018471500370651484,0.013878591358661652,0.0002776660257950425,0.20478211343288422,-0.0007063893717713654,0.12059228122234344,0.013654124923050404,-0.00022184358385857195,-3.0991880066721933e-06,-8.077003440121189e-05,7.292576373503501e-13,0.8125967383384705,-2.1354320779209957e-05,-0.01400498766452074,-3.922112955478951e-05,0,0,0,0,1,0,0,0,1,0,13
0.2016337662935257,-0.0015981917968019843,0.014014629647135735,0.00022014148999005556,0.21804697811603546,-0.0009219080093316734,0.1096053421497345,0.012931098230183125,-0.00021009625925216824,-2.9351333523663925e-06,-7.649449980817735e-05,7.290860623565543e-13,0.798564612865448,-7.167813600972295e-05,-0.014052671380341053,-5.769042036263272e-05,0,0,0,0,1,0,0,0,1,0,16
0.21570619940757751,-0.0014128944603726268,0.014115256257355213,0.00015747193538118154,0.2305658757686615,-0.0011253072880208492,0.11093052476644516,0.012189292348921299,-0.00019804381008725613,-2.7665817015076755e-06,-7.210177864180878e-05,-3.6445976445143025e-13,0.7844913601875305,-0.00012906499614473432,-0.014088434167206287,-5.7131514040520415e-05,0,0,0,0,1,0,0,0,1,0,5
0.22984346747398376,-0.00013853436394128948,0.014139624312520027,0.00010032274440163746,0.24236619472503662,-0.0013170312158763409,0.11041644215583801,0.011488799937069416,-0.00018666268442757428,-2.6076477297465317e-06,-6.795967783546075e-05,0.0,0.7703874111175537,-0.00018586999794933945,-0.014115782454609871,-5.653261541738175e-05,0,0,0,0,1,0,0,0,1,0,0
0.24390028417110443,0.000930895796045661,0.013827050104737282,4.360104867373593e-05,0.2559218406677246,-0.0012820842675864697,0.14655357599258423,0.01573873497545719,0.00025141675723716617,-6.680234587719269e-09,-5.432411126093939e-05,1.8619250852225377e-07,0.7562605738639832,-0.00024061763542704284,-0.014135416597127914,-5.2300445531727746e-05,0,0,0,0,1,0,0,0,1,0,16
0.2573859691619873,0.0009454009705223143,0.013405434787273407,-7.032599569356535e-06,0.2715510427951813,-0.0010324337054044008,0.1375834345817566,0.01553715392947197,0.00024821708211675286,-6.680234587719269e-09,-5.432411126093939e-05,1.8619250852225377e-07,0.7421166300773621,-0.0002897266822401434,-0.01415084395557642,-4.649371840059757e-05,0,0,0,0,1,0,0,0,1,0,13
0.2709382176399231,0.0008775556925684214,0.013660683296620846,-0.00013001351908314973,0.2865613102912903,-0.0007970658480189741,0.12966954708099365,0.01462287362664938,0.00022681127302348614,3.168613375237328e-06,-8.650127711007372e-05,7.295023959907887e-13,0.727959930896759,-0.00033132059616036713,-0.014162063598632812,-3.218766505597159e-05,0,0,0,0,1,0,0,0,1,0,13
0.2847062945365906,0.0006691103335469961,0.013847035355865955,-0.000270653486950323,0.30085718631744385,-0.0005753266741521657,0.11803700029850006,0.013963758014142513,0.00021658783953171223,3.025714931936818e-06,-8.260027243522927e-05,0.0,0.7137936949729919,-0.00034474406857043505,-0.014169776812195778,1.935279442477622e-06,0,0,0,0,1,0,0,0,1,0,7
0.2985830307006836,0.0004995714407414198,0.013956918381154537,-0.000245672301389277,0.31440380215644836,-0.00036520909634418786,0.10803014039993286,0.013195713050663471,0.00020467488502617925,2.859397227439331e-06,-7.805990753695369e-05,3.6457390383513866e-13,0.6996203660964966,-0.00032402470242232084,-0.014176088385283947,3.609209306887351e-05,0,0,0,0,0,0,1,0,1,0,18
0.31179943680763245,0.0015014668460935354,0.013623418286442757,0.00012776869698427618,0.32717862725257874,-0.00016706275346223265,0.11099299788475037,0.012436939403414726,0.000192905732546933,2.694800741664949e-06,-7.356653804890811e-05,-7.289740100620279e-13,0.6854422092437744,-0.0002841753594111651,-0.014180295169353485,4.018902109237388e-05,0,0,0,0,0,0,1,0,1,0,7
0.32489240169525146,0.0020991452038288116,0.012901250272989273,0.00048031468759290874,0.3409994840621948,0.0022589971777051687,0.15065898001194,0.014389470219612122,0.0033609066158533096,1.747932765283622e-05,-5.441969187813811e-05,2.3933966986078303e-06,0.6712601184844971,-0.00024357215443160385,-0.014183100312948227,4.0941653423942626e-05,0,0,0,0,0,0,1,0,1,0,12
0.33734220266342163,0.0034996424801647663,0.012239287607371807,0.002096300944685936,0.3552776575088501,0.005593213252723217,0.11714266240596771,0.014116313308477402,0.003291221335530281,1.9729932319023646e-05,-5.672153929481283e-05,3.5925579595641466e-06,0.6570767164230347,-0.00013657481758855283,-0.014180295169353485,0.0002604945912025869,0,0,0,0,0,0,1,0,1,0,12
0.34922128915786743,0.005999841261655092,0.011833625845611095,0.0025309587363153696,0.3688679039478302,0.008732832968235016,0.12074419856071472,0.01333290059119463,0.003077148925513029,4.29909850936383e-05,-7.887488754931837e-05,-5.833443537245353e-12,0.642911970615387,0.00036483441363088787,-0.014146636240184307,0.0006983742932789028,0,0,0,0,0,0,1,0,1,0,12
0.36133211851119995,0.008566374890506268,0.012322734110057354,0.0025829344522207975,0.38181304931640625,0.01172049529850483,0.11452047526836395,0.012644842267036438,0.0029183479491621256,4.0771079511614516e-05,-7.480210479116067e-05,1.1664331826810592e-11,0.6287977695465088,0.0013017348246648908,-0.01408492773771286,0.0011182483285665512,0,0,0,0,0,0,1,0,1,0,7
0.3738780617713928,0.011149918660521507,0.012713320553302765,0.0025803749449551105,0.3940677344799042,0.014548776671290398,0.11211387068033218,0.01194111816585064,0.002755932044237852,3.849834683933295e-05,-7.063236262183636e-05,-5.830928621886056e-12,0.6147424578666687,0.0025684291031211615,-0.014028829522430897,0.0013879879843443632,0,0,0,0,0,0,1,0,1,0,0
0.38674819469451904,0.013753670267760754,0.012978035025298595,0.002638232661411166,0.40563833713531494,0.017219197005033493,0.10897978395223618,0.011271858587861061,0.002601470798254013,3.634316453826614e-05,-6.667831621598452e-05,-5.8298214346275135e-12,0.6007497310638428,0.004104225430637598,-0.013960810378193855,0.0016565314726904035,0,0,0,0,0,0,1,0,1,0,12
0.3998296856880188,0.01643710397183895,0.013157550245523453,0.0027183853089809418,0.4165540635585785,0.019738484174013138,0.11143950372934341,0.010630015283823013,0.00245333812199533,3.427256888244301e-05,-6.28794077783823e-05,-5.828817897096661e-12,0.58683842420578,0.00592845119535923,-0.013863339088857174,0.001975205959752202,0,0,0,0,0,0,1,0,1,0,5
0.4126889705657959,0.019499793648719788,0.012716115452349186,0.002639109268784523,0.4268505275249481,0.022114843130111694,0.10860402137041092,0.01002909243106842,0.002314649522304535,3.2335854484699667e-05,-5.93261283938773e-05,2.913966377221522e-12,0.5730412602424622,0.008089878596365452,-0.01373992208391428,0.002313330303877592,0,0,0,0,1,0,0,0,1,0,5
0.42420926690101624,0.022245794534683228,0.010963804088532925,0.001859972719103098,0.4365657567977905,0.024357061833143234,0.111269012093544,0.06953983753919601,0.0008933180943131447,1.1971154890488833e-05,5.246174623607658e-06,0.0016559960786253214,0.5593835711479187,0.010598789900541306,-0.013570926152169704,0.002703726524487138,0,0,0,0,1,0,0,0,1,0,6
0.4333082139492035,0.023677611723542213,0.008374802768230438,0.0012873035157099366,0.5023930072784424,0.024900764226913452,0.30292457342147827,0.06425146758556366,0.0002740432682912797,1.192772833746858e-05,1.6271272897938616e-06,0.0016414697747677565,0.5459554195404053,0.013585195876657963,-0.013304457999765873,0.003216169774532318,0,0,0,0,0,1,0,0,1,0,18
0.44099244475364685,0.024900496006011963,0.007388521451503038,0.0011952584609389305,0.5648471713066101,0.024858655408024788,0.3931986391544342,0.061032116413116455,-0.00029511161847040057,1.192772833746858e-05,1.6271272897938616e-06,0.0016414697747677565,0.5328187346458435,0.017078114673495293,-0.012992409989237785,0.0037175617180764675,0,0,0,0,0,1,0,0,1,0,3
0.4478612244129181,0.025540923699736595,0.00638541067019105,0.0005426019197329879,0.6242502927780151,0.024268392473459244,0.3875466585159302,0.058111608028411865,-0.0008259600726887584,1.192772833746858e-05,1.6271272897938616e-06,0.0016414697747677565,0.521202564239502,0.020480670034885406,-0.010048641823232174,0.002979547716677189,0,0,1,0,0,0,0,0,1,0,18
0.4540881812572479,0.026060670614242554,0.00661366106942296,0.0005109458579681814,0.6808764934539795,0.023168455809354782,0.29062598943710327,0.055446259677410126,-0.001318389200605452,1.192772833746858e-05,1.6271272897938616e-06,0.0016414697747677565,0.5137841701507568,0.022710954770445824,-0.005069550126791,0.0015425339806824923,0,0,1,0,0,0,0,0,1,0,0
0.46154919266700745,0.026458250358700752,0.008125865831971169,0.0002653119736351073,0.734916090965271,0.02159862406551838,0.10641924291849136,0.052553143352270126,-0.0017549179028719664,1.174770477518905e-05,2.0219744101268589e-07,0.0016328936908394098,0.5119373798370361,0.02355372905731201,0.000988385290838778,0.0006474519032053649,0,0,1,0,0,0,0,0,1,0,5
0.4703929126262665,0.026468491181731224,0.009320062585175037,-0.00021172482229303569,0.7808942198753357,0.019932914525270462,0.18253974616527557,0.04514296352863312,-0.0018011144129559398,9.068538929568604e-06,-2.0650077203754336e-05,0.0015052590752020478,0.5151852965354919,0.024134397506713867,0.00418529799208045,0.00045744425733573735,0,0,0,0,1,0,0,0,1,0,7
0.4798295497894287,0.02619929611682892,0.009763240814208984,-0.00028670119354501367,0.8251092433929443,0.017972657456994057,0.12258908152580261,0.04341454058885574,-0.0020838743075728416,9.019376193464268e-06,-2.0938468878739513e-05,0.001503183040767908,0.5202741622924805,0.024421455338597298,0.00580584304407239,0.00010483572987141088,0,0,0,0,0,0,1,0,1,0,11
0.4901365637779236,0.025883538648486137,0.010724278166890144,-0.00034057351876981556,0.8640409708023071,0.016014596447348595,0.1192171722650528,0.03697577491402626,-0.0019467122619971633,2.9461411941156257e-06,-5.5121803598012775e-05,0.0012452155351638794,0.5268945693969727,0.02444603480398655,0.007264403626322746,-7.985311640368309e-06,0,0,0,0,0,0,1,0,1,0,9
0.5013017058372498,0.025519702583551407,0.01152237318456173,-0.0003785755834542215,0.8976081609725952,0.014203153550624847,0.11174363642930984,0.031289130449295044,-0.001715388149023056,-9.63334423431661e-06,-0.00011683250340865925,0.0006769244209863245,0.5349655151367188,0.024373237043619156,0.008693593554198742,-0.00013129504804965109,0,0,0,0,0,0,1,0,1,0,1
0.5131729245185852,0.025126274675130844,0.012205272912979126,-0.0004112579335924238,0.92680823802948,0.012589400634169579,0.1101648285984993,0.02772153541445732,-0.0015372037887573242,-1.840658296714537e-05,-0.00015314349730033427,0.00019655493088066578,0.5444064140319824,0.024164335802197456,0.009508870542049408,-0.00022681723930872977,1,0,0,0,0,0,0,0,1,0,11
0.5256350040435791,0.024701658636331558,0.012696996331214905,-0.000437164562754333,0.9531602263450623,0.011128757148981094,0.11019907891750336,0.02531062625348568,-0.00140285212546587,-1.9596116544562392e-05,-0.00014970841584727168,0.0,0.5546315908432007,0.02389952912926674,0.010452878661453724,-0.0002737699542194605,1,0,0,0,0,0,0,0,1,0,7
0.5385396480560303,0.02425825409591198,0.013125515542924404,-0.00045278595644049346,0.9773210883140564,0.009789632633328438,0.1102464571595192,0.02326490543782711,-0.001289467909373343,-1.8012564396485686e-05,-0.0001376104773953557,0.0,0.565697431564331,0.023586610332131386,0.011398167349398136,-0.0003312505432404578,0,0,0,0,0,0,1,0,1,0,13
0.5518250465393066,0.023800553753972054,0.013446485623717308,-0.00046445123734883964,0.9995876550674438,0.008555501699447632,0.11027710139751434,0.02148536592721939,-0.001190836075693369,-1.6634965504636057e-05,-0.00012708605208899826,2.926886597670597e-12,0.5775916576385498,0.023228712379932404,0.012047468684613705,-0.0003654815664049238,0,0,0,0,0,0,1,0,1,0,12
