lt_dp_posx,lt_dp_posy,lt_dp_velx,lt_dp_vely,ball_posx,ball_posy,ball_posz,ball_vel_x,ball_vel_y,ball_rot_x,ball_rot_y,ball_rot_z,rt_gk_posx,rt_gk_posy,rt_gk_velx,rt_gk_vely,action_left,action_top_left,action_top,action_top_right,action_right,action_bottom_right,action_bottom,action_bottom_left,action_sprint,action_dribble,sel_action
-1.0110293626785278,-0.0,0.0,-0.0,0.019999999552965164,-0.0,0.11061639338731766,-0.0,0.0,0.0,-0.0,0.0,1.0110293626785278,0.0,-0.0,0.0,0,0,0,0,0,0,0,0,0,0,5
0.0,-0.0,0.0,-0.0,0.019999999552965164,-0.0,0.11059734225273132,-0.0,0.0,0.0,-0.0,0.0,1.0110293626785278,0.0,-0.0,0.0,0,0,0,0,1,0,0,0,0,0,5
0.0,-0.0,0.0,-0.0,0.019999999552965164,-0.0,0.10930104553699493,-0.0,0.0,0.0,-0.0,0.0,1.0110293626785278,0.0,-0.0,0.0,0,0,0,0,1,0,0,0,0,0,5
0.0018563538324087858,1.0650171716752865e-10,0.003761105705052614,2.5890204910505865e-11,0.019999999552965164,-0.0,0.11075475811958313,-0.0,0.0,0.0,-0.0,0.0,1.0085934400558472,-1.7055430678869499e-10,-0.003884820267558098,-2.392741005330379e-10,0,0,0,0,1,0,0,0,0,0,5
0.005117342341691256,-1.2158972717557504e-09,0.005418800748884678,-3.741383591826519e-10,0.019999999552965164,-0.0,0.11053141206502914,-0.0,0.0,0.0,-0.0,0.0,1.0038305521011353,-3.7194536339768547e-10,-0.0054703038185834885,-1.5051691837353331e-10,0,0,0,0,1,0,0,0,0,0,13
0.010548306629061699,-2.2825601408982266e-09,0.006952005438506603,-2.929577969101871e-10,0.025223644450306892,-3.5321462421578076e-10,0.12474089860916138,0.008490756154060364,-5.745985909300089e-10,1.5004066782411951e-12,7.0247656367428135e-06,-2.619190021119211e-12,0.9975366592407227,-2.2801668886351933e-10,-0.006950602866709232,6.550532338778225e-10,0,0,0,0,1,0,0,0,1,0,18
0.018270881846547127,-2.448347524719452e-09,0.008328302763402462,-1.6021038662383802e-10,0.03330288827419281,-9.007225520996087e-10,0.11527635902166367,0.007801095489412546,-5.290103910482458e-10,7.390314922528507e-12,4.614657154888846e-05,2.083218183563001e-18,0.989837646484375,3.1375646525333423e-10,-0.008285746909677982,4.1793171701165477e-10,0,0,0,0,1,0,0,0,1,0,0
0.02727341093122959,-2.625654138554978e-09,0.009525523521006107,-1.631647456035168e-10,0.04086579382419586,-1.413581030007549e-09,0.11157269775867462,0.007368221879005432,-4.996565383663665e-10,6.97999340618094e-12,4.3584434024523944e-05,-6.943502954280374e-19,0.9809144139289856,5.376687983726924e-10,-0.009325672872364521,5.281219211950017e-11,0,0,0,0,1,0,0,0,1,0,18
0.03562595322728157,-3.8125800294608325e-09,0.009175652638077736,-1.8068646578939251e-10,0.04799659550189972,-1.8971375581600114e-09,0.11085603386163712,0.006937615107744932,-4.704562295287928e-10,6.5721664221918275e-12,4.103786704945378e-05,6.942979245555051e-19,0.971478283405304,7.261516388190614e-10,-0.00973448995500803,1.7609645686089692e-10,0,0,0,0,1,0,0,0,1,0,0
0.044012077152729034,-4.949944898413605e-09,0.010067443363368511,-1.1342506101019723e-10,0.05697008594870567,8.607841664343141e-06,0.1311701536178589,0.013979240320622921,2.8261345505598e-05,2.9498571052499756e-07,6.801380095566856e-06,3.461976234575559e-07,0.961243748664856,8.399069217901456e-10,-0.010619443841278553,5.6861265695928864e-11,0,0,0,0,1,0,0,0,1,0,0
0.05450951308012009,4.808422318092198e-07,0.010675542056560516,2.4294122340506874e-06,0.07080921530723572,3.6515091778710485e-05,0.13716332614421844,0.013768777251243591,2.7764777769334614e-05,2.857949539247784e-07,7.812065632606391e-06,3.571965123683185e-07,0.9503563046455383,1.698946476835772e-07,-0.010805971920490265,5.584651034951094e-07,0,0,0,0,1,0,0,0,1,0,16
0.06536358594894409,6.930818017281126e-06,0.011177098378539085,9.557475095789414e-06,0.08391163498163223,6.22066218056716e-05,0.12681378424167633,0.012483199127018452,2.3784201403032057e-05,-6.248117045970503e-08,4.532761886366643e-05,4.119450238704303e-07,0.9392877221107483,1.3453416158881737e-06,-0.011376773938536644,1.6534935411982588e-06,0,0,0,0,1,0,0,0,1,0,13
0.0769418478012085,2.074667099805083e-05,0.011883500963449478,1.7113512512878515e-05,0.0960121899843216,8.502367563778535e-05,0.11762649565935135,0.011764262802898884,2.2038515453459695e-05,-3.0787194305048615e-07,6.958852463867515e-05,0.0,0.9275738596916199,3.615592959249625e-06,-0.011977027170360088,2.6572492970444728e-06,0,0,0,0,1,0,0,0,1,0,18
0.08917530626058578,3.968889359384775e-05,0.012501724064350128,2.0570112610585056e-05,0.10744781047105789,0.00010644652502378449,0.11083138734102249,0.011155085638165474,2.089731424348429e-05,-2.919397843470506e-07,6.598739855689928e-05,-4.5544016285094593e-14,0.9152939915657043,6.473836492659757e-06,-0.012507859617471695,3.06872743749409e-06,0,0,0,0,1,0,0,0,1,0,16
0.10195155441761017,6.341048720059916e-05,0.012981190346181393,2.6507212169235572e-05,0.11825701594352722,0.00012669585703406483,0.10950829833745956,0.010532745160162449,1.973145299416501e-05,-2.756500236955617e-07,6.230543658602983e-05,-4.5536491244391186e-14,0.9025512933731079,9.834679076448083e-06,-0.01291878055781126,3.5945320178143447e-06,0,0,0,0,1,0,0,0,1,0,13
0.11511769890785217,-0.0007768557989038527,0.013238980434834957,2.3847420379752293e-05,0.1284588873386383,0.00014580745482817292,0.11070507764816284,0.009936044923961163,1.861363125499338e-05,-2.6002629738286487e-07,5.877396324649453e-05,-2.276484054974763e-14,0.8894527554512024,1.3662612218467984e-05,-0.013232932426035404,4.023541805509012e-06,0,0,0,0,1,0,0,0,1,0,18
0.12835673987865448,-0.0022525095846503973,0.013239067979156971,1.1924494174309075e-05,0.13996779918670654,7.986728451214731e-05,0.13554465770721436,0.015576904639601707,-0.00025980593636631966,-6.148678011186348e-08,1.0348776413593441e-05,-7.976236702234019e-07,0.8760826587677002,1.7983913494390436e-05,-0.013472052291035652,4.5591359594254754e-06,0,0,0,0,1,0,0,0,1,0,18
0.14159919321537018,-0.002246808959171176,0.013272990472614765,3.3491965041321237e-06,0.1554371565580368,-0.00017812152509577572,0.15394514799118042,0.015381600707769394,-0.0002565171744208783,-6.148678011186348e-08,1.0348776413593441e-05,-7.976236702234019e-07,0.8625065684318542,2.1798159650643356e-05,-0.013653671368956566,-5.615368081635097e-07,0,0,0,0,1,0,0,0,1,0,18
0.15503834187984467,-0.0021965401247143745,0.013562160544097424,0.0001068623605533503,0.1703948825597763,-0.00042700974154286087,0.12457417696714401,0.014177164062857628,-0.00023464135301765054,1.2886821423307993e-06,4.0134709706762806e-05,-1.9326937490404816e-06,0.8487749099731445,6.712682989018504e-06,-0.013789709657430649,-2.6973932108376175e-05,0,0,0,0,1,0,0,0,1,0,5
0.16872265934944153,-0.002007445553317666,0.013774107210338116,0.00025425374042242765,0.18414990603923798,-0.0006542179617099464,0.10569604486227036,0.013359046541154385,-0.0002202734031016007,2.1933656171313487e-06,5.9885824157390743e-05,-1.4173904219205724e-06,0.8349266648292542,-3.396569809410721e-05,-0.013892089948058128,-5.193320976104587e-05,0,0,0,0,1,0,0,0,1,0,18
0.18258808553218842,-0.0017254763515666127,0.013934514485299587,0.0002651283866725862,0.19706511497497559,-0.000866975518874824,0.11271211504936218,0.012607406824827194,-0.00020768694230355322,2.9011753213126212e-06,7.457199535565451e-05,-3.6450600567408675e-13,0.8209908604621887,-8.818738569971174e-05,-0.01396852359175682,-5.3991698223399e-05,0,0,0,0,1,0,0,0,1,0,5
0.19659268856048584,-0.0014964373549446464,0.014056352898478508,0.00020037427020724863,0.20929299294948578,-0.0010684099979698658,0.11237738281488419,0.01191899087280035,-0.00019634637283161283,2.7429748570284573e-06,7.050560816423967e-05,0.0,0.8069896697998047,-0.0001418686588294804,-0.014026024378836155,-5.341669748304412e-05,0,0,0,0,1,0,0,0,1,0,5
0.21068301796913147,-0.0013308918569236994,0.014121788553893566,0.0001384736824547872,0.2208404690027237,-0.001258636126294732,0.11105412989854813,0.01125037856400013,-0.00018533198453951627,2.589079713288811e-06,6.654989556409419e-05,3.643616712598746e-13,0.7929392457008362,-0.000195108717889525,-0.014068800024688244,-5.334473098628223e-05,0,0,0,0,1,0,0,0,1,0,5
0.22475780546665192,-0.0012305850395932794,0.014120860956609249,7.552142778877169e-05,0.23229549825191498,-0.0014183884486556053,0.12036360800266266,0.016202356666326523,2.2605232516070828e-05,9.56734311330365e-07,8.319316293636803e-06,-1.1234531029913342e-06,0.7788521647453308,-0.00024870585184544325,-0.014100355096161366,-5.379858339438215e-05,0,0,0,0,1,0,0,0,1,0,0
0.23847457766532898,-0.0011905782157555223,0.013386151753365993,1.1931623703276273e-05,0.24814927577972412,-0.0013970057480037212,0.16152344644069672,0.01575382985174656,2.121840589097701e-05,8.988106401375262e-07,1.2283413525437936e-05,-9.631056627767975e-07,0.7647378444671631,-0.00030261834035627544,-0.014124898239970207,-5.300539851305075e-05,0,0,0,0,1,0,0,0,1,0,13
0.2517869472503662,0.0003574008005671203,0.013312527909874916,3.7955896914354526e-06,0.2637271285057068,-0.001376176136545837,0.1026705950498581,0.015166601166129112,1.9347617126186378e-05,7.958791456985637e-07,1.912770494527649e-05,-7.111343052201846e-07,0.7506029009819031,-0.00034915507421828806,-0.014142429456114769,-4.1237093682866544e-05,0,0,0,0,1,0,0,0,1,0,16
0.2650994062423706,0.0010159234516322613,0.013312522321939468,1.4232747389542055e-06,0.2791767418384552,-0.0011858047218993306,0.17040659487247467,0.01579306088387966,0.0002640741877257824,4.049072686029831e-07,-7.755484716653882e-07,1.8019230196841818e-07,0.7364528775215149,-0.0003839008859358728,-0.014155752956867218,-2.942979335784912e-05,0,0,0,0,1,0,0,0,1,0,18
0.2784578502178192,0.0010097932536154985,0.013462585397064686,-2.7134015908814035e-05,0.2948586642742157,-0.000923589919693768,0.15044571459293365,0.01559169590473175,0.0002607142087072134,4.049072686029831e-07,-7.755484716653882e-07,1.8019230196841818e-07,0.722291886806488,-0.0004013889702036977,-0.01416557002812624,-4.008697487734025e-06,0,0,0,0,1,0,0,0,1,0,16
0.29205870628356934,0.0009153395658358932,0.013702932745218277,-0.00015613867435604334,0.30970314145088196,-0.0006761965341866016,0.13442237675189972,0.014072553254663944,0.00023360732302535325,-9.807495189306792e-07,3.102211849181913e-05,1.9044975942961173e-06,0.7081226110458374,-0.0003882000164594501,-0.01417258195579052,2.726457933022175e-05,0,0,0,0,1,0,0,0,1,0,5
0.30586257576942444,0.0006877842824906111,0.01387876644730568,-0.00027296083862893283,0.3235870599746704,-0.00044584099669009447,0.10671132802963257,0.01351984590291977,0.0002240045287180692,-1.4114693840383552e-06,4.085476030013524e-05,1.926705181176658e-06,0.6939473152160645,-0.0003456277190707624,-0.014177490957081318,4.9039259465644136e-05,0,0,0,0,1,0,0,0,1,0,6
0.31981927156448364,0.00044273078674450517,0.014014454558491707,-0.000217033812077716,0.33652642369270325,-0.00023190121282823384,0.10754521191120148,0.012635868974030018,0.00020887529535684735,-2.918175596278161e-06,7.47506128391251e-05,7.290187334016429e-13,0.6797674298286438,-0.00029683165485039353,-0.014181697741150856,4.85963246319443e-05,0,0,0,0,0,1,0,0,1,0,7
0.33290791511535645,0.0014051945181563497,0.013691924512386322,0.0001573671615915373,0.3487841486930847,-2.92763470497448e-05,0.11276646703481674,0.011951500549912453,0.00019756243273150176,-2.7599262466537766e-06,7.069695857353508e-05,3.644342314902682e-13,0.6655840873718262,-0.00024848058819770813,-0.014184502884745598,4.8149820941034704e-05,0,0,0,0,0,0,1,0,1,0,7
0.34593749046325684,0.002101479098200798,0.013037989847362041,0.00033551317756064236,0.3621079623699188,0.002084839390590787,0.15035368502140045,0.014260595664381981,0.0033693970181047916,3.620147708716104e-06,1.611021980352234e-05,1.747985152178444e-05,0.6513980031013489,-0.00019054050790145993,-0.01418730802834034,6.777510861866176e-05,0,0,0,0,0,0,1,0,1,0,6
0.3584507703781128,0.0033866961020976305,0.01239776611328125,0.001975612249225378,0.37627214193344116,0.0054312581196427345,0.13458320498466492,0.014085209928452969,0.003327837446704507,3.620147708716104e-06,1.611021980352234e-05,1.747985152178444e-05,0.6372103095054626,-0.00011074407666455954,-0.014188009314239025,8.963244181359187e-05,0,0,0,0,0,1,0,0,1,0,12
0.3703594207763672,0.005877646617591381,0.01176700834184885,0.002545603085309267,0.3895987868309021,0.008544614538550377,0.13146385550498962,0.01280040293931961,0.0029663981404155493,-2.142487392120529e-05,4.942755549564026e-05,2.4914352252380922e-05,0.6230247616767883,7.890503184171394e-05,-0.014176088385283947,0.0004047720867674798,0,0,0,0,0,1,0,0,1,0,6
0.38241034746170044,0.008461249060928822,0.012269089929759502,0.002599917585030198,0.4020722508430481,0.011427126824855804,0.11832619458436966,0.012131653726100922,0.0027967714704573154,-3.9069855120033026e-05,7.176125654950738e-05,5.831256484623015e-12,0.6088821887969971,0.0008176797418855131,-0.014105264097452164,0.0010115972254425287,0,0,0,0,0,1,0,0,1,0,18
0.3949115574359894,0.011056952178478241,0.01267615519464016,0.0025878041051328182,0.41386523842811584,0.014145825058221817,0.11485912650823593,0.011504106223583221,0.0026521000545471907,-3.704991831909865e-05,6.805115845054388e-05,-5.8301983033026694e-12,0.5948437452316284,0.0021591156255453825,-0.013979041948914528,0.0015941408928483725,0,0,0,0,0,1,0,0,1,0,18
0.40775424242019653,0.01365670282393694,0.012956647202372551,0.0026292065158486366,0.42501842975616455,0.016717027872800827,0.11186166107654572,0.010865478776395321,0.002504873787984252,-3.499157537589781e-05,6.427051994251087e-05,5.829178285898795e-12,0.5809290409088135,0.003972755279392004,-0.01385807991027832,0.001992712961509824,0,0,0,0,0,1,0,0,1,0,5
0.42075860500335693,0.01640894263982773,0.013046481646597385,0.0026754559949040413,0.43554919958114624,0.019144730642437935,0.11103268712759018,0.010258495807647705,0.002364944200962782,-3.3037813409464434e-05,6.068191578378901e-05,0.0,0.5671500563621521,0.006182910408824682,-0.013710119761526585,0.0023874298203736544,0,0,0,0,1,0,0,0,1,0,6
0.43296945095062256,0.019389864057302475,0.011752858757972717,0.002090073423460126,0.44548606872558594,0.021435527130961418,0.10831204056739807,0.0096793407574296,0.0022314286325126886,-3.11732292175293e-05,5.7257155276602134e-05,-2.9137202633283676e-12,0.5535699129104614,0.008860506117343903,-0.013441548682749271,0.00296482490375638,0,0,0,0,0,1,0,0,1,0,10
0.443532258272171,0.02143041417002678,0.009226448833942413,0.0013418174348771572,0.47854480147361755,0.021747799590229988,0.27496910095214844,0.05609467625617981,-0.0016269118059426546,6.994298473728122e-06,2.4088203645078465e-05,0.0010872607817873359,0.5403289794921875,0.012180290184915066,-0.01306568831205368,0.0036074784584343433,0,0,0,0,0,1,0,0,1,0,5
0.45175856351852417,0.02265666425228119,0.0073944819159805775,0.0011787317926064134,0.5332866907119751,0.019968796521425247,0.4796254634857178,0.05366077274084091,-0.0018987932708114386,6.994298473728122e-06,2.4088203645078465e-05,0.0010872607817873359,0.5276275873184204,0.016040684655308723,-0.011990350671112537,0.003769637318328023,0,0,0,0,1,0,0,0,1,0,5
