lt_dp_posx,lt_dp_posy,lt_dp_velx,lt_dp_vely,ball_posx,ball_posy,ball_posz,ball_vel_x,ball_vel_y,ball_rot_x,ball_rot_y,ball_rot_z,rt_gk_posx,rt_gk_posy,rt_gk_velx,rt_gk_vely,action_left,action_top_left,action_top,action_top_right,action_right,action_bottom_right,action_bottom,action_bottom_left,action_sprint,action_dribble,sel_action
-1.0110293626785278,-0.0,0.0,-0.0,0.019999999552965164,-0.0,0.11061639338731766,-0.0,0.0,0.0,-0.0,0.0,1.0110293626785278,0.0,-0.0,0.0,0,0,0,0,0,0,0,0,0,0,5
0.0,-0.0,0.0,-0.0,0.019999999552965164,-0.0,0.11059734225273132,-0.0,0.0,0.0,-0.0,0.0,1.0110293626785278,0.0,-0.0,0.0,0,0,0,0,1,0,0,0,0,0,5
0.00015050964429974556,2.3460271919573117e-11,0.0013189289020374417,1.1476692859946347e-11,0.019999999552965164,-0.0,0.10930104553699493,-0.0,0.0,0.0,-0.0,0.0,1.010373830795288,-5.178543011075121e-11,-0.0026071772444993258,-1.9923605820704182e-10,0,0,0,0,1,0,0,0,0,0,5
0.003169773379340768,-1.4493864441966764e-10,0.00444171903654933,-1.5154891230828582e-10,0.019999999552965164,-0.0,0.11075475811958313,-0.0,0.0,0.0,-0.0,0.0,1.0064098834991455,-2.8306179622461514e-10,-0.0046870289370417595,-2.1158365337559104e-10,0,0,0,0,1,0,0,0,0,0,13
0.006755396723747253,-1.957444650813045e-09,0.006048675626516342,-3.87537057999765e-10,0.019999999552965164,-0.0,0.11053141206502914,0.00913205649703741,-6.147181652593758e-10,-9.637430827338922e-13,-9.290210982726421e-06,-1.3573547125687868e-13,1.0008678436279297,-4.217382554294602e-10,-0.006225530058145523,-5.989382600990467e-11,0,0,0,0,1,0,0,0,1,0,18
0.013472573831677437,-2.375027507994787e-09,0.0075225005857646465,-1.680195566011733e-10,0.02855907380580902,-5.773715394674639e-10,0.11543484032154083,0.008211899548768997,-5.546685333257528e-10,2.7993885421545572e-12,1.5690209693275392e-05,-3.075214995845732e-12,0.9938530325889587,7.280292341205197e-11,-0.007639211602509022,5.5665033693586e-10,0,0,0,0,1,0,0,0,1,0,0
0.021728597581386566,-2.5135953318766724e-09,0.008830077946186066,-1.81885340122534e-10,0.036379411816596985,-1.1061840332615702e-09,0.11138299852609634,0.007620302028954029,-5.153768523058488e-10,7.19994723563655e-12,4.507770063355565e-05,0.0,0.9855127334594727,4.598745551032124e-10,-0.008886702358722687,2.3003481064431952e-10,0,0,0,0,1,0,0,0,1,0,0
0.030881790444254875,-2.922456943110774e-09,0.009742077440023422,-2.5578592022235114e-10,0.04376407340168953,-1.6056237450712274e-09,0.11308421939611435,0.007194009609520435,-4.865457481351143e-10,6.796908955802872e-12,4.255434760125354e-05,0.0,0.9762466549873352,8.702580323038944e-10,-0.009335489943623543,8.218242752988658e-10,0,0,0,0,1,0,0,0,1,0,5
0.03869873657822609,-4.3936441151970484e-09,0.009488419629633427,-1.4568914130652644e-10,0.05072854459285736,-2.0766453001641594e-09,0.111333929002285,0.006776058580726385,-4.582789148166455e-10,6.401970099878529e-12,4.008169344160706e-05,6.942791578953578e-19,0.9664705991744995,1.5447556567238507e-09,-0.010197303257882595,5.348959053463886e-10,0,0,0,0,1,0,0,0,1,0,16
0.04813002794981003,-4.973140121933284e-09,0.010424151085317135,-8.550311153543433e-11,0.06252732127904892,1.980778506549541e-05,0.14545723795890808,0.013862470164895058,2.7951717129326425e-05,2.8575809096764715e-07,7.840256330382545e-06,3.5737642178901297e-07,0.9558171629905701,1.8693755432508397e-09,-0.011003718711435795,1.5319165380667243e-10,0,0,0,0,1,0,0,0,1,0,0
0.05878075584769249,2.2622389224125072e-06,0.010675542056560516,5.668308858730597e-06,0.07626029849052429,4.7447425458813086e-05,0.11189621686935425,0.013442620635032654,2.6799771148944274e-05,2.3780512492521666e-07,1.3059423508821055e-05,4.052058670822589e-07,0.9449081420898438,3.006778683811717e-07,-0.011030365712940693,5.483648237714078e-07,0,0,0,0,1,0,0,0,1,0,0
0.06991150975227356,1.1484563401609194e-05,0.011478189378976822,1.2574428183143027e-05,0.0888451412320137,7.155003549996763e-05,0.12182088941335678,0.0122311906889081,2.3126820451579988e-05,-1.318102818004263e-07,5.257704833638854e-05,3.361167273396859e-07,0.9335045218467712,1.1546152336450177e-06,-0.011688821017742157,1.1050439070459106e-06,0,0,0,0,1,0,0,0,1,0,18
0.08176156133413315,2.7965594199486077e-05,0.01214584894478321,1.8356662621954456e-05,0.10066431760787964,9.372463682666421e-05,0.11328858882188797,0.01153589691966772,2.1608733732136898e-05,-3.0188436994649237e-07,6.824140291428193e-05,9.109768196952431e-14,0.9214994311332703,2.509119440219365e-06,-0.012258922681212425,1.610383492334222e-06,0,0,0,0,1,0,0,0,1,0,16
0.09422973543405533,4.844388604396954e-05,0.012709463015198708,2.275824772368651e-05,0.11184936761856079,0.00011467617878224701,0.11222801357507706,0.010902130044996738,2.0421579392859712e-05,-2.852877685199928e-07,6.448969361372292e-05,4.5540902591980487e-14,0.908973217010498,4.690676178142894e-06,-0.01272664312273264,2.6932739274343476e-06,0,0,0,0,1,0,0,0,1,0,13
0.10718514025211334,7.4634728662204e-05,0.013138792477548122,2.9030972655164078e-05,0.12241337448358536,0.00013446439697872847,0.11061704903841019,0.010290587320923805,1.9276052626082674e-05,-2.6928015017801954e-07,6.087116707931273e-05,0.0,0.896040678024292,7.979222573339939e-06,-0.01308637484908104,3.650950247902074e-06,0,0,0,0,1,0,0,0,1,0,0
0.12041448801755905,-0.0015572878764942288,0.013238980434834957,1.9075911040999927e-05,0.1323803961277008,0.00015313435869757086,0.11057812720537186,0.00970765296369791,1.8184113287134096e-05,-2.5402917458450247e-07,5.742365829064511e-05,0.0,0.8827971816062927,1.1923766578547657e-05,-0.013360556215047836,4.21926188209909e-06,0,0,0,0,1,0,0,0,1,0,16
0.13365352153778076,-0.0022489482071250677,0.013239067979156971,7.15291389496997e-06,0.14618335664272308,-2.3735496142762713e-05,0.15490058064460754,0.015498308464884758,-0.0002584803442005068,-6.146940023654679e-08,1.0350106094847433e-05,-7.976349252203363e-07,0.8693169951438904,1.6471305571030825e-05,-0.013568822294473648,4.8086631068144925e-06,0,0,0,0,1,0,0,0,1,0,16
0.14694152772426605,-0.002239745343104005,0.013399124145507812,2.953495641122572e-05,0.16157445311546326,-0.00028042044141329825,0.1334289014339447,0.015303518623113632,-0.0002552282530814409,-6.146940023654679e-08,1.0350106094847433e-05,-7.976349252203363e-07,0.8556575179100037,1.3870643670088612e-05,-0.013726599514484406,-1.3468848919728771e-05,0,0,0,0,1,0,0,0,1,0,13
0.16048797965049744,-0.002138615818694234,0.013655073940753937,0.00016761846200097352,0.17598877847194672,-0.0005194549448788166,0.1294790357351303,0.013877257704734802,-0.0002293538418598473,1.575376586515631e-06,4.642819840228185e-05,-1.8863893274101429e-06,0.8418633937835693,-1.3708498954656534e-05,-0.013844406232237816,-3.871046283165924e-05,0,0,0,0,1,0,0,0,1,0,13
0.1742507666349411,-0.0018932271050289273,0.013842477463185787,0.0002950109192170203,0.1893971711397171,-0.0007406179211102426,0.11955047398805618,0.013011065311729908,-0.00021434167865663767,2.9943334993731696e-06,7.696470856899396e-05,0.0,0.827968180179596,-6.351334013743326e-05,-0.013932760804891586,-5.352419975679368e-05,0,0,0,0,1,0,0,0,1,0,16
0.18817661702632904,-0.0016261015553027391,0.013987807556986809,0.00023852908634580672,0.20204278826713562,-0.0009489389485679567,0.11305272579193115,0.0123354597017169,-0.00020321195188444108,2.8389185899868608e-06,7.296999683603644e-05,-3.6447586485369166e-13,0.8139973282814026,-0.00011704602366080508,-0.013998677022755146,-5.352820880943909e-05,0,0,0,0,1,0,0,0,1,0,0
0.20222631096839905,-0.0014224725309759378,0.014095447026193142,0.0001758158759912476,0.21399495005607605,-0.0011458364315330982,0.11263197660446167,0.011644318699836731,-0.00019182628602720797,2.6797520149557386e-06,6.88788277329877e-05,0.0,0.7999699115753174,-0.0001705448521533981,-0.014048464596271515,-5.346638135961257e-05,0,0,0,0,1,0,0,0,1,0,5
0.21631461381912231,-0.0012832327047362924,0.014121787622570992,0.00011329163680784404,0.22527851164340973,-0.0013317198026925325,0.10997515171766281,0.010991089046001434,-0.00018106513016391546,2.5294766601291485e-06,6.50162182864733e-05,3.643358943532238e-13,0.7859002947807312,-0.00022412333055399358,-0.01408492773771286,-5.36671286681667e-05,0,0,0,0,1,0,0,0,1,0,16
0.2303355634212494,-0.0012068914948031306,0.013827050104737282,4.929860369884409e-05,0.23866933584213257,-0.0014097949024289846,0.14891332387924194,0.015875935554504395,2.139749631169252e-05,8.98818484529329e-07,1.2283048818062525e-05,-9.630675776861608e-07,0.7717990279197693,-0.0002778855268843472,-0.014112977311015129,-5.383557072491385e-05,0,0,0,0,1,0,0,0,1,0,5
0.24380238354206085,-0.0007223005522973835,0.013312505558133125,5.2185432650730945e-06,0.25443336367607117,-0.0013885481748729944,0.14991557598114014,0.015672583132982254,2.1144716811249964e-05,8.98818484529329e-07,1.2283048818062525e-05,-9.630675776861608e-07,0.7576742172241211,-0.0003293100162409246,-0.014133312739431858,-4.6860677684890106e-05,0,0,0,0,1,0,0,0,1,0,16
0.2571147382259369,0.0010147127322852612,0.013312675058841705,2.8463357466534944e-06,0.26967301964759827,-0.0013447680976241827,0.13528913259506226,0.015916738659143448,0.0002661653852555901,4.0488751551492896e-07,-7.756295303806837e-07,1.802452374022323e-07,0.7435317039489746,-0.00036970924702472985,-0.014148740097880363,-3.5106626455672085e-05,0,0,0,0,1,0,0,0,1,0,18
0.27042728662490845,0.001016254536807537,0.013312522321939468,4.7412785875167174e-07,0.28547656536102295,-0.0010805154452100396,0.17414537072181702,0.015711912885308266,0.0002627134963404387,4.0488751551492896e-07,-7.756295303806837e-07,1.802452374022323e-07,0.7293760776519775,-0.00039773000753484666,-0.014160661026835442,-1.92841707757907e-05,0,0,0,0,1,0,0,0,1,0,16
0.28387242555618286,0.0009880263824015856,0.013567769899964333,-7.276347605511546e-05,0.30106449127197266,-0.0008198792929761112,0.11521957814693451,0.015382506884634495,0.0002570876677054912,3.1557920010527596e-07,1.2763357517542318e-06,3.595498867525748e-07,0.7152105569839478,-0.00039942277362570167,-0.014169075526297092,1.2706092093139887e-05,0,0,0,0,1,0,0,0,1,0,16
0.29756221175193787,0.0008394189644604921,0.013779542408883572,-0.0002096269017783925,0.3153144121170044,-0.0005831037415191531,0.13555510342121124,0.013996833004057407,0.00023232428065966815,-9.924923460857826e-07,3.129063406959176e-05,1.908558260765858e-06,0.7010380625724792,-0.00036910735070705414,-0.014175387099385262,4.4726879423251376e-05,0,0,0,0,1,0,0,0,1,0,7
0.3114319145679474,0.0005826419219374657,0.01393801998347044,-0.0002551717043388635,0.3288481533527374,-0.00035887639387510717,0.12166450917720795,0.013023816049098969,0.000215336331166327,-2.623291493364377e-06,6.837336695753038e-05,7.766657290630974e-07,0.6868603825569153,-0.0003186457615811378,-0.014179594814777374,5.0351354730082676e-05,0,0,0,0,0,0,1,0,1,0,6
0.32512590289115906,0.000748240971006453,0.013893191702663898,-0.00021515393746085465,0.3415127992630005,-0.00014952105993870646,0.11578289419412613,0.01236000843346119,0.00020431532175280154,-2.854287458831095e-06,7.311404624488205e-05,-7.289570965081371e-13,0.6726786494255066,-0.00026883475948125124,-0.014183100312948227,4.936834011459723e-05,0,0,0,0,0,1,0,0,1,0,6
0.33804818987846375,0.0018876686226576567,0.013500723987817764,0.00016552131273783743,0.35349950194358826,4.8623525799484923e-05,0.1115843802690506,0.01477891206741333,0.0035128258168697357,8.69074028742034e-06,9.262132152798586e-06,1.032600448525045e-05,0.6584938168525696,-0.00021807274606544524,-0.014185905456542969,5.612555469269864e-05,0,0,0,0,0,1,0,0,1,0,12
0.35100752115249634,0.002410708460956812,0.012463681399822235,0.001044063363224268,0.3677975833415985,0.0034283900167793036,0.15605109930038452,0.014190609566867352,0.0033525952603667974,3.61997126674396e-06,1.6110474462038837e-05,1.7480060705565847e-05,0.6443067789077759,-0.0001518416393082589,-0.014188009314239025,7.44994540582411e-05,0,0,0,0,0,1,0,0,1,0,7
0.36328646540641785,0.004346384201198816,0.01192864216864109,0.0025816296692937613,0.3818199932575226,0.006737987045198679,0.10035070776939392,0.013621392659842968,0.0031997961923480034,-1.9192093532183208e-06,2.351727380300872e-05,2.286588460265193e-05,0.6301184296607971,-6.723596743540838e-05,-0.014189411886036396,9.287458669859916e-05,0,0,0,0,0,0,1,0,1,0,12
0.3751225471496582,0.006904807407408953,0.011979131028056145,0.002579298336058855,0.39467746019363403,0.009719762951135635,0.12494634836912155,0.012613399885594845,0.002918323501944542,-2.458780181768816e-05,5.3560477681457996e-05,2.2445752620114945e-05,0.6159451603889465,0.000355522584868595,-0.01415084395557642,0.0006924245390109718,0,0,0,0,0,0,1,0,1,0,6
0.38736504316329956,0.009501149877905846,0.012444047257304192,0.0025987625122070312,0.40686964988708496,0.012532435357570648,0.1146312803030014,0.011897892691195011,0.002742885611951351,-3.831963113043457e-05,7.038319745333865e-05,-5.830856630861803e-12,0.6018432378768921,0.0013764625182375312,-0.014052671380341053,0.0012891028309240937,0,0,0,0,0,1,0,0,1,0,5
0.40001875162124634,0.012090283446013927,0.012807635590434074,0.002586021553725004,0.4184061884880066,0.015192018821835518,0.11210114508867264,0.011245314963161945,0.0025924420915544033,-3.621467112679966e-05,6.651695002801716e-05,-1.7489332898579235e-11,0.5878605842590332,0.002950710942968726,-0.01393100805580616,0.001764564891345799,0,0,0,0,1,0,0,0,1,0,18
0.41296082735061646,0.014716051518917084,0.013039743527770042,0.0026598928961902857,0.42930683493614197,0.017704986035823822,0.10899712890386581,0.010622164234519005,0.0024487837217748165,-3.42100283887703e-05,6.283494440140203e-05,-1.7486418563139594e-11,0.5740000605583191,0.004932379350066185,-0.013799176551401615,0.002158739836886525,0,0,0,0,1,0,0,0,1,0,14
0.4258178472518921,0.017650216817855835,0.012757517397403717,0.002616296987980604,0.4395962059497833,0.020077040418982506,0.11143915355205536,0.010021929629147053,0.0023104087449610233,-3.227590786991641e-05,5.928246901021339e-05,-2.913961173051094e-12,0.5602889060974121,0.007314008194953203,-0.013617908582091331,0.00260203517973423,0,0,0,0,0,0,0,0,1,0,6
0.43750816583633423,0.02038504183292389,0.011347855441272259,0.0019419289892539382,0.4493052363395691,0.022315317764878273,0.10863298177719116,0.009457883425056934,0.002180376322939992,-3.045999983442016e-05,5.594711910816841e-05,0.0,0.5468470454216003,0.010272304527461529,-0.013286576606333256,0.003247405169531703,0,0,0,0,0,1,0,0,1,0,15
0.4469299018383026,0.02191348373889923,0.00835481844842434,0.0012645310489460826,0.5045745372772217,0.022045692428946495,0.25464361906051636,0.05919492244720459,-0.0008169776410795748,9.128815690928604e-06,3.4826774935936555e-05,0.002091747708618641,0.5337762236595154,0.013866567052900791,-0.012883368879556656,0.0038751575630158186,0,0,0,0,0,1,0,0,0,0,18
0.4547192454338074,0.023128144443035126,0.0073944819159805775,0.0011787459952756763,0.5622298121452332,0.020871544256806374,0.23961412906646729,0.05641946941614151,-0.0014564807061105967,9.128815690928604e-06,3.4826774935936555e-05,0.002091747708618641,0.5220376253128052,0.01758897677063942,-0.010253050364553928,0.0033868271857500076,0,0,0,0,0,1,0,0,0,0,16
0.46169203519821167,0.023818233981728554,0.006643814034759998,0.0005494464421644807,0.6160199046134949,0.019130302593111992,0.1341395527124405,0.04797463119029999,-0.0018438672414049506,1.0849186764971819e-05,5.758513361797668e-05,0.0019120422657579184,0.5144163370132446,0.02043168433010578,-0.005224522203207016,0.0023511892650276423,0,0,0,0,0,1,0,0,0,0,13
0.467898964881897,0.02432660385966301,0.006456585600972176,0.0005008501466363668,0.6628891229629517,0.017057154327630997,0.1311740279197693,0.046032510697841644,-0.002255046274513006,1.0877411114051938e-05,5.7938006648328155e-05,0.0019089436391368508,0.5120962262153625,0.02262863516807556,-0.0004456323804333806,0.0026702596805989742,0,0,0,0,0,1,0,0,1,0,2
0.47521406412124634,0.024701518937945366,0.007989827543497086,0.0002223338815383613,0.7043492197990417,0.014810020104050636,0.10275842249393463,0.038442663848400116,-0.002233446342870593,1.5622810678905807e-05,9.830980707192793e-05,0.0014929318567737937,0.5145580172538757,0.025059103965759277,0.004430378321558237,0.0018657109467312694,0,1,0,0,0,0,0,0,1,0,16
0.48395851254463196,0.02463550865650177,0.009321233257651329,-0.0003345723089296371,0.7393348217010498,0.012677295133471489,0.10828393697738647,0.032831933349370956,-0.0020563171710819006,2.4272001610370353e-05,0.0001626021694391966,0.0005867792060598731,0.5202484726905823,0.026253337040543556,0.006496555637568235,0.0007479384657926857,0,1,0,0,0,0,0,0,1,0,12
0.49347636103630066,0.024206988513469696,0.009741758927702904,-0.00046252249740064144,0.7702210545539856,0.010725047439336777,0.10919171571731567,0.029482608661055565,-0.0018663463415578008,2.6070731109939516e-05,0.00017438623763155192,1.176635004707105e-11,0.5275738835334778,0.026810873299837112,0.007951960898935795,0.0003694632323458791,0,1,0,0,0,0,0,0,1,0,9
0.5037522912025452,0.02371014654636383,0.010671489872038364,-0.0005407133139669895,0.7982075214385986,0.008953407406806946,0.10941184312105179,0.02682916633784771,-0.0016983746318146586,2.372472772549372e-05,0.00015869383059907705,5.8723698646845346e-12,0.536381185054779,0.026798242703080177,0.009251539595425129,-0.0002642290201038122,0,1,0,0,0,0,0,0,1,0,12
0.5149015784263611,0.023145241662859917,0.011510261334478855,-0.0005929998005740345,0.8237650394439697,0.007335533853620291,0.10956061631441116,0.024568986147642136,-0.0015552978729829192,2.17263113881927e-05,0.00014532658678945154,0.0,0.5459644198417664,0.026301732286810875,0.009626398794353008,-0.0005550392670556903,0,1,0,0,0,0,0,0,1,0,3
0.5268111228942871,0.022534074261784554,0.012200367636978626,-0.0006448626518249512,0.8472381830215454,0.005849604960530996,0.10966763645410538,0.022617753595113754,-0.0014317786553874612,2.00010235857917e-05,0.00013378611765801907,5.857364072936466e-12,0.5562275648117065,0.02569604106247425,0.010528779588639736,-0.0006481478339992464,0,0,1,0,0,0,0,0,1,0,11
0.5393227934837341,0.02187228389084339,0.012739181518554688,-0.0006925290799699724,0.8689002990722656,0.004478318151086569,0.10974588245153427,0.02091354876756668,-0.0013238966930657625,1.8494098185328767e-05,0.00012370636977721006,-5.8520328340139205e-12,0.5673226118087769,0.024999523535370827,0.01140192523598671,-0.0007308998028747737,0,0,1,0,0,0,0,0,1,0,1
0.5523033142089844,0.021183215081691742,0.013149809092283249,-0.0007127808639779687,0.8889719247817993,0.003207721747457981,0.1098039448261261,0.019409852102398872,-0.0012287077261134982,1.7164451492135413e-05,0.00011481241381261498,-5.847682147536171e-12,0.5791923403739929,0.024245597422122955,0.01204819604754448,-0.0007832709816284478,1,0,0,0,0,0,0,0,1,0,18
0.5656296014785767,0.020463749766349792,0.013455616310238838,-0.0007399145397357643,0.9076330661773682,0.0020264077465981245,0.10984760522842407,0.018071100115776062,-0.001143960515037179,1.598064227437135e-05,0.00010689391638152301,-8.766128448134403e-12,0.5916106104850769,0.023441843688488007,0.012550033628940582,-0.0008326258976012468,1,0,0,0,0,0,0,0,1,0,0
0.5792177319526672,0.019725903868675232,0.013685807585716248,-0.0007504889508709311,0.9250330924987793,0.0009249347494915128,0.10988083481788635,0.016869593411684036,-0.0010679011465981603,1.4918166925781406e-05,9.97870447463356e-05,-8.761618167096863e-12,0.6044984459877014,0.022605877369642258,0.012995071709156036,-0.0008556637330912054,1,0,0,0,0,0,0,0,1,0,0
0.5930002331733704,0.018973879516124725,0.0138558866456151,-0.0007657599053345621,0.9412964582443237,-0.00010459808254381642,0.1099063977599144,0.015783481299877167,-0.000999146606773138,1.3957728697278071e-05,9.336273797089234e-05,0.0,0.6177100539207458,0.021745845675468445,0.013277310878038406,-0.000880810315720737,1,0,0,0,0,0,0,0,1,0,9
0.6069273352622986,0.01821037568151951,0.013981492258608341,-0.0007699005655013025,0.9565289616584778,-0.001068866578862071,0.1099262610077858,0.014795261435210705,-0.0009365890291519463,1.3083846170047764e-05,8.751737186685205e-05,-5.836380857771051e-12,0.6311719417572021,0.0208685714751482,0.013530442491173744,-0.0008891860488802195,1,0,0,0,0,0,0,0,1,0,18
0.6209614276885986,0.017441565170884132,0.014075235463678837,-0.0007802110631018877,0.9708203077316284,-0.0019735596142709255,0.10994181782007217,0.01389077678322792,-0.0008793323067948222,1.228400560648879e-05,8.216723654186353e-05,1.4586315011735906e-12,0.6448276042938232,0.019981974735856056,0.013683601282536983,-0.0009042008314281702,1,0,0,0,0,0,0,0,1,0,13
0.6350739598274231,0.016663555055856705,0.014143435284495354,-0.0007882314966991544,0.9842478632926941,-0.002823562128469348,0.1099541112780571,0.013058421202003956,-0.0008266415679827332,1.1547948815859854e-05,7.724377064732835e-05,-4.374692448572137e-12,0.6586092114448547,0.019082484766840935,0.013797604478895664,-0.0009163268841803074,1,0,0,0,0,0,0,0,1,0,18
0.6492442488670349,0.015884041786193848,0.014193108305335045,-0.0007872714195400476,0.9968780875205994,-0.0036230976693332195,0.10996387898921967,0.012288626283407211,-0.000777911045588553,1.0867205674003344e-05,7.269031630130485e-05,-4.37364771135873e-12,0.6725082397460938,0.01818331703543663,0.013905461877584457,-0.0009147621458396316,1,0,0,0,0,0,0,0,1,0,18
0.6634572744369507,0.015099606476724148,0.014230460859835148,-0.0007927920669317245,1.008769154548645,-0.004375839605927467,0.10997169464826584,0.011573378928005695,-0.0007326336344704032,1.0234701221634168e-05,6.845949974376708e-05,0.0,0.6864724159240723,0.017275724560022354,0.013963979668915272,-0.0009231974254362285,1,0,0,0,0,0,0,0,1,0,18
