lt_dp_posx,lt_dp_posy,lt_dp_velx,lt_dp_vely,ball_posx,ball_posy,ball_posz,ball_vel_x,ball_vel_y,ball_rot_x,ball_rot_y,ball_rot_z,rt_gk_posx,rt_gk_posy,rt_gk_velx,rt_gk_vely,action_left,action_top_left,action_top,action_top_right,action_right,action_bottom_right,action_bottom,action_bottom_left,action_sprint,action_dribble,sel_action
-1.0110293626785278,-0.0,0.0,-0.0,0.019999999552965164,-0.0,0.11061639338731766,-0.0,0.0,0.0,-0.0,0.0,1.0110293626785278,0.0,-0.0,0.0,0,0,0,0,0,0,0,0,0,0,5
0.0018559683812782168,1.0662123267612955e-10,0.003761105705052614,2.5890256952210144e-11,0.019999999552965164,-0.0,0.11059734225273132,-0.0,0.0,0.0,-0.0,0.0,1.0100501775741577,-7.52842926887709e-11,-0.003236181568354368,-2.3500312806845614e-10,0,0,0,0,1,0,0,0,0,0,5
0.0051171546801924706,-1.242467462247987e-09,0.005418804008513689,-3.8793526724312244e-10,0.019999999552965164,-0.0,0.10930104553699493,-0.0,0.0,0.0,-0.0,0.0,1.0059254169464111,-3.03329306117206e-10,-0.00484480569139123,-2.0300677805451528e-10,0,0,0,0,1,0,0,0,0,0,13
0.01054830476641655,-2.3025912287977235e-09,0.006952005438506603,-2.5532281844320437e-10,0.02523031085729599,-3.489464828199118e-10,0.12549664080142975,0.008509325794875622,-5.681495274245663e-10,1.393309187643077e-12,6.464730631705606e-06,-2.536100236066874e-12,1.0002306699752808,-4.2564624047614075e-10,-0.0063720871694386005,-4.037514766963568e-11,0,0,0,0,1,0,0,0,1,0,5
0.018270879983901978,-2.4190804914780983e-09,0.008328302763402462,-1.3449996671965891e-10,0.033316921442747116,-8.896623993059904e-10,0.11863715201616287,0.007778526283800602,-5.205739173064217e-10,7.272404900504625e-12,4.601274849846959e-05,1.3888061597817518e-18,0.9930757880210876,1.2588632913868025e-10,-0.0077724456787109375,5.289366167282594e-10,0,0,0,0,1,0,0,0,1,0,18
0.02727341093122959,-2.588391501134879e-09,0.009525544941425323,-1.5919726648050414e-10,0.04087549075484276,-1.395515591973151e-09,0.11335379630327225,0.00737207243219018,-4.933722874689295e-10,6.8924384429014385e-12,4.3608688429230824e-05,-2.083052333850184e-18,0.9846126437187195,4.795218111475208e-10,-0.00900100264698267,1.9315203603209596e-10,0,0,0,0,1,0,0,0,1,0,5
0.03563804179430008,-3.7349714432366454e-09,0.009175646118819714,-1.80685924555668e-10,0.04801342636346817,-1.873218913317487e-09,0.11261645704507828,0.006947118788957596,-4.649325091587997e-10,6.494982936894322e-12,4.109395740670152e-05,-6.942991136276357e-19,0.975313127040863,9.48560452407321e-10,-0.009335489943623543,7.792987921639849e-10,0,0,0,0,1,0,0,0,1,0,0
0.04403655603528023,-4.8316870504550025e-09,0.010067443363368511,-1.1342166095218431e-10,0.05699722468852997,8.607100426161196e-06,0.13116921484470367,0.013979158364236355,2.8258817110327072e-05,2.9494037789845606e-07,6.841984486527508e-06,3.464709550371481e-07,0.9654421806335449,1.5942568376559052e-09,-0.010284255258738995,5.008663483963005e-10,0,0,0,0,1,0,0,0,1,0,18
0.05453398823738098,4.808896960639686e-07,0.010675542056560516,2.4290582132380223e-06,0.07083629071712494,3.651183214969933e-05,0.13715597987174988,0.01376870647072792,2.7762265744968317e-05,2.8574416433002625e-07,7.852836461097468e-06,3.5746353432841715e-07,0.9547167420387268,1.3449954927580166e-08,-0.011003718711435795,1.1583296100070584e-07,0,0,0,0,1,0,0,0,1,0,0
0.06538805365562439,6.929925802978687e-06,0.011177010834217072,9.556082659401e-06,0.08393871784210205,6.220062641659752e-05,0.1268164962530136,0.01248345896601677,2.378194585617166e-05,-6.273511132803833e-08,4.537322820397094e-05,4.1170295617121155e-07,0.9437978863716125,7.503876986447722e-07,-0.011102592572569847,1.2824418718082597e-06,0,0,0,0,1,0,0,0,1,0,13
0.07696632295846939,2.0743769709952176e-05,0.011883413419127464,1.7111018678406253e-05,0.0960397869348526,8.50163196446374e-05,0.11762616783380508,0.011764992959797382,2.2037862436263822e-05,-3.07862819681759e-07,6.959284655749798e-05,-4.5551805600077544e-14,0.9323297739028931,2.6335885650041746e-06,-0.011747725307941437,2.382065076744766e-06,0,0,0,0,1,0,0,0,1,0,18
0.08919985592365265,3.968293094658293e-05,0.012501811608672142,2.0566632883856073e-05,0.1074761152267456,0.00010643851419445127,0.11083178222179413,0.011155773885548115,2.089668851112947e-05,-2.919310873039649e-07,6.599148036912084e-05,0.0,0.9202682971954346,5.372603027353762e-06,-0.012311514467000961,2.9296520551724825e-06,0,0,0,0,1,0,0,0,1,0,16
0.10197615623474121,6.340063555398956e-05,0.012981277890503407,2.6503033950575627e-05,0.11828599870204926,0.00012668728595599532,0.10950839519500732,0.010533396154642105,1.973086727957707e-05,-2.75641923508374e-07,6.230929284356534e-05,-4.5536501408786553e-14,0.9076964855194092,8.605386938143056e-06,-0.012767314910888672,3.490315066301264e-06,0,0,0,0,1,0,0,0,1,0,18
0.1151423305273056,-0.0007768698851577938,0.013238980434834957,2.3844851966714486e-05,0.1284884810447693,0.00014579830167349428,0.11070508509874344,0.009936659596860409,1.861306736827828e-05,-2.6001842456935265e-07,5.877760486328043e-05,-9.105938930404484e-14,0.89472895860672,1.2370211152301636e-05,-0.01311722956597805,3.893020220857579e-06,0,0,0,0,1,0,0,0,1,0,18
0.1283813714981079,-0.0022525268141180277,0.013239067979156971,1.19227115646936e-05,0.1399977207183838,7.985662523424253e-05,0.13554348051548004,0.015576505102217197,-0.00025980963255278766,-6.145259590084606e-08,1.0351108358008787e-05,-7.97656298345828e-07,0.8814587593078613,1.6264279111055657e-05,-0.013384398072957993,3.887380444211885e-06,0,0,0,0,1,0,0,0,1,0,13
0.1416238248348236,-0.0022468268871307373,0.013272990472614765,3.3491965041321237e-06,0.15546667575836182,-0.00017813590238802135,0.15393991768360138,0.015381209552288055,-0.0002565209870226681,-6.145259590084606e-08,1.0351108358008787e-05,-7.97656298345828e-07,0.8679583072662354,2.0137800675001927e-05,-0.01358705386519432,3.860240212816279e-06,0,0,0,0,1,0,0,0,1,0,0
0.1550629734992981,-0.0021965610794723034,0.013562160544097424,0.0001068552301148884,0.17042388021945953,-0.00042702624341472983,0.12457498162984848,0.014176664873957634,-0.00023464213882107288,1.2889460094811511e-06,4.014019941678271e-05,-1.932639634105726e-06,0.8542835116386414,1.4311379345599562e-05,-0.01373992208391428,-1.732704185997136e-05,0,0,0,0,1,0,0,0,1,0,13
0.16874729096889496,-0.002007479080930352,0.013774107210338116,0.000254237704211846,0.18417848646640778,-0.0006542365299537778,0.10569944232702255,0.013358722440898418,-0.0002202766336267814,2.1936441498837667e-06,5.989028431940824e-05,-1.417090857103176e-06,0.8404779434204102,-1.7051439499482512e-05,-0.013854223303496838,-4.251568316249177e-05,0,0,0,0,1,0,0,0,1,0,18
0.1826128363609314,-0.0017255295533686876,0.013934864662587643,0.00026510877069085836,0.1970934122800827,-0.0008669975213706493,0.11271218210458755,0.012607114389538765,-0.00020769018738064915,2.9012212507950608e-06,7.457027095369995e-05,-3.6450595146397813e-13,0.8265742063522339,-6.929102528374642e-05,-0.013940474949777126,-5.42597881576512e-05,0,0,0,0,1,0,0,0,1,0,18
0.19661754369735718,-0.0014965059235692024,0.014056352898478508,0.00020036179921589792,0.20932097733020782,-0.001068435376510024,0.11237718164920807,0.011918722651898861,-0.00019634953059721738,2.743019422268844e-06,7.05040292814374e-05,3.6443070783320763e-13,0.8125969171524048,-0.00012279365910217166,-0.01400498766452074,-5.2870269428240135e-05,0,0,0,0,1,0,0,0,1,0,0
0.21070848405361176,-0.001330933184362948,0.014121845364570618,0.00013846359797753394,0.22086818516254425,-0.001258664415217936,0.11105407029390335,0.011250127106904984,-0.00018533509864937514,2.5891240511555225e-06,6.654842582065612e-05,0.0,0.7985646724700928,-0.00017489385209046304,-0.014052671380341053,-5.170656004338525e-05,0,0,0,0,1,0,0,0,1,0,0
0.22478528320789337,-0.00123049586545676,0.014120626263320446,7.551561429863796e-05,0.23232299089431763,-0.0014184181345626712,0.12036361545324326,0.016202356666326523,2.2617959984927438e-05,9.567579581926111e-07,8.31877605378395e-06,-1.1234261592107941e-06,0.7844914197921753,-0.00022743445879314095,-0.014088434167206287,-5.321817661751993e-05,0,0,0,0,1,0,0,0,1,0,0
0.23850204050540924,-0.0011904924176633358,0.013386151753365993,1.1930732398468535e-05,0.24817676842212677,-0.0013970229774713516,0.1615234762430191,0.01575382985174656,2.1230749553069472e-05,8.988252488961734e-07,1.2282896022952627e-05,-9.630622344047879e-07,0.7703875303268433,-0.00028147047851234674,-0.014115782454609871,-5.4701387853128836e-05,0,0,0,0,1,0,0,0,1,0,16
0.2518143951892853,0.0003574238799046725,0.01331252884119749,3.7953045648464467e-06,0.26375463604927063,-0.0013761812588199973,0.10267074406147003,0.01516660675406456,1.9359464204171672e-05,7.958786909512128e-07,1.9127188352285884e-05,-7.110689921319135e-07,0.7562611103057861,-0.00033365708077326417,-0.014134715311229229,-4.785973214893602e-05,0,0,0,0,1,0,0,0,1,0,5
0.2651268541812897,0.0010159198427572846,0.013312522321939468,1.4232747389542055e-06,0.27920421957969666,-0.001185806468129158,0.1704065501689911,0.015793051570653915,0.0002640741877257824,4.0488450281372934e-07,-7.756639206490945e-07,1.8025554027190083e-07,0.7421176433563232,-0.00037577786133624613,-0.014149441383779049,-3.7420006265165284e-05,0,0,0,0,1,0,0,0,1,0,6
0.2784852981567383,0.0010097895283252,0.013462585397064686,-2.7134015908814035e-05,0.29488611221313477,-0.0009235917241312563,0.15044565498828888,0.015591687522828579,0.0002607142087072134,4.0488450281372934e-07,-7.756639206490945e-07,1.8025554027190083e-07,0.7279611229896545,-0.0004060445644427091,-0.014162063598632812,-1.9964614693890326e-05,0,0,0,0,0,1,0,0,1,0,6
0.2920861542224884,0.0009153360733762383,0.013702932745218277,-0.00015613867435604334,0.309730589389801,-0.000676198280416429,0.1344223916530609,0.014072546735405922,0.00023360738123301417,-9.807652077142848e-07,3.10220530082006e-05,1.9045294266106794e-06,0.7137948870658875,-0.00040742981946095824,-0.014169776812195778,1.3821896573062986e-05,0,0,0,0,0,1,0,0,1,0,7
0.3058900237083435,0.0006877811974845827,0.01387876644730568,-0.000272960402071476,0.3236145079135895,-0.0004458425974007696,0.10671140253543854,0.013519840314984322,0.00022400464513339102,-1.4114801842879388e-06,4.0854654798749834e-05,1.926728828038904e-06,0.6996217370033264,-0.00037500952021218836,-0.014175387099385262,4.764093682751991e-05,0,0,0,0,0,0,1,0,1,0,6
0.3198467195034027,0.00044272775994613767,0.014014454558491707,-0.00021703424863517284,0.3365538716316223,-0.00023190259526018053,0.1075451597571373,0.012635869905352592,0.00020887551363557577,-2.9181785521359416e-06,7.47506128391251e-05,3.6450936670082146e-13,0.6854435205459595,-0.00032480963272973895,-0.014180295169353485,4.937502308166586e-05,0,0,0,0,0,1,0,0,1,0,7
0.33293530344963074,0.0014051919570192695,0.01369122602045536,0.00015736745262984186,0.3488115966320038,-2.9277489375090227e-05,0.11276646703481674,0.011951500549912453,0.0001975626655621454,-2.759928975137882e-06,7.06969658494927e-05,0.0,0.6712614893913269,-0.00027644471265375614,-0.014183100312948227,4.7537778300466016e-05,0,0,0,0,0,0,1,0,1,0,6
0.3459649085998535,0.002101477002725005,0.013037639670073986,0.0003355149819981307,0.3621354103088379,0.0020848384592682123,0.15035368502140045,0.014260593801736832,0.0033693970181047916,3.620147708716104e-06,1.6110216165543534e-05,1.7479853340773843e-05,0.6570767164230347,-0.0002254262799397111,-0.014185905456542969,6.0673439293168485e-05,0,0,0,0,0,1,0,0,1,0,5
0.35847821831703186,0.0033866935409605503,0.01239776611328125,0.001975612249225378,0.37629958987236023,0.005431259050965309,0.13458320498466492,0.014085210859775543,0.003327838610857725,3.620147708716104e-06,1.6110216165543534e-05,1.7479853340773843e-05,0.6428901553153992,-0.00014928991731721908,-0.01418730802834034,8.878845983417705e-05,0,0,0,0,1,0,0,0,1,0,12
0.37038686871528625,0.005877643823623657,0.01176700834184885,0.002545603085309267,0.38962623476982117,0.008544616401195526,0.13146385550498962,0.012800403870642185,0.0029663986060768366,-2.142487392120529e-05,4.942755549564026e-05,2.4914359528338537e-05,0.6287025809288025,-3.8905498513486236e-05,-0.014186606742441654,0.00017821982328314334,0,0,0,0,1,0,0,0,1,0,16
0.3824378252029419,0.008461245335638523,0.012269089929759502,0.002599917585030198,0.40209969878196716,0.011427127756178379,0.11832619458436966,0.012131653726100922,0.0027967714704573154,-3.9069855120033026e-05,7.176125654950738e-05,5.831256484623015e-12,0.6145389676094055,0.0004916796460747719,-0.014134715311229229,0.0008185362676158547,0,0,0,0,1,0,0,0,1,0,6
0.39493900537490845,0.011056949384510517,0.01267615519464016,0.002587796887382865,0.4138926863670349,0.014145825058221817,0.11485912650823593,0.011504106223583221,0.0026521000545471907,-3.704991831909865e-05,6.805115845054388e-05,-5.8301983033026694e-12,0.6004652380943298,0.00166070566046983,-0.014013402163982391,0.0014549753395840526,0,0,0,0,0,1,0,0,1,0,8
0.407781720161438,0.013656701892614365,0.012956647202372551,0.0026292065158486366,0.4250458776950836,0.016717027872800827,0.11186166107654572,0.010865478776395321,0.002504873787984252,-3.499157537589781e-05,6.427051994251087e-05,5.829178285898795e-12,0.5865307450294495,0.003404740709811449,-0.013874909840524197,0.001940177520737052,0,0,0,0,0,0,0,1,1,0,14
0.4207860827445984,0.01640894077718258,0.01304648257791996,0.0026754688005894423,0.4355766475200653,0.019144730642437935,0.11103268712759018,0.010258495807647705,0.002364944200962782,-3.3037813409464434e-05,6.068191578378901e-05,0.0,0.5727377533912659,0.005575463175773621,-0.013721690513193607,0.0023586542811244726,0,0,0,0,0,0,0,0,1,0,18
0.4329968988895416,0.019389864057302475,0.011752860620617867,0.0020900859963148832,0.445513516664505,0.021435527130961418,0.10831204056739807,0.0096793407574296,0.0022314286325126886,-3.11732292175293e-05,5.7257155276602134e-05,-2.9137202633283676e-12,0.5591224431991577,0.00817788951098919,-0.013499049469828606,0.0028517330065369606,0,0,0,0,0,0,0,0,1,0,12
0.4435596764087677,0.02143041417002678,0.009226097725331783,0.0013418174348771572,0.47790268063545227,0.0227032657712698,0.22602440416812897,0.05479392781853676,0.00029915905906818807,-2.4890146050893236e-06,4.642166823032312e-05,0.0006447520572692156,0.5458237528800964,0.01139723788946867,-0.01312319003045559,0.003517301520332694,0,0,0,0,0,0,0,0,1,0,5
0.4517860412597656,0.02265666425228119,0.0073944819159805775,0.0011787317926064134,0.5314230918884277,0.022887900471687317,0.30165788531303406,0.05249018594622612,9.336802031612024e-05,-2.4890146050893236e-06,4.642166823032312e-05,0.0006447520572692156,0.532943606376648,0.015271085314452648,-0.01266984362155199,0.004162158351391554,0,0,0,0,1,0,0,0,1,0,4
0.4589824676513672,0.02359212562441826,0.0068994127213954926,0.0005705647636204958,0.5826799273490906,0.022875560447573662,0.18320664763450623,0.050257403403520584,-9.649351704865694e-05,-2.4890146050893236e-06,4.642166823032312e-05,0.0006447520572692156,0.521605372428894,0.01904914900660515,-0.009842129424214363,0.0032569090835750103,0,0,0,1,0,0,0,0,1,0,18
0.4654218554496765,0.024124667048454285,0.006132967304438353,0.0005072098574601114,0.6281956434249878,0.02271958440542221,0.17319533228874207,0.042456988245248795,-0.00019635900389403105,-1.9018300463358173e-06,7.062390795908868e-05,0.0005763040971942246,0.5142987370491028,0.021428991109132767,-0.005022217053920031,0.0016053897561505437,0,0,0,1,0,0,0,0,1,0,6
0.4721257984638214,0.024617793038487434,0.007389222737401724,0.0004487459664233029,0.6698254942893982,0.022459907457232475,0.11418187618255615,0.040736399590969086,-0.0003077780129387975,-1.8473106138117146e-06,7.200015534181148e-05,0.0005715060397051275,0.5123737454414368,0.02204062044620514,0.0007471617427654564,-0.00010725983884185553,0,0,0,0,0,1,0,0,1,0,5
0.48030656576156616,0.024931257590651512,0.00879589281976223,0.00017182678857352585,0.7067481279373169,0.0221516415476799,0.1155841276049614,0.03549399971961975,-0.0003262693644501269,-4.6060455360930064e-07,0.0001044164746417664,0.00044890656135976315,0.5153176188468933,0.021955691277980804,0.0038020750507712364,1.4216705494618509e-05,0,0,0,0,1,0,0,0,1,0,18
0.48944634199142456,0.024931147694587708,0.00927839893847704,-5.949381011305377e-05,0.7394148111343384,0.021839212626218796,0.11049910634756088,0.030863817781209946,-0.00030153815168887377,3.1707093057775637e-06,0.00016754593525547534,0.00010962969099637121,0.5204175710678101,0.021979307755827904,0.005602717399597168,-6.760151154594496e-05,0,0,0,0,1,0,0,0,1,0,16
0.4991612136363983,0.024861756712198257,0.010226677171885967,-8.011128375073895e-05,0.7686348557472229,0.021553704515099525,0.10922682285308838,0.0279784444719553,-0.00027333368780091405,3.818211553152651e-06,0.0001654915395192802,-4.407690792213037e-12,0.5272872447967529,0.021931711584329605,0.00730716111138463,-4.292641096981242e-05,0,0,0,0,1,0,0,0,1,0,0
0.5098405480384827,0.024767925962805748,0.011100768111646175,-0.00010673818178474903,0.7952513694763184,0.021293677389621735,0.10950548201799393,0.025559766218066216,-0.00024970454978756607,3.488162519715843e-06,0.00015118630835786462,1.4668927964672784e-12,0.5355488657951355,0.021890509873628616,0.008602993562817574,-2.8393560569384135e-05,0,0,0,0,1,0,0,0,1,0,11
0.5213019251823425,0.024658743292093277,0.011850936338305473,-0.00011659623123705387,0.8196437358856201,0.021055376157164574,0.10962837934494019,0.023482482880353928,-0.0002294105797773227,3.204703261872055e-06,0.00013890046102460474,0.0,0.5449724197387695,0.021859198808670044,0.009531859308481216,-2.6468036594451405e-05,0,0,0,0,1,0,0,0,1,0,18
0.5334625244140625,0.02453639730811119,0.01247408427298069,-0.00013077000039629638,0.8421127796173096,0.020835867151618004,0.10971704870462418,0.02167634665966034,-0.00021176564041525126,2.95823724627553e-06,0.00012821791460737586,0.0,0.5552243590354919,0.021821238100528717,0.010466682724654675,-3.1943523936206475e-05,0,0,0,0,1,0,0,0,1,0,17
0.5461534857749939,0.024408452212810516,0.012925636023283005,-0.00011817101039923728,0.8628997206687927,0.02063279040157795,0.10978245735168457,0.020089026540517807,-0.0001962584356078878,2.741626531133079e-06,0.00011882947728736326,0.0,0.5663079023361206,0.021777113899588585,0.011412281543016434,-4.4754036935046315e-05,0,0,0,0,1,0,0,0,1,1,10
0.559271514415741,0.02432253584265709,0.013302560895681381,-5.896279981243424e-05,0.8822008371353149,0.020444231107831,0.10983138531446457,0.018680768087506294,-0.0001825005456339568,2.5494484816590557e-06,0.00011049993190681562,7.307113898333273e-13,0.5782136917114258,0.021730097010731697,0.012060274370014668,-4.2863000999204814e-05,0,0,0,0,1,0,0,0,1,1,11
0.572711169719696,0.024294212460517883,0.013565129600465298,-1.1369181265763473e-05,0.9001772999763489,0.020268607884645462,0.10986844450235367,0.017420856282114983,-0.00017019188089761883,2.3775105546519626e-06,0.00010304769966751337,0.0,0.5906755924224854,0.021689457818865776,0.01257544755935669,-4.277977495803498e-05,0,0,0,0,1,0,0,0,1,1,5
0.5863848924636841,0.02428457699716091,0.01378087978810072,-6.833670795458602e-06,0.9169641733169556,0.020104607567191124,0.10989683121442795,0.016285158693790436,-0.0001590966567164287,2.2225196971703554e-06,9.633004810893908e-05,0.0,0.6036149263381958,0.02165001817047596,0.013046525418758392,-4.4322237954474986e-05,0,0,0,0,1,0,0,0,1,1,4
0.6002447605133057,0.024279389530420303,0.013939723372459412,-2.32443017011974e-06,0.9326744079589844,0.019951125606894493,0.10991881042718887,0.015254453755915165,-0.00014902735711075366,2.0818592929572333e-06,9.023340680869296e-05,-3.6483541339914216e-13,0.6168918013572693,0.021606244146823883,0.013335620984435081,-5.154822065378539e-05,0,0,0,1,0,0,0,0,1,1,2
0.6133312582969666,0.02427736297249794,0.011591867543756962,-1.345039322586672e-06,0.9474044442176819,0.019807223230600357,0.10993596911430359,0.014313281513750553,-0.00013983262761030346,1.9534168131940532e-06,8.466636791126803e-05,0.0,0.6302236318588257,0.021557817235589027,0.013334758579730988,-5.289528053253889e-05,0,1,0,0,0,0,0,0,1,1,12
0.6222915053367615,0.024276090785861015,0.006654932163655758,-7.573258926640847e-07,0.9612365365028381,0.0196720901876688,0.10994947701692581,0.013449019752442837,-0.00013138930080458522,1.8354699022893328e-06,7.955420733196661e-05,3.646039633403708e-13,0.642920732498169,0.021506862714886665,0.013028375804424286,-6.0056030633859336e-05,0,1,0,0,0,0,0,0,1,1,4
0.6280863881111145,0.02427522838115692,0.005005221348255873,-4.9417047875977e-07,0.9742416143417358,0.019545037299394608,0.10996018350124359,0.012651280499994755,-0.00012359583342913538,1.726599407447793e-06,7.483548688469455e-05,-3.645110201091345e-13,0.6552584767341614,0.02144869975745678,0.013057483360171318,-6.758399831596762e-05,0,0,0,1,0,0,0,0,1,1,3
0.6316133737564087,0.024275634437799454,0.0019496098393574357,6.333216333587188e-07,0.9864814281463623,0.019425461068749428,0.10996873676776886,0.011911430396139622,-0.00011636788985924795,1.6256286698990152e-06,7.045915117487311e-05,1.822149608933163e-13,0.6675041317939758,0.021385636180639267,0.01333671435713768,-7.239539991132915e-05,0,0,1,0,0,0,0,0,1,1,4
0.6364100575447083,0.02401007153093815,0.003718973370268941,-0.0013969733845442533,0.9980098605155945,0.01931283250451088,0.10997559875249863,0.011222237721085548,-0.00010963483509840444,1.531570774204738e-06,6.638243212364614e-05,-3.6435879812411753e-13,0.6809635162353516,0.0213099904358387,0.0135505897924304,-7.819900929462165e-05,0,0,0,1,0,0,0,0,1,1,1
0.6413140892982483,0.022205432876944542,0.004316745791584253,-0.002275293692946434,1.0088741779327393,0.0192066952586174,0.10998112708330154,0.010577583685517311,-0.00010333695536246523,1.443591941097111e-06,6.256918277358636e-05,3.6429613123854787e-13,0.6946065425872803,0.02122923545539379,0.013711873441934586,-8.233426342485473e-05,1,0,0,0,0,0,0,0,1,1,16
