lt_dp_posx,lt_dp_posy,lt_dp_velx,lt_dp_vely,ball_posx,ball_posy,ball_posz,ball_vel_x,ball_vel_y,ball_rot_x,ball_rot_y,ball_rot_z,rt_gk_posx,rt_gk_posy,rt_gk_velx,rt_gk_vely,action_left,action_top_left,action_top,action_top_right,action_right,action_bottom_right,action_bottom,action_bottom_left,action_sprint,action_dribble,sel_action
-1.0110293626785278,-0.0,0.0,-0.0,0.019999999552965164,-0.0,0.11061639338731766,0.0,-0.0,0.0,-0.0,0.0,1.0110293626785278,0.0,-0.0,0.0,0,0,0,0,0,0,0,0,0,0,5
0.00015037840057630092,2.8413053160258883e-11,0.0013189289020374417,1.0759058921561149e-10,0.019999999552965164,-0.0,0.11059734225273132,0.0,-0.0,0.0,-0.0,0.0,1.0097103118896484,-1.053061197270333e-11,-0.0033988673239946365,-2.5076950932456654e-11,0,0,0,0,1,0,0,0,0,0,5
0.0032546569127589464,6.680134223557843e-11,0.004448926541954279,8.556416686289481e-11,0.019999999552965164,-0.0,0.10930104553699493,0.0,-0.0,0.0,-0.0,0.0,1.005424976348877,-3.4275877275335986e-11,-0.0050032841973006725,-2.029609813547495e-11,0,0,0,0,1,0,0,0,0,0,5
0.006366906687617302,-2.842866386743026e-09,0.006055429577827454,-3.6904868050413597e-10,0.019999999552965164,-0.0,0.11075475811958313,0.0,-0.0,0.0,-0.0,0.0,0.9995788931846619,-4.5175412022313566e-11,-0.0065179429948329926,-1.7381629989488001e-12,0,0,0,0,1,0,0,0,0,0,13
0.012842056341469288,-3.5768010775427683e-09,0.0075285593047738075,-1.1384322651242229e-10,0.027985915541648865,-1.649637509926194e-10,0.11997343599796295,0.00863676704466343,-1.7740767188634265e-10,-1.0719229323608026e-12,-3.1432267860509455e-05,-7.081212786280711e-13,0.9922854900360107,5.643733258509087e-10,-0.007902874611318111,5.143521719652711e-10,0,0,0,0,1,0,0,0,1,0,16
0.02110311947762966,-3.845599394480814e-09,0.00883454829454422,-5.756620180541461e-10,0.036304354667663574,-3.350488497755322e-10,0.11451378464698792,0.008118395693600178,-1.6584611461922805e-10,-2.3169181417176388e-12,-4.8024267016444355e-05,5.208367542358515e-19,0.9837011694908142,9.029954561867726e-10,-0.009114601649343967,1.8217942432396939e-10,0,0,0,0,1,0,0,0,1,0,13
0.030569547787308693,-4.28485025238956e-09,0.00995480827987194,-2.540785359883557e-10,0.04417762532830238,-4.958874422200665e-10,0.11203163862228394,0.007673928514122963,-1.5676634990136051e-10,-2.1899524294682893e-12,-4.539257861324586e-05,-1.7359733200329806e-19,0.9743693470954895,1.070866395558312e-09,-0.009437869302928448,1.9601034684235685e-10,0,0,0,0,1,0,0,0,1,0,16
0.03921227902173996,-7.643278010505128e-09,0.009499162435531616,-1.7666336449284614e-10,0.051611561328172684,-6.477509084668043e-10,0.10914423316717148,0.007238688878715038,-1.4787501778634748e-10,-2.065810413356961e-12,-4.281942165107466e-05,-3.471670827030463e-19,0.9644050598144531,1.2233604129718856e-09,-0.010371208190917969,1.0584962073512116e-10,0,0,0,0,1,0,0,0,1,0,5
0.048103708773851395,-1.0210915668551479e-08,0.01015899796038866,-1.0775091929815517e-10,0.06154097989201546,1.1817290214821696e-05,0.13679704070091248,0.01408117264509201,2.939151818281971e-05,3.800772674367181e-07,-4.310466829338111e-05,-2.6781563633448968e-08,0.9536177515983582,2.0670357869789768e-08,-0.010990395210683346,1.292193729796054e-07,0,0,0,0,1,0,0,0,1,0,18
0.05865281820297241,8.673318347973691e-07,0.010675586760044098,3.51054791281058e-06,0.07553287595510483,4.102487946511246e-05,0.12857750058174133,0.013905849307775497,2.9036655178060755e-05,3.803277763836377e-07,-4.3487711081979796e-05,-2.6298703659222156e-08,0.9426805973052979,4.98213466926245e-07,-0.011172715574502945,7.866137252676708e-07,0,0,0,0,1,0,0,0,1,0,16
0.06956484168767929,8.622154382464942e-06,0.011254759505391121,1.1158367669850122e-05,0.0888795331120491,6.928548828000203e-05,0.12421960383653641,0.013022496365010738,2.7704913009074517e-05,3.870533191729919e-07,-7.703595474595204e-05,1.367076211348378e-13,0.9311493039131165,1.6104870610433863e-06,-0.011804524809122086,1.3880160167900613e-06,0,0,0,0,1,0,0,0,1,0,18
0.08121223747730255,2.440729622321669e-05,0.011945998296141624,1.928362689795904e-05,0.1015554741024971,9.625307575333863e-05,0.11379719525575638,0.012377388775348663,2.6332463676226325e-05,3.678746338664496e-07,-7.321881275856867e-05,4.55600557009838e-14,0.9190320372581482,3.3057738164643524e-06,-0.012362704612314701,2.0546713130897842e-06,0,0,0,0,1,0,0,0,1,0,16
0.0935068428516388,4.53034917882178e-05,0.012555893510580063,2.287020834046416e-05,0.11355306208133698,0.00012177758617326617,0.11224985867738724,0.01169272419065237,2.4875867893570103e-05,3.475086032267427e-07,-6.916530401213095e-05,4.55508636994402e-14,0.9064158201217651,6.034228135831654e-06,-0.012806584127247334,3.2974535315588582e-06,0,0,0,0,1,0,0,0,1,0,16
0.10632982850074768,7.174268830567598e-05,0.013022299855947495,2.9522145268856548e-05,0.1248813346028328,0.00014587811892852187,0.10975506156682968,0.01103446539491415,2.347544977965299e-05,3.279518239196477e-07,-6.527287041535601e-05,1.366275663569269e-13,0.8934142589569092,9.924905498337466e-06,-0.013147382065653801,4.201221599942073e-06,0,0,0,0,1,0,0,0,1,0,5
0.11932021379470825,0.00010405234934296459,0.013375025242567062,3.3419637475162745e-05,0.1355670839548111,0.0001686117029748857,0.11078748106956482,0.0104064354673028,2.213934567407705e-05,3.092788460890006e-07,-6.155632581794634e-05,-4.5535017407062964e-14,0.8801179528236389,1.4488049600913655e-05,-0.013407538644969463,4.873387752013514e-06,0,0,0,0,1,0,0,0,1,0,18
0.13034075498580933,-0.0003821193240582943,0.013405178673565388,2.1553994884015992e-05,0.14564672112464905,0.00019005579815711826,0.11049683392047882,0.009817325510084629,2.0886036509182304e-05,2.917748247455165e-07,-5.807247362099588e-05,4.552838005688828e-14,0.8665978312492371,1.972027894225903e-05,-0.013604585081338882,5.520954800886102e-06,0,0,0,0,1,0,0,0,1,0,0
0.14274996519088745,-0.0005864095292054117,0.01340525969862938,8.082899512373842e-06,0.15934684872627258,0.0001366077340207994,0.1510486602783203,0.01531674899160862,-8.456517389276996e-05,-1.921464587439914e-07,-5.0706163165159523e-05,-1.417172939000011e-07,0.852908194065094,2.457751725160051e-05,-0.013753245584666729,4.201980573270703e-06,0,0,0,0,1,0,0,0,1,0,18
0.1561436653137207,-0.0005816085613332689,0.013462936505675316,1.0091704098158516e-05,0.1745471954345703,5.2705076086567715e-05,0.11877591907978058,0.015037083066999912,-8.284311479656026e-05,-2.4794675823613943e-07,-5.292135392664932e-05,-1.7970633336972242e-07,0.839091420173645,2.8003396437270567e-05,-0.01386404037475586,2.801933078444563e-06,0,0,0,0,1,0,0,0,1,0,0
0.1697455495595932,-0.000550008611753583,0.013704860582947731,5.128779957885854e-05,0.1889728605747223,-2.5618679501349106e-05,0.1200268566608429,0.014137166552245617,-7.66100492910482e-05,-1.0703221278163255e-06,-8.363275264855474e-05,0.0,0.8251792788505554,2.8739957997458987e-05,-0.013947486877441406,-2.3073628199199447e-06,0,0,0,0,1,0,0,0,1,0,0
0.18355369567871094,-0.00047593939234502614,0.013884726911783218,8.855273335939273e-05,0.2026950567960739,-9.998014138545841e-05,0.11484991014003754,0.013405042700469494,-7.26426369510591e-05,-1.0148613682758878e-06,-7.929915591375902e-05,-5.468981387549143e-13,0.8111956715583801,2.2234797143028118e-05,-0.014009896665811539,-9.948747901944444e-06,0,0,0,0,1,0,0,0,1,0,13
0.19751517474651337,-0.00039638197631575167,0.01401831116527319,7.052964065223932e-05,0.2156873345375061,-0.00017038585792761296,0.1121315211057663,0.012659292668104172,-6.86013518134132e-05,-9.583103519616998e-07,-7.488041592296213e-05,-1.8225593018290909e-13,0.7971584796905518,8.29657437861897e-06,-0.014057580381631851,-1.606009936949704e-05,0,0,0,0,1,0,0,0,1,0,18
0.21159031987190247,-0.00033676697057671845,0.014117185026407242,5.0898113840958104e-05,0.2279542088508606,-0.00023686075292062014,0.10892513394355774,0.011950178071856499,-6.475861300714314e-05,-9.04693479242269e-07,-7.06909122527577e-05,-2.7332557875001107e-13,0.7830811142921448,-7.657784408365842e-06,-0.0140926418825984,-1.5865945897530764e-05,0,0,0,0,1,0,0,0,1,0,18
0.22403839230537415,0.00011921545956283808,0.01414130162447691,3.255860792705789e-05,0.23952700197696686,-0.00029957431252114475,0.10870727896690369,0.01126899290829897,-6.106726505095139e-05,-8.531112598575419e-07,-6.66603518766351e-05,9.109088537715554e-14,0.7689741849899292,-2.3411692382069305e-05,-0.014117886312305927,-1.566084029036574e-05,0,0,0,0,1,0,0,0,1,0,5
0.2366243153810501,0.0005032172775827348,0.013827226124703884,1.4148973605188075e-05,0.25280213356018066,-0.00028410908998921514,0.1446811854839325,0.01538446731865406,9.017231059260666e-05,4.9606331486984345e-08,-5.3893705626251176e-05,9.181135141034247e-08,0.7548447251319885,-3.83309816243127e-05,-0.014138221740722656,-1.4060547982808203e-05,0,0,0,0,1,0,0,0,1,0,13
0.250110000371933,0.000507896242197603,0.01340525969862938,-2.4477296847180696e-06,0.2680816650390625,-0.00019455605070106685,0.13317334651947021,0.015191367827355862,8.904922287911177e-05,4.9606331486984345e-08,-5.3893705626251176e-05,9.181135141034247e-08,0.7406988739967346,-5.1317951147211716e-05,-0.01415224652737379,-1.2107416296203155e-05,0,0,0,0,1,0,0,0,1,0,16
0.26366257667541504,0.00048488128231838346,0.013661910779774189,-4.402704871608876e-05,0.282733291387558,-0.00011021529644494876,0.12562981247901917,0.014307566918432713,8.179013093467802e-05,1.142657310992945e-06,-8.4638137195725e-05,0.0,0.7265405654907227,-6.131808186182752e-05,-0.014163466170430183,-6.029589712852612e-06,0,0,0,0,1,0,0,0,1,0,5
0.27743396162986755,0.0004143740516155958,0.013852469623088837,-9.151603444479406e-05,0.2966570556163788,-3.0619030439993367e-05,0.11877155303955078,0.013594151474535465,7.771181844873354e-05,1.085647681975388e-06,-8.041538967518136e-05,1.8231076370778254e-13,0.7123730182647705,-6.0605678299907595e-05,-0.014170478098094463,6.230614872038132e-06,0,0,0,0,1,0,0,0,1,0,7
0.2913680076599121,0.00032453061430715024,0.013994469307363033,-8.124831219902262e-05,0.30984970927238464,4.4797343434765935e-05,0.11094602197408676,0.012863172218203545,7.35331341275014e-05,1.0272880217598868e-06,-7.609259046148509e-05,0.0,0.6981988549232483,-4.762670141644776e-05,-0.014176789671182632,1.850162516348064e-05,0,0,0,0,0,0,1,0,1,0,13
0.30536559224128723,0.00035525343264453113,0.014071058481931686,-6.250059959711507e-05,0.3223075270652771,0.00011601327423704788,0.1124887615442276,0.012135602533817291,6.937392026884481e-05,9.691461855254602e-07,-7.178598025348037e-05,1.8222699553743088e-13,0.6840196251869202,-2.9074411941110156e-05,-0.01418099645525217,1.859314215835184e-05,0,0,0,0,0,0,1,0,1,0,7
0.3186180889606476,0.0015896519180387259,0.013695690780878067,0.00030874621006660163,0.33406203985214233,0.00018320875824429095,0.1105976328253746,0.011446577496826649,6.543506606249139e-05,9.141042482951889e-07,-6.770892650820315e-05,-2.732861137909326e-13,0.669836699962616,-1.0431829650769942e-05,-0.014184502884745598,1.868284925876651e-05,0,0,0,0,0,0,1,0,1,0,12
0.3317197859287262,0.0023853422608226538,0.012892834842205048,0.0006805695593357086,0.34752157330513,0.002709914930164814,0.15112513303756714,0.014294194057583809,0.0035577912349253893,1.7348391338600777e-05,-5.1787126722047105e-05,2.546941686887294e-06,0.6556512117385864,1.7649332221481018e-05,-0.014185905456542969,4.5484637666959316e-05,0,0,0,0,0,0,1,0,1,0,12
0.344125896692276,0.004022693727165461,0.012187397107481956,0.0023380706552416086,0.36170676350593567,0.006239979527890682,0.1182604730129242,0.01403201837092638,0.0034872274845838547,1.9340839571668766e-05,-5.377358684199862e-05,3.7238501136016566e-06,0.6414640545845032,8.7672786321491e-05,-0.01418730802834034,9.010172652779147e-05,0,0,0,0,0,0,1,0,1,0,12
0.3559280037879944,0.006688595283776522,0.01175263337790966,0.00268599484115839,0.3751963973045349,0.009560694918036461,0.1203768327832222,0.013226992450654507,0.0032522426918148994,4.543723480310291e-05,-7.824837666703388e-05,-1.166648461864428e-11,0.627276599407196,0.00022032743436284363,-0.014183801598846912,0.0002547949261497706,0,0,0,0,0,0,1,0,1,0,17
0.3679574728012085,0.009412511251866817,0.012241742573678493,0.0027415212243795395,0.38803693652153015,0.012717914767563343,0.11468751728534698,0.01254319492727518,0.0030841114930808544,4.3086911318823695e-05,-7.420083420583978e-05,5.8319829000785806e-12,0.6131202578544617,0.0008294266881421208,-0.01412279438227415,0.0008985738968476653,0,0,0,0,0,0,1,0,1,1,6
0.38042348623275757,0.012155009433627129,0.012634782120585442,0.002739403862506151,0.4001934826374054,0.015706956386566162,0.11212275922298431,0.01184528786689043,0.0029125113505870104,4.0685656131245196e-05,-7.006556552369148e-05,5.830766425241052e-12,0.5990628600120544,0.0020801902282983065,-0.013993066735565662,0.001538033364340663,0,0,0,0,0,1,0,0,1,1,12
0.39321428537368774,0.014918959699571133,0.012897743843495846,0.0027998925652354956,0.4116714298725128,0.018529146909713745,0.10895218700170517,0.011181606911122799,0.002749326406046748,3.840877616312355e-05,-6.614449375774711e-05,5.829677018898138e-12,0.5851458311080933,0.0038836197927594185,-0.013859482482075691,0.0019862428307533264,0,0,0,0,0,1,0,0,1,1,6
0.40621379017829895,0.017765643075108528,0.013074103742837906,0.0028828256763517857,0.4224999248981476,0.021191643550992012,0.10870331525802612,0.010544191114604473,0.0025925987865775824,3.621868381742388e-05,-6.237289198907092e-05,-1.1657376453033663e-11,0.5713655948638916,0.0060890293680131435,-0.0137111721560359,0.002384078921750188,0,0,0,0,0,1,0,0,1,1,5
0.41865605115890503,0.021003903821110725,0.01227211020886898,0.0026682564057409763,0.4327107071876526,0.023702282458543777,0.11073706299066544,0.009943680837750435,0.002444945741444826,3.415504761505872e-05,-5.8819052355829626e-05,-2.9139052282189937e-12,0.5577593445777893,0.00871170125901699,-0.013492738828063011,0.002864808775484562,0,0,0,0,1,0,0,0,1,1,6
0.4296417832374573,0.023592708632349968,0.01020501647144556,0.001783804502338171,0.45324259996414185,0.025959845632314682,0.16666008532047272,0.06374541670084,0.001736284582875669,8.168931344698649e-06,-3.7078484638186637e-06,0.0011481025721877813,0.5444467067718506,0.011908046901226044,-0.013155796565115452,0.0034653255715966225,0,0,0,0,0,1,0,0,1,1,18
0.43834128975868225,0.025003036484122276,0.008336937054991722,0.0013873622519895434,0.5152329206466675,0.02743617817759514,0.378075510263443,0.06060195714235306,0.0012686352711170912,8.168931344698649e-06,-3.7078484638186637e-06,0.0011481025721877813,0.5315055251121521,0.015696018934249878,-0.012756445445120335,0.004049237351864576,0,0,0,0,0,1,0,0,1,0,3
0.44574540853500366,0.026235461235046387,0.007036503404378891,0.0008735074661672115,0.5742446184158325,0.0284630935639143,0.4746576249599457,0.05775105580687523,0.000834059901535511,8.168931344698649e-06,-3.7078484638186637e-06,0.0011481025721877813,0.5203183889389038,0.01915140450000763,-0.00964017491787672,0.0028589838184416294,0,0,1,0,0,0,0,0,1,0,6
0.45239466428756714,0.02688167802989483,0.00611438462510705,0.0005942497518844903,0.6305456161499023,0.02907322347164154,0.46251150965690613,0.05514902621507645,0.00043163486407138407,8.168931344698649e-06,-3.7078484638186637e-06,0.0011481025721877813,0.513322651386261,0.02113913930952549,-0.0046193599700927734,0.0012633190490305424,0,0,0,0,0,1,0,0,1,0,0
0.45874956250190735,0.027475202456116676,0.006912736222147942,0.0005807888228446245,0.6843646168708801,0.02929791249334812,0.34700849652290344,0.05276036635041237,5.982951188343577e-05,8.168931344698649e-06,-3.7078484638186637e-06,0.0011481025721877813,0.5119427442550659,0.02158629335463047,0.001435069483704865,2.5324843591079116e-05,0,0,0,0,0,1,0,0,1,0,18
0.46649137139320374,0.027946997433900833,0.008390581235289574,0.00035123960697092116,0.7358983755111694,0.029166769236326218,0.1329028457403183,0.05055581405758858,-0.00028324758750386536,8.168931344698649e-06,-3.7078484638186637e-06,0.0011481025721877813,0.5151469111442566,0.02181851677596569,0.003941620234400034,0.0003571858105715364,0,0,0,0,0,1,0,0,1,0,11
0.4755328297615051,0.028075650334358215,0.009335138835012913,-1.830917790357489e-05,0.7799257040023804,0.028841206803917885,0.20378325879573822,0.04269905760884285,-0.00041527749272063375,7.079658189468319e-06,-2.4944461983977817e-05,0.0010575801134109497,0.5199437737464905,0.022156862542033195,0.005496249534189701,0.0002612052485346794,0,0,0,0,0,1,0,0,1,0,9
0.48509714007377625,0.0280472282320261,0.009980271570384502,-3.6219091271050274e-05,0.8218192458152771,0.028309211134910583,0.17734414339065552,0.041243020445108414,-0.0006251995218917727,7.079658189468319e-06,-2.4944461983977817e-05,0.0010575801134109497,0.526268720626831,0.022433968260884285,0.006982859224081039,0.0002812398015521467,0,0,0,0,0,1,0,0,1,0,6
0.4956178367137909,0.028000209480524063,0.010935450904071331,-5.660373790306039e-05,0.8606723546981812,0.027631361037492752,0.13887882232666016,0.03586165979504585,-0.0006715007475577295,4.590708158502821e-06,-5.279773540678434e-05,0.0009042269666679204,0.5339981913566589,0.02270476520061493,0.008314847946166992,0.00025675626238808036,0,0,0,0,0,1,0,0,1,0,7
0.5070732235908508,0.027944723144173622,0.01178821176290512,-6.342767301248387e-05,0.8957778811454773,0.026899322867393494,0.10157010704278946,0.033759716898202896,-0.0007556620985269547,3.8079233490861952e-06,-6.0126069001853466e-05,0.000857910024933517,0.5429502129554749,0.022939283400774002,0.009431207552552223,0.00022348889615386724,0,0,0,0,0,0,1,0,1,0,17
0.5192605257034302,0.027879079803824425,0.012434538453817368,-7.788342190906405e-05,0.9265850782394409,0.026197126135230064,0.11406680196523666,0.02904682047665119,-0.0006753622437827289,-3.0439468901022337e-06,-0.00011925908620469272,0.00042876467341557145,0.5529080629348755,0.023153744637966156,0.010364897549152374,0.000202342082047835,0,0,0,0,0,0,1,0,1,1,5
0.5319638252258301,0.027798769995570183,0.01291385293006897,-8.231076935771853e-05,0.9539649486541748,0.025557231158018112,0.10826221108436584,0.02621453069150448,-0.0006126128719188273,-8.558140507375356e-06,-0.00015506746422033757,0.0,0.5639258623123169,0.02330774813890457,0.01135565247386694,0.00014634494436904788,0,0,0,0,1,0,0,0,1,1,5
0.5450953841209412,0.027738278731703758,0.013291101902723312,-4.6958386519690976e-05,0.9789623022079468,0.024973059073090553,0.10882946848869324,0.0240496713668108,-0.0005620218580588698,-7.851357622712385e-06,-0.0001422610366716981,2.931088097929413e-12,0.5757623314857483,0.023431885987520218,0.012034613639116287,0.0001263043232029304,0,0,0,0,1,0,0,0,1,1,8
0.5585492849349976,0.027716800570487976,0.013575250282883644,-7.275998541445006e-06,1.001959204673767,0.024435637518763542,0.10903776437044144,0.02217421680688858,-0.0005181937594898045,-7.239095793920569e-06,-0.00013116731133777648,-2.9279686314387376e-12,0.5881782174110413,0.02353009209036827,0.01255991030484438,9.170988778350875e-05,0,0,0,0,0,0,0,1,1,1,12
