lt_dp_posx,lt_dp_posy,lt_dp_velx,lt_dp_vely,ball_posx,ball_posy,ball_posz,ball_vel_x,ball_vel_y,ball_rot_x,ball_rot_y,ball_rot_z,rt_gk_posx,rt_gk_posy,rt_gk_velx,rt_gk_vely,action_left,action_top_left,action_top,action_top_right,action_right,action_bottom_right,action_bottom,action_bottom_left,action_sprint,action_dribble,sel_action
-1.0110293626785278,-0.0,0.0,-0.0,0.019999999552965164,-0.0,0.11061639338731766,-0.0,0.0,0.0,-0.0,0.0,1.0110293626785278,0.0,-0.0,0.0,0,0,0,0,0,0,0,0,0,0,5
0.0,-0.0,0.0,-0.0,0.019999999552965164,-0.0,0.11059734225273132,-0.0,0.0,0.0,-0.0,0.0,1.0089819431304932,-1.4662690506206388e-10,-0.003723537316545844,-2.399299370292596e-10,0,0,0,0,1,0,0,0,0,0,5
0.0011738373432308435,7.744034580259296e-11,0.0034112127032130957,2.5561308278354566e-11,0.019999999552965164,-0.0,0.10930104553699493,-0.0,0.0,0.0,-0.0,0.0,1.0043776035308838,-3.568936812747836e-10,-0.005314630456268787,-1.64072269659421e-10,0,0,0,0,1,0,0,0,0,0,5
0.00442265160381794,-8.389731687152846e-10,0.0050968751311302185,-3.420025096456669e-10,0.019999999552965164,-0.0,0.11075475811958313,-0.0,0.0,0.0,-0.0,0.0,0.9982317090034485,-2.932744325168102e-10,-0.006807551719248295,6.673980812443858e-10,0,0,0,0,1,0,0,0,0,0,13
0.00917257834225893,-2.2344774919247357e-09,0.006656940560787916,-3.2433725150049497e-10,0.023521598428487778,-2.365284079708374e-10,0.1245177686214447,0.008653565309941769,-5.815478654191963e-10,8.111915002564918e-13,2.5089022983593168e-06,-2.1285896222716927e-12,0.9906662106513977,2.790974951150105e-10,-0.008160226047039032,4.5748582699900453e-10,0,0,0,0,1,0,0,0,1,0,0
0.016618236899375916,-2.4076329818711883e-09,0.008066108450293541,-8.788801630910115e-11,0.03175758942961693,-7.908435573078521e-10,0.11630871891975403,0.007858331315219402,-5.296175720204133e-10,7.081689835236604e-12,4.436245944816619e-05,-4.773446178260587e-13,0.9818469882011414,5.591581087038833e-10,-0.009317257441580296,1.194442739160806e-10,0,0,0,0,1,0,0,0,1,0,13
0.02537941373884678,-2.574654711651192e-09,0.009301370941102505,-1.7123570617005868e-10,0.0393972210586071,-1.3057331882393441e-09,0.11498811841011047,0.007451809477061033,-5.022312010716234e-10,7.016100807971659e-12,4.4079752115067095e-05,0.0,0.9724517464637756,7.412090941016913e-10,-0.009637720882892609,1.8402716850385303e-10,0,0,0,0,1,0,0,0,1,0,0
0.034132156521081924,-3.463002995474085e-09,0.009388974867761135,-2.1289396634482927e-10,0.04662004113197327,-1.7925310125121996e-09,0.10737019777297974,0.007032405119389296,-4.739645342866083e-10,6.621275142754124e-12,4.159919990343042e-05,1.3886183897827023e-18,0.9623057246208191,8.680836605101661e-10,-0.010538101196289062,7.307881383367132e-11,0,0,0,0,1,0,0,0,1,0,5
0.04203260689973831,-4.8359907189876594e-09,0.009879720397293568,-1.2068911148244155e-10,0.05418930947780609,2.9174168503232067e-06,0.11805228888988495,0.014280705712735653,2.919623329944443e-05,3.3874468385874934e-07,2.015978907365934e-06,2.8685761321867176e-07,0.9514368772506714,9.946944379279898e-10,-0.010879600420594215,2.4632970663240883e-10,0,0,0,0,1,0,0,0,1,0,0
0.052399106323719025,7.602933749240037e-08,0.010675586760044098,8.094853001239244e-07,0.06808121502399445,3.095630745519884e-05,0.143874853849411,0.0137999402359128,2.7823760319733992e-05,2.8574416433002625e-07,7.852933777030557e-06,3.5746427329286234e-07,0.9404253959655762,1.1581801073745623e-09,-0.011310156434774399,1.017554998594683e-10,0,0,0,0,1,0,0,0,1,0,18
0.06316081434488297,5.078705271444051e-06,0.011016691103577614,8.291357517009601e-06,0.08143512904644012,5.742504799854942e-05,0.12316391617059708,0.012638741172850132,2.4204722649301402e-05,-2.3726711262384015e-08,4.123845064896159e-05,4.413427632243838e-07,0.9287715554237366,1.1847158809530356e-09,-0.011916019953787327,-3.1747490053524174e-11,0,0,0,0,1,0,0,0,1,0,18
0.07459624856710434,1.7383581507601775e-05,0.011754298582673073,1.580666685185861e-05,0.09368103742599487,8.059756510192528e-05,0.11358216404914856,0.011889006942510605,2.226955803052988e-05,-3.1278011647373205e-07,7.049005944281816e-05,9.110762274819328e-14,0.9165447354316711,4.072077501859894e-07,-0.012460877187550068,9.451234177504375e-07,0,0,0,0,1,0,0,0,1,0,16
0.0867052748799324,3.561630001058802e-05,0.012389439158141613,1.9670931578730233e-05,0.10523895174264908,0.000102247555332724,0.11358419060707092,0.011279221624135971,2.1127936634002253e-05,-2.951546491658519e-07,6.672012386843562e-05,-4.5545564661322174e-14,0.9038431644439697,2.2251329028222244e-06,-0.01288231648504734,2.532222879381152e-06,0,0,0,0,1,0,0,0,1,0,0
0.0993843674659729,5.8163168432656676e-05,0.012895552441477776,2.524073534004856e-05,0.11617346853017807,0.00012272977619431913,0.11179271340370178,0.010654293932020664,1.9957340555265546e-05,-2.787993764741259e-07,6.302300607785583e-05,0.0,0.8907760381698608,5.368787242332473e-06,-0.013204882852733135,3.4178688110841904e-06,0,0,0,0,1,0,0,0,1,0,18
0.11249476671218872,-0.0004143470723647624,0.013238980434834957,2.622875399538316e-05,0.12649552524089813,0.0001420647749910131,0.11068519949913025,0.010053449310362339,1.883185177575797e-05,-2.630779931678262e-07,5.946916280663572e-05,-2.27654978473147e-14,0.8774299025535583,9.137957022176124e-06,-0.013451716862618923,4.055347289977362e-06,0,0,0,0,1,0,0,0,1,0,16
0.12573377788066864,-0.0022550304420292377,0.013238980434834957,1.4308394383988343e-05,0.13687163591384888,0.00013201682304497808,0.11983438581228256,0.015870139002799988,-0.00026511444593779743,-2.489134089955769e-07,6.192745786393061e-06,-4.67152801775228e-07,0.8638719320297241,1.3401794603851158e-05,-0.013637542724609375,3.7850297758268425e-06,0,0,0,0,1,0,0,0,1,0,18
0.13897283375263214,-0.0022472809068858624,0.013239067979156971,2.38311622524634e-06,0.15238872170448303,-0.00012679917563218623,0.15824487805366516,0.015420145355165005,-0.0002571709919720888,-6.145269537682907e-08,1.0351108358008787e-05,-7.976562415024091e-07,0.8501538634300232,1.38222630994278e-05,-0.01377778872847557,-2.4375781322305556e-06,0,0,0,0,1,0,0,0,1,0,13
0.15235328674316406,-0.0022164478432387114,0.013511145487427711,7.768210343783721e-05,0.167576864361763,-0.0003798856632784009,0.11589527875185013,0.014444848522543907,-0.00023942813277244568,1.032533987199713e-06,3.449430732871406e-05,-1.8853394294637837e-06,0.8363156914710999,8.126766260829754e-06,-0.013882973231375217,-8.36898743727943e-06,0,0,0,0,1,0,0,0,1,0,16
0.16599449515342712,-0.0020569106563925743,0.01373694185167551,0.00022586845443584025,0.1814953088760376,-0.0006099775200709701,0.11778201162815094,0.013579203747212887,-0.00022413079568650573,1.898345090012299e-06,5.348171544028446e-05,-1.7048748759407317e-06,0.8223875761032104,-8.435244126303587e-06,-0.01396151166409254,-2.5272303901147097e-05,0,0,0,0,1,0,0,0,1,0,16
0.17982743680477142,-0.001779185957275331,0.013905588537454605,0.0002775020548142493,0.19456462562084198,-0.0008253338164649904,0.1121436133980751,0.012757467105984688,-0.00021016695245634764,2.936182227131212e-06,7.546893175458536e-05,0.0,0.8083921074867249,-4.457435352378525e-05,-0.014020415022969246,-4.504849493969232e-05,0,0,0,0,1,0,0,0,1,0,13
0.19380734860897064,-0.0015371895860880613,0.014034789986908436,0.00021276755433063954,0.20693086087703705,-0.0010290559148415923,0.11327101290225983,0.012051300145685673,-0.000198533438378945,2.7734383820643416e-06,7.128595461836085e-05,7.288897133431171e-13,0.7943463921546936,-9.845529712038115e-05,-0.014064592309296131,-5.655316999764182e-05,0,0,0,0,1,0,0,0,1,0,18
0.20789217948913574,-0.0013586280401796103,0.014121698215603828,0.0001510560978204012,0.218611940741539,-0.0012214905582368374,0.11138108372688293,0.011379649862647057,-0.0001874686568044126,2.6188445190200582e-06,6.731242319801822e-05,-3.6437468168594445e-13,0.7802630066871643,-0.00015442977019120008,-0.014096848666667938,-5.5494347179774195e-05,0,0,0,0,1,0,0,0,1,0,16
0.2219693511724472,-0.001245570252649486,0.014121674932539463,8.811054431134835e-05,0.22963565587997437,-0.0014030957827344537,0.11085901409387589,0.010735207237303257,-0.00017685210332274437,2.4705575469852192e-06,6.35010001133196e-05,7.286221864570563e-13,0.766151487827301,-0.00020932368352077901,-0.014122093096375465,-5.439792948891409e-05,0,0,0,0,1,0,0,0,1,0,13
0.23581770062446594,-0.0011934363283216953,0.013533059507608414,2.4124374249367975e-05,0.2450241893529892,-0.001401265966705978,0.161333829164505,0.015794476494193077,2.1286312403390184e-05,8.988234299067699e-07,1.2282899660931434e-05,-9.630429076423752e-07,0.7520189881324768,-0.00026504884590394795,-0.014140325598418713,-5.681045513483696e-05,0,0,0,0,1,0,0,0,1,0,16
0.2491522878408432,-1.0731955626397394e-05,0.013312707655131817,4.2698598008428235e-06,0.26070061326026917,-0.0013801270397379994,0.12239403277635574,0.015528500080108643,2.0811223294003867e-05,8.826152679830557e-07,1.3367628525884356e-05,-9.209391578224313e-07,0.7378709316253662,-0.00032318077865056694,-0.014154350385069847,-5.921139381825924e-05,0,0,0,0,1,0,0,0,1,0,13
0.26246488094329834,0.0010156246135011315,0.013312697410583496,1.8982938172484864e-06,0.2760438323020935,-0.0012386427260935307,0.16264566779136658,0.015834026038646698,0.00026476397761143744,4.0487330466021376e-07,-7.757118396511942e-07,1.8028219983534655e-07,0.7237115502357483,-0.0003787491878028959,-0.014163466170430183,-4.7435067244805396e-05,0,0,0,0,1,0,0,0,1,0,18
0.27579623460769653,0.0010143746621906757,0.01340525969862938,-1.1444127267168369e-05,0.29176610708236694,-0.0009757546940818429,0.16224044561386108,0.015631617978215218,0.000261375360423699,4.0487330466021376e-07,-7.757118396511942e-07,1.8028219983534655e-07,0.7095433473587036,-0.00041450231219641864,-0.014171880669891834,-2.6190662538283505e-05,0,0,0,0,1,0,0,0,1,0,16
0.289348304271698,0.0009451876976527274,0.013660508207976818,-0.00012819989933632314,0.3069107234477997,-0.000723005214240402,0.12772513926029205,0.01421547681093216,0.00023610671632923186,-8.709523058314517e-07,2.850646706065163e-05,1.8576369029688067e-06,0.6953687071800232,-0.00042883341666311026,-0.014176789671182632,-3.83223641620134e-06,0,0,0,0,1,0,0,0,1,0,18
0.30311647057533264,0.0007425531512126327,0.013847210444509983,-0.00026167178293690085,0.320896714925766,-0.0004908785922452807,0.12039768695831299,0.013780053704977036,0.00022855722636450082,-1.1529945140864584e-06,3.4958782634930685e-05,1.9427257029747125e-06,0.6811891794204712,-0.00041797125595621765,-0.014181697741150856,2.2886917577125132e-05,0,0,0,0,1,0,0,0,1,0,18
0.3170456290245056,0.000486790289869532,0.01399061270058155,-0.00022998453641775995,0.3340197205543518,-0.0002737858158070594,0.11646080762147903,0.012775406241416931,0.00021118170116096735,-2.950477210106328e-06,7.557767094112933e-05,-7.290505005252967e-13,0.6670061945915222,-0.0003803827567026019,-0.014184502884745598,4.961810554959811e-05,0,0,0,0,1,0,0,0,1,0,6
0.33035531640052795,0.0011493887286633253,0.013769297860562801,-2.535621433708002e-06,0.3464149832725525,-6.88876534695737e-05,0.11196406185626984,0.012087337672710419,0.00019980772049166262,-2.7911826236959314e-06,7.149765588110313e-05,3.644487055892709e-13,0.6528208255767822,-0.00032573126372881234,-0.014185905456542969,5.486113877850585e-05,0,0,0,0,0,1,0,0,1,0,12
0.34334254264831543,0.002051485003903508,0.013251515105366707,0.00016776283155195415,0.3592819273471832,0.0014105550944805145,0.1414709836244583,0.014295610599219799,0.003377920249477029,3.620198185672052e-06,1.6110165233840235e-05,1.7479998859926127e-05,0.6386334896087646,-0.0002709433902055025,-0.014188009314239025,5.472767952596769e-05,0,0,0,0,0,1,0,0,1,0,12
0.3559970259666443,0.0030108324717730284,0.012411089614033699,0.0017083788989111781,0.3734813332557678,0.004765320103615522,0.1457282155752182,0.014120488427579403,0.003336057998239994,3.620198185672052e-06,1.6110165233840235e-05,1.7479998859926127e-05,0.6244457364082336,-0.00016780305304564536,-0.014184502884745598,0.0002485336735844612,0,0,0,0,0,1,0,0,1,0,4
0.3680402338504791,0.00536990026012063,0.011754386126995087,0.002543920651078224,0.3870619535446167,0.007950155064463615,0.1284773349761963,0.01290747057646513,0.0029943292029201984,-1.9653403796837665e-05,4.7096062189666554e-05,2.593648423498962e-05,0.6102793216705322,0.00034709161263890564,-0.014145934954285622,0.0007326327031478286,0,0,0,1,0,0,0,0,1,0,12
0.37998974323272705,0.007941649295389652,0.012176177464425564,0.0025966735556721687,0.39966779947280884,0.010866421274840832,0.11383723467588425,0.01226071361452341,0.0028264906723052263,-3.9675840525887907e-05,7.276620453922078e-05,0.0,0.5961731672286987,0.001345113036222756,-0.014068098738789558,0.0012147600064054132,0,0,0,1,0,0,0,0,1,0,6
0.3924086093902588,0.010539417155086994,0.012602525763213634,0.002592245815321803,0.4115864038467407,0.013614094816148281,0.11452347040176392,0.011627190746366978,0.002680479781702161,-3.744498098967597e-05,6.877666601212695e-05,-5.83040083226849e-12,0.5821552276611328,0.0027811944019049406,-0.013972731307148933,0.0016167528228834271,0,0,0,0,0,1,0,0,1,0,6
0.4051938056945801,0.01313187275081873,0.01291036605834961,0.002614091383293271,0.4228670597076416,0.01621466688811779,0.11012730002403259,0.010995849967002869,0.002534933853894472,-3.5413599107414484e-05,6.504554039565846e-05,5.829382115907222e-12,0.5682476162910461,0.004617613740265369,-0.013850366696715355,0.0020156209357082844,0,0,0,0,0,1,0,0,1,0,5
0.41822102665901184,0.015787644311785698,0.013112671673297882,0.002689067739993334,0.43351972103118896,0.01867048814892769,0.10928008705377579,0.01037904154509306,0.0023927383590489626,-3.342678246553987e-05,6.139626202639192e-05,5.828441895783243e-12,0.5544939041137695,0.0068907844834029675,-0.013651917688548565,0.0025244990829378366,0,0,0,0,1,0,0,0,1,0,12
0.4306837320327759,0.018854456022381783,0.012128796428442001,0.0023676694836467505,0.44357267022132874,0.02098805084824562,0.1111873909831047,0.009792455472052097,0.0022575100883841515,-3.1536957976641133e-05,5.792513911728747e-05,-5.827597519131311e-12,0.5409923791885376,0.009732561185956001,-0.013369672000408173,0.0030995698180049658,0,0,0,0,1,0,0,0,1,0,12
0.4416791796684265,0.0211517084389925,0.009950820356607437,0.001550747430883348,0.4686565399169922,0.02258968912065029,0.16576124727725983,0.06085512414574623,0.00014447137073148042,-2.62962330452865e-05,2.7063962988904677e-05,0.0014505377039313316,0.5278767943382263,0.01311217900365591,-0.012547127902507782,0.0034599355421960354,0,0,0,0,1,0,0,0,1,0,15
0.45027539134025574,0.022418154403567314,0.008052237331867218,0.0012386073358356953,0.527916669845581,0.02247125841677189,0.238444983959198,0.05798735097050667,-0.00033114413963630795,-2.62962330452865e-05,2.7063962988904677e-05,0.0014505377039313316,0.5172867774963379,0.016230383887887,-0.00864863395690918,0.0027939891442656517,0,0,0,0,1,0,0,0,0,0,11
0.4576038122177124,0.023478232324123383,0.0068994127213954926,0.000570550502743572,0.5844196081161499,0.021886339411139488,0.15114551782608032,0.05531509965658188,-0.000789903337135911,-2.62962330452865e-05,2.7063962988904677e-05,0.0014505377039313316,0.5116835832595825,0.0186085794121027,-0.002942365827038884,0.002113697584718466,0,0,0,0,1,0,0,0,0,0,16
0.46419647336006165,0.02402344159781933,0.00613261666148901,0.0005071813357062638,0.6341004967689514,0.021091090515255928,0.14925852417945862,0.04695339500904083,-0.0008509601466357708,-2.2587106286664493e-05,5.2703260735142976e-05,0.0012988478410989046,0.5112908482551575,0.021290864795446396,0.0019788742065429688,0.0026648552156984806,0,0,0,0,1,0,0,0,0,0,2
0.47066524624824524,0.024522490799427032,0.00708629097789526,0.0004689088964369148,0.6785181760787964,0.020166000351309776,0.1208990290760994,0.0409323126077652,-0.0008895895443856716,-1.7011314412229694e-05,8.33707963465713e-05,0.0010847676312550902,0.5155609846115112,0.02320270426571369,0.0055863577872514725,0.0012658429332077503,0,1,0,0,0,0,0,0,0,0,2
0.4785662591457367,0.024853810667991638,0.008536086417734623,0.0001867707323981449,0.7158545255661011,0.019339120015501976,0.10941233485937119,0.034689873456954956,-0.0007684097508899868,-3.336904455863987e-06,0.00014646338240709156,0.000550765311345458,0.5220872759819031,0.02396450936794281,0.007205149624496698,0.0005622372264042497,0,1,0,0,0,0,0,0,0,0,18
0.48768940567970276,0.024813495576381683,0.00933163333684206,-0.0001604477147338912,0.7482078671455383,0.018627123907208443,0.109097421169281,0.030712636187672615,-0.0006704349652864039,9.387690624862444e-06,0.00018170643306802958,-1.1777153037517696e-11,0.5300446152687073,0.02437182515859604,0.008543449454009533,0.00025336252292618155,0,1,0,0,0,0,0,0,0,0,3
0.49736571311950684,0.02464231662452221,0.010120321065187454,-0.00018618846661411226,0.7773189544677734,0.01799163594841957,0.10934267193078995,0.0278745349496603,-0.0006084939814172685,8.500052899762522e-06,0.00016487626999150962,2.938250771161721e-12,0.5391485691070557,0.024401474744081497,0.00933163333684206,-0.00016449741087853909,0,0,1,0,0,0,0,0,0,0,16
0.5080399513244629,0.024442121386528015,0.011024700477719307,-0.0002235959836980328,0.8038398027420044,0.017412694171071053,0.1095113605260849,0.025470281019806862,-0.0005560098215937614,7.767004717607051e-06,0.00015065727347973734,-8.800861948932148e-12,0.5486294627189636,0.02421683631837368,0.009824598208069801,-0.0002032261691056192,0,0,1,0,0,0,0,0,0,0,9
0.5195940732955933,0.024223433807492256,0.011867501772940159,-0.0002363833482377231,0.8281491994857788,0.016882026568055153,0.1096319854259491,0.023404482752084732,-0.0005109140183776617,7.137127340683946e-06,0.00013843942724633962,-2.9299839464369537e-12,0.5589433908462524,0.023984000086784363,0.010690619237720966,-0.0002574122045189142,0,0,1,0,0,0,0,0,0,0,12
0.5318471789360046,0.023983780294656754,0.012490123510360718,-0.0002623545587994158,0.8505455255508423,0.01639311946928501,0.10971967875957489,0.021607624366879463,-0.0004716890398412943,6.589225449715741e-06,0.00012781178520526737,1.463538166525391e-12,0.569832444190979,0.023710183799266815,0.01079755648970604,-0.0002751082356553525,0,0,1,0,0,0,0,0,0,0,18
0.5446420907974243,0.0237245075404644,0.01298923883587122,-0.00027142613544128835,0.8712682127952576,0.015940750017762184,0.10978441685438156,0.0200278889387846,-0.0004372037365101278,6.107517492637271e-06,0.00011846807319670916,0.0,0.5809555053710938,0.0234244242310524,0.011431820690631866,-0.0002954422670882195,0,0,1,0,0,0,0,0,0,0,14
0.5578520894050598,0.02345496043562889,0.013345758430659771,-0.00028864957857877016,0.8905118107795715,0.01552067045122385,0.10983286052942276,0.01862592250108719,-0.000406599254347384,5.680013600795064e-06,0.00011017570795956999,-1.4613860252130073e-12,0.5927184224128723,0.023118294775485992,0.0120247108861804,-0.0003138369938824326,0,0,0,0,0,0,0,0,0,0,10
0.5713545083999634,0.023163996636867523,0.013607874512672424,-0.0003070930251851678,0.9084365367889404,0.015129377134144306,0.1098695695400238,0.017371293157339096,-0.0003792111237999052,5.2974282880313694e-06,0.00010275463864672929,0.0,0.6051070690155029,0.02279908023774624,0.012594659812748432,-0.0003240442310925573,0,0,0,0,0,0,0,0,0,0,9
0.5850818157196045,0.02286546304821968,0.013811011798679829,-0.0003093326522503048,0.9251763820648193,0.014763952232897282,0.10989770293235779,0.016240069642663002,-0.00035451693111099303,4.952471499564126e-06,9.606344247004017e-05,0.0,0.6179834604263306,0.022472603246569633,0.012993766926229,-0.0003308321174699813,0,0,0,0,0,0,0,0,0,0,1
0.5989781618118286,0.022556839510798454,0.01395986508578062,-0.00031808073981665075,0.9408437013626099,0.014421937055885792,0.1099194809794426,0.01521320641040802,-0.00033210075343959033,4.639332018996356e-06,8.998946577776223e-05,-7.296596595159077e-13,0.6312269568443298,0.02214060351252556,0.013331476598978043,-0.00033537831041030586,1,0,0,0,0,0,0,0,0,0,8
0.6130006313323975,0.022244147956371307,0.014069880358874798,-0.00031865769415162504,0.9555343985557556,0.014101247303187847,0.10993649810552597,0.014275350607931614,-0.00031162751838564873,4.353337772045052e-06,8.444200648227707e-05,-7.294125156306897e-13,0.6447210907936096,0.021804621443152428,0.013548866845667362,-0.0003386237658560276,0,0,0,0,0,0,0,1,0,0,12
0.6271164417266846,0.021927790716290474,0.01415153406560421,-0.00032403311342932284,0.9693301320075989,0.013800091110169888,0.10994989424943924,0.013413971289992332,-0.00029282382456585765,4.090663423994556e-06,7.934688619570807e-05,1.4583990482278097e-12,0.6584075093269348,0.021466270089149475,0.013740180991590023,-0.0003400369023438543,0,0,0,0,0,0,0,1,0,0,15
0.641301155090332,0.021607497707009315,0.014210614375770092,-0.0003232695162296295,0.982301652431488,0.01351692620664835,0.10996051877737045,0.01261875219643116,-0.0002754643792286515,3.848161213682033e-06,7.464306690962985e-05,-7.290146676434961e-13,0.6722413897514343,0.02112632431089878,0.013856117613613605,-0.00034155967296101153,0,0,0,0,0,0,0,1,0,0,13
0.6555351614952087,0.02128717117011547,0.01425494160503149,-0.0003270670713391155,0.994510293006897,0.01325041614472866,0.10996900498867035,0.011881125159561634,-0.0002593622775748372,3.623222255555447e-06,7.027988613117486e-05,1.0932800888555083e-12,0.6861713528633118,0.02078525722026825,0.013943036086857319,-0.000342800107318908,0,0,0,0,0,0,0,1,1,0,3
0.6698073148727417,0.020962554961442947,0.014287917874753475,-0.0003310188476461917,1.0060094594955444,0.012999391183257103,0.10997580736875534,0.011193894781172276,-0.00024436009698547423,3.4136485282942886e-06,6.621479406021535e-05,0.0,0.700190544128418,0.02044396847486496,0.01402420736849308,-0.00034257560037076473,0,0,1,0,0,0,0,0,1,0,13
