lt_dp_posx,lt_dp_posy,lt_dp_velx,lt_dp_vely,ball_posx,ball_posy,ball_posz,ball_vel_x,ball_vel_y,ball_rot_x,ball_rot_y,ball_rot_z,rt_gk_posx,rt_gk_posy,rt_gk_velx,rt_gk_vely,action_left,action_top_left,action_top,action_top_right,action_right,action_bottom_right,action_bottom,action_bottom_left,action_sprint,action_dribble,sel_action
-1.0110293626785278,-0.0,0.0,-0.0,0.019999999552965164,-0.0,0.11061639338731766,-0.0,0.0,0.0,-0.0,0.0,1.0110293626785278,0.0,-0.0,0.0,0,0,0,0,0,0,0,0,0,0,5
0.0,-0.0,0.0,-0.0,0.019999999552965164,-0.0,0.11059734225273132,-0.0,0.0,0.0,-0.0,0.0,1.010373830795288,-5.178543011075121e-11,-0.0026071772444993258,-1.9923605820704182e-10,0,0,0,0,1,0,0,0,0,0,5
0.0005595720722340047,4.9373026500543205e-11,0.0026072831824421883,2.1259039667542723e-11,0.019999999552965164,-0.0,0.10930104553699493,-0.0,0.0,0.0,-0.0,0.0,1.0064098834991455,-2.8306179622461514e-10,-0.0046870289370417595,-2.1158365337559104e-10,0,0,0,0,1,0,0,0,0,0,5
0.0037788229528814554,-4.705273393135201e-10,0.004770988132804632,-2.684072963887729e-10,0.019999999552965164,-0.0,0.11075475811958313,-0.0,0.0,0.0,-0.0,0.0,1.0008678436279297,-4.217382554294602e-10,-0.006225530058145523,-5.989382600990467e-11,0,0,0,0,1,0,0,0,0,0,13
0.007856178097426891,-2.1655053306091077e-09,0.006355706602334976,-3.6368058564661965e-10,0.021781105548143387,-1.197989346612971e-10,0.11884696781635284,0.008839823305606842,-5.94723825741994e-10,8.834712204430079e-14,-2.3084528493200196e-06,-1.4487260132853286e-12,0.9938530325889587,7.770677157292738e-11,-0.007639211602509022,5.683241099951886e-10,0,0,0,0,1,0,0,0,1,0,5
0.015018402598798275,-2.3967305917693693e-09,0.007797427009791136,-9.105486503679927e-11,0.03015720471739769,-6.842799660233823e-10,0.11304429918527603,0.007989801466464996,-5.392420954208887e-10,6.199244676624582e-12,3.837781332549639e-05,-1.6145164632302977e-12,0.9855127334594727,4.876925530084009e-10,-0.008886702358722687,2.6285745802212546e-10,0,0,0,0,1,0,0,0,1,0,0
0.023530634120106697,-2.5451565299761114e-09,0.009069569408893585,-1.7918255768023528e-10,0.037892114371061325,-1.2064046428506003e-09,0.11427181959152222,0.0075392089784145355,-5.089192400831166e-10,7.109535182792115e-12,4.4596759835258126e-05,0.0,0.9762466549873352,6.618360304244675e-10,-0.009335489943623543,2.1364940372414765e-10,0,0,0,0,1,0,0,0,1,0,5
0.03253943473100662,-3.197910380947633e-09,0.009742087684571743,-2.34471886351173e-10,0.045195817947387695,-1.6994265994441093e-09,0.11196728050708771,0.007108057849109173,-4.798152986040805e-10,6.7029012548736056e-12,4.204602737445384e-05,2.082954933333056e-18,0.9664705991744995,8.280461871734701e-10,-0.010197303257882595,1.2124358461651497e-10,0,0,0,0,1,0,0,0,1,0,13
0.040323927998542786,-4.65638372304511e-09,0.009685594588518143,-1.2714934660706945e-10,0.05206971615552902,-2.1634347646681817e-09,0.1106518879532814,0.006682825740426779,-4.5111103741390934e-10,6.301915152912008e-12,3.9530699723400176e-05,0.0,0.9558171629905701,8.823263231150236e-10,-0.011003718711435795,-2.1928232884008136e-13,0,0,0,0,1,0,0,0,1,0,18
0.050239283591508865,-4.9834452120478545e-09,0.010593279264867306,-7.154043329959947e-11,0.06529233604669571,2.5390701921423897e-05,0.14664900302886963,0.013831263408064842,2.7889425837201998e-05,2.8579492550306895e-07,7.812065632606391e-06,3.5719654079002794e-07,0.9449081420898438,1.7697375787051328e-09,-0.011030365712940693,6.753147485660804e-10,0,0,0,0,1,0,0,0,1,0,0
0.06094103679060936,3.516673587000696e-06,0.010849579237401485,6.5534877649042755e-06,0.07886994630098343,5.256048825685866e-05,0.11541144549846649,0.012866326607763767,2.4854114599293098e-05,3.088642586135393e-08,3.5371118428884074e-05,4.671523186061677e-07,0.9335045218467712,2.2091399820567403e-09,-0.011688821017742157,2.432571921673343e-10,0,0,0,0,1,0,0,0,1,0,18
0.0722273588180542,1.428539508196991e-05,0.011619267985224724,1.4491214642475825e-05,0.09126575291156769,7.612520130351186e-05,0.11316749453544617,0.012076400220394135,2.2740572603652254e-05,-1.8325891915083048e-07,5.7811892475001514e-05,2.6055434432237234e-07,0.9214994311332703,1.1771433605645143e-07,-0.012258922681212425,4.1475553302916524e-07,0,0,0,0,1,0,0,0,1,0,18
0.08420849591493607,3.1725652661407366e-05,0.01227075606584549,1.8936510969069786e-05,0.10294869542121887,9.801813575904816e-05,0.11222551017999649,0.011404020711779594,2.136365947080776e-05,-2.9843616289326746e-07,6.745577411493286e-05,-4.554713675447228e-14,0.908973217010498,1.3328942713997094e-06,-0.01272664312273264,1.9385397536098026e-06,0,0,0,0,1,0,0,0,1,0,13
0.09678489714860916,5.318627881933935e-05,0.012805006466805935,2.398751712462399e-05,0.11400756239891052,0.00011873519542859867,0.10860082507133484,0.010777872055768967,2.0190656869090162e-05,-2.820672762027243e-07,6.375592784024775e-05,0.0,0.896040678024292,4.115309820917901e-06,-0.01308637484908104,3.2798241136333672e-06,0,0,0,0,1,0,0,0,1,0,5
0.10982221364974976,-8.293164137285203e-05,0.013207074254751205,2.8787475457647815e-05,0.12444943934679031,0.00013829636736772954,0.10880784690380096,0.010170640423893929,1.9053108189837076e-05,-2.6617192361300113e-07,6.016306360834278e-05,-6.82984688227771e-14,0.8827971816062927,7.702546099608298e-06,-0.013360556215047836,3.876170467265183e-06,0,0,0,0,1,0,0,0,1,0,16
0.12306112051010132,-0.001921227085404098,0.013239067979156971,1.6694149962859228e-05,0.13430047035217285,0.00015675074246246368,0.11073842644691467,0.009594322182238102,1.7973465219256468e-05,-2.5108340651058825e-07,5.675258580595255e-05,-4.55259677070545e-14,0.8693169951438904,1.1924918908334803e-05,-0.013568822294473648,4.498045655054739e-06,0,0,0,0,1,0,0,0,1,0,5
0.13630016148090363,-0.0022478592582046986,0.013239067979156971,4.76979766972363e-06,0.14927279949188232,-7.531955634476617e-05,0.15857183933258057,0.015459519810974598,-0.0002578207931946963,-6.148678011186348e-08,1.0348776413593441e-05,-7.976236702234019e-07,0.8556575179100037,1.2732277355098631e-05,-0.013726599514484406,-4.693821210821625e-06,0,0,0,0,1,0,0,0,1,0,5
0.1496288776397705,-0.002230605110526085,0.013456800021231174,5.1401875680312514e-05,0.16460849344730377,-0.00033104800968430936,0.11724098026752472,0.015128042548894882,-0.00025208908482454717,4.7141405445927376e-08,1.2750288988172542e-05,-9.645398222346557e-07,0.8418632745742798,8.894715506357898e-07,-0.013844406232237816,-1.7483005649410188e-05,0,0,0,0,1,0,0,0,1,0,13
0.1632242053747177,-0.002100627636536956,0.013697322458028793,0.00019716053793672472,0.178741455078125,-0.0005649751983582973,0.12570403516292572,0.01374825183302164,-0.00022708626056555659,1.704554961179383e-06,4.925530083710328e-05,-1.8303602473679348e-06,0.8279680609703064,-2.3515482098446228e-05,-0.013932760804891586,-3.019668656634167e-05,0,0,0,0,1,0,0,0,1,0,0
0.17702297866344452,-0.0018351967446506023,0.013874909840524197,0.00028796494007110596,0.19197767972946167,-0.00078316789586097,0.11795764416456223,0.012889514677226543,-0.00021233416919130832,2.9663929126400035e-06,7.62483905418776e-05,0.0,0.813997209072113,-6.091743125580251e-05,-0.013999378308653831,-4.3307947635184973e-05,0,0,0,0,1,0,0,0,1,0,18
0.19097664952278137,-0.001580315874889493,0.014012000523507595,0.00022547987464349717,0.20448541641235352,-0.000989212654531002,0.10695063322782516,0.012193022295832634,-0.00020086060976609588,2.806120619425201e-06,7.212870696093887e-05,0.0,0.7999698519706726,-0.00011146371252834797,-0.014048464596271515,-5.647457510349341e-05,0,0,0,0,1,0,0,0,1,0,5
0.2050469070672989,-0.00138910545501858,0.014113328419625759,0.0001635179651202634,0.21630120277404785,-0.001183859072625637,0.11112777888774872,0.011514473706483841,-0.00018968255608342588,2.6498826173337875e-06,6.81127785355784e-05,0.0,0.7859002351760864,-0.0001673524675425142,-0.01408492773771286,-5.540166239370592e-05,0,0,0,0,1,0,0,0,1,0,16
0.21912695467472076,-0.0012632299913093448,0.014121854677796364,0.0001007048922474496,0.22745448350906372,-0.001367591554298997,0.11018572747707367,0.010862900875508785,-0.0001789489178918302,2.4998919343488524e-06,6.425741594284773e-05,-3.643234260282402e-13,0.7717989683151245,-0.00022214338241610676,-0.014112977311015129,-5.428585791378282e-05,0,0,0,0,1,0,0,0,1,0,13
0.2330760359764099,-0.001199015649035573,0.013680142350494862,3.6581815948011354e-05,0.24183553457260132,-0.001405508490279317,0.15713411569595337,0.015835177153348923,2.1325073248590343e-05,8.988106401375262e-07,1.2283413525437936e-05,-9.631056627767975e-07,0.7576740980148315,-0.00027609665994532406,-0.014133312739431858,-5.3984847909305245e-05,0,0,0,0,1,0,0,0,1,0,16
0.24646200239658356,-0.0003790949995163828,0.013312519527971745,4.743987574329367e-06,0.2575588822364807,-0.0013843183405697346,0.13813930749893188,0.01563192531466484,2.1101015590829775e-05,8.988106401375262e-07,1.2283413525437936e-05,-9.631056627767975e-07,0.7435317039489746,-0.0003302160184830427,-0.014149441383779049,-5.422681351774372e-05,0,0,0,0,1,0,0,0,1,0,18
0.259774386882782,0.0010152118047699332,0.013312522321939468,2.3724217044218676e-06,0.2728472352027893,-0.0012916414998471737,0.15094317495822906,0.01587522029876709,0.0002654611016623676,4.049072686029831e-07,-7.755484716653882e-07,1.8019230196841818e-07,0.7293764352798462,-0.0003839249548036605,-0.014159959740936756,-5.016129944124259e-05,0,0,0,0,1,0,0,0,1,0,16
0.27309009432792664,0.0010160921374335885,0.013344252482056618,-1.8706660966927302e-06,0.2886100113391876,-0.001028074068017304,0.1701432168483734,0.015671662986278534,0.00026204189634881914,4.049072686029831e-07,-7.755484716653882e-07,1.8019230196841818e-07,0.7152115106582642,-0.0004224034782964736,-0.014168374240398407,-2.8914670110680163e-05,0,0,0,0,1,0,0,0,1,0,6
0.2865903377532959,0.0009694065665826201,0.013615629635751247,-0.00010002226190408692,0.30402782559394836,-0.0007704494637437165,0.11693182587623596,0.01449597254395485,0.0002410466258879751,-6.415216944333224e-07,2.3246253476827405e-05,1.7086294974433258e-06,0.70103919506073,-0.00043961984920315444,-0.014175387099385262,-7.641746378794778e-06,0,0,0,0,0,1,0,0,1,0,6
0.3003205358982086,0.0007935808389447629,0.01381425280123949,-0.00023570125631522387,0.3181036114692688,-0.0005367642152123153,0.13001041114330292,0.013940108940005302,0.00023135186347644776,-1.0175957640967681e-06,3.186515823472291e-05,1.916140263347188e-06,0.686861515045166,-0.00043447010102681816,-0.014179594814777374,1.605216857569758e-05,0,0,0,0,0,1,0,0,1,0,18
0.31422072649002075,0.0005334297311492264,0.013965018093585968,-0.00024292501620948315,0.3314307630062103,-0.0003161347412969917,0.12117217481136322,0.012896706350147724,0.0002131970541086048,-2.838306727426243e-06,7.317447307286784e-05,3.3007822253239283e-07,0.6726797819137573,-0.0004050521529279649,-0.014183100312948227,4.035478559671901e-05,0,0,0,0,0,1,0,0,1,0,6
0.3277333080768585,0.0009283947292715311,0.013805338181555271,-0.00016054269508458674,0.3439624607563019,-0.00010898093751166016,0.11239121109247208,0.012229668907821178,0.00020216067787259817,-2.824261628120439e-06,7.234496297314763e-05,3.6446426389044606e-13,0.6584950089454651,-0.00035364244831725955,-0.014185905456542969,5.5403445003321394e-05,0,0,0,0,0,1,0,0,1,0,12
0.34065788984298706,0.002017594873905182,0.013368270359933376,0.00016924225201364607,0.3563932180404663,0.0007345270132645965,0.128550723195076,0.014405906200408936,0.0034078890457749367,4.592056484398199e-06,1.4799364180362318e-05,1.6260979464277625e-05,0.6443078517913818,-0.00029760252800770104,-0.014188009314239025,5.656024586642161e-05,0,0,0,0,0,1,0,0,1,0,6
0.35348695516586304,0.0026794825680553913,0.012407583184540272,0.0014420830411836505,0.3706274926662445,0.0040976619347929955,0.15288682281970978,0.014155554585158825,0.0033442892599850893,3.620147708716104e-06,1.611021980352234e-05,1.747985152178444e-05,0.6301191449165344,-0.00024040674907155335,-0.014189411886036396,5.7715486036613584e-05,0,0,0,0,0,1,0,0,1,0,12
0.3656563460826874,0.004859909415245056,0.01184169016778469,0.002562775043770671,0.384444922208786,0.007349242921918631,0.12132283300161362,0.013078253716230392,0.003039832226932049,-1.6678917745593935e-05,4.316318518249318e-05,2.7093195967609063e-05,0.6159405708312988,0.00010316946281818673,-0.014162764884531498,0.0005773206357844174,0,0,0,0,0,1,0,0,1,0,12
0.37753066420555115,0.007422341965138912,0.012079407460987568,0.0025899431202560663,0.39717593789100647,0.010297938250005245,0.11544495075941086,0.012467455118894577,0.0028807129710912704,-2.7712550945580006e-05,5.7600274885771796e-05,1.91938343050424e-05,0.6018133759498596,0.0009655100293457508,-0.01409123931080103,0.0010951461736112833,0,0,0,0,0,1,0,0,1,0,18
0.3898632824420929,0.010020515881478786,0.012525389902293682,0.002595924772322178,0.40922635793685913,0.013076399452984333,0.10648492723703384,0.011762828566133976,0.0027117447461932898,-3.7885078199906275e-05,6.958510493859649e-05,5.830628948405581e-12,0.5877757668495178,0.002318504499271512,-0.013994119130074978,0.0015370120527222753,0,0,0,0,0,1,0,0,1,0,6
0.402585506439209,0.01260953675955534,0.01286092959344387,0.0025996037293225527,0.4206334352493286,0.015706131234765053,0.11318567395210266,0.011119959875941277,0.002563540590927005,-3.5812354326481e-05,6.577806925633922e-05,-5.829577705979139e-12,0.5738419890403748,0.00407046265900135,-0.01388016901910305,0.0019273404031991959,0,0,0,0,0,1,0,0,1,0,14
0.4155716001987457,0.015250288881361485,0.013077259063720703,0.0026747798547148705,0.43140968680381775,0.018190434202551842,0.11169163137674332,0.01049906574189663,0.0024204037617892027,-3.3812459150794894e-05,6.21047438471578e-05,5.8286201386203995e-12,0.5600392818450928,0.006217234302312136,-0.013722741976380348,0.002356650773435831,0,0,0,0,0,0,0,0,1,0,14
0.4282689690589905,0.01826566271483898,0.012462154030799866,0.002555702580139041,0.4415803849697113,0.020535126328468323,0.10880304127931595,0.009906916879117489,0.0022838928271085024,-3.1906172807794064e-05,5.860339661012404e-05,-5.827759282095446e-12,0.5464611053466797,0.008899969048798084,-0.013450664468109608,0.002947763307020068,0,0,0,0,0,0,0,0,1,0,4
0.43962475657463074,0.020831290632486343,0.010659140534698963,0.0017490173922851682,0.45632776618003845,0.02275710739195347,0.16121865808963776,0.060853347182273865,0.0022506574168801308,-3.237890268792398e-05,2.4713903258088976e-05,0.0012465242762118578,0.5331883430480957,0.01216678973287344,-0.013118281029164791,0.0035257074050605297,0,0,0,1,0,0,0,0,1,0,6
0.4486033618450165,0.022167211398482323,0.008381114341318607,0.0012685379479080439,0.5156463980674744,0.02476145513355732,0.5625481605529785,0.05809697136282921,0.0018040942959487438,-3.237890268792398e-05,2.4713903258088976e-05,0.0012465242762118578,0.5212265253067017,0.015580018050968647,-0.010444136336445808,0.0031459559686481953,0,0,0,0,0,1,0,0,1,0,18
0.45617881417274475,0.023343628272414207,0.00722969276830554,0.0009760046959854662,0.5723252892494202,0.026324165984988213,0.7912161350250244,0.05554675683379173,0.0013666758313775063,-3.237890268792398e-05,2.4713903258088976e-05,0.0012465242762118578,0.5134696364402771,0.018324336037039757,-0.005291139241307974,0.002448952291160822,0,0,0,0,0,1,0,0,1,0,6
0.4629412889480591,0.023921789601445198,0.00613261666148901,0.0005071955965831876,0.6265506744384766,0.027455033734440804,0.8584124445915222,0.05316774919629097,0.0009395470260642469,-3.237890268792398e-05,2.4713903258088976e-05,0.0012465242762118578,0.5111215710639954,0.021027542650699615,-0.0001973965554498136,0.003114927327260375,0,0,0,0,0,1,0,0,1,0,7
0.4692341089248657,0.024430762976408005,0.006770737003535032,0.0005086928722448647,0.6784782409667969,0.02816484309732914,0.7743678092956543,0.05093279108405113,0.0005235623102635145,-3.237890268792398e-05,2.4713903258088976e-05,0.0012465242762118578,0.5137949585914612,0.023498039692640305,0.00462847575545311,0.0018277522176504135,0,0,0,0,0,0,1,0,1,0,10
0.4768359661102295,0.02487330697476864,0.00825384072959423,0.00036378795630298555,0.7282400131225586,0.02846505679190159,0.5484088063240051,0.04882049560546875,0.00011925132275791839,-3.237890268792398e-05,2.4713903258088976e-05,0.0012465242762118578,0.5196266770362854,0.02469903603196144,0.006608051247894764,0.000809653545729816,0,0,0,0,0,0,1,0,1,0,10
0.4857819080352783,0.025074418634176254,0.009334788657724857,6.519436283269897e-05,0.775948703289032,0.02836749516427517,0.1890265941619873,0.046813592314720154,-0.00027316436171531677,-3.237890268792398e-05,2.4713903258088976e-05,0.0012465242762118578,0.5270259380340576,0.025434307754039764,0.008022435009479523,0.0006505462224595249,0,0,0,0,0,0,1,0,1,0,11
0.495281457901001,0.025131942704319954,0.009877541102468967,5.430011515272781e-05,0.8156797289848328,0.028338614851236343,0.27924925088882446,0.037652771919965744,-1.555752896820195e-05,-2.9409751732600853e-05,4.335475750849582e-05,0.0011379780480638146,0.535741925239563,0.025930630043148994,0.009252393618226051,0.000358112680260092,0,0,0,0,0,0,1,0,1,0,13
0.5056942105293274,0.02517993003129959,0.010823502205312252,4.1694733226904646e-05,0.8527319431304932,0.028223814442753792,0.3510655462741852,0.0365600548684597,-0.00019658742530737072,-2.9409751732600853e-05,4.335475750849582e-05,0.0011379780480638146,0.5450764298439026,0.026149582117795944,0.00943366251885891,0.0001782150357030332,0,0,0,0,0,0,1,0,1,0,18
0.5169748067855835,0.02521742507815361,0.011647097766399384,3.69891022273805e-05,0.888688325881958,0.027925988659262657,0.2749629318714142,0.03546163812279701,-0.0003811222268268466,-2.9409751732600853e-05,4.335475750849582e-05,0.0011379780480638146,0.5550365447998047,0.02631445601582527,0.010367000475525856,0.00014898309018462896,0,0,0,0,0,0,1,0,1,0,14
0.5290087461471558,0.025253649801015854,0.012324487790465355,3.516388824209571e-05,0.9231483340263367,0.027475925162434578,0.12585502862930298,0.03093079663813114,-0.00025940066552720964,-2.4111743186949752e-05,6.526161450892687e-05,0.0009627334075048566,0.5658206939697266,0.026439664885401726,0.010988992638885975,0.00010814393317559734,0,0,0,0,0,0,0,0,1,0,2
0.5416313409805298,0.025287216529250145,0.012845502234995365,3.273977563367225e-05,0.9534770846366882,0.027176721021533012,0.19970659911632538,0.03000452183187008,-0.00034148324630223215,-2.3665903427172452e-05,6.708569708280265e-05,0.0009465735638514161,0.5767566561698914,0.026530146598815918,0.01117166317999363,7.777122664265335e-05,0,1,0,0,0,0,0,0,1,0,3
0.5546892285346985,0.025319622829556465,0.01322810910642147,3.153677607770078e-05,0.9830662608146667,0.026781607419252396,0.12421859800815582,0.029241863638162613,-0.0004397505254019052,-2.3665903427172452e-05,6.708569708280265e-05,0.0009465735638514161,0.588362455368042,0.026594240218400955,0.011873739771544933,5.361330113373697e-05,0,0,1,0,0,0,0,0,1,0,18
0.5680748820304871,0.02535012923181057,0.013526218943297863,2.9333650672924705e-05,1.0103464126586914,0.026451554149389267,0.13539159297943115,0.026779213920235634,-0.0003350749611854553,-1.6132127711898647e-05,9.254898759536445e-05,0.0006944986525923014,0.6006690263748169,0.026639655232429504,0.012487737461924553,4.0796348912408575e-05,0,0,1,0,0,0,0,0,1,0,18
