lt_dp_posx,lt_dp_posy,lt_dp_velx,lt_dp_vely,ball_posx,ball_posy,ball_posz,ball_vel_x,ball_vel_y,ball_rot_x,ball_rot_y,ball_rot_z,rt_gk_posx,rt_gk_posy,rt_gk_velx,rt_gk_vely,action_left,action_top_left,action_top,action_top_right,action_right,action_bottom_right,action_bottom,action_bottom_left,action_sprint,action_dribble,sel_action
-1.0110293626785278,-0.0,0.0,-0.0,0.019999999552965164,-0.0,0.11061639338731766,-0.0,0.0,0.0,-0.0,0.0,1.0110293626785278,0.0,-0.0,0.0,0,0,0,0,0,0,0,0,0,0,5
0.0015069420915096998,9.174210696683005e-11,0.003586255246773362,2.5862921179675702e-11,0.019999999552965164,-0.0,0.11059734225273132,-0.0,0.0,0.0,-0.0,0.0,1.0110293626785278,0.0,-0.0,0.0,0,0,0,0,1,0,0,0,0,0,5
0.00464782677590847,-1.8564798587306086e-09,0.005265382118523121,-3.6326505692407807e-10,0.019999999552965164,-0.0,0.10930104553699493,-0.0,0.0,0.0,-0.0,0.0,1.0093543529510498,-1.2261211490560697e-10,-0.0035601502750068903,-2.37856095930411e-10,0,0,0,0,1,0,0,0,0,0,13
0.00921948254108429,-4.506941930770836e-09,0.00681169331073761,-3.145188554043443e-10,0.023584002628922462,-3.7888581161382717e-10,0.12418566644191742,0.008803398348391056,-9.313531057486557e-10,1.4795921649338184e-12,2.538643002480967e-06,-3.416231490402377e-12,1.0049090385437012,-3.4030422924047343e-10,-0.005159658379852772,-1.78800946271096e-10,0,0,0,0,1,0,0,0,1,0,13
0.01681027188897133,-4.655686947074855e-09,0.008202935568988323,-7.154383335761239e-11,0.03196088224649429,-1.2668261994974728e-09,0.11617855727672577,0.007993858307600021,-8.488175717857871e-10,1.1187864003281422e-11,4.438766336534172e-05,-9.97578972553037e-13,0.998912513256073,-3.5970840195354015e-10,-0.006663799285888672,6.758761328384821e-10,0,0,0,0,1,0,0,0,1,0,0
0.025697490200400352,-4.791060881359499e-09,0.009418520145118237,-1.1297969504386884e-10,0.039730194956064224,-2.0918331511410315e-09,0.11511452496051788,0.007578098215162754,-8.04702249279643e-10,1.1241584919885472e-11,4.4826800149166957e-05,6.943769203040039e-19,0.9914822578430176,2.1748872147675513e-10,-0.0080326022580266,4.6161310884862417e-10,0,0,0,0,1,0,0,0,1,0,18
0.03457627072930336,-6.208548342101494e-09,0.009487852454185486,-2.184487174483607e-10,0.04707711562514305,-2.8719862044113142e-09,0.10721345245838165,0.007154013495892286,-7.596693829547974e-10,1.0612574187496282e-11,4.231857747072354e-05,-6.943238256484357e-19,0.9827787280082703,4.807121367633727e-10,-0.009224695153534412,8.909067233942025e-11,0,0,0,0,1,0,0,0,1,0,18
0.042578261345624924,-8.580380850276015e-09,0.009879671037197113,-1.2068075705418124e-10,0.05475374311208725,2.9161358270357596e-06,0.11805135011672974,0.014280557632446289,2.9196711693657562e-05,3.38617610395886e-07,2.294853175044409e-06,2.890495522933634e-07,0.9734154939651489,1.0593338428677157e-09,-0.009538145735859871,7.318989858617897e-10,0,0,0,0,1,0,0,0,1,0,13
0.052944768220186234,7.225368392482778e-08,0.010675630532205105,8.091726613201899e-07,0.0686461552977562,3.095549254794605e-05,0.14384551346302032,0.013800475746393204,2.7824196877190843e-05,2.854333160939859e-07,8.133003575494513e-06,3.5940200859840843e-07,0.963359534740448,1.6253896006901414e-09,-0.010455355979502201,3.971016016013351e-10,0,0,0,0,1,0,0,0,1,0,18
0.06370651721954346,5.073016382084461e-06,0.01101673487573862,8.288241588161327e-06,0.08200079947710037,5.742290886701085e-05,0.12317443639039993,0.012640985660254955,2.420397686364595e-05,-2.5372356660113837e-08,4.154718408244662e-05,4.404358264764596e-07,0.9525248408317566,6.954840614525892e-08,-0.010928686708211899,3.376391362053255e-07,0,0,0,0,1,0,0,0,1,0,5
0.07514198124408722,1.7373202354065143e-05,0.011754298582673073,1.58006096171448e-05,0.09425072371959686,8.059960964601487e-05,0.11358180642127991,0.011894912458956242,2.227987533842679e-05,-3.1288703894460923e-07,7.052048749756068e-05,-4.5553875748600633e-14,0.9415563941001892,1.0206545084656682e-06,-0.011242137290537357,1.473127326789836e-06,0,0,0,0,1,0,0,0,1,0,18
0.0872509554028511,3.55986958311405e-05,0.012389264069497585,1.9662826161948033e-05,0.10581433027982712,0.00010225950973108411,0.11358556151390076,0.011284740641713142,2.113756454491522e-05,-2.952890838514577e-07,6.675275653833523e-05,0.0,0.9299631714820862,3.0771157071285415e-06,-0.011861324310302734,2.526705202399171e-06,0,0,0,0,1,0,0,0,1,0,16
0.09992998838424683,5.8135985455010086e-05,0.012895464897155762,2.5229817765648477e-05,0.11675415933132172,0.00012275102199055254,0.11179306358098984,0.010659477673470974,1.996637729462236e-05,-2.789255972857063e-07,6.305365968728438e-05,4.553798879864193e-14,0.9177908301353455,5.878373031009687e-06,-0.012411790899932384,3.0335104383993894e-06,0,0,0,0,1,0,0,0,1,0,16
0.11304035782814026,-0.00041438377229496837,0.013238980434834957,2.6214351237285882e-05,0.1270812302827835,0.00014209476648829877,0.11068510264158249,0.010058329440653324,1.8840350094251335e-05,-2.631966253829887e-07,5.949801561655477e-05,0.0,0.9051313996315002,9.284669431508519e-06,-0.012844450771808624,3.711636509251548e-06,0,0,0,0,1,0,0,0,1,0,0
0.12627936899662018,-0.002255065366625786,0.013238980434834957,1.4298983842309099e-05,0.13746125996112823,0.0001320509472861886,0.1198311522603035,0.015866780653595924,-0.0002651473041623831,-2.488891084340139e-07,6.209288130776258e-06,-4.6717659074602125e-07,0.8920965194702148,1.2993127711524721e-05,-0.01317683421075344,2.9664602152479347e-06,0,0,0,0,1,0,0,0,1,0,5
0.13951842486858368,-0.00224732025526464,0.013238980434834957,2.38311622524634e-06,0.15297502279281616,-0.00012679616338573396,0.1582086682319641,0.015416872687637806,-0.0002572021330706775,-6.126785478954844e-08,1.0369019946665503e-05,-7.978029543664888e-07,0.8787750601768494,1.385502218909096e-05,-0.013429276645183563,-9.181771360999846e-07,0,0,0,0,1,0,0,0,1,0,18
0.1528988629579544,-0.002216503256931901,0.013511145487427711,7.76411106926389e-05,0.16815951466560364,-0.00037990426062606275,0.11589747667312622,0.014440430328249931,-0.00023943031555972993,1.0346504950575763e-06,3.4541793866083026e-05,-1.8855265579986735e-06,0.8652356863021851,1.0781853234220762e-05,-0.013621414080262184,-5.402436727308668e-06,0,0,0,0,1,0,0,0,1,0,13
0.16654008626937866,-0.0020570510532706976,0.01373694185167551,0.00022574725153390318,0.18207429349422455,-0.000610007846262306,0.11780518293380737,0.013576163910329342,-0.00022415172134060413,1.9001340660906862e-06,5.351151048671454e-05,-1.7033835320034996e-06,0.8515316843986511,-6.115759788372088e-06,-0.013765867799520493,-2.713254070840776e-05,0,0,0,0,1,0,0,0,1,0,0
0.18037302792072296,-0.0017794735031202435,0.013905588537454605,0.0002773594460450113,0.1951410472393036,-0.0008253909763880074,0.11213546991348267,0.012754998169839382,-0.00021019346604589373,2.9365512546064565e-06,7.545432890765369e-05,0.0,0.8377041816711426,-4.505114338826388e-05,-0.013873857446014881,-4.8501573473913595e-05,0,0,0,0,1,0,0,0,1,0,18
0.19435293972492218,-0.0015375937800854445,0.014034789986908436,0.00021267308329697698,0.20750494301319122,-0.0010291392682120204,0.11327014863491058,0.012049010954797268,-0.00019855926802847534,2.773798314592568e-06,7.127239223336801e-05,3.6444463983112407e-13,0.8237839341163635,-9.896676783682778e-05,-0.013955200091004372,-5.402461829362437e-05,0,0,0,0,1,0,0,0,1,0,18
0.208439439535141,-0.0013589761219918728,0.0141217689961195,0.00015101002645678818,0.21918384730815887,-0.0012215989409014583,0.1113809123635292,0.011377506889402866,-0.00018749332230072469,2.619188535391004e-06,6.729971937602386e-05,-1.093123313221367e-12,0.8097943663597107,-0.00015226310642901808,-0.014015506021678448,-5.268834866001271e-05,0,0,0,0,1,0,0,0,1,0,16
0.22253549098968506,-0.0012445359025150537,0.01412187796086073,8.808357233647257e-05,0.23020552098751068,-0.001403228146955371,0.11085903644561768,0.010733198374509811,-0.00017687560466583818,2.4708854198252084e-06,6.348908937070519e-05,3.643109305982023e-13,0.7957529425621033,-0.0002043899439740926,-0.014060385525226593,-5.2317158406367525e-05,0,0,0,0,1,0,0,0,1,0,13
0.2363872528076172,-0.0011921614641323686,0.013533059507608414,2.4116352506098337e-05,0.24559386074543,-0.0014012651517987251,0.16133412718772888,0.01579444669187069,2.1435846065287478e-05,8.989372872747481e-07,1.2278234862606041e-05,-9.62519834502018e-07,0.7816728353500366,-0.000257810577750206,-0.014094044454395771,-5.4319276387104765e-05,0,0,0,0,1,0,0,0,1,0,5
0.24972181022167206,-1.0033062608272303e-05,0.013312779366970062,4.270002591511002e-06,0.2612702548503876,-0.0013799777952954173,0.12239532917737961,0.015528482384979725,2.0958230379619636e-05,8.827035458125465e-07,1.3362758181756362e-05,-9.203789090861392e-07,0.7675638794898987,-0.0003132191195618361,-0.014119288884103298,-5.629644510918297e-05,0,0,0,0,1,0,0,0,1,0,13
0.2630343735218048,0.0010158231016248465,0.013312697410583496,1.8982938172484864e-06,0.2766134738922119,-0.0012384242145344615,0.16264545917510986,0.015834014862775803,0.00026476336643099785,4.0460818695464695e-07,-7.783458499943663e-07,1.8099561316375912e-07,0.7534330487251282,-0.0003622111107688397,-0.014138923026621342,-4.1485520341666415e-05,0,0,0,0,1,0,0,0,1,0,5
0.276365727186203,0.0010145731503143907,0.01340525969862938,-1.1444127267168369e-05,0.29233571887016296,-0.0009755368810147047,0.16224059462547302,0.01563160866498947,0.0002613748365547508,4.0460818695464695e-07,-7.783458499943663e-07,1.8099561316375912e-07,0.7392862439155579,-0.0003945031203329563,-0.01415224652737379,-2.476382360327989e-05,0,0,0,0,1,0,0,0,1,0,16
0.28991779685020447,0.0009453874081373215,0.013660508207976818,-0.00012819810945075005,0.3074803650379181,-0.0007227874011732638,0.1277250200510025,0.014215461909770966,0.00023610767675563693,-8.710800329936319e-07,2.8503534849733114e-05,1.8580154801384197e-06,0.7251273393630981,-0.00040837505366653204,-0.014163466170430183,-2.4134176328516332e-06,0,0,0,0,1,0,0,0,1,0,16
0.3036859929561615,0.0007427565869875252,0.013847561553120613,-0.0002616668934933841,0.3214663565158844,-0.0004906599060632288,0.1203974112868309,0.013780017383396626,0.00022855801216792315,-1.1531043355716974e-06,3.495608689263463e-05,1.9430590327829123e-06,0.7109594941139221,-0.0003954028070438653,-0.014171179383993149,2.5564582756487653e-05,0,0,0,0,1,0,0,0,1,0,6
0.3176151216030121,0.00048699890612624586,0.01399061270058155,-0.00022997919586487114,0.3345893323421478,-0.00027356637292541564,0.11646097898483276,0.012775320559740067,0.00021118212316650897,-2.9504840313165914e-06,7.557716890005395e-05,-7.290503921050795e-13,0.6967852115631104,-0.0003547300584614277,-0.014176789671182632,5.0658600230235606e-05,0,0,0,0,0,1,0,0,1,0,6
0.3309248089790344,0.0011496020015329123,0.013769295997917652,-2.5297752017650055e-06,0.34698450565338135,-6.866781041026115e-05,0.11196406930685043,0.012087264098227024,0.00019980820070486516,-2.7911883080378175e-06,7.149721204768866e-05,0.0,0.6826062202453613,-0.0003046553465537727,-0.01418099645525217,4.959627040079795e-05,0,0,0,0,0,1,0,0,1,0,12
0.3439120352268219,0.0020517033990472555,0.013251515105366707,0.0001677681866567582,0.3598514497280121,0.0014107779134064913,0.14147095382213593,0.014295609667897224,0.0033779272343963385,3.6201940929458942e-06,1.6110026990645565e-05,1.7480013411841355e-05,0.6684235334396362,-0.0002556457184255123,-0.014183801598846912,4.852925849263556e-05,0,0,0,0,0,1,0,0,1,0,12
0.35656651854515076,0.0030110543593764305,0.012411089614033699,0.0017083806451410055,0.3740508556365967,0.004765547811985016,0.1457281857728958,0.014120482839643955,0.0033360631205141544,3.6201940929458942e-06,1.6110026990645565e-05,1.7480013411841355e-05,0.6542404890060425,-9.719732770463452e-05,-0.014178192242980003,0.00032371189445257187,0,0,0,0,0,1,0,0,1,0,12
0.368609756231308,0.005370127037167549,0.011754386126995087,0.002543927635997534,0.38763144612312317,0.00795038789510727,0.1284773349761963,0.012907466851174831,0.0029943345580250025,-1.9653449271572754e-05,4.709598943009041e-05,2.5936551537597552e-05,0.6400780081748962,0.00044278710265643895,-0.014145934954285622,0.0007168042357079685,0,0,0,0,0,1,0,0,1,0,13
0.38055893778800964,0.007941882126033306,0.012175826355814934,0.0025966805405914783,0.4002372920513153,0.010866659693419933,0.11383724212646484,0.012260712683200836,0.0028264960274100304,-3.967590964748524e-05,7.276620453922078e-05,-1.1663106244674815e-11,0.6259614825248718,0.001370617770589888,-0.01409123931080103,0.0010855424916371703,0,0,0,0,0,1,0,0,1,0,12
0.3929775655269623,0.010539651848375797,0.012602174654603004,0.0025922388304024935,0.4121559262275696,0.013614337891340256,0.11452346295118332,0.011627176776528358,0.00268048164434731,-3.744500281754881e-05,6.877657142467797e-05,0.0,0.6119041442871094,0.0026286267675459385,-0.014027426950633526,0.0013989036669954658,0,0,0,0,0,1,0,0,1,0,12
0.4057626724243164,0.013132095336914062,0.01291036605834961,0.002614077180624008,0.42343655228614807,0.016214914619922638,0.11012730747461319,0.010995842516422272,0.002534938044846058,-3.541365003911778e-05,6.504550401587039e-05,0.0,0.5979204773902893,0.004199132323265076,-0.013946084305644035,0.0017106354935094714,0,0,0,0,0,1,0,0,1,0,5
0.41878992319107056,0.015787851065397263,0.013112671673297882,0.002689067739993334,0.4340892434120178,0.018670739606022835,0.10928008705377579,0.010379037819802761,0.0023927423171699047,-3.342683703522198e-05,6.13962474744767e-05,2.9142209478916214e-12,0.5840387344360352,0.0061138831079006195,-0.013824069872498512,0.0020873816683888435,0,0,0,0,1,0,0,0,1,0,12
0.4312525987625122,0.018854619935154915,0.012128773145377636,0.0023676748387515545,0.4441421926021576,0.020988311618566513,0.1111873909831047,0.009792453609406948,0.00225751381367445,-3.153701254632324e-05,5.7925135479308665e-05,-2.9137987595656556e-12,0.5702939629554749,0.00841087568551302,-0.013676110655069351,0.0024678746704012156,0,0,0,0,1,0,0,0,1,0,5
0.4422481060028076,0.021151836961507797,0.009950820356607437,0.001550747430883348,0.470168799161911,0.023177901282906532,0.2242833375930786,0.06411280483007431,0.0020817331969738007,-1.3199724890000653e-05,4.450167398317717e-05,0.0017283931374549866,0.5567305684089661,0.011124828830361366,-0.013436639681458473,0.0029731453396379948,0,0,0,0,1,0,0,0,1,0,12
0.45084434747695923,0.022418281063437462,0.008052587509155273,0.0012385788140818477,0.5325936675071716,0.024884309619665146,0.45626214146614075,0.06107227876782417,0.0014048904413357377,-1.3199724890000653e-05,4.450167398317717e-05,0.0017283931374549866,0.5434879064559937,0.01444112416356802,-0.013073752634227276,0.003594502341002226,0,0,0,0,1,0,0,0,1,0,17
0.4581727385520935,0.02347836270928383,0.0068994127213954926,0.0005705647636204958,0.5920735001564026,0.025934727862477303,0.47604089975357056,0.05819892883300781,0.0007662515854462981,-1.3199724890000653e-05,4.450167398317717e-05,0.0017283931374549866,0.5306679010391235,0.018356889486312866,-0.012423010542988777,0.004078169818967581,0,0,0,0,1,0,0,0,1,1,0
0.46476539969444275,0.024023570120334625,0.00613261666148901,0.0005071813357062638,0.6487545967102051,0.0263681560754776,0.2977508008480072,0.05545669049024582,0.00016707742179278284,-1.3199724890000653e-05,4.450167398317717e-05,0.0017283931374549866,0.5199809074401855,0.02190551906824112,-0.008965941146016121,0.003018618794158101,0,0,0,0,1,0,0,0,1,1,7
0.4703636169433594,0.02480441890656948,0.004496644716709852,0.0012217240873724222,0.6998257637023926,0.026308350265026093,0.18448041379451752,0.04560523107647896,-0.00015700173389632255,-1.183056338049937e-05,6.408079934772104e-05,0.0015960847958922386,0.5137425065040588,0.024033812806010246,-0.0038627316243946552,0.0013325345935299993,0,0,0,0,0,0,1,0,1,1,2
0.4732562303543091,0.026787031441926956,0.001740806270390749,0.0027464053127914667,0.7445494532585144,0.025947820395231247,0.2233460694551468,0.04399409517645836,-0.0005237230798229575,-1.183056338049937e-05,6.408079934772104e-05,0.0015960847958922386,0.5131859183311462,0.024772748351097107,0.0023242305032908916,0.0006202590302564204,0,1,0,0,0,0,0,0,1,1,5
0.47425106167793274,0.030183522030711174,0.001230660593137145,0.0035256575793027878,0.7871330380439758,0.025255916640162468,0.1229817122220993,0.03845706582069397,-0.0006760681862942874,-8.634585356048774e-06,8.736999006941915e-05,0.001379768131300807,0.5169562101364136,0.025240350514650345,0.004533108323812485,0.0003685506235342473,0,0,0,0,1,0,0,0,1,1,16
0.47698238492012024,0.03251197934150696,0.004112215247005224,0.0014300181064754725,0.8245638608932495,0.02447597123682499,0.13717667758464813,0.03690100833773613,-0.0008738785982131958,-8.260741196863819e-06,9.002943988889456e-05,0.0013522093649953604,0.5223690271377563,0.025470290333032608,0.006111579947173595,0.00011119546252302825,0,0,0,0,1,0,0,0,1,1,12
0.48245349526405334,0.03319858759641647,0.006136626470834017,0.0002805671829264611,0.8588719964027405,0.023617904633283615,0.11665190011262894,0.03249204158782959,-0.0008434721385128796,-1.5927730601106305e-06,0.00012605881784111261,0.0009144218638539314,0.5292792320251465,0.025566548109054565,0.007540338207036257,7.677306712139398e-05,0,0,0,0,1,0,0,0,1,1,11
0.4895503520965576,0.03340804576873779,0.007706881500780582,0.00017996100359596312,0.8892589211463928,0.0228272695094347,0.11030023545026779,0.028979066759347916,-0.0007530706352554262,1.0519016541366e-05,0.0001713992969598621,-2.9405187052661264e-12,0.5375272631645203,0.025606809183955193,0.008800099603831768,5.3330472837842535e-06,0,0,0,0,1,0,0,0,1,1,10
0.4980715215206146,0.03358118236064911,0.009040961973369122,0.00010700925486162305,0.9167904853820801,0.022111812606453896,0.11016218364238739,0.026411205530166626,-0.0006863407324999571,9.587258318788372e-06,0.00015621694910805672,8.806139845107808e-12,0.5467864274978638,0.025583120062947273,0.009537794627249241,-3.52209281118121e-05,0,0,0,0,1,0,0,0,1,1,8
0.5073027610778809,0.03403225913643837,0.00811708439141512,0.0008403934189118445,0.9419679045677185,0.02145753614604473,0.11023009568452835,0.024218076840043068,-0.0006293486221693456,8.791305845079478e-06,0.00014324751100502908,-2.931377796749901e-12,0.5568411350250244,0.025535015389323235,0.010453603230416775,-6.0260579630266875e-05,0,0,0,0,0,0,0,1,1,1,14
0.5129261016845703,0.03567809239029884,0.003258548676967621,0.001545526902191341,0.9651204943656921,0.020855871960520744,0.11026416718959808,0.02232058346271515,-0.0005800388171337545,8.102611900540069e-06,0.00013202578702475876,-1.4641005421922593e-12,0.5676738619804382,0.02545985020697117,0.010927985422313213,-8.458726370008662e-05,0,0,0,0,0,0,0,0,1,1,13
0.5154320597648621,0.03672846406698227,0.0013439060421660542,0.0007320554577745497,0.986510157585144,0.02030002512037754,0.11029063165187836,0.020659824833273888,-0.0005368812708184123,7.499815637856955e-06,0.00012220366625115275,-4.388455744630537e-12,0.5786411166191101,0.025365332141518593,0.011240734718739986,-0.0001047216501319781,0,0,0,0,0,0,0,0,1,1,12
0.5176761150360107,0.03761523962020874,0.002872295444831252,0.0011124766897410154,1.0063481330871582,0.01978449895977974,0.11031027883291245,0.019191650673747063,-0.0004987283027730882,6.966901764826616e-06,0.00011352022556820884,0.0,0.5902320742607117,0.025248892605304718,0.011858519166707993,-0.00012579717440530658,0,0,0,0,0,0,0,0,1,1,4
