lt_dp_posx,lt_dp_posy,lt_dp_velx,lt_dp_vely,ball_posx,ball_posy,ball_posz,ball_vel_x,ball_vel_y,ball_rot_x,ball_rot_y,ball_rot_z,rt_gk_posx,rt_gk_posy,rt_gk_velx,rt_gk_vely,action_left,action_top_left,action_top,action_top_right,action_right,action_bottom_right,action_bottom,action_bottom_left,action_sprint,action_dribble,sel_action
-1.0110293626785278,-0.0,0.0,-0.0,0.019999999552965164,-0.0,0.11061639338731766,-0.0,0.0,0.0,-0.0,0.0,1.0110293626785278,0.0,-0.0,0.0,0,0,0,0,0,0,0,0,0,0,5
0.0022227545268833637,1.214716660591364e-10,0.003935635089874268,2.5671381687075723e-11,0.019999999552965164,-0.0,0.11059734225273132,-0.0,0.0,0.0,-0.0,0.0,1.0097103118896484,-9.883707047242396e-11,-0.0033988673239946365,-2.355277084475915e-10,0,0,0,0,1,0,0,0,0,0,5
0.005271322093904018,-2.6352731108403304e-09,0.005585023667663336,-4.004820364222894e-10,0.019999999552965164,-0.0,0.10930104553699493,-0.0,0.0,0.0,-0.0,0.0,1.005424976348877,-3.225346101309867e-10,-0.0050032841973006725,-1.920526515597487e-10,0,0,0,0,1,0,0,0,0,0,13
0.010625659488141537,-4.5637658097064104e-09,0.007103427313268185,-2.554758071759977e-10,0.025320498272776604,-5.634832600520667e-10,0.1260860562324524,0.008659591898322105,-9.180178284218243e-10,2.2965069516184267e-12,6.04173601459479e-06,-4.012789232843428e-12,0.9995788931846619,-4.276774212552681e-10,-0.0065179429948329926,-2.0311238801973275e-11,0,0,0,0,1,0,0,0,1,0,13
0.01848970539867878,-4.6795465280524695e-09,0.008461274206638336,-1.3390841213656302e-10,0.03355647996068001,-1.4382255386635734e-09,0.11838945001363754,0.007918355986475945,-8.42004965750931e-10,1.176400036412284e-11,4.684515806729905e-05,0.0,0.9922854900360107,1.760744050560703e-10,-0.007902874611318111,5.02893837683871e-10,0,0,0,0,1,0,0,0,1,0,18
0.027614345774054527,-4.809848963560626e-09,0.009638728573918343,-8.884844249212875e-11,0.041250068694353104,-2.2563302337630375e-09,0.1135486587882042,0.007504452485591173,-7.979922833634134e-10,1.1148005261973903e-11,4.439179610926658e-05,-6.943675111245361e-19,0.9837011694908142,4.944563647413247e-10,-0.009114601649343967,1.544079031301493e-10,0,0,0,0,1,0,0,0,1,0,18
0.03612228110432625,-6.656200479682184e-09,0.009277104400098324,-1.8268359047723948e-10,0.048517677932977676,-3.0291376074131904e-09,0.11264698207378387,0.007074202410876751,-7.522412137639378e-10,1.0508609607495778e-11,4.1845705709420145e-05,-2.0829425256238677e-18,0.9743693470954895,1.0205690736952988e-09,-0.009437869302928448,7.491627873612572e-10,0,0,0,0,1,0,0,0,1,0,18
0.04460865631699562,-8.484513536188842e-09,0.010067443363368511,-1.1342846106821014e-10,0.05758916214108467,8.605913535575382e-06,0.13116511702537537,0.013979627750813961,2.82593955489574e-05,2.9465124384842056e-07,7.136271051422227e-06,3.4855759167840006e-07,0.9644050598144531,1.622554646196761e-09,-0.010371208190917969,4.4307610358451655e-10,0,0,0,0,1,0,0,0,1,0,18
0.055106088519096375,4.77037247037515e-07,0.010675542056560516,2.4280604975501774e-06,0.07142878323793411,3.651112274383195e-05,0.13711479306221008,0.013769258745014668,2.7762731406255625e-05,2.854166609722597e-07,8.147850167006254e-06,3.5950483834312763e-07,0.9536177515983582,3.6237128853144895e-08,-0.010990395210683346,2.2920924891423056e-07,0,0,0,0,1,0,0,0,1,0,0
0.06596015393733978,6.92342246111366e-06,0.011177010834217072,9.552155461278744e-06,0.08453243225812912,6.21985673205927e-05,0.12683330476284027,0.012486477382481098,2.3782886273693293e-05,-6.458757439986584e-08,4.5695003791479394e-05,4.101929391708836e-07,0.9426805973052979,8.839575684760348e-07,-0.011172715574502945,1.396524339725147e-06,0,0,0,0,1,0,0,0,1,0,16
0.07753842324018478,2.0731586118927225e-05,0.011883500963449478,1.7103986465372145e-05,0.09663836658000946,8.502074342686683e-05,0.1176246926188469,0.011771108955144882,2.2048556274967268e-05,-3.080120904996875e-07,6.962900806684047e-05,0.0,0.9311493039131165,2.858740572264651e-06,-0.011804524809122086,2.464405042701401e-06,0,0,0,0,1,0,0,0,1,0,18
0.08977188169956207,3.966278745792806e-05,0.012501724064350128,2.055774712061975e-05,0.10808058828115463,0.00010645325528457761,0.11083377152681351,0.011161502450704575,2.090670204779599e-05,-2.920708368492342e-07,6.602532812394202e-05,4.554409760025753e-14,0.9190320372581482,5.625284757115878e-06,-0.012362704612314701,2.957669721581624e-06,0,0,0,0,1,0,0,0,1,0,18
0.10254812240600586,6.3369981944561e-05,0.012981190346181393,2.649111411301419e-05,0.1188960000872612,0.00012671167496591806,0.10950885713100433,0.010538773611187935,1.9740258721867576e-05,-2.757730328539765e-07,6.234108150238171e-05,-4.5536562395158756e-14,0.9064158201217651,8.8922733993968e-06,-0.012806584127247334,3.5240630040789256e-06,0,0,0,0,1,0,0,0,1,0,16
0.11571427434682846,-0.0007769088260829449,0.013238980434834957,2.3831020371289924e-05,0.1291036754846573,0.00014583177107851952,0.11070510745048523,0.009941724129021168,1.8621918570715934e-05,-2.6014203058366547e-07,5.880753815290518e-05,-6.829461990506477e-14,0.8934142589569092,1.2694070392171852e-05,-0.013147382065653801,3.987809577665757e-06,0,0,0,0,1,0,0,0,1,0,13
0.12895330786705017,-0.0022525659296661615,0.013239067979156971,1.1915582035726402e-05,0.140615314245224,7.988599827513099e-05,0.13553325831890106,0.01557299867272377,-0.0002598423161543906,-6.126012408458337e-08,1.036990033753682e-05,-7.978075018399977e-07,0.8801179528236389,1.6977113773464225e-05,-0.013407538644969463,4.535351763479412e-06,0,0,0,0,1,0,0,0,1,0,13
0.14219574630260468,-0.0022468690294772387,0.013272990472614765,3.3491965041321237e-06,0.15608079731464386,-0.0001781393657438457,0.15389469265937805,0.015377793461084366,-0.0002565539616625756,-6.126012408458337e-08,1.036990033753682e-05,-7.978075018399977e-07,0.8665978312492371,2.1803523850394413e-05,-0.013604585081338882,5.060251169197727e-06,0,0,0,0,1,0,0,0,1,0,16
0.15563490986824036,-0.002196631161496043,0.013562160544097424,0.00010679462866391987,0.17103396356105804,-0.00042704708175733685,0.12458185106515884,0.014172323048114777,-0.00023464793048333377,1.2913152431792696e-06,4.019002153654583e-05,-1.932192162712454e-06,0.852908194065094,1.4493594790110365e-05,-0.013753245584666729,-1.938341483764816e-05,0,0,0,0,1,0,0,0,1,0,16
0.16931922733783722,-0.0020076557993888855,0.013774283230304718,0.00025409332010895014,0.18478500843048096,-0.0006542741321027279,0.10572804510593414,0.013355893082916737,-0.00022030368563719094,2.1954676867608214e-06,5.991645957692526e-05,-1.4151382856653072e-06,0.8390914797782898,-1.911532126541715e-05,-0.01386404037475586,-4.501858347794041e-05,0,0,0,0,1,0,0,0,1,0,5
0.1831846684217453,-0.001725860289297998,0.013934689573943615,0.00026497329236008227,0.19769737124443054,-0.0008670638198964298,0.11271274089813232,0.01260455697774887,-0.000207717705052346,2.90160551230656e-06,7.455514423782006e-05,7.290113066167614e-13,0.8251798152923584,-7.249792543007061e-05,-0.013947486877441406,-5.4372638260247186e-05,0,0,0,0,1,0,0,0,1,0,16
0.19718925654888153,-0.0014969457406550646,0.014056352898478508,0.00020027445862069726,0.20992252230644226,-0.001068528858013451,0.11237554252147675,0.011916355229914188,-0.00019637640798464417,2.7433950435806764e-06,7.049003761494532e-05,3.6443049099277314e-13,0.8111968040466309,-0.00012608090764842927,-0.014009896665811539,-5.292407513479702e-05,0,0,0,0,1,0,0,0,1,0,0
0.2112855464220047,-0.0013310274807736278,0.014121859334409237,0.00013841709005646408,0.22146748006343842,-0.0012587840901687741,0.11105363070964813,0.011247918009757996,-0.0001853607827797532,2.5894830741890473e-06,6.653536547673866e-05,3.643614002093315e-13,0.7971601486206055,-0.00017826147086452693,-0.014056879095733166,-5.1990860811201856e-05,0,0,0,0,1,0,0,0,1,0,5
0.22538252174854279,-0.0012291098246350884,0.014120737090706825,7.549019937869161e-05,0.2329203486442566,-0.001418543979525566,0.12036368995904922,0.016202325001358986,2.2783331587561406e-05,9.569889698468614e-07,8.313909347634763e-06,-1.1230620202695718e-06,0.783083438873291,-0.0002310148993274197,-0.014091940596699715,-5.3372583352029324e-05,0,0,0,0,1,0,0,0,1,0,5
0.23909927904605865,-0.0011891196481883526,0.013386151753365993,1.1927167179237586e-05,0.24877412617206573,-0.0013969874707981944,0.16152387857437134,0.015753796324133873,2.1391195332398638e-05,8.989440516415925e-07,1.2278042959223967e-05,-9.624997119317413e-07,0.7689769864082336,-0.00028513395227491856,-0.014117185026407242,-5.4726118833059445e-05,0,0,0,0,1,0,0,0,1,0,5
0.2524116039276123,0.000357985234586522,0.013312599621713161,3.7958748180244584e-06,0.2643519937992096,-0.00137598707806319,0.10267231613397598,0.015166591852903366,1.9513561710482463e-05,7.958136052366171e-07,1.9121653167530894e-05,-7.102553354343399e-07,0.7548486590385437,-0.0003366851306054741,-0.014136819168925285,-4.736911432701163e-05,0,0,0,0,1,0,0,0,1,0,16
0.2657240331172943,0.0010161364916712046,0.013312522321939468,1.4232747389542055e-06,0.2798015773296356,-0.0011855685152113438,0.17040634155273438,0.01579304225742817,0.0002640736638568342,4.045866432988987e-07,-7.778239137223864e-07,1.8104755383774318e-07,0.7407037019729614,-0.0003787959285546094,-0.014151545241475105,-3.780367478611879e-05,0,0,0,0,1,0,0,0,1,0,13
0.2790824770927429,0.0010100062936544418,0.013462585397064686,-2.7134015908814035e-05,0.29548346996307373,-0.0009233541204594076,0.1504458338022232,0.015591677278280258,0.0002607136848382652,4.045866432988987e-07,-7.778239137223864e-07,1.8104755383774318e-07,0.7265461087226868,-0.00040884254849515855,-0.014162063598632812,-1.8278431525686756e-05,0,0,0,0,1,0,0,0,1,0,14
0.29268333315849304,0.0009155547013506293,0.013702932745218277,-0.0001561351091368124,0.31032794713974,-0.0006759605021215975,0.1344221979379654,0.01407252624630928,0.00023360838531516492,-9.809391485759988e-07,3.1020234018797055e-05,1.904934265439806e-06,0.712378978729248,-0.00040816841647028923,-0.014170478098094463,1.6186297216336243e-05,0,0,0,0,0,0,0,0,1,0,6
0.30648720264434814,0.000688004307448864,0.01387876644730568,-0.0002729546104092151,0.32421186566352844,-0.00044560377136804163,0.10671103000640869,0.013519799336791039,0.00022400567831937224,-1.4116085367277265e-06,4.0852839447325096e-05,1.9270405573479366e-06,0.698205292224884,-0.00037301157135516405,-0.014176088385283947,5.068199607194401e-05,0,0,0,0,0,1,0,0,1,0,7
0.32044389843940735,0.0004429569817148149,0.014014454558491707,-0.00021702845697291195,0.3371511399745941,-0.0002316628088010475,0.10754548758268356,0.012635797262191772,0.0002088762412313372,-2.9181892386986874e-06,7.475016900571063e-05,0.0,0.6840267181396484,-0.000323231506627053,-0.014180295169353485,4.904104207525961e-05,0,0,0,0,0,0,1,0,1,0,6
0.33353251218795776,0.0014054286293685436,0.013691570609807968,0.00015737237117718905,0.3494088053703308,-2.9037024432909675e-05,0.11276651173830032,0.01195143349468708,0.00019756334950216115,-2.7599380700848997e-06,7.069655111990869e-05,0.0,0.6698442697525024,-0.00027509513893164694,-0.014183801598846912,4.7395627916557714e-05,0,0,0,0,0,1,0,0,1,0,12
0.34656211733818054,0.002101719845086336,0.013037989847362041,0.0003355185326654464,0.36273258924484253,0.00208508362993598,0.15035368502140045,0.014260595664381981,0.0033694044686853886,3.6201511193212355e-06,1.6110083379317075e-05,1.7479884263593704e-05,0.6556593179702759,-0.00022254254145082086,-0.014185905456542969,6.30719296168536e-05,0,0,0,0,0,1,0,0,1,0,3
0.3590753972530365,0.003386939875781536,0.01239776611328125,0.0019756159745156765,0.3768967390060425,0.005431510973721743,0.1345832198858261,0.014085211791098118,0.003327844897285104,3.6201511193212355e-06,1.6110083379317075e-05,1.7479884263593704e-05,0.6414726376533508,-0.00014449481386691332,-0.01418730802834034,9.030108049046248e-05,0,0,1,0,0,0,0,0,1,0,5
0.37098395824432373,0.005877894349396229,0.011766658164560795,0.002545606577768922,0.3902234137058258,0.008544874377548695,0.13146385550498962,0.012800402007997036,0.0029664048925042152,-2.1424861188279465e-05,4.942740633850917e-05,2.4914461391745135e-05,0.6272851228713989,-2.0987454263377003e-05,-0.014185204170644283,0.00023905665148049593,0,0,0,0,1,0,0,0,1,0,16
0.3830345869064331,0.00846150703728199,0.012268739752471447,0.002599931787699461,0.4026968777179718,0.01142739225178957,0.11832620203495026,0.012131649069488049,0.002796776592731476,-3.9069920603651553e-05,7.176122744567692e-05,5.831256484623015e-12,0.6131262183189392,0.0005668376106768847,-0.014127002097666264,0.0008727972162887454,0,0,0,0,1,0,0,0,1,0,12
0.39553558826446533,0.011057214811444283,0.01267580408602953,0.002587796887382865,0.41448986530303955,0.01414609607309103,0.11485911905765533,0.011504095047712326,0.0026521040126681328,-3.704997288878076e-05,6.805108569096774e-05,-5.8301983033026694e-12,0.5990620255470276,0.001786413718946278,-0.014002182520925999,0.0015024683671072125,0,0,0,0,1,0,0,0,1,0,12
0.4083782434463501,0.013656959868967533,0.012956647202372551,0.0026292065158486366,0.4256429970264435,0.016717301681637764,0.11186166107654572,0.010865462012588978,0.002504877047613263,-3.499162630760111e-05,6.427042535506189e-05,-5.829178285898795e-12,0.5851354598999023,0.003558640368282795,-0.013867896981537342,0.001962475711479783,0,0,0,0,1,0,0,0,1,0,14
0.4213826060295105,0.01640917919576168,0.013046467676758766,0.002675442025065422,0.4361737370491028,0.019145004451274872,0.11103268712759018,0.01025848276913166,0.0023649469949305058,-3.30378461512737e-05,6.068185030017048e-05,0.0,0.5713498592376709,0.005749588832259178,-0.013713977299630642,0.0023771878331899643,0,0,0,0,0,0,0,0,1,0,0
0.43359342217445374,0.019390055909752846,0.011752490885555744,0.0020900643430650234,0.4461106061935425,0.021435804665088654,0.10831203311681747,0.009679327718913555,0.002231431193649769,-3.117326195933856e-05,5.725707524106838e-05,-8.741161440506406e-12,0.5577473044395447,0.008379821665585041,-0.013476960361003876,0.002895766170695424,0,0,0,0,0,0,0,0,1,0,4
0.444156289100647,0.02143057808279991,0.009226448833942413,0.0013418032322078943,0.48345232009887695,0.02266506850719452,0.22351107001304626,0.06449659168720245,0.00022021328913979232,4.349260052549653e-06,3.605975871323608e-05,0.0005833153845742345,0.5444746017456055,0.0116443932056427,-0.01309373788535595,0.0035634308587759733,0,0,0,1,0,0,0,0,1,0,14
0.4523825943470001,0.022656822577118874,0.0073944819159805775,0.0011787317926064134,0.5461677312850952,0.02276642806828022,0.3024110198020935,0.061294540762901306,7.246707355079707e-06,4.349260052549653e-06,3.605975871323608e-05,0.0005833153845742345,0.5316280126571655,0.0155652966350317,-0.012632678262889385,0.004209884442389011,0,0,0,0,0,0,0,0,1,0,3
0.4595790505409241,0.023592276498675346,0.006899062544107437,0.0005705647636204958,0.6058060526847839,0.02266635000705719,0.19691672921180725,0.058313071727752686,-0.00018474458192940801,4.349260052549653e-06,3.605975871323608e-05,0.0005833153845742345,0.5206263065338135,0.01925494335591793,-0.009386680088937283,0.0031731915660202503,0,0,1,0,0,0,0,0,1,0,0
0.4660184383392334,0.024124806746840477,0.00613261666148901,0.0005071813357062638,0.6588232517242432,0.022390402853488922,0.1646920144557953,0.0494350828230381,-0.00034202763345092535,4.378373432700755e-06,5.7916317018680274e-05,0.0005402914830483496,0.5138835310935974,0.021552398800849915,-0.004409341141581535,0.0015125034842640162,0,0,1,0,0,0,0,0,1,0,2
0.47272297739982605,0.02461615949869156,0.007390274666249752,0.00044406886445358396,0.7067506909370422,0.021979209035634995,0.11781588196754456,0.04422728717327118,-0.0004499655624385923,4.6471686800941825e-06,8.005634299479425e-05,0.000484513642732054,0.5127110481262207,0.02237311750650406,0.0016857596347108483,0.0006525282515212893,0,1,0,0,0,0,0,0,1,0,16
0.48090484738349915,0.02491910196840763,0.00879694428294897,0.00015568504750262946,0.7476521134376526,0.021505335345864296,0.11349423974752426,0.03790479525923729,-0.0004812611732631922,5.2710493037011474e-06,0.00012127007357776165,0.0003566983505152166,0.5162736773490906,0.022909408435225487,0.00439040781930089,0.00041730381781235337,0,1,0,0,0,0,0,0,1,0,16
0.4900696575641632,0.02490145154297352,0.009288998320698738,-7.921227370388806e-05,0.7825639843940735,0.02103205770254135,0.1091182604432106,0.032757051289081573,-0.00046293798368424177,5.895446520298719e-06,0.00015832626377232373,0.00019480398623272777,0.5218884348869324,0.02313837595283985,0.006200714036822319,6.0924470744794235e-05,0,1,0,0,0,0,0,0,1,0,6
0.49980607628822327,0.02481088601052761,0.010236144065856934,-0.00010461021884111688,0.8133652806282043,0.020589366555213928,0.10921886563301086,0.029401585459709167,-0.00042394502088427544,5.922028321947437e-06,0.00017390685388818383,0.0,0.52926105260849,0.023164158686995506,0.007807175163179636,1.5975470887497067e-05,0,0,0,0,0,1,0,0,1,0,3
0.510505735874176,0.0246904194355011,0.011110213585197926,-0.00013593558105640113,0.8412827253341675,0.02018681913614273,0.10942471772432327,0.02676902711391449,-0.00038598565151914954,5.391859303927049e-06,0.00015833800716791302,-1.4680342445144712e-12,0.5379431843757629,0.023138636723160744,0.009036827832460403,-4.730792352347635e-05,0,0,1,0,0,0,0,0,1,0,12
0.5219895839691162,0.024549750611186028,0.01186216901987791,-0.00014881299284752458,0.8667889833450317,0.019819039851427078,0.10956976562738419,0.024524245411157608,-0.00035361797199584544,4.93976676807506e-06,0.00014506178558804095,-1.4659581057743787e-12,0.5476304292678833,0.02305813878774643,0.009756075218319893,-8.523267024429515e-05,0,0,1,0,0,0,0,0,1,0,3
0.5341667532920837,0.024393033236265182,0.012483824975788593,-0.0001656140375416726,0.890224039554596,0.019481128081679344,0.10967428237199783,0.02258453145623207,-0.0003256489580962807,4.549098775896709e-06,0.00013358937576413155,-2.928627826359609e-12,0.5580570101737976,0.022959398105740547,0.010647973977029324,-9.996414155466482e-05,0,0,1,0,0,0,0,0,1,0,17
0.546538233757019,0.023811165243387222,0.01176591869443655,-0.001327061909250915,0.9118579626083374,0.019169187173247337,0.10975078493356705,0.02088901959359646,-0.0003012012748513371,4.207605798001168e-06,0.00012356103979982436,7.314948885332739e-13,0.5692344307899475,0.02276250533759594,0.011432765051722527,-0.0002547181211411953,0,0,1,0,0,0,0,0,1,1,2
0.5565797090530396,0.02191443368792534,0.007864373736083508,-0.00219816155731678,0.9319087266921997,0.018880074843764305,0.10980761051177979,0.019391948357224464,-0.00027961493469774723,3.906076926796231e-06,0.00011470630124676973,-7.309540342795295e-13,0.5806767344474792,0.022294120863080025,0.011723097413778305,-0.00033017154783010483,0,1,0,0,0,0,0,0,1,1,7
0.5616055727005005,0.019334832206368446,0.0030013651121407747,-0.0025381571613252163,0.9505549669265747,0.01861121505498886,0.10985038429498672,0.01805826649069786,-0.00026038443320430815,3.6374517549120355e-06,0.00010681777348509058,-7.305065298328361e-13,0.5918295383453369,0.021750876680016518,0.011867662891745567,-0.00034194986801594496,0,0,0,0,0,0,1,0,1,1,0
0.5632761120796204,0.018085453659296036,0.0007203423883765936,-0.0005140181165188551,0.9679441452026367,0.018360475078225136,0.10988296568393707,0.01686064712703228,-0.00024311579181812704,3.396226020413451e-06,9.973392297979444e-05,1.460264418065571e-12,0.6036472916603088,0.021426845341920853,0.012399168685078621,-0.00026323008933104575,0,0,0,0,0,0,1,0,1,1,12
0.5652534365653992,0.017261723056435585,0.0013530934229493141,-0.0006152588175609708,0.9842004776000977,0.018126074224710464,0.10990804433822632,0.01577749475836754,-0.00022749764320906252,3.1780530207470292e-06,9.332703484687954e-05,1.459631894518143e-12,0.6162965893745422,0.02120198681950569,0.012836736626923084,-0.00018966539937537163,0,0,0,0,0,0,1,0,1,1,1
0.5659603476524353,0.0162496455013752,-0.0019653006456792355,-0.00025543259107507765,0.9994283318519592,0.01790650375187397,0.10992754250764847,0.014791525900363922,-0.0002132807858288288,2.979454848173191e-06,8.74949837452732e-05,1.4590930460384177e-12,0.6293248534202576,0.02104896493256092,0.013171223923563957,-0.00013961461081635207,1,0,0,0,0,0,0,0,1,1,14
0.5635335445404053,0.01648603565990925,-0.003480109851807356,0.00024634553119540215,1.0137169361114502,0.017700474709272385,0.10994283109903336,0.013888709247112274,-0.00020026307902298868,2.797606612148229e-06,8.215478737838566e-05,-7.293152084857091e-13,0.6426413059234619,0.020915241912007332,0.013425069861114025,-0.0001283496239921078,0,0,0,0,0,0,0,0,1,1,12
