lt_dp_posx,lt_dp_posy,lt_dp_velx,lt_dp_vely,ball_posx,ball_posy,ball_posz,ball_vel_x,ball_vel_y,ball_rot_x,ball_rot_y,ball_rot_z,rt_gk_posx,rt_gk_posy,rt_gk_velx,rt_gk_vely,action_left,action_top_left,action_top,action_top_right,action_right,action_bottom_right,action_bottom,action_bottom_left,action_sprint,action_dribble,sel_action
-1.0110293626785278,-0.0,0.0,-0.0,0.019999999552965164,-0.0,0.11061639338731766,-0.0,0.0,0.0,-0.0,0.0,1.0110293626785278,0.0,-0.0,0.0,0,0,0,0,0,0,0,0,0,0,5
0.0,-0.0,0.0,-0.0,0.019999999552965164,-0.0,0.11059734225273132,-0.0,0.0,0.0,-0.0,0.0,1.0110293626785278,0.0,-0.0,0.0,0,0,0,0,1,0,0,0,0,0,5
0.0,-0.0,0.0,-0.0,0.019999999552965164,-0.0,0.10930104553699493,-0.0,0.0,0.0,-0.0,0.0,1.0110293626785278,0.0,-0.0,0.0,0,0,0,0,1,0,0,0,0,0,5
0.002222941257059574,1.2141374017282658e-10,0.003935635089874268,2.5671466688526046e-11,0.019999999552965164,-0.0,0.11075475811958313,-0.0,0.0,0.0,-0.0,0.0,1.0089819431304932,-1.4662690506206388e-10,-0.003723537316545844,-2.399299370292596e-10,0,0,0,0,1,0,0,0,0,0,5
0.0052714101038873196,-2.5875643849815333e-09,0.005585019942373037,-3.848884266854924e-10,0.019999999552965164,-0.0,0.11053141206502914,-0.0,0.0,0.0,-0.0,0.0,1.0043776035308838,-3.568936812747836e-10,-0.005314630456268787,-1.64072269659421e-10,0,0,0,0,1,0,0,0,0,0,13
0.01062566228210926,-4.511888640479356e-09,0.007103427313268185,-2.9620111918760017e-10,0.02532191388309002,-5.641108136167361e-10,0.12537787854671478,0.008654146455228329,-9.182553051267917e-10,2.423376603555294e-12,6.569759534613695e-06,-4.1066126194033714e-12,0.9982317090034485,-2.937055043616965e-10,-0.006807551719248295,6.645612393718636e-10,0,0,0,0,1,0,0,0,1,0,16
0.01848970726132393,-4.675544840182511e-09,0.00846126303076744,-1.546263395102443e-10,0.03354698792099953,-1.4384835544944963e-09,0.11837388575077057,0.007911511696875095,-8.419999142361689e-10,1.1762705393048023e-11,4.679934500018135e-05,-1.3888415217529385e-18,0.9906662106513977,2.6667590358187e-10,-0.008160226047039032,4.3620779210939986e-10,0,0,0,0,1,0,0,0,1,0,18
0.027614349499344826,-4.811706144636219e-09,0.009638749994337559,-9.196939043665253e-11,0.04123377799987793,-2.2565664892226778e-09,0.11356095224618912,0.0074977632611989975,-7.979657490331249e-10,1.1147637500596996e-11,4.435222581378184e-05,-1.388733161092694e-18,0.9818469882011414,5.125474489275916e-10,-0.009317257441580296,7.411657398925797e-11,0,0,0,0,1,0,0,0,1,0,5
0.03610934317111969,-6.712881361892187e-09,0.009277140721678734,-1.8268740686888663e-10,0.04849487915635109,-3.0293441088957707e-09,0.11264882236719131,0.007067797239869833,-7.522055200936961e-10,1.0508111741858173e-11,4.1807827074080706e-05,0.0,0.9724517464637756,1.1651634101994546e-09,-0.009637720882892609,7.199259521861734e-10,0,0,0,0,1,0,0,0,1,0,13
0.04458244517445564,-8.596812151040467e-09,0.010067443363368511,-1.1342166095218431e-10,0.0575619600713253,8.605902621638961e-06,0.13116532564163208,0.013979604467749596,2.8259357350179926e-05,2.946660515590338e-07,7.121449016267434e-06,3.4845231766666984e-07,0.9623057246208191,1.6991102969043936e-09,-0.010538101196289062,3.57967350206323e-10,0,0,0,0,1,0,0,0,1,0,18
0.0550798624753952,4.769332804244186e-07,0.01067549828439951,2.4281016521854326e-06,0.07140156626701355,3.6511075450107455e-05,0.13711687922477722,0.013769236393272877,2.7762695026467554e-05,2.854333160939859e-07,8.133003575494513e-06,3.5940200859840843e-07,0.9514368772506714,1.1505635910680212e-07,-0.010879600420594215,4.5067304199619684e-07,0,0,0,0,1,0,0,0,1,0,18
0.06593388319015503,6.923396085767308e-06,0.011177010834217072,9.552246410748921e-06,0.08450516313314438,6.219857459655032e-05,0.12683244049549103,0.012486333958804607,2.3782826247042976e-05,-6.449503331396045e-08,4.567896030494012e-05,4.1026905250873824e-07,0.9404253959655762,1.1836427802336402e-06,-0.011310156434774399,1.5696259652031586e-06,0,0,0,0,1,0,0,0,1,0,18
0.07751210778951645,2.0731738914037123e-05,0.011883413419127464,1.7104237485909835e-05,0.09661086648702621,8.502041600877419e-05,0.11762478947639465,0.011770819313824177,2.2048041500966065e-05,-3.08004928228911e-07,6.962730549275875e-05,-4.55518801389769e-14,0.9287715554237366,3.359735501362593e-06,-0.011916019953787327,2.645165523063042e-06,0,0,0,0,1,0,0,0,1,0,0
0.08974564075469971,3.966320582549088e-05,0.012501811608672142,2.055805452982895e-05,0.1080528050661087,0.00010645241127349436,0.11083365231752396,0.011161230504512787,2.090621092065703e-05,-2.920641009040992e-07,6.602374196518213e-05,-4.554409082399395e-14,0.9165447354316711,6.188916358951246e-06,-0.012460877187550068,3.033642542504822e-06,0,0,0,0,1,0,0,0,1,0,16
0.10252194106578827,6.337087688734755e-05,0.012981277890503407,2.6491670723771676e-05,0.11886794865131378,0.0001267103652935475,0.10950881987810135,0.010538519360125065,1.9739807612495497e-05,-2.757667800779018e-07,6.233958265511319e-05,4.5536562395158756e-14,0.9038431644439697,9.52292339206906e-06,-0.01288231648504734,3.5761365779762855e-06,0,0,0,0,1,0,0,0,1,0,16
0.11568813771009445,-0.0007769071380607784,0.013238980434834957,2.3831164071452804e-05,0.12907537817955017,0.00014583002484869212,0.11070510745048523,0.009941484779119492,1.8621489289216697e-05,-2.6013600518126623e-07,5.880613753106445e-05,-2.2764871042933732e-14,0.8907760381698608,1.3346334526431747e-05,-0.013204882852733135,4.012736098957248e-06,0,0,0,0,1,0,0,0,1,0,18
0.12892717123031616,-0.0022525633685290813,0.013239067979156971,1.1915582035726402e-05,0.14058691263198853,7.988450670382008e-05,0.13553376495838165,0.015573165379464626,-0.0002598405408207327,-6.126785478954844e-08,1.0369019946665503e-05,-7.978029543664888e-07,0.8774299025535583,1.7658960132393986e-05,-0.013451716862618923,4.55598865300999e-06,0,0,0,0,1,0,0,0,1,0,16
0.14216960966587067,-0.002246866701170802,0.013272990472614765,3.3474138945166487e-06,0.1560525745153427,-0.00017813904560171068,0.15389691293239594,0.015377948991954327,-0.00025655209901742637,-6.126785478954844e-08,1.0369019946665503e-05,-7.978029543664888e-07,0.8638719320297241,2.2034082576283254e-05,-0.013637542724609375,1.7652239421295235e-06,0,0,0,0,1,0,0,0,1,0,0
0.15560877323150635,-0.0021966276690363884,0.013562160544097424,0.00010679997649276629,0.17100591957569122,-0.0004270456556696445,0.12458151578903198,0.014172532595694065,-0.000234647435718216,1.2911367548440467e-06,4.018621984869242e-05,-1.9322087609907612e-06,0.8501538634300232,9.544624845148064e-06,-0.01377778872847557,-2.4589686290710233e-05,0,0,0,0,1,0,0,0,1,0,16
0.1692930907011032,-0.002007646718993783,0.013774107210338116,0.00025410045054741204,0.18475712835788727,-0.0006542715127579868,0.1057267040014267,0.013356017880141735,-0.00022030205582268536,2.195377646785346e-06,5.991518992232159e-05,-1.4152240055409493e-06,0.8363158702850342,-2.8830023438786156e-05,-0.013882973231375217,-4.968185385223478e-05,0,0,0,0,1,0,0,0,1,0,18
0.18315863609313965,-0.0017258450388908386,0.013934864662587643,0.0002649750967975706,0.19766958057880402,-0.0008670595125295222,0.11271271109580994,0.012604670599102974,-0.000207716177101247,2.901584139181068e-06,7.455582817783579e-05,7.2901136082687e-13,0.8223882913589478,-8.302749483846128e-05,-0.01396151166409254,-5.410215453593992e-05,0,0,0,0,1,0,0,0,1,0,5
0.19716334342956543,-0.001496927929110825,0.014056352898478508,0.0002002780238399282,0.20989485085010529,-0.0010685230372473598,0.11237561702728271,0.01191645860671997,-0.00019637486548162997,2.7433725335868075e-06,7.049063424346969e-05,3.6443049099277314e-13,0.8083932995796204,-0.0001366644719382748,-0.01401971373707056,-5.324513767845929e-05,0,0,0,0,1,0,0,0,1,0,18
0.2112593650817871,-0.00133103271946311,0.014121981337666512,0.0001384219794999808,0.2214398831129074,-0.0012587768724188209,0.11105364561080933,0.011248010210692883,-0.00018535929848439991,2.5894614736898802e-06,6.653588206972927e-05,0.0,0.7943476438522339,-0.00018957792781293392,-0.014064592309296131,-5.300829798216e-05,0,0,0,0,1,0,0,0,1,0,16
0.22535505890846252,-0.0012292085448279977,0.014120819978415966,7.549299334641546e-05,0.23289287090301514,-0.0014185365289449692,0.12036368250846863,0.016202328726649284,2.2771717340219766e-05,9.569746453053085e-07,8.314104888995644e-06,-1.123085667131818e-06,0.7802642583847046,-0.00024300503719132394,-0.014096848666667938,-5.376471744966693e-05,0,0,0,0,1,0,0,0,1,0,5
0.2390718311071396,-0.0011892173206433654,0.013386151753365993,1.1927167179237586e-05,0.24874666333198547,-0.0013969913125038147,0.16152387857437134,0.015753794461488724,2.137992123607546e-05,8.989376283352613e-07,1.2278230315132532e-05,-9.625376833355404e-07,0.7661528587341309,-0.00029717167490161955,-0.01412139181047678,-5.449172749649733e-05,0,0,0,0,1,0,0,0,1,0,5
0.25238412618637085,0.000357944518327713,0.013312598690390587,3.79573202735628e-06,0.26432451605796814,-0.0013760019792243838,0.1026722863316536,0.015166591852903366,1.9502733266563155e-05,7.958211085679068e-07,1.9121831428492442e-05,-7.103128609742271e-07,0.7520208358764648,-0.00034517780295573175,-0.014139624312520027,-4.269400960765779e-05,0,0,0,0,1,0,0,0,1,0,16
0.26569658517837524,0.0010161199606955051,0.013312522321939468,1.4232747389542055e-06,0.27977409958839417,-0.0011855864431709051,0.17040637135505676,0.01579304225742817,0.00026407369296066463,4.0460912487105816e-07,-7.777784389872977e-07,1.8099038356922392e-07,0.7378730773925781,-0.00038136434159241617,-0.014153649099171162,-3.0857077945256606e-05,0,0,0,0,1,0,0,0,1,0,7
0.27905499935150146,0.0010099898790940642,0.013462585397064686,-2.7134015908814035e-05,0.2954559922218323,-0.0009233720484189689,0.1504458785057068,0.015591677278280258,0.0002607137430459261,4.0460912487105816e-07,-7.777784389872977e-07,1.8099038356922392e-07,0.7237136960029602,-0.000401561614125967,-0.014163466170430183,-7.172520781750791e-06,0,0,0,0,0,0,1,0,1,0,6
0.292655885219574,0.0009155380539596081,0.013702932745218277,-0.00015613601135555655,0.31030043959617615,-0.000675978371873498,0.1344221979379654,0.01407252624630928,0.0002336083707632497,-9.809239145397441e-07,3.102024129475467e-05,1.9049069805987529e-06,0.7095456719398499,-0.00039135635597631335,-0.014171179383993149,2.4428280084975995e-05,0,0,0,0,0,1,0,0,1,0,16
0.3064597249031067,0.0006879872526042163,0.01387876644730568,-0.00027295504696667194,0.3241843581199646,-0.00044562172843143344,0.1067110225558281,0.013519799336791039,0.00022400562011171132,-1.4115963722360902e-06,4.085285036126152e-05,1.9270214579591993e-06,0.695371150970459,-0.0003505105269141495,-0.014176789671182632,4.954881296725944e-05,0,0,0,0,0,1,0,0,1,0,6
0.3204164505004883,0.00044293905375525355,0.014014454558491707,-0.00021702890808228403,0.33712366223335266,-0.0002316808677278459,0.10754549503326416,0.012635797262191772,0.00020887622667942196,-2.918189011325012e-06,7.475016900571063e-05,0.0,0.6811916828155518,-0.0003014582034666091,-0.01418099645525217,4.864556103711948e-05,0,0,0,0,0,1,0,0,1,0,7
0.33350512385368347,0.0014054321218281984,0.013691868633031845,0.0001573724439367652,0.34938132762908936,-2.9055072445771657e-05,0.11276651173830032,0.01195143349468708,0.00019756334950216115,-2.7599380700848997e-06,7.069655111990869e-05,0.0,0.667008638381958,-0.00025331141659989953,-0.014184502884745598,4.773808177560568e-05,0,0,0,0,0,0,1,0,1,0,12
0.34653472900390625,0.0021017335820943117,0.013037989847362041,0.0003355185326654464,0.36270514130592346,0.002085066633298993,0.15035369992256165,0.014260602183640003,0.003369406098499894,3.6201583952788496e-06,1.6110072465380654e-05,1.7479898815508932e-05,0.6528227925300598,-0.00019723770674318075,-0.014186606742441654,6.646390102105215e-05,0,0,0,0,0,0,1,0,1,0,3
0.3590480089187622,0.0033869538456201553,0.01239776611328125,0.0019756159745156765,0.3768692910671234,0.005431495141237974,0.13458330929279327,0.014085222035646439,0.0033278479240834713,3.6201583952788496e-06,1.6110072465380654e-05,1.7479898815508932e-05,0.6386352777481079,-0.000117773815873079,-0.014188009314239025,9.010067151393741e-05,0,0,1,0,0,0,0,0,1,0,12
0.3709565997123718,0.005877908319234848,0.011766658164560795,0.002545606577768922,0.39019596576690674,0.0085448632016778,0.13146382570266724,0.012800410389900208,0.0029664072208106518,-2.1424866645247675e-05,4.9427417252445593e-05,2.4914508685469627e-05,0.6244485974311829,4.481750511331484e-05,-0.014180295169353485,0.0003516784927342087,0,0,1,0,0,0,0,0,1,0,16
0.3830071985721588,0.00846152100712061,0.012268739752471447,0.002599931787699461,0.40266942977905273,0.011427383869886398,0.11832623183727264,0.01213166955858469,0.002796782646328211,-3.9070004277164117e-05,7.176135841291398e-05,0.0,0.6103005409240723,0.0007361105526797473,-0.014112977311015129,0.0009687243145890534,0,0,1,0,0,0,0,0,1,0,16
0.39550819993019104,0.011057227849960327,0.01267580408602953,0.002587796887382865,0.4144624173641205,0.014146091416478157,0.11485910415649414,0.011504123918712139,0.0026521109975874424,-3.705006747622974e-05,6.805126031395048e-05,-1.1660396606605339e-11,0.5962545871734619,0.002042316598817706,-0.01398184709250927,0.001581474905833602,0,0,1,0,0,0,0,0,1,0,18
0.4083505868911743,0.013656961731612682,0.012956297025084496,0.0026291923131793737,0.42561566829681396,0.016717305406928062,0.11186166107654572,0.010865499265491962,0.0025048847310245037,-3.499173908494413e-05,6.427065090974793e-05,5.829178285898795e-12,0.5823378562927246,0.003847761545330286,-0.013859131373465061,0.0019881571643054485,0,0,1,0,0,0,0,0,1,0,5
0.42135465145111084,0.016409143805503845,0.013045723550021648,0.002675421070307493,0.43614643812179565,0.019145015627145767,0.11103268712759018,0.010258518159389496,0.002364953514188528,-3.3037937100743875e-05,6.068205038900487e-05,0.0,0.5685591697692871,0.006057756021618843,-0.013708367012441158,0.002390837762504816,0,0,0,0,1,0,0,0,1,0,16
0.4335651993751526,0.01938984915614128,0.01175279263406992,0.0020899013616144657,0.44608333706855774,0.02143581584095955,0.10831203311681747,0.009679355658590794,0.002231436315923929,-3.11733347189147e-05,5.7257253502029926e-05,-5.827440526656735e-12,0.5549744367599487,0.008725322782993317,-0.013447859324514866,0.0029523763805627823,0,0,0,0,1,0,0,0,1,0,4
0.4441280663013458,0.021430352702736855,0.009226448833942413,0.0013418459566310048,0.48292672634124756,0.022273385897278786,0.20486363768577576,0.06347394734621048,-0.0006044874317012727,4.237338544044178e-06,3.175270103383809e-05,0.0012935418635606766,0.5417308807373047,0.01203982438892126,-0.01306498795747757,0.003607956226915121,0,0,0,1,0,0,0,0,1,0,6
0.452354371547699,0.022656619548797607,0.0073944819159805775,0.0011787459952756763,0.5446582436561584,0.021439867094159126,0.25608786940574646,0.06034175306558609,-0.001015529502183199,4.237338544044178e-06,3.175270103383809e-05,0.0012935418635606766,0.5289736986160278,0.015955254435539246,-0.01219125371426344,0.003951702266931534,0,0,0,0,0,1,0,0,1,0,12
0.4595508277416229,0.023592093959450722,0.006899062544107437,0.0005705790244974196,0.6033804416656494,0.020215235650539398,0.13501064479351044,0.05742643401026726,-0.0013902189675718546,4.237338544044178e-06,3.175270103383809e-05,0.0012935418635606766,0.5186004042625427,0.019319484010338783,-0.008573251776397228,0.0027824104763567448,0,0,0,0,0,1,0,0,1,0,0
0.46599018573760986,0.024124646559357643,0.00613261666148901,0.0005072098574601114,0.6540510058403015,0.018787415698170662,0.15518921613693237,0.04843761771917343,-0.0015175793087109923,5.757899089076091e-06,5.649022205034271e-05,0.0011761593632400036,0.512826144695282,0.021194636821746826,-0.0033448725007474422,0.0010868578683584929,0,0,0,0,0,1,0,0,1,0,3
0.4726969599723816,0.024599561467766762,0.007395884487777948,0.0004004918737336993,0.6996833086013794,0.017201365903019905,0.12484598159790039,0.04192349687218666,-0.0015713811153545976,8.381437510251999e-06,8.699782483745366e-05,0.0009957950096577406,0.5126537084579468,0.021313278004527092,0.0026155919767916203,-0.00035661543370224535,0,0,1,0,0,0,0,0,1,0,18
0.48096975684165955,0.024805987253785133,0.00886374618858099,7.496677426388487e-06,0.7380456328392029,0.015673566609621048,0.11199171841144562,0.035449326038360596,-0.0014676327118650079,1.4404781722987536e-05,0.0001481701183365658,0.0005274310242384672,0.5166386961936951,0.021090546622872353,0.004701053258031607,-8.433058974333107e-05,0,0,1,0,0,0,0,0,1,0,7
0.4902857840061188,0.024583322927355766,0.009360486641526222,-0.000304315792163834,0.7710873484611511,0.014277873560786247,0.10896486043930054,0.03132662922143936,-0.00133479421492666,1.8550588720245287e-05,0.00018462883599568158,2.0308860257500783e-05,0.5224189758300781,0.02089538611471653,0.006562682334333658,-0.00021966009808238596,0,0,0,0,0,0,1,0,1,0,6
0.5001329779624939,0.024257812649011612,0.01029346976429224,-0.00035520773963071406,0.8007528781890869,0.013013873249292374,0.10929864645004272,0.028385479003190994,-0.001209456822834909,1.689485361566767e-05,0.00016789797518868,1.7635740090504726e-11,0.5299341082572937,0.020652884617447853,0.007958788424730301,-0.0002457297523505986,0,0,0,0,0,1,0,0,1,0,0
0.5109257102012634,0.02387849986553192,0.011159960180521011,-0.0004103606042917818,0.8277400732040405,0.011863998137414455,0.10948058217763901,0.025903083384037018,-0.0011036857031285763,1.541755409562029e-05,0.00015321688260883093,0.0,0.5387415885925293,0.020388908684253693,0.009165067225694656,-0.0002564963942859322,0,0,0,0,0,1,0,0,1,0,4
0.5225374698638916,0.02346702851355076,0.01193920336663723,-0.0004377929144538939,0.8524473905563354,0.01081126183271408,0.10960981994867325,0.023776115849614143,-0.0010130595182999969,1.4151726645650342e-05,0.00014063734852243215,0.0,0.5484772324562073,0.020105572417378426,0.009858906269073486,-0.00028382096206769347,0,0,0,1,0,0,0,0,1,0,18
0.5348172187805176,0.023016883060336113,0.012539586052298546,-0.00047639093827456236,0.8751877546310425,0.009842334315180779,0.10970345884561539,0.021930521354079247,-0.000934421899728477,1.3053312613919843e-05,0.0001297214621445164,0.0,0.5589919686317444,0.019789179787039757,0.010731932707130909,-0.00031850894447416067,0,0,0,1,0,0,0,0,1,0,16
0.547620952129364,0.022538067772984505,0.01300172507762909,-0.0004950075526721776,0.8962110280990601,0.008946572430431843,0.10977236926555634,0.020311396569013596,-0.000865433772560209,1.2089666597603355e-05,0.00012014493404421955,2.9251258533424807e-12,0.5703386664390564,0.01943574659526348,0.011616475880146027,-0.0003596607712097466,0,0,0,1,0,0,0,0,1,0,2
0.5608221292495728,0.022038977593183517,0.013350710272789001,-0.0005166626651771367,0.915719747543335,0.00811533723026514,0.1098237931728363,0.018877174705266953,-0.0008043241105042398,1.1236049431317952e-05,0.0001116618441301398,1.1692440418653582e-11,0.5824168920516968,0.019048862159252167,0.012227692641317844,-0.0003867449704557657,0,1,0,0,0,0,0,0,1,0,3
0.5743216276168823,0.02152143232524395,0.013611525297164917,-0.0005262772901915014,0.9338807463645935,0.00734153063967824,0.10986266285181046,0.01759582757949829,-0.000749728234950453,1.0473402653587982e-05,0.0001040828283294104,2.921435662828209e-12,0.5950092077255249,0.018636509776115417,0.012702438049018383,-0.00041077850619331,0,0,1,0,0,0,0,0,1,0,4
0.588044285774231,0.02099420875310898,0.013808156363666058,-0.0005396680207923055,0.9508326053619385,0.006619247142225504,0.10989239066839218,0.016442250460386276,-0.0007005762890912592,9.786799637367949e-06,9.725946438265964e-05,0.0,0.6080607175827026,0.018197076395154,0.013129780068993568,-0.00043667087447829545,0,0,0,1,0,0,0,0,1,0,13
0.601933479309082,0.02045508287847042,0.013953188434243202,-0.0005503413849510252,0.9666914343833923,0.005943525116890669,0.1099153533577919,0.015396523289382458,-0.0006560197216458619,9.164383300230838e-06,9.107392543228343e-05,-2.9188392154655407e-12,0.6213998198509216,0.017742415890097618,0.013394102454185486,-0.00045121737639419734,0,0,0,1,0,0,0,0,1,0,12
0.6159448027610779,0.01991111971437931,0.014058954082429409,-0.0005523146246559918,0.9815564155578613,0.005310158245265484,0.10993325710296631,0.014442622661590576,-0.0006153751746751368,8.596611223765649e-06,8.543161675333977e-05,-4.376732483379886e-12,0.6349796652793884,0.017272064462304115,0.013632466085255146,-0.00046905080671422184,0,0,0,1,0,0,0,0,1,0,13
0.6300477981567383,0.019361253827810287,0.014139043167233467,-0.0005584319005720317,0.9955117106437683,0.004715547896921635,0.1099473387002945,0.013567505404353142,-0.0005780879873782396,8.075738151092082e-06,8.025527495192364e-05,-4.3754188640277025e-12,0.6487303376197815,0.016790810972452164,0.013771858997642994,-0.0004763862816616893,0,0,0,1,0,0,0,0,1,0,16
0.6442180275917053,0.018808141350746155,0.014196316711604595,-0.0005579586722888052,1.0086300373077393,0.004156596027314663,0.10995848476886749,0.012760449200868607,-0.000543700298294425,7.595360330014955e-06,7.548140274593607e-05,1.4580935200556033e-12,0.6625983119010925,0.016303114593029022,0.0139030572026968,-0.00048786739353090525,0,0,0,1,0,0,0,0,1,0,9
