lt_dp_posx,lt_dp_posy,lt_dp_velx,lt_dp_vely,ball_posx,ball_posy,ball_posz,ball_vel_x,ball_vel_y,ball_rot_x,ball_rot_y,ball_rot_z,rt_gk_posx,rt_gk_posy,rt_gk_velx,rt_gk_vely,action_left,action_top_left,action_top,action_top_right,action_right,action_bottom_right,action_bottom,action_bottom_left,action_sprint,action_dribble,sel_action
-1.0110293626785278,-0.0,0.0,-0.0,0.019999999552965164,-0.0,0.11061639338731766,-0.0,0.0,0.0,-0.0,0.0,1.0110293626785278,0.0,-0.0,0.0,0,0,0,0,0,0,0,0,0,0,5
0.0011741208145394921,7.735240920014874e-11,0.0034112120047211647,2.5561334299206706e-11,0.019999999552965164,-0.0,0.11059734225273132,-0.0,0.0,0.0,-0.0,0.0,1.010373830795288,-5.17847015268913e-11,-0.0026071772444993258,-1.9923221405981906e-10,0,0,0,0,1,0,0,0,0,0,5
0.004422922618687153,-8.490598224497603e-10,0.005096871871501207,-3.511485824336802e-10,0.019999999552965164,-0.0,0.10930104553699493,-0.0,0.0,0.0,-0.0,0.0,1.0064098834991455,-2.8304511512367014e-10,-0.0046870289370417595,-2.1155602270006568e-10,0,0,0,0,1,0,0,0,0,0,13
0.009172579273581505,-2.248098374124652e-09,0.006656940560787916,-3.111293167545881e-10,0.02351834625005722,-2.3498894496931655e-10,0.1237609013915062,0.008640825748443604,-5.774550837500669e-10,8.578172894235792e-13,2.8631586701521883e-06,-2.160265672943029e-12,1.0008678436279297,-4.216731130934903e-10,-0.006225530058145523,-5.982583178854028e-11,0,0,0,0,1,0,0,0,1,0,18
0.016618236899375916,-2.3979764840476037e-09,0.008066108450293541,-6.756445403155453e-11,0.03173869848251343,-7.851597705332836e-10,0.11614876240491867,0.007883042097091675,-5.281650672372962e-10,7.136320180622935e-12,4.499864735407755e-05,-3.712325585825127e-13,0.9938530325889587,7.300338111804194e-11,-0.007639211602509022,5.56936718965062e-10,0,0,0,0,1,0,0,0,1,0,16
0.025379417464137077,-2.5590771723926764e-09,0.009301392361521721,-1.6886948783767508e-10,0.03938759118318558,-1.2976458796387647e-09,0.11215836554765701,0.007456739898771048,-4.996117408673229e-10,6.979599190271024e-12,4.410948167787865e-05,1.3887229247326137e-18,0.9855127334594727,4.606373338322811e-10,-0.008886702358722687,2.3084054112665342e-10,0,0,0,0,1,0,0,0,1,0,16
0.034123267978429794,-3.4658411696142366e-09,0.00938898604363203,-2.1288948381936734e-10,0.04660476744174957,-1.781206515616418e-09,0.10997506976127625,0.007023810409009457,-4.706049439029414e-10,6.574312275131611e-12,4.154816269874573e-05,-6.9430821261437375e-19,0.9762466549873352,8.715502763934069e-10,-0.009335489943623543,8.21544665630114e-10,0,0,0,0,1,0,0,0,1,0,0
0.04200782999396324,-4.873198733434947e-09,0.009879701770842075,-1.2068802901499254e-10,0.05416184291243553,2.9176910629757913e-06,0.11805255711078644,0.014280873350799084,2.919882899732329e-05,3.387698939150141e-07,1.9754040749830892e-06,2.8654977768383105e-07,0.9664705991744995,1.5454439949991183e-09,-0.010197303257882595,5.339847453100788e-10,0,0,0,0,1,0,0,0,1,0,13
0.052374325692653656,7.600381479733187e-08,0.010675586760044098,8.096020565062645e-07,0.06805383414030075,3.095910506090149e-05,0.14388057589530945,0.013800008222460747,2.78262778010685e-05,2.8579501076819724e-07,7.81202379585011e-06,3.571963418380619e-07,0.9558171629905701,1.8687216218893354e-09,-0.011003718711435795,1.515019915077076e-10,0,0,0,0,1,0,0,0,1,0,16
0.0631360337138176,5.079401944385609e-06,0.011016691103577614,8.292555321531836e-06,0.08140779286623001,5.743060683016665e-05,0.12316214293241501,0.012638581916689873,2.420726559648756e-05,-2.3475928756511166e-08,4.119111326872371e-05,4.415138903368643e-07,0.9449081420898438,6.201975111252978e-07,-0.011030365712940693,1.135013235398219e-06,0,0,0,0,1,0,0,0,1,0,5
0.07457146793603897,1.738605715218e-05,0.011754298582673073,1.580894968356006e-05,0.09365328401327133,8.060479012783617e-05,0.11358226090669632,0.011888263747096062,2.227019467682112e-05,-3.127945547021227e-07,7.048631960060447e-05,-9.110760241940255e-14,0.9335045218467712,2.3878651518316474e-06,-0.011688821017742157,2.2875576632941375e-06,0,0,0,0,1,0,0,0,1,0,16
0.08668049424886703,3.562166239134967e-05,0.012389439158141613,1.9674327631946653e-05,0.10521049052476883,0.00010225542064290494,0.11358392238616943,0.011278527788817883,2.1128564185346477e-05,-2.95163374630647e-07,6.671601295238361e-05,-9.109112254638077e-14,0.9214994311332703,5.06326387039735e-06,-0.012258922681212425,2.8715733151329914e-06,0,0,0,0,1,0,0,0,1,0,16
0.09935958683490753,5.8172412536805496e-05,0.012895552441477776,2.5244913558708504e-05,0.11614431440830231,0.00012273821630515158,0.11179264634847641,0.010653635486960411,1.9957918993895873e-05,-2.7880747666131356e-07,6.301909888861701e-05,0.0,0.908973217010498,8.225305464293342e-06,-0.01272664312273264,3.4153135857195593e-06,0,0,0,0,1,0,0,0,1,0,13
0.11246998608112335,-0.00041433333535678685,0.013238980434834957,2.6232888558297418e-05,0.12646575272083282,0.00014207376807462424,0.11068522185087204,0.010052826255559921,1.883240111055784e-05,-2.6308561018595356e-07,5.946546298218891e-05,0.0,0.896040678024292,1.1932732377317734e-05,-0.01308637484908104,3.904111963493051e-06,0,0,0,0,1,0,0,0,1,0,13
0.12570899724960327,-0.0022550132125616074,0.013238980434834957,1.4309534890344366e-05,0.13684134185314178,0.00013202668924350291,0.1198347881436348,0.015870558097958565,-0.00026511034229770303,-2.4892960936995223e-07,6.190531166794244e-06,-4.6713086021554773e-07,0.8827971816062927,1.6104368114611134e-05,-0.013360556215047836,4.420272944116732e-06,0,0,0,0,1,0,0,0,1,0,16
0.13894805312156677,-0.0022472627460956573,0.013239067979156971,2.384898834861815e-06,0.15235882997512817,-0.00012678543862421066,0.15824943780899048,0.01542055793106556,-0.0002571671502664685,-6.148716380494079e-08,1.03487554952153e-05,-7.976235565365641e-07,0.8693169951438904,2.082059290842153e-05,-0.013568822294473648,4.951327355229296e-06,0,0,0,0,1,0,0,0,1,0,18
0.1523285061120987,-0.002216427819803357,0.013511145487427711,7.768745126668364e-05,0.16754749417304993,-0.0003798691323027015,0.11589499562978745,0.014445397071540356,-0.00023942781263031065,1.0323091146346997e-06,3.448934148764238e-05,-1.8853313576983055e-06,0.8556575179100037,1.8174965589423664e-05,-0.013726599514484406,-1.3769690667686518e-05,0,0,0,0,1,0,0,0,1,0,13
0.16596972942352295,-0.002056879922747612,0.013737117871642113,0.0002258844906464219,0.18146640062332153,-0.0006099596503190696,0.11777903139591217,0.013579584658145905,-0.00022412821999751031,1.8981190805789083e-06,5.347800106392242e-05,-1.7050655287675909e-06,0.8418633937835693,-1.0036259482149035e-05,-0.013844406232237816,-3.9603852201253176e-05,0,0,0,0,1,0,0,0,1,0,16
0.17980265617370605,-0.001779136247932911,0.013905588537454605,0.00027752164169214666,0.194536030292511,-0.0008253127452917397,0.11214467138051987,0.012757774442434311,-0.00021016367827542126,2.9361351607803954e-06,7.547071436420083e-05,3.6452316317346634e-13,0.8279685378074646,-6.0868056607432663e-05,-0.0139320595189929,-5.425761628430337e-05,0,0,0,0,1,0,0,0,1,0,16
0.19378255307674408,-0.0015371241606771946,0.014034789986908436,0.00021278181520756334,0.20690259337425232,-0.0010290318168699741,0.11327112466096878,0.01205158606171608,-0.00019853038247674704,2.773394953692332e-06,7.128762808861211e-05,3.644448837766129e-13,0.8139982223510742,-0.00011443394760135561,-0.013998677022755146,-5.298668475006707e-05,0,0,0,0,1,0,0,0,1,0,16
0.20786720514297485,-0.0013585687847808003,0.014121775515377522,0.00015106430510059,0.21858397126197815,-0.0012214635498821735,0.11138110607862473,0.011379918083548546,-0.00018746576097328216,2.618803819132154e-06,6.73140020808205e-05,3.6437468168594445e-13,0.7999711036682129,-0.00016668502939864993,-0.014048464596271515,-5.1639497542055324e-05,0,0,0,0,1,0,0,0,1,0,16
0.22194206714630127,-0.0012456751428544521,0.014121596701443195,8.811557927401736e-05,0.2296079397201538,-0.001403065980412066,0.11085900664329529,0.010735458694398403,-0.00017684942577034235,2.470520030328771e-06,6.350246985675767e-05,7.286222948772736e-13,0.7859014868736267,-0.00021909350471105427,-0.01408492773771286,-5.303525540512055e-05,0,0,0,0,1,0,0,0,1,0,16
0.23579001426696777,-0.0011935691582038999,0.013533059507608414,2.4125265554175712e-05,0.24499648809432983,-0.001401251764036715,0.161333829164505,0.015794480219483376,2.1269004719215445e-05,8.98811151728296e-07,1.228343626280548e-05,-9.631065722714993e-07,0.7718002796173096,-0.0002728839172050357,-0.014112977311015129,-5.440439053927548e-05,0,0,0,0,1,0,0,0,1,0,13
0.24912448227405548,-1.0798618859553244e-05,0.01331253070384264,4.269574674253818e-06,0.2606728971004486,-0.0013801298337057233,0.12239395827054977,0.015528498217463493,2.0794212105101906e-05,8.826061730360379e-07,1.336816876573721e-05,-9.210077109855774e-07,0.75767582654953,-0.0003253011964261532,-0.014133312739431858,-4.795085988007486e-05,0,0,0,0,1,0,0,0,1,0,13
0.2624369263648987,0.001015615533106029,0.013312522321939468,1.8982938172484864e-06,0.27601611614227295,-0.0012386535527184606,0.16264554858207703,0.015834003686904907,0.0002647642104420811,4.049070696510171e-07,-7.755405704301666e-07,1.8019264302893134e-07,0.7435337901115417,-0.00036682389327324927,-0.014148740097880363,-3.625741373980418e-05,0,0,0,0,1,0,0,0,1,0,5
0.2757681608200073,0.0010143655817955732,0.01340525969862938,-1.1444127267168369e-05,0.291738361120224,-0.000975765404291451,0.16224001348018646,0.015631595626473427,0.00026137562235817313,4.049070696510171e-07,-7.755405704301666e-07,1.8019264302893134e-07,0.7293787002563477,-0.0003960106987506151,-0.014159959740936756,-2.0375020540086553e-05,0,0,0,0,1,0,0,0,1,0,18
0.2893202304840088,0.0009451787918806076,0.013660508207976818,-0.00012819989933632314,0.30688297748565674,-0.000723015982657671,0.12772521376609802,0.014215442351996899,0.00023610646894667298,-8.709401413398155e-07,2.8506770831882022e-05,1.8575916556073935e-06,0.7152137160301208,-0.0003984861832577735,-0.014169075526297092,1.2175371921330225e-05,0,0,0,0,1,0,0,0,1,0,7
0.3030884265899658,0.000742544827517122,0.013847561553120613,-0.000261671346379444,0.32086890935897827,-0.0004908895934931934,0.12039799988269806,0.013780029490590096,0.0002285571681568399,-1.1529825769684976e-06,3.4959008189616725e-05,1.9426845483394573e-06,0.7010416388511658,-0.0003683927352540195,-0.014174685813486576,4.475762398215011e-05,0,0,0,0,0,0,1,0,1,0,7
0.3170175850391388,0.00048678298480808735,0.01399061270058155,-0.00022998319764155895,0.3339919149875641,-0.0002737969043664634,0.11646071076393127,0.01277538575232029,0.00021118154108989984,-2.950475163743249e-06,7.55775545258075e-05,-3.6452525026264837e-13,0.6868639588356018,-0.0003182328655384481,-0.014179594814777374,4.951828668708913e-05,0,0,0,0,0,0,1,0,1,0,6
0.33032700419425964,0.0011492628837004304,0.013769307173788548,-2.535692829042091e-06,0.34638717770576477,-6.889894575579092e-05,0.11196405440568924,0.012087318114936352,0.00019980753131676465,-2.791179895211826e-06,7.14975394657813e-05,3.644487055892709e-13,0.6726821660995483,-0.000269925978500396,-0.014183100312948227,4.7315195843111724e-05,0,0,0,0,0,1,0,0,1,0,12
0.343313992023468,0.0020512540359050035,0.013251515105366707,0.0001677610562182963,0.3592540919780731,0.0014105371665209532,0.1414707750082016,0.014295564033091068,0.003377904649823904,3.6201536204316653e-06,1.611020888958592e-05,1.747986789268907e-05,0.65849769115448,-0.00022089696722105145,-0.014185204170644283,5.6818251323420554e-05,0,0,0,0,0,1,0,0,1,0,12
0.3559684753417969,0.00301060127094388,0.012411089614033699,0.0017083754064515233,0.3734533190727234,0.004765286576002836,0.1457274705171585,0.014120439067482948,0.003336042631417513,3.6201536204316653e-06,1.611020888958592e-05,1.747986789268907e-05,0.644311249256134,-0.00014919087698217481,-0.01418730802834034,8.388765854761004e-05,0,0,0,0,0,1,0,0,1,0,8
0.3680117130279541,0.005369669757783413,0.011754386126995087,0.002543920651078224,0.38703393936157227,0.007950102910399437,0.12847749888896942,0.012907412834465504,0.002994310576468706,-1.965367300726939e-05,4.709641507361084e-05,2.5936087695299648e-05,0.6301235556602478,-5.041336044087075e-05,-0.014188009314239025,0.00011096028902102262,0,0,0,0,0,0,0,1,1,0,12
0.37996119260787964,0.00794141460210085,0.012176177464425564,0.0025966735556721687,0.39963972568511963,0.010866355150938034,0.11383721977472305,0.012260674498975277,0.0028264792636036873,-3.967566954088397e-05,7.276597170857713e-05,-5.831552688656538e-12,0.6159541010856628,0.00040825348696671426,-0.01414453238248825,0.0007428672397509217,0,0,0,0,0,0,0,1,1,0,12
0.39238008856773376,0.010539185255765915,0.012602525763213634,0.0025922530330717564,0.4115583300590515,0.013614018447697163,0.1145234927535057,0.011627142317593098,0.00268046697601676,-3.7444791814778e-05,6.877637497382239e-05,0.0,0.601865291595459,0.0014971971977502108,-0.01403303723782301,0.0013713614316657186,0,0,0,0,0,0,0,1,1,0,6
0.40516528487205505,0.013131649233400822,0.01291036605834961,0.0026141058187931776,0.42283886671066284,0.016214579343795776,0.11012726277112961,0.01099580992013216,0.002534921746701002,-3.541342812241055e-05,6.50453002890572e-05,5.829382115907222e-12,0.5879099369049072,0.003168388269841671,-0.013897349126636982,0.001870915642939508,0,0,0,0,0,1,0,0,1,0,5
0.4181925058364868,0.015787426382303238,0.013112671673297882,0.0026890821754932404,0.4334915280342102,0.01867038942873478,0.1092800721526146,0.010379001498222351,0.0023927262518554926,-3.3426615118514746e-05,6.139602919574827e-05,5.828441895783243e-12,0.5740907788276672,0.005266852676868439,-0.013750791549682617,0.0022839843295514584,0,0,0,0,1,0,0,0,1,0,5
0.43065521121025085,0.018854252994060516,0.012128796428442001,0.0023676990531384945,0.44354450702667236,0.020987944677472115,0.1111873909831047,0.009792421944439411,0.0022574986796826124,-3.1536805181531236e-05,5.792493175249547e-05,-8.741396495537401e-12,0.5604373812675476,0.007783894427120686,-0.013550239615142345,0.0027460986748337746,0,0,0,0,1,0,0,0,1,0,12
0.4416506290435791,0.02115151658654213,0.009950820356607437,0.0015507617499679327,0.4688074290752411,0.02260463871061802,0.18474863469600677,0.061580631881952286,0.00023197437985800207,-3.205347456969321e-05,3.624425517045893e-05,0.00037591438740491867,0.5470792651176453,0.010897350497543812,-0.013188755139708519,0.003411317942664027,0,0,0,0,1,0,0,0,1,0,14
0.4502468705177307,0.02241796813905239,0.008052587509155273,0.0012386073358356953,0.5287748575210571,0.022775923833251,0.3041015863418579,0.058677610009908676,0.00011799724597949535,-3.205347456969321e-05,3.624425517045893e-05,0.00037591438740491867,0.5341251492500305,0.014665389433503151,-0.012750484980642796,0.004056623671203852,0,0,0,0,0,0,0,0,1,0,3
0.4575752913951874,0.023478055372834206,0.0068994127213954926,0.0005705647636204958,0.5859423279762268,0.022820495069026947,0.2391897737979889,0.055956486612558365,-1.8674763850867748e-05,-3.205347456969321e-05,3.624425517045893e-05,0.00037591438740491867,0.5224543809890747,0.01847238838672638,-0.010301435366272926,0.003304307581856847,0,0,1,0,0,0,0,0,1,0,0
0.4641679525375366,0.0240232702344656,0.00613261666148901,0.0005072098574601114,0.6384516954421997,0.022806771099567413,0.14915916323661804,0.046875547617673874,0.0001287616469198838,-2.9120174076524563e-05,5.9911202697549015e-05,0.00032704329350963235,0.5145567059516907,0.020888008177280426,-0.005684179253876209,0.0016350352670997381,0,0,1,0,0,0,0,0,1,0,3
0.4706351161003113,0.024530114606022835,0.007081733085215092,0.0004942907835356891,0.6843785643577576,0.022891374304890633,0.14581811428070068,0.04514683410525322,4.486271791392937e-05,-2.9120174076524563e-05,5.9911202697549015e-05,0.00032704329350963235,0.5120030641555786,0.02163218893110752,0.0001647893077461049,0.0001546868879813701,0,0,1,0,0,0,0,0,1,0,9
0.478528767824173,0.024931415915489197,0.008528022095561028,0.0002997343544848263,0.7258579134941101,0.02300427481532097,0.12103212624788284,0.03892473876476288,0.00015149445971474051,-2.4288288841489702e-05,9.227456757798791e-05,0.00025428025401197374,0.5146936178207397,0.021889543160796165,0.0036776065826416016,0.0003618344198912382,0,0,1,0,0,0,0,0,1,0,9
0.48758235573768616,0.02506786212325096,0.00924591813236475,4.741252996609546e-05,0.7614076733589172,0.023216042667627335,0.10726857930421829,0.03323721885681152,0.0002425375860184431,-1.249658362212358e-05,0.00015523262845817953,0.00010046182433143258,0.5195231437683105,0.02219107188284397,0.005507021676748991,9.003403829410672e-05,0,0,1,0,0,0,0,0,1,0,0
0.4971238374710083,0.025108305737376213,0.01003402378410101,3.609032501117326e-05,0.7926027178764343,0.023464208468794823,0.10917261242866516,0.029744308441877365,0.0002430944878142327,-3.395744897716213e-06,0.00017593374650459737,2.9421489116526756e-12,0.5262477993965149,0.02224811166524887,0.007201801519840956,5.6799337471602485e-05,0,0,1,0,0,0,0,0,1,0,4
0.5076360106468201,0.025136856362223625,0.010951566509902477,2.1135605493327603e-05,0.8208329677581787,0.023694930598139763,0.10940419137477875,0.027059242129325867,0.00022114987950772047,-3.089251322307973e-06,0.00016005427460186183,1.4683162454995347e-12,0.5344031453132629,0.022298570722341537,0.00852101668715477,4.767625796375796e-05,0,0,0,1,0,0,0,0,1,0,7
0.5189558267593384,0.02515554428100586,0.011714247986674309,1.719527062959969e-05,0.8466061353683472,0.023905569687485695,0.1095552071928978,0.02477354370057583,0.00020246932399459183,-2.8283338906476274e-06,0.00014653617108706385,0.0,0.5437384843826294,0.022337639704346657,0.009518381208181381,3.89047090720851e-05,0,0,0,0,0,0,1,0,1,0,16
0.5309974551200867,0.025170546025037766,0.012367425486445427,1.1767354408220854e-05,0.870272159576416,0.024098984897136688,0.1096637099981308,0.022801348939538002,0.00018635093874763697,-2.603196207928704e-06,0.0001348717778455466,1.464490854974354e-12,0.5538843870162964,0.02237684652209282,0.010374102741479874,4.434234506334178e-05,0,0,0,0,0,0,1,0,1,0,7
0.5436031818389893,0.025180509313941002,0.012844370678067207,8.357872502529062e-06,0.8921080231666565,0.024277444928884506,0.10974299162626266,0.021079642698168755,0.00017227977514266968,-2.40664712691796e-06,0.00012468858039937913,-7.315667169272011e-13,0.5648669600486755,0.022420812398195267,0.011163596995174885,5.008578227716498e-05,0,0,0,0,0,0,1,0,1,0,11
0.5566612482070923,0.0251889917999506,0.013251807540655136,6.778756414860254e-06,0.9123371839523315,0.024442780762910843,0.10980178415775299,0.019561123102903366,0.00015986923244781792,-2.2332906155497767e-06,0.00011570695642149076,7.310130690878214e-13,0.5766961574554443,0.02246614545583725,0.011993738822638988,5.250292451819405e-05,0,0,0,0,0,0,1,0,1,0,13
0.5700747966766357,0.025196343660354614,0.013547802343964577,4.581886969390325e-06,0.9311424493789673,0.024596473202109337,0.10984597355127335,0.018209654837846756,0.00014882389223203063,-2.0790021153516136e-06,0.00010771324014058337,0.0,0.5891009569168091,0.02251800335943699,0.01252606138586998,6.0599460994126275e-05,0,0,0,0,0,0,1,0,1,0,13
0.5837364196777344,0.025204168632626534,0.013762662187218666,5.818430963699939e-06,0.9486747980117798,0.024739760905504227,0.10987958312034607,0.01699714921414852,0.000138914241688326,-1.9405738385103177e-06,0.00010054136510007083,-7.301734629254486e-13,0.6019911170005798,0.02257382683455944,0.01300906389951706,6.181540811667219e-05,0,0,0,0,0,0,1,0,1,0,18
0.5975885391235352,0.025211375206708908,0.013927002437412739,5.2125192269159015e-06,0.9650604724884033,0.024873677641153336,0.1099054291844368,0.01590140350162983,0.00012995889119338244,-1.8154757981392322e-06,9.406003664480522e-05,1.09477661311419e-12,0.6152368783950806,0.022633567452430725,0.013306759297847748,6.91277818987146e-05,0,0,0,0,0,0,1,0,1,0,15
0.6115787625312805,0.025218522176146507,0.014045162126421928,5.446122031571576e-06,0.9804061055183411,0.024999091401696205,0.10992550104856491,0.014904693700373173,0.00012181296187918633,-1.701683231658535e-06,8.816445915726945e-05,0.0,0.6287362575531006,0.02269853465259075,0.013577813282608986,6.930024392204359e-05,0,0,0,0,0,0,1,0,0,0,16
0.6256728768348694,0.025224408134818077,0.01413609366863966,3.708077883857186e-06,0.994802713394165,0.025116752833127975,0.10994122922420502,0.013992645777761936,0.0001143589906860143,-1.5975567748682806e-06,8.276963490061462e-05,3.6467058756387005e-13,0.6424483060836792,0.022763988003134727,0.013737741857767105,7.502312655560672e-05,0,0,0,0,0,0,1,0,0,0,0
0.6398435235023499,0.025228722020983696,0.014200370758771896,3.503747166178073e-06,1.0083281993865967,0.025227291509509087,0.1099536344408989,0.013153539039194584,0.00010750111687229946,-1.501756855759595e-06,7.78062385506928e-05,3.645688894000909e-13,0.6562912464141846,0.022834433242678642,0.013856994919478893,8.062285633059219e-05,0,0,0,0,0,0,1,0,0,0,13
