lt_dp_posx,lt_dp_posy,lt_dp_velx,lt_dp_vely,ball_posx,ball_posy,ball_posz,ball_vel_x,ball_vel_y,ball_rot_x,ball_rot_y,ball_rot_z,rt_gk_posx,rt_gk_posy,rt_gk_velx,rt_gk_vely,action_left,action_top_left,action_top,action_top_right,action_right,action_bottom_right,action_bottom,action_bottom_left,action_sprint,action_dribble,sel_action
-1.0110293626785278,-0.0,0.0,-0.0,0.019999999552965164,-0.0,0.11061639338731766,0.0,-0.0,0.0,-0.0,0.0,1.0110293626785278,0.0,-0.0,0.0,0,0,0,0,0,0,0,0,0,0,5
0.00015037840057630092,2.8413053160258883e-11,0.0013189289020374417,1.0759058921561149e-10,0.019999999552965164,-0.0,0.11059734225273132,0.0,-0.0,0.0,-0.0,0.0,1.010831356048584,-1.7361862815479245e-12,-0.0013190157478675246,-1.1461174891091996e-11,0,0,0,0,1,0,0,0,0,0,5
0.0032546569127589464,6.680134223557843e-11,0.004448926541954279,8.556416686289481e-11,0.019999999552965164,-0.0,0.10930104553699493,0.0,-0.0,0.0,-0.0,0.0,1.007331371307373,-2.5524847860336486e-11,-0.004367968533188105,-2.397638164397531e-11,0,0,0,0,1,0,0,0,0,0,5
0.006366906687617302,-2.842866386743026e-09,0.006055429577827454,-3.6904868050413597e-10,0.019999999552965164,-0.0,0.11075475811958313,0.0,-0.0,0.0,-0.0,0.0,1.0020980834960938,-4.316341381538358e-11,-0.0059268055483698845,-1.0647278197994936e-11,0,0,0,0,1,0,0,0,0,0,13
0.012842056341469288,-3.5768010775427683e-09,0.0075285593047738075,-1.1384322651242229e-10,0.027985915541648865,-1.649637509926194e-10,0.11997343599796295,0.00863676704466343,-1.7740767188634265e-10,-1.0719229323608026e-12,-3.1432267860509455e-05,-7.081212786280711e-13,0.9953674674034119,3.4295499773406846e-10,-0.007369237951934338,6.120092765904417e-10,0,0,0,0,1,0,0,0,1,0,16
0.02110311947762966,-3.845599394480814e-09,0.00883454829454422,-5.756620180541461e-10,0.036304354667663574,-3.350488497755322e-10,0.11451378464698792,0.008118395693600178,-1.6584611461922805e-10,-2.3169181417176388e-12,-4.8024267016444355e-05,5.208367542358515e-19,0.9872784614562988,8.042745358594061e-10,-0.008651789277791977,3.1788457977022233e-10,0,0,0,0,1,0,0,0,1,0,0
0.030569547787308693,-4.28485025238956e-09,0.00995480827987194,-2.540785359883557e-10,0.04417762532830238,-4.958874422200665e-10,0.11203163862228394,0.007673928514122963,-1.5676634990136051e-10,-2.1899524294682893e-12,-4.539257861324586e-05,-1.7359733200329806e-19,0.9781137704849243,9.759860697400313e-10,-0.009335489943623543,2.406300436685882e-10,0,0,0,0,1,0,0,0,1,0,18
0.03921227902173996,-7.643278010505128e-09,0.009499162435531616,-1.7666336449284614e-10,0.051611561328172684,-6.477509084668043e-10,0.10914423316717148,0.007238688878715038,-1.4787501778634748e-10,-2.065810413356961e-12,-4.281942165107466e-05,-3.471670827030463e-19,0.968501091003418,1.1644505359953428e-09,-0.010017086751759052,1.488145023875731e-10,0,0,0,0,1,0,0,0,1,0,18
0.048103708773851395,-1.0210915668551479e-08,0.01015899796038866,-1.0775091929815517e-10,0.06154097989201546,1.1817290214821696e-05,0.13679704070091248,0.01408117264509201,2.939151818281971e-05,3.800772674367181e-07,-4.310466829338111e-05,-2.6781563633448968e-08,0.9580104947090149,1.2516672143192409e-09,-0.010855057276785374,3.4620261518680806e-11,0,0,0,0,1,0,0,0,1,0,18
0.05865281820297241,8.673318347973691e-07,0.010675586760044098,3.51054791281058e-06,0.07553287595510483,4.102487946511246e-05,0.12857750058174133,0.013905849307775497,2.9036655178060755e-05,3.803277763836377e-07,-4.3487711081979796e-05,-2.6298703659222156e-08,0.9471069574356079,4.206886785595998e-07,-0.010882405564188957,9.027236842484854e-07,0,0,0,0,1,0,0,0,1,0,13
0.06956484168767929,8.622154382464942e-06,0.011254759505391121,1.1158367669850122e-05,0.0888795331120491,6.928548828000203e-05,0.12421960383653641,0.013022496365010738,2.7704913009074517e-05,3.870533191729919e-07,-7.703595474595204e-05,1.367076211348378e-13,0.9358362555503845,2.006504018936539e-06,-0.01156821008771658,2.1212078991084127e-06,0,0,0,0,1,0,0,0,1,0,13
0.08121223747730255,2.440729622321669e-05,0.011945998296141624,1.928362689795904e-05,0.1015554741024971,9.625307575333863e-05,0.11379719525575638,0.012377388775348663,2.6332463676226325e-05,3.678746338664496e-07,-7.321881275856867e-05,4.55600557009838e-14,0.9239458441734314,4.652698407880962e-06,-0.012150231748819351,2.9065049602650106e-06,0,0,0,0,1,0,0,0,1,0,5
0.0935068428516388,4.53034917882178e-05,0.012555893510580063,2.287020834046416e-05,0.11355306208133698,0.00012177758617326617,0.11224985867738724,0.01169272419065237,2.4875867893570103e-05,3.475086032267427e-07,-6.916530401213095e-05,4.55508636994402e-14,0.911514401435852,7.90724061516812e-06,-0.012642495334148407,3.5817763546219794e-06,0,0,0,0,1,0,0,0,1,0,13
0.10632982850074768,7.174268830567598e-05,0.013022299855947495,2.9522145268856548e-05,0.1248813346028328,0.00014587811892852187,0.10975506156682968,0.01103446539491415,2.347544977965299e-05,3.279518239196477e-07,-6.527287041535601e-05,1.366275663569269e-13,0.8986548185348511,1.189673912449507e-05,-0.013021862134337425,4.316599188314285e-06,0,0,0,0,1,0,0,0,1,0,0
0.11932021379470825,0.00010405234934296459,0.013375025242567062,3.3419637475162745e-05,0.1355670839548111,0.0001686117029748857,0.11078748106956482,0.0104064354673028,2.213934567407705e-05,3.092788460890006e-07,-6.155632581794634e-05,-4.5535017407062964e-14,0.8854668736457825,1.6460819097119384e-05,-0.013312171213328838,4.830581474379869e-06,0,0,0,0,1,0,0,0,1,0,16
0.13034075498580933,-0.0003821193240582943,0.013405178673565388,2.1553994884015992e-05,0.14564672112464905,0.00019005579815711826,0.11049683392047882,0.009817325510084629,2.0886036509182304e-05,2.917748247455165e-07,-5.807247362099588e-05,4.552838005688828e-14,0.8720289468765259,2.1633470169035718e-05,-0.013532358221709728,5.442165729618864e-06,0,0,0,0,1,0,0,0,1,0,13
0.14274996519088745,-0.0005864095292054117,0.01340525969862938,8.082899512373842e-06,0.15934684872627258,0.0001366077340207994,0.1510486602783203,0.01531674899160862,-8.456517389276996e-05,-1.921464587439914e-07,-5.0706163165159523e-05,-1.417172939000011e-07,0.8584014177322388,2.6558214813121594e-05,-0.013698549941182137,3.395177600395982e-06,0,0,0,0,1,0,0,0,1,0,16
0.1561436653137207,-0.0005816085613332689,0.013462936505675316,1.0091704098158516e-05,0.1745471954345703,5.2705076086567715e-05,0.11877591907978058,0.015037083066999912,-8.284311479656026e-05,-2.4794675823613943e-07,-5.292135392664932e-05,-1.7970633336972242e-07,0.8446311354637146,2.7430638510850258e-05,-0.013823368586599827,-1.1100673873443156e-06,0,0,0,0,1,0,0,0,1,0,5
0.1697455495595932,-0.000550008611753583,0.013704860582947731,5.128779957885854e-05,0.1889728605747223,-2.5618679501349106e-05,0.1200268566608429,0.014137166552245617,-7.66100492910482e-05,-1.0703221278163255e-06,-8.363275264855474e-05,0.0,0.8307538032531738,2.3931090254336596e-05,-0.013917334377765656,-5.51101220480632e-06,0,0,0,0,1,0,0,0,1,0,18
0.18355369567871094,-0.00047593939234502614,0.013884726911783218,8.855273335939273e-05,0.2026950567960739,-9.998014138545841e-05,0.11484991014003754,0.013405042700469494,-7.26426369510591e-05,-1.0148613682758878e-06,-7.929915591375902e-05,-5.468981387549143e-13,0.8167963624000549,1.5835243175388314e-05,-0.013987457379698753,-1.0216042937827297e-05,0,0,0,0,1,0,0,0,1,0,0
0.19751517474651337,-0.00039638197631575167,0.01401831116527319,7.052964065223932e-05,0.2156873345375061,-0.00017038585792761296,0.1121315211057663,0.012659292668104172,-6.86013518134132e-05,-9.583103519616998e-07,-7.488041592296213e-05,-1.8225593018290909e-13,0.8027788996696472,3.017737299160217e-06,-0.014039347879588604,-1.4949175238143653e-05,0,0,0,0,1,0,0,0,1,0,5
0.21159031987190247,-0.00033676697057671845,0.014117185026407242,5.0898113840958104e-05,0.2279542088508606,-0.00023686075292062014,0.10892513394355774,0.011950178071856499,-6.475861300714314e-05,-9.04693479242269e-07,-7.06909122527577e-05,-2.7332557875001107e-13,0.788716733455658,-1.278861327591585e-05,-0.014078617095947266,-1.580008574819658e-05,0,0,0,0,1,0,0,0,1,0,13
0.22403839230537415,0.00011921545956283808,0.01414130162447691,3.255860792705789e-05,0.23952700197696686,-0.00029957431252114475,0.10870727896690369,0.01126899290829897,-6.106726505095139e-05,-8.531112598575419e-07,-6.66603518766351e-05,9.109088537715554e-14,0.7746210694313049,-2.8517806640593335e-05,-0.014108069241046906,-1.5669669664930552e-05,0,0,0,0,1,0,0,0,1,0,13
0.2366243153810501,0.0005032172775827348,0.013827226124703884,1.4148973605188075e-05,0.25280213356018066,-0.00028410908998921514,0.1446811854839325,0.01538446731865406,9.017231059260666e-05,4.9606331486984345e-08,-5.3893705626251176e-05,9.181135141034247e-08,0.7605003118515015,-4.376894867164083e-05,-0.01413050852715969,-1.4161283615976572e-05,0,0,0,0,1,0,0,0,1,0,18
0.250110000371933,0.000507896242197603,0.01340525969862938,-2.4477296847180696e-06,0.2680816650390625,-0.00019455605070106685,0.13317334651947021,0.015191367827355862,8.904922287911177e-05,4.9606331486984345e-08,-5.3893705626251176e-05,9.181135141034247e-08,0.7463609576225281,-5.5968364904401824e-05,-0.014145934954285622,-1.0592401849862654e-05,0,0,0,0,1,0,0,0,1,0,0
0.26366257667541504,0.00048488128231838346,0.013661910779774189,-4.402704871608876e-05,0.282733291387558,-0.00011021529644494876,0.12562981247901917,0.014307566918432713,8.179013093467802e-05,1.142657310992945e-06,-8.4638137195725e-05,0.0,0.732207715511322,-6.459292490035295e-05,-0.014158557169139385,-7.013270987954456e-06,0,0,0,0,1,0,0,0,1,0,13
0.27743396162986755,0.0004143740516155958,0.013852469623088837,-9.151603444479406e-05,0.2966570556163788,-3.0619030439993367e-05,0.11877155303955078,0.013594151474535465,7.771181844873354e-05,1.085647681975388e-06,-8.041538967518136e-05,1.8231076370778254e-13,0.7180440425872803,-6.57880591461435e-05,-0.01416697259992361,3.564592589100357e-06,0,0,0,0,1,0,0,0,1,0,7
0.2913680076599121,0.00032453061430715024,0.013994469307363033,-8.124831219902262e-05,0.30984970927238464,4.4797343434765935e-05,0.11094602197408676,0.012863172218203545,7.35331341275014e-05,1.0272880217598868e-06,-7.609259046148509e-05,0.0,0.7038727402687073,-5.6402051995974034e-05,-0.01417398452758789,1.4150254173728172e-05,0,0,0,0,0,0,1,0,1,0,5
0.3054227828979492,0.0002548196935094893,0.014099303632974625,-6.0593894886551425e-05,0.3223075270652771,0.00011601327423704788,0.1124887615442276,0.012135602533817291,6.937392026884481e-05,9.691461855254602e-07,-7.178598025348037e-05,1.8222699553743088e-13,0.6896958351135254,-3.856010880554095e-05,-0.014178893528878689,1.8645807358552702e-05,0,0,0,0,1,0,0,0,1,0,7
0.31885433197021484,0.0012531420215964317,0.013805799186229706,0.0002729517000261694,0.33406203985214233,0.00018320875824429095,0.1105976328253746,0.011446577496826649,6.543506606249139e-05,9.141042482951889e-07,-6.770892650820315e-05,-2.732861137909326e-13,0.675514817237854,-1.9677330783451907e-05,-0.014182399027049541,1.9076460375799797e-05,0,0,0,0,0,0,1,0,1,0,12
0.33199408650398254,0.0022169670555740595,0.013206285424530506,0.00031694199424237013,0.34690552949905396,0.0020065847784280777,0.14427727460861206,0.014351415447890759,0.0035561861004680395,1.7740791008691303e-05,-5.202142347116023e-05,2.91382502837223e-06,0.6613306403160095,1.2717566733044805e-06,-0.014185204170644283,3.0414408684009686e-05,0,0,0,0,0,0,1,0,1,0,12
0.3445364534854889,0.0035389673430472612,0.012388650327920914,0.001971958437934518,0.3611592650413513,0.005538472905755043,0.13287699222564697,0.014171598479151726,0.003511752700433135,1.7740791008691303e-05,-5.202142347116023e-05,2.91382502837223e-06,0.6471446752548218,6.192175351316109e-05,-0.014186606742441654,8.53900273796171e-05,0,0,0,0,0,0,1,0,1,0,12
0.35644736886024475,0.00612415699288249,0.011641488410532475,0.002666787477210164,0.374830424785614,0.008897317573428154,0.12558779120445251,0.01335062924772501,0.0032691643573343754,4.567218275042251e-05,-7.897725299699232e-05,-5.8334769306722656e-12,0.6329576373100281,0.00017755257431417704,-0.01418730802834034,0.00014037392975296825,0,0,0,0,0,0,1,0,1,0,0
0.3683755099773407,0.008840948343276978,0.01214742660522461,0.0027442805003374815,0.3878230154514313,0.012078806757926941,0.11877252906560898,0.01268521323800087,0.0031062241178005934,4.3394495151005685e-05,-7.503861706936732e-05,5.832238771791287e-12,0.6187834739685059,0.0005671409890055656,-0.014151545241475105,0.00068177271168679,0,0,0,0,0,0,1,0,1,0,2
0.380756139755249,0.011594717390835285,0.012556244619190693,0.002756386762484908,0.4001339077949524,0.015093370340764523,0.11094217002391815,0.012003710493445396,0.0029393441509455442,4.106383858015761e-05,-7.100842776708305e-05,1.1662075818930084e-11,0.6046870946884155,0.0016121737426146865,-0.01404004916548729,0.001341469818726182,0,1,0,0,0,0,0,0,1,0,6
0.3934842050075531,0.014364794827997684,0.012845502234995365,0.002799863927066326,0.411759614944458,0.017940154299139977,0.11248718202114105,0.011325213126838207,0.0027732010930776596,3.8741331081837416e-05,-6.699228833895177e-05,-5.829906869758705e-12,0.5907341837882996,0.003290317952632904,-0.01388718094676733,0.00190206547267735,0,0,0,0,0,1,0,0,1,0,5
0.40643948316574097,0.0172108206897974,0.01303553581237793,0.0028824834153056145,0.42272940278053284,0.02062631957232952,0.11059771478176117,0.01068252231925726,0.0026158250402659178,3.6542121961247176e-05,-6.318937812466174e-05,0.0,0.5769267082214355,0.00542192067950964,-0.013737468048930168,0.002318731276318431,0,0,0,0,1,0,0,0,1,0,5
0.4191759526729584,0.020421652123332024,0.012600024230778217,0.0027975616976618767,0.433073490858078,0.023159269243478775,0.11057987809181213,0.010073409415781498,0.002466671634465456,3.4458986192476004e-05,-5.95871897530742e-05,2.913997819084524e-12,0.5632853507995605,0.007967526093125343,-0.01355830393731594,0.0027304203249514103,0,0,0,0,1,0,0,0,1,0,5
0.4306115210056305,0.023296082392334938,0.010915803723037243,0.0020062443800270557,0.44282951951026917,0.025548230856657028,0.10921115428209305,0.06568088382482529,-0.0006566572119481862,2.765175304375589e-05,5.310999767971225e-06,0.001368220429867506,0.5499080419540405,0.011047100648283958,-0.013218557462096214,0.003362835617735982,0,0,0,0,1,0,0,0,1,0,12
0.4396902322769165,0.024852145463228226,0.008333430625498295,0.0013964883983135223,0.505078911781311,0.02471444383263588,0.40625250339508057,0.06082402914762497,-0.0010061056818813086,2.7260173737886362e-05,1.5667754951209645e-06,0.0013519641943275928,0.5369088053703308,0.014749636873602867,-0.0128093883395195,0.003977569285780191,0,0,0,0,1,0,0,0,1,0,8
0.4473351836204529,0.02617521770298481,0.0073499539867043495,0.0012915956322103739,0.564273476600647,0.023503378033638,0.5973144173622131,0.05790407583117485,-0.001376315951347351,2.7260173737886362e-05,1.5667754951209645e-06,0.0013519641943275928,0.5248113870620728,0.018728017807006836,-0.010962696745991707,0.0036084624007344246,0,0,0,0,0,0,0,1,1,0,3
0.45418283343315125,0.02690529078245163,0.006367529276758432,0.000625962857156992,0.620696485042572,0.021931301802396774,0.6889139413833618,0.055247727781534195,-0.0017296418081969023,2.7260173737886362e-05,1.5667754951209645e-06,0.0013519641943275928,0.5160559415817261,0.021532222628593445,-0.006680278107523918,0.002043255837634206,0,0,1,0,0,0,0,0,1,0,0
0.46039295196533203,0.02750380150973797,0.00659928610548377,0.0005836121854372323,0.674590528011322,0.020015506073832512,0.6859748363494873,0.05281798169016838,-0.002065473236143589,2.7260173737886362e-05,1.5667754951209645e-06,0.0013519641943275928,0.5123769640922546,0.022617671638727188,-0.0011160093126818538,0.0003049390797968954,0,0,1,0,0,0,0,0,1,0,2
0.46784836053848267,0.027935350313782692,0.008126567117869854,0.00025689887115731835,0.7261648774147034,0.017773490399122238,0.592764139175415,0.05058424547314644,-0.002383870305493474,2.7260173737886362e-05,1.5667754951209645e-06,0.0013519641943275928,0.5142977237701416,0.0226910300552845,0.003357845125719905,0.00014379264030139893,0,1,0,0,0,0,0,0,1,0,17
0.47668930888175964,0.027859864756464958,0.009309194050729275,-0.0003645009419415146,0.7756012082099915,0.015222441405057907,0.4130118489265442,0.04852094128727913,-0.002685346407815814,2.7260173737886362e-05,1.5667754951209645e-06,0.0013519641943275928,0.5185129046440125,0.022860920056700706,0.004920188337564468,2.710728040256072e-05,0,1,0,0,0,0,0,0,1,1,0
0.4845215380191803,0.027255551889538765,0.006182053592056036,-0.0006827726028859615,0.8230577707290649,0.012378855608403683,0.15000852942466736,0.04660656303167343,-0.0029707078356295824,2.7260173737886362e-05,1.5667754951209645e-06,0.0013519641943275928,0.5242642164230347,0.022766325622797012,0.006428185850381851,-0.0001242714060936123,0,1,0,0,0,0,0,0,1,1,10
0.48848021030426025,0.02628924697637558,0.0024490496143698692,-0.00114743213634938,0.8631927967071533,0.009884700179100037,0.22825077176094055,0.03821214288473129,-0.002416264498606324,2.1350329916458577e-05,-2.0884317564195953e-05,0.0012063196627423167,0.5314702987670898,0.022601991891860962,0.007818025536835194,-0.0001997326035052538,0,1,0,0,0,0,0,0,1,1,13
0.4897123873233795,0.025502361357212067,0.001079194713383913,-0.0007329089567065239,0.9007474780082703,0.007395560387521982,0.2632048726081848,0.0370233915746212,-0.0025484554935246706,2.1350329916458577e-05,-2.0884317564195953e-05,0.0012063196627423167,0.5399704575538635,0.02235298976302147,0.0090230917558074,-0.00028751397621817887,0,1,0,0,0,0,0,0,1,1,15
0.4916693866252899,0.02429710142314434,0.0009617384639568627,-0.0015511467354372144,0.937136709690094,0.004775375127792358,0.17780406773090363,0.03587590157985687,-0.002678563352674246,2.1350329916458577e-05,-2.0884317564195953e-05,0.0012063196627423167,0.5495414137840271,0.02203070931136608,0.010001659393310547,-0.0003506407083477825,0,1,0,0,0,0,0,0,0,1,3
0.48819902539253235,0.02170356921851635,-0.0030009185429662466,-0.0024594757705926895,0.9705153703689575,0.0022705309092998505,0.15470027923583984,0.03115779161453247,-0.0023152222856879234,1.2744565538014285e-05,-4.7160960093606263e-05,0.001000724034383893,0.5600135922431946,0.02164352498948574,0.01083402056246996,-0.00041681897710077465,0,0,1,0,0,0,0,0,0,1,1
0.4869856536388397,0.01955176331102848,-0.0004403731436468661,-0.0019834942650049925,1.0012321472167969,-7.679810369154438e-05,0.1411585807800293,0.030353255569934845,-0.00237362552434206,1.2744565538014285e-05,-4.7160960093606263e-05,0.001000724034383893,0.5708957314491272,0.021205352619290352,0.010859616100788116,-0.00045289547415450215,1,0,0,0,0,0,0,0,0,1,13
