lt_dp_posx,lt_dp_posy,lt_dp_velx,lt_dp_vely,ball_posx,ball_posy,ball_posz,ball_vel_x,ball_vel_y,ball_rot_x,ball_rot_y,ball_rot_z,rt_gk_posx,rt_gk_posy,rt_gk_velx,rt_gk_vely,action_left,action_top_left,action_top,action_top_right,action_right,action_bottom_right,action_bottom,action_bottom_left,action_sprint,action_dribble,sel_action
-1.0110293626785278,-0.0,0.0,-0.0,0.019999999552965164,-0.0,0.11061639338731766,-0.0,0.0,0.0,-0.0,0.0,1.0110293626785278,0.0,-0.0,0.0,0,0,0,0,0,0,0,0,0,0,5
0.0,-0.0,0.0,-0.0,0.019999999552965164,-0.0,0.11059734225273132,-0.0,0.0,0.0,-0.0,0.0,1.0093543529510498,-1.2263390303246524e-10,-0.0035601502750068903,-2.3792418035739615e-10,0,0,0,0,1,0,0,0,0,0,5
0.0015068008797243237,9.178596077630274e-11,0.003586257342249155,2.5862914240781798e-11,0.019999999552965164,-0.0,0.10930104553699493,-0.0,0.0,0.0,-0.0,0.0,1.0049090385437012,-3.4048644459439004e-10,-0.005159658379852772,-1.7905761595660152e-10,0,0,0,0,1,0,0,0,0,0,5
0.004647698253393173,-1.8393966350060964e-09,0.0052653769962489605,-3.529589953643608e-10,0.019999999552965164,-0.0,0.11075475811958313,-0.0,0.0,0.0,-0.0,0.0,0.998912513256073,-3.6002506531573886e-10,-0.006663799285888672,6.781157302349072e-10,0,0,0,0,1,0,0,0,0,0,13
0.00921948254108429,-4.4786250263939564e-09,0.0068116821348667145,-3.289779004767013e-10,0.023587318137288094,-3.7949368647538506e-10,0.12494253367185593,0.008816434070467949,-9.333416262080618e-10,1.3980587521000842e-12,2.182822754548397e-06,-3.348624112373133e-12,0.9914822578430176,2.325928061264193e-10,-0.0080326022580266,4.901767325371509e-10,0,0,0,0,1,0,0,0,1,0,16
0.016810275614261627,-4.649700624526076e-09,0.008202947676181793,-8.509173921034119e-11,0.031988270580768585,-1.270523131147172e-09,0.11617613583803177,0.008016404695808887,-8.517485050596463e-10,1.0933376599908673e-11,4.324937253841199e-05,-1.3775852203759542e-12,0.9827787280082703,5.441226358371409e-10,-0.009224695153534412,1.5420392740495004e-10,0,0,0,0,1,0,0,0,1,0,18
0.025697514414787292,-4.789135754634799e-09,0.009418541565537453,-1.1534930649537145e-10,0.03977688029408455,-2.098122120486323e-09,0.1151169091463089,0.0075969030149281025,-8.072302826178657e-10,1.1276890012068552e-11,4.4938005885342136e-05,0.0,0.9734154939651489,7.148695524428206e-10,-0.009538145735859871,1.796619242266928e-10,0,0,0,0,1,0,0,0,1,0,0
0.034604333341121674,-6.091731563628855e-09,0.009487872011959553,-2.184463998577968e-10,0.047142188996076584,-2.8807436436295575e-09,0.10721039026975632,0.007172056473791599,-7.620865605240112e-10,1.0646337110509219e-11,4.242529030307196e-05,-2.7773041947853277e-18,0.963359534740448,8.368347126364029e-10,-0.010455355979502201,6.399814012070237e-11,0,0,0,0,1,0,0,0,1,0,5
0.04265647009015083,-8.25622059608122e-09,0.009879695251584053,-1.2069095722821999e-10,0.05483473464846611,2.9161387828935403e-06,0.1180512085556984,0.014280533418059349,2.9196851755841635e-05,3.3859953418868827e-07,2.3360701106867054e-06,2.8937307661180967e-07,0.9525248408317566,1.1595128190933224e-09,-0.010928686708211899,1.0037546349650484e-09,0,0,0,0,1,0,0,0,1,0,0
0.05302297696471214,7.257288814344065e-08,0.010675630532205105,8.091230370155245e-07,0.06872721761465073,3.095563442911953e-05,0.14384114742279053,0.013800550252199173,2.7824336939374916e-05,2.8538838137137645e-07,8.17432828625897e-06,3.5968724887425196e-07,0.9415563941001892,1.885806621970687e-09,-0.011242137290537357,5.156534643724342e-10,0,0,0,0,1,0,0,0,1,0,18
0.06378472596406937,5.073029115010286e-06,0.01101673487573862,8.287733180623036e-06,0.08208196610212326,5.7422937970841303e-05,0.12317598611116409,0.012641318142414093,2.4203960492741317e-05,-2.5629450561837075e-08,4.159415402682498e-05,4.4029320633853786e-07,0.9299631714820862,2.1708512765172827e-09,-0.011861324310302734,9.754323737620751e-11,0,0,0,0,1,0,0,0,1,0,0
0.07522019743919373,1.7372460206388496e-05,0.011754298582673073,1.57996346388245e-05,0.09433247894048691,8.060032996581867e-05,0.11358174681663513,0.01189576555043459,2.2281425117398612e-05,-3.129035803794977e-07,7.052490400383249e-05,0.0,0.9177908301353455,3.1629878094463493e-07,-0.012411790899932384,8.044023616093909e-07,0,0,0,0,1,0,0,0,1,0,0
0.08732923120260239,3.559710967238061e-05,0.012389439158141613,1.9662242266349494e-05,0.10589689761400223,0.0001022617143462412,0.11358577013015747,0.011285535991191864,2.1139008822501637e-05,-2.953090927348967e-07,6.675743497908115e-05,-4.554564597648511e-14,0.9051313996315002,1.991071258089505e-06,-0.012844450771808624,2.398035576334223e-06,0,0,0,0,1,0,0,0,1,0,16
0.10000831633806229,5.813370080431923e-05,0.012895552441477776,2.5228871891158633e-05,0.1168375015258789,0.00012275461631361395,0.11179311573505402,0.010660222731530666,1.9967737898696214e-05,-2.789444408790587e-07,6.30580325378105e-05,4.55379989630373e-14,0.8920965194702148,5.075594799563987e-06,-0.01317683421075344,3.392382268430083e-06,0,0,0,0,1,0,0,0,1,0,16
0.1131187379360199,-0.00041438761400058866,0.013238980434834957,2.6214351237285882e-05,0.127165287733078,0.00014209968503564596,0.1106850877404213,0.01005903072655201,1.8841637938749045e-05,-2.6321450263822044e-07,5.9502122894627973e-05,2.2765526646434907e-14,0.8787750601768494,8.817663001536857e-06,-0.013429276645183563,4.033644472656306e-06,0,0,0,0,1,0,0,0,1,0,13
0.12635774910449982,-0.002255071420222521,0.013238980434834957,1.4298983842309099e-05,0.1375458687543869,0.0001320565352216363,0.11983069032430649,0.01586630567908287,-0.00026515196077525616,-2.488889379037573e-07,6.2115859691402875e-06,-4.6717417490071966e-07,0.8652356863021851,1.314914788963506e-05,-0.013621414080262184,4.254464784025913e-06,0,0,0,0,1,0,0,0,1,0,16
0.13959680497646332,-0.002247326076030731,0.013238980434834957,2.38311622524634e-06,0.15305915474891663,-0.00012679513019975275,0.15820355713367462,0.015416419133543968,-0.0002572067314758897,-6.124368923110524e-08,1.037153742800001e-05,-7.9782086004343e-07,0.8515316843986511,1.3857600606570486e-05,-0.013765166513621807,-2.4539542664570035e-06,0,0,0,0,1,0,0,0,1,0,5
0.15297724306583405,-0.00221651210449636,0.013511145487427711,7.763576286379248e-05,0.16824308037757874,-0.0003799065889324993,0.11589778959751129,0.014439819380640984,-0.0002394308685325086,1.0349357353334199e-06,3.4548211260698736e-05,-1.885548044811003e-06,0.8377040028572083,7.752961209916975e-06,-0.013873857446014881,-9.065362974070013e-06,0,0,0,0,1,0,0,0,1,0,5
0.1666184663772583,-0.002057071775197983,0.01373694185167551,0.0002257312007714063,0.18215732276439667,-0.0006100120372138917,0.11780847609043121,0.01357574574649334,-0.00022415487910620868,1.9003720126420376e-06,5.351539948605932e-05,-1.703185262158513e-06,0.8237837553024292,-8.368400813196786e-06,-0.013955200091004372,-2.4242997824330814e-05,0,0,0,0,1,0,0,0,1,0,13
0.18045149743556976,-0.0017795164603739977,0.013905763626098633,0.00027733450406230986,0.19522371888160706,-0.0008253990090452135,0.11213431507349014,0.012754657305777073,-0.00021019720588810742,2.936604914793861e-06,7.545232074335217e-05,0.0,0.8097941875457764,-4.3037289287894964e-05,-0.014015506021678448,-4.321732558310032e-05,0,0,0,0,1,0,0,0,1,0,5
0.19443152844905853,-0.0015376561786979437,0.014034965075552464,0.00021265882242005318,0.20758728682994843,-0.0010291507933288813,0.11327002942562103,0.012048687785863876,-0.0001985628332477063,2.7738497010432184e-06,7.127051503630355e-05,-3.6444458562101545e-13,0.7957528829574585,-9.554469579597935e-05,-0.014060385525226593,-5.632518514175899e-05,0,0,0,0,1,0,0,0,1,0,16
0.20851831138134003,-0.0013590336311608553,0.014121806249022484,0.0001510008587501943,0.21926584839820862,-0.0012216140748932958,0.11138089001178741,0.011377200484275818,-0.00018749675655271858,2.619237420731224e-06,6.729795131832361e-05,-3.643744106354013e-13,0.7816727161407471,-0.00015142999473027885,-0.014094745740294456,-5.551874710363336e-05,0,0,0,0,1,0,0,0,1,0,16
0.22261670231819153,-0.001244422048330307,0.01412188820540905,8.807786070974544e-05,0.23028720915317535,-0.0014032467734068632,0.11085904389619827,0.010732913389801979,-0.00017687883519101888,2.4709320314286742e-06,6.348743045236915e-05,-3.6431087638809367e-13,0.7675637006759644,-0.00020648712234105915,-0.014119990170001984,-5.467465234687552e-05,0,0,0,0,1,0,0,0,1,0,0
0.23646889626979828,-0.0011920182732865214,0.013533059507608414,2.41154612012906e-05,0.2456754744052887,-0.0014012681785970926,0.16133414208889008,0.015794435515999794,2.145301186828874e-05,8.989543971438252e-07,1.2277509085834026e-05,-9.624620815884555e-07,0.7534329891204834,-0.0002621674502734095,-0.014138923026621342,-5.6770128139760345e-05,0,0,0,0,1,0,0,0,1,0,5
0.2498033046722412,-9.956150279322173e-06,0.013312626630067825,4.270002591511002e-06,0.26135188341140747,-0.001379963825456798,0.12239547818899155,0.015528475865721703,2.097509968734812e-05,8.827175292935863e-07,1.3362018762563821e-05,-9.203164381688111e-07,0.7392863631248474,-0.0003202644584234804,-0.01415224652737379,-5.918087117606774e-05,0,0,0,0,1,0,0,0,1,0,13
0.26311567425727844,0.0010158426593989134,0.013312522321939468,1.8982938172484864e-06,0.2766950726509094,-0.0012384018627926707,0.16264529526233673,0.015833983197808266,0.00026476357015781105,4.045758146276057e-07,-7.784857984916016e-07,1.810828109682916e-07,0.7251278758049011,-0.0003770541516132653,-0.014162764884531498,-4.920747596770525e-05,0,0,0,0,1,0,0,0,1,0,18
0.2764469087123871,0.0010145927080884576,0.01340525969862938,-1.1444127267168369e-05,0.2924172878265381,-0.0009755141218192875,0.16224020719528198,0.015631580725312233,0.0002613749820739031,4.045758146276057e-07,-7.784857984916016e-07,1.810828109682916e-07,0.7109605669975281,-0.00041395812877453864,-0.014170478098094463,-2.6833229640033096e-05,0,0,0,0,1,0,0,0,1,0,7
0.28999900817871094,0.0009454074897803366,0.013660508207976818,-0.00012819722178392112,0.3075619339942932,-0.0007227647583931684,0.12772506475448608,0.014215420000255108,0.00023610754578839988,-8.711110695003299e-07,2.8503587600425817e-05,1.8580633422971005e-06,0.6967863440513611,-0.0004284406895749271,-0.014176789671182632,-4.110741883778246e-06,0,0,0,0,0,0,1,0,1,0,16
0.3037671744823456,0.0007427780656144023,0.013847561553120613,-0.0002616650890558958,0.32154786586761475,-0.0004906372632831335,0.12039761245250702,0.013779982924461365,0.00022855809947941452,-1.15312616344454e-06,3.4955981391249225e-05,1.943094730449957e-06,0.6826073527336121,-0.00041846532258205116,-0.01418099645525217,2.150241198251024e-05,0,0,0,0,0,0,1,0,1,0,7
0.31769633293151855,0.0004870215489063412,0.01399061270058155,-0.00022997830819804221,0.3346708118915558,-0.00027354355552233756,0.1164609044790268,0.01277528703212738,0.0002111823414452374,-2.950486987174372e-06,7.55769870011136e-05,-7.290503921050795e-13,0.668424665927887,-0.0003828696208074689,-0.014183801598846912,4.7127596189966425e-05,0,0,0,0,0,0,1,0,1,0,6
0.331005722284317,0.0011494916398078203,0.013769358396530151,-2.5287056359957205e-06,0.3470659852027893,-6.864478200441226e-05,0.11196406930685043,0.012087225914001465,0.00019980838987976313,-2.791191036521923e-06,7.149697921704501e-05,0.0,0.6542394161224365,-0.00032877127523534,-0.014186606742441654,5.49420146853663e-05,0,0,0,0,0,1,0,0,1,0,12
0.343992680311203,0.002051474992185831,0.013251515105366707,0.00016776996199041605,0.35993289947509766,0.001410793629474938,0.1414707452058792,0.014295553788542747,0.003377909306436777,3.6201531656843144e-06,1.6110021533677354e-05,1.747987153066788e-05,0.6400522589683533,-0.00027373249758966267,-0.014188009314239025,5.511780909728259e-05,0,0,0,0,0,1,0,0,1,0,5
0.35664716362953186,0.0030108271166682243,0.012411089614033699,0.0017083825077861547,0.3741321265697479,0.004765545949339867,0.14572745561599731,0.014120426028966904,0.0033360456582158804,3.6201531656843144e-06,1.6110021533677354e-05,1.747987153066788e-05,0.6258642077445984,-0.00018855913367588073,-0.014185905456542969,0.00020508792658802122,0,0,0,0,1,0,0,0,1,0,8
0.3686903715133667,0.00536990026012063,0.011754386126995087,0.0025439239107072353,0.3877127170562744,0.007950364612042904,0.12847748398780823,0.012907400727272034,0.0029943150002509356,-1.9653643903438933e-05,4.709620407084003e-05,2.593614954093937e-05,0.6116951107978821,0.00029104482382535934,-0.014148740097880363,0.0007040179334580898,0,0,0,0,0,0,0,1,1,0,18
0.38063958287239075,0.007941660471260548,0.012175826355814934,0.0025966877583414316,0.4003185033798218,0.01086661871522665,0.11383721232414246,0.012260661460459232,0.002826480660587549,-3.96756840927992e-05,7.276588439708576e-05,-5.831552688656538e-12,0.5975856781005859,0.0012685962719842792,-0.0140709038823843,0.0012009391793981194,0,0,0,0,0,0,0,1,1,0,18
0.3930582106113434,0.01053943857550621,0.012602174654603004,0.002592245815321803,0.41223710775375366,0.013614283874630928,0.1145234927535057,0.011627135798335075,0.002680468373000622,-3.744481728062965e-05,6.87763313180767e-05,0.0,0.5835672616958618,0.00270136259496212,-0.013973081484436989,0.001614731503650546,0,0,0,0,0,0,0,1,1,0,6
0.4058433175086975,0.013131891377270222,0.01291036605834961,0.002614091383293271,0.4235176146030426,0.016214843839406967,0.11012726277112961,0.010995800606906414,0.002534921746701002,-3.541342812241055e-05,6.504524208139628e-05,5.829382115907222e-12,0.5696597695350647,0.004537329543381929,-0.013850015588104725,0.0020164407324045897,0,0,0,0,0,1,0,0,1,0,14
0.41887056827545166,0.015787649899721146,0.013112671673297882,0.002689053537324071,0.43417030572891235,0.01867065578699112,0.1092800721526146,0.010378990322351456,0.00239272671751678,-3.3426618756493554e-05,6.139596371212974e-05,2.9142209478916214e-12,0.5559031963348389,0.0068030087277293205,-0.013656475581228733,0.002514367690309882,0,0,0,0,0,0,0,0,1,0,5
0.4313332438468933,0.018854429945349693,0.012128785252571106,0.002367679262533784,0.44422322511672974,0.020988212898373604,0.1111873909831047,0.009792407974600792,0.0022574984468519688,-3.153680154355243e-05,5.79248444410041e-05,-8.741396495537401e-12,0.5424004197120667,0.009641957469284534,-0.013367919251322746,0.0031026285141706467,0,0,0,0,1,0,0,0,1,0,18
0.44232872128486633,0.021151652559638023,0.009950820356607437,0.001550733228214085,0.4674762189388275,0.022840702906250954,0.21634633839130402,0.05495186150074005,0.0010073991725221276,-1.7686763385427184e-05,3.936194843845442e-05,0.0006105623906478286,0.5292426943778992,0.01305150892585516,-0.012784846127033234,0.0035746246576309204,0,0,0,0,1,0,0,0,1,0,0
0.45092499256134033,0.02241808921098709,0.008052587509155273,0.0012385788140818477,0.5211811661720276,0.023735247552394867,0.4391874074935913,0.05270066112279892,0.0008022157708182931,-1.7686763385427184e-05,3.936194843845442e-05,0.0006105623906478286,0.518307089805603,0.01630297116935253,-0.009100927971303463,0.0029306805226951838,0,0,0,0,1,0,0,0,1,0,6
0.4582533836364746,0.023478161543607712,0.006899062544107437,0.000570550502743572,0.5726892352104187,0.024424828588962555,0.4752276539802551,0.05054541304707527,0.0005975858657620847,-1.7686763385427184e-05,3.936194843845442e-05,0.0006105623906478286,0.5121861696243286,0.018850374966859818,-0.0034991432912647724,0.0022904439829289913,0,0,0,0,0,1,0,0,1,0,13
0.46484607458114624,0.02402336150407791,0.006132967304438353,0.0005071813357062638,0.6220870614051819,0.02491053007543087,0.33656424283981323,0.04846995323896408,0.00039444933645427227,-1.7686763385427184e-05,3.936194843845442e-05,0.0006105623906478286,0.5113582611083984,0.021614467725157738,0.0014764420920982957,0.002729507628828287,0,0,0,0,0,1,0,0,1,0,9
0.4713130593299866,0.024531295523047447,0.007081031799316406,0.0004978841752745211,0.6682708263397217,0.025224724784493446,0.14869379997253418,0.04050697386264801,0.00035112988553009927,-1.6374302504118532e-05,5.928791870246641e-05,0.0005523649742826819,0.5153146982192993,0.023675046861171722,0.0053956229239702225,0.001418005907908082,0,0,0,0,0,1,0,0,1,0,6
0.47920557856559753,0.024942588061094284,0.008526970632374287,0.0003159046173095703,0.7080996036529541,0.02551535703241825,0.2315022200345993,0.03926756605505943,0.00024045482859946787,-1.6374302504118532e-05,5.928791870246641e-05,0.0005523649742826819,0.5216872096061707,0.02460075542330742,0.007067708298563957,0.0007103789830580354,0,0,0,0,0,1,0,0,1,0,12
0.48832616209983826,0.02510104514658451,0.009334437549114227,7.31226391508244e-05,0.746666431427002,0.025693034753203392,0.13772696256637573,0.037987980991601944,0.00012579432222992182,-1.6374302504118532e-05,5.928791870246641e-05,0.0005523649742826819,0.5295171141624451,0.025201793760061264,0.008428096771240234,0.00048194205737672746,0,0,0,0,0,1,0,0,1,0,7
0.49796462059020996,0.025169065222144127,0.010080898180603981,6.567918171640486e-05,0.7814657688140869,0.02584759145975113,0.15215544402599335,0.033716652542352676,0.00014232487592380494,-1.3971420230518561e-05,8.408014400629327e-05,0.0004582862020470202,0.538550853729248,0.025502804666757584,0.009323569014668465,0.00013512287114281207,0,0,0,0,0,0,1,0,1,0,8
0.5085609555244446,0.025229135528206825,0.010991096496582031,5.489901377586648e-05,0.8138560652732849,0.025975285097956657,0.12411429733037949,0.030595887452363968,0.00013881722406949848,-1.0335491424484644e-05,0.00011443268886068836,0.0003197204496245831,0.5479857325553894,0.025585593655705452,0.009733438491821289,7.417783490382135e-05,0,0,0,0,0,0,0,1,1,0,11
0.5200035572052002,0.025282416492700577,0.011796810664236546,5.338750997907482e-05,0.8427454233169556,0.026117123663425446,0.11190382391214371,0.027536703273653984,0.00014485183055512607,-2.001575694521307e-06,0.00016295435489155352,-4.406399724266041e-12,0.5582185983657837,0.025645552203059196,0.010617691092193127,4.67711070086807e-05,0,0,0,0,0,0,0,1,1,0,12
0.5321677923202515,0.025334294885396957,0.012440190650522709,5.022190453018993e-05,0.8689753413200378,0.026255084201693535,0.10857727378606796,0.02520122565329075,0.00013255231897346675,-1.8517367834647303e-06,0.00014907290460541844,1.4665658010920568e-12,0.5691049098968506,0.0256805419921875,0.010805620811879635,2.9916398489149287e-05,0,0,0,0,0,0,0,1,1,0,6
0.5448904633522034,0.025382643565535545,0.01293385773897171,4.7968904254958034e-05,0.8930386304855347,0.02638164907693863,0.10892978310585022,0.0231754370033741,0.0001218971810885705,-1.7028835372912e-06,0.0001370895915897563,0.0,0.5801730751991272,0.02570831961929798,0.011375721544027328,2.643708467076067e-05,0,0,0,0,0,1,0,0,1,0,15
0.5580284595489502,0.025430472567677498,0.013296113349497318,4.7694578825030476e-05,0.9152244925498962,0.026498345658183098,0.10912273824214935,0.02141120657324791,0.00011261772306170315,-1.573252234265965e-06,0.00012665371468756348,-3.6584675718563664e-13,0.5919448137283325,0.02573387697339058,0.012093367986381054,2.5646451831562445e-05,0,0,0,0,0,1,0,0,0,0,14
0.5714742541313171,0.02547767199575901,0.013577169738709927,4.7169014578685164e-05,0.9357659220695496,0.02660639025270939,0.10927129536867142,0.019858408719301224,0.00010445040970807895,-1.4591571471100906e-06,0.00011746853851946071,7.311183993288783e-13,0.6043953895568848,0.02576194331049919,0.012610902078449726,2.8013753762934357e-05,0,0,0,0,0,0,0,0,0,0,15
0.5851524472236633,0.025524839758872986,0.01377981249243021,4.776119749294594e-05,0.9548525810241699,0.02670677937567234,0.10938218235969543,0.018478872254490852,9.719440276967362e-05,-1.3577924846686074e-06,0.00010930820280918851,7.306442777188504e-13,0.6172857284545898,0.02579258754849434,0.01300401333719492,3.064440534217283e-05,0,0,0,0,0,0,0,0,0,0,12
0.5990155935287476,0.025572745129466057,0.013939512893557549,4.836544030695222e-05,0.9726408123970032,0.02680034190416336,0.10946643352508545,0.01724305748939514,9.069430234376341e-05,-1.2669870557147078e-06,0.00010199798998655751,5.476867332050717e-13,0.6305364370346069,0.0258262250572443,0.013342343270778656,3.390313213458285e-05,0,0,0,0,0,0,0,0,0,0,6
0.6130120158195496,0.025621162727475166,0.014051886275410652,4.8798261559568346e-05,0.9892612099647522,0.02688775770366192,0.10953111946582794,0.016127754002809525,8.482805424137041e-05,-1.185036239803594e-06,9.540063911117613e-05,1.8247899122737082e-13,0.6440410017967224,0.025862514972686768,0.01355914305895567,3.6507572076516226e-05,0,0,0,0,0,1,0,0,0,0,18
0.6271088719367981,0.025670109316706657,0.0141410231590271,4.933839591103606e-05,1.0048236846923828,0.02696961909532547,0.10958129167556763,0.015114461071789265,7.949836435727775e-05,-1.1105814792244928e-06,8.940671978052706e-05,-3.64816466966178e-13,0.6577345132827759,0.025901298969984055,0.013750500045716763,3.940408714697696e-05,0,0,0,0,0,1,0,0,0,0,5
