lt_dp_posx,lt_dp_posy,lt_dp_velx,lt_dp_vely,ball_posx,ball_posy,ball_posz,ball_vel_x,ball_vel_y,ball_rot_x,ball_rot_y,ball_rot_z,rt_gk_posx,rt_gk_posy,rt_gk_velx,rt_gk_vely,action_left,action_top_left,action_top,action_top_right,action_right,action_bottom_right,action_bottom,action_bottom_left,action_sprint,action_dribble,sel_action
-1.0110293626785278,-0.0,0.0,-0.0,0.019999999552965164,-0.0,0.11061639338731766,-0.0,0.0,0.0,-0.0,0.0,1.0110293626785278,0.0,-0.0,0.0,0,0,0,0,0,0,0,0,0,0,5
0.0,-0.0,0.0,-0.0,0.019999999552965164,-0.0,0.11059734225273132,-0.0,0.0,0.0,-0.0,0.0,1.0110293626785278,0.0,-0.0,0.0,0,0,0,0,1,0,0,0,0,0,5
0.0,-0.0,0.0,-0.0,0.019999999552965164,-0.0,0.10930104553699493,-0.0,0.0,0.0,-0.0,0.0,1.0110293626785278,0.0,-0.0,0.0,0,0,0,0,1,0,0,0,0,0,5
0.002605511574074626,1.3680566401941263e-10,0.004109719302505255,2.5224112729094195e-11,0.019999999552965164,-0.0,0.11075475811958313,-0.0,0.0,0.0,-0.0,0.0,1.0097103118896484,-9.883491941531375e-11,-0.0033988673239946365,-2.355195205527849e-10,0,0,0,0,1,0,0,0,0,0,5
0.005889641121029854,-1.5970879063686994e-09,0.005736230872571468,-3.9207298518917355e-10,0.019999999552965164,-0.0,0.11053141206502914,-0.0,0.0,0.0,-0.0,0.0,1.005424976348877,-3.225121836258893e-10,-0.0050032841973006725,-1.9201949752467584e-10,0,0,0,0,1,0,0,0,0,0,13
0.011982080526649952,-2.3340314125874784e-09,0.007240616716444492,-2.362129658539658e-10,0.02691209688782692,-4.666663722119324e-10,0.12254813313484192,0.008374633267521858,-5.659687718484463e-10,2.0085038233280672e-12,1.0416755685582757e-05,-2.8667975111862365e-12,0.9995788931846619,-4.275999831993005e-10,-0.0065179429948329926,-2.0236869471834673e-11,0,0,0,0,1,0,0,0,1,0,5
0.019974837079644203,-2.479345617700801e-09,0.008583002723753452,-1.7994919443431456e-10,0.03486180678009987,-1.0046676823805e-09,0.11699162423610687,0.007705577649176121,-5.217304921423249e-10,7.288690484497096e-12,4.558203727356158e-05,0.0,0.9922854900360107,1.796399140552296e-10,-0.007902874611318111,5.097884892002469e-10,0,0,0,0,1,0,0,0,1,0,5
0.029211096465587616,-2.6511925987904306e-09,0.009742094203829765,-1.496287399538332e-10,0.04233737289905548,-1.510824132466837e-09,0.10775913298130035,0.007286667823791504,-4.933667918649576e-10,6.8923690539623994e-12,4.31035332439933e-05,6.943401107667453e-19,0.9837011694908142,5.10200659498139e-10,-0.009114601649343967,1.7111841110750703e-10,0,0,0,0,1,0,0,0,1,0,0
0.03715028613805771,-4.070698444991194e-09,0.009281553328037262,-1.6718125495085445e-10,0.049390897154808044,-1.9884056623453716e-09,0.11127554625272751,0.006866077426820993,-4.648892382164149e-10,6.494466856660219e-12,4.061513391206972e-05,-6.942896010505913e-19,0.9743693470954895,6.716494027614317e-10,-0.009437869302928448,1.9227575087654714e-10,0,0,0,0,1,0,0,0,1,0,16
0.04607756808400154,-4.900661654261285e-09,0.010248887352645397,-1.0085627472067316e-10,0.05977779999375343,1.4214143448043615e-05,0.1403011828660965,0.013893861323595047,2.8018363082082942e-05,2.857442211734451e-07,7.852933777030557e-06,3.574642164494435e-07,0.9644050598144531,8.173928200960745e-10,-0.010371208190917969,9.609750495354064e-11,0,0,0,0,1,0,0,0,1,0,5
0.05666933208703995,1.209588958772656e-06,0.010675542056560516,4.048628852615366e-06,0.0735815018415451,4.204217475489713e-05,0.12649618089199066,0.013696718961000443,2.7571653845370747e-05,2.785293133911182e-07,8.640456144348718e-06,3.6553785776050063e-07,0.9536177515983582,3.5817581789387987e-08,-0.010990395210683346,2.3265100423941476e-07,0,0,0,0,1,0,0,0,1,0,13
0.06764684617519379,9.054887414094992e-06,0.011330842971801758,1.0955336620099843e-05,0.08641690015792847,6.69076616759412e-05,0.12636925280094147,0.01235953439027071,2.3456506824004464e-05,-9.507835585509383e-08,4.876920866081491e-05,3.7999774349373183e-07,0.9426805973052979,8.939722988543508e-07,-0.011172715574502945,1.4131850321064121e-06,0,0,0,0,1,0,0,0,1,0,5
0.07936257123947144,2.4316739654750563e-05,0.012014280073344707,1.7938891687663272e-05,0.09837605804204941,8.939208782976493e-05,0.11752312630414963,0.011652267538011074,2.1826706870342605e-05,-3.049231338536629e-07,6.892834790050983e-05,9.110068385428938e-14,0.9311493039131165,2.891984877351206e-06,-0.011804524809122086,2.4931939606176456e-06,0,0,0,0,1,0,0,0,1,0,13
0.09171651303768158,4.395041105453856e-05,0.01260839868336916,2.160557050956413e-05,0.10968796163797379,0.00011058121890528128,0.11176754534244537,0.0110254418104887,2.0652551029343158e-05,-2.885046797018731e-07,6.521696195704862e-05,-4.55424103106266e-14,0.9190320372581482,5.691155820386484e-06,-0.012362704612314701,2.9930295113445027e-06,0,0,0,0,1,0,0,0,1,0,16
0.10458483546972275,6.889075302751735e-05,0.013062182813882828,2.7766725906985812e-05,0.12037452310323715,0.00013059900084044784,0.11096896231174469,0.010411463677883148,1.9502460418152623e-05,-2.7244587386121566e-07,6.158681935630739e-05,-4.553507500530338e-14,0.9064158201217651,8.997839358926285e-06,-0.012806584127247334,3.5673497222887818e-06,0,0,0,0,1,0,0,0,1,0,0
0.11779036372900009,-0.0011668414808809757,0.013238980434834957,2.145966936950572e-05,0.13045881688594818,0.0001494886091677472,0.10908360034227371,0.009821703657507896,1.8397733583697118e-05,-2.570160688719625e-07,5.8098921726923436e-05,-4.5528430878865114e-14,0.8934142589569092,1.2797572708223015e-05,-0.013147382065653801,3.8046782719902694e-06,0,0,0,0,1,0,0,0,1,0,18
0.1310293972492218,-0.0022505000233650208,0.013239067979156971,9.537812729831785e-06,0.1431073695421219,2.7994654374197125e-05,0.1472282111644745,0.015537279658019543,-0.00025914341676980257,-6.145261011170078e-08,1.0351108358008787e-05,-7.97656298345828e-07,0.8801179528236389,1.6295067325700074e-05,-0.013407538644969463,3.223423391318647e-06,0,0,0,0,1,0,0,0,1,0,0
0.14428842067718506,-0.0022447635419666767,0.01333785429596901,1.321675972576486e-05,0.15853729844093323,-0.0002293430588906631,0.14566361904144287,0.015342291444540024,-0.00025587400887161493,-6.145261011170078e-08,1.0351108358008787e-05,-7.97656298345828e-07,0.8665978312492371,1.9191353203495964e-05,-0.013604585081338882,2.628730271680979e-06,0,0,0,0,1,0,0,0,1,0,16
0.15778285264968872,-0.002170633291825652,0.013610019348561764,0.00013727426994591951,0.17323258519172668,-0.0004734790127258748,0.12910307943820953,0.014003572054207325,-0.00023157746181823313,1.456201971450355e-06,4.381480175652541e-05,-1.918556336022448e-06,0.852908194065094,9.963544471247587e-06,-0.013753245584666729,-2.0796816897927783e-05,0,0,0,0,1,0,0,0,1,0,13
0.17150762677192688,-0.0019523954251781106,0.013809168711304665,0.0002824732509907335,0.18681393563747406,-0.0006976486183702946,0.11690471321344376,0.013139991089701653,-0.0002164687612093985,3.0237451937864535e-06,7.772020762786269e-05,-3.6456715467661494e-13,0.8390914797782898,-2.4462675355607644e-05,-0.013864741660654545,-4.535716288955882e-05,0,0,0,0,1,0,0,0,1,0,0
0.1854040026664734,-0.0016744860913604498,0.013961861841380596,0.00025186705170199275,0.19959409534931183,-0.000908189918845892,0.1149793490767479,0.012468472123146057,-0.0002054059732472524,2.8694814773189137e-06,7.375453424174339e-05,3.644905015830202e-13,0.8251794576644897,-7.781109889037907e-05,-0.013947486877441406,-5.425644849310629e-05,0,0,0,0,1,0,0,0,1,0,16
0.19943185150623322,-0.0014582672156393528,0.01407651323825121,0.0001880950730992481,0.21168439090251923,-0.001107366057112813,0.10733582079410553,0.011780688539147377,-0.00019407537183724344,2.711302158786566e-06,6.968885281821713e-05,0.0,0.8111959099769592,-0.00013125172699801624,-0.014009896665811539,-5.2760427934117615e-05,0,0,0,0,1,0,0,0,1,0,16
0.2135240137577057,-0.0013057789765298367,0.01412181742489338,0.00012587745732162148,0.22309879958629608,-0.0012954073026776314,0.11101727187633514,0.01111898198723793,-0.0001831744593800977,2.5588706193957478e-06,6.577090243808925e-05,0.0,0.79715895652771,-0.00018325087148696184,-0.014056879095733166,-5.183545363252051e-05,0,0,0,0,1,0,0,0,1,0,18
0.22758762538433075,-0.0012173341820016503,0.013973958790302277,6.227651465451345e-05,0.23551695048809052,-0.0014140820130705833,0.13666029274463654,0.015916774049401283,2.147306440747343e-05,8.988234299067699e-07,1.2282899660931434e-05,-9.630429076423752e-07,0.7830822467803955,-0.00023597317340318114,-0.014091940596699715,-5.34432110725902e-05,0,0,0,0,1,0,0,0,1,0,5
0.24116477370262146,-0.0010370410745963454,0.013312673196196556,5.693384082405828e-06,0.2513216733932495,-0.001392776146531105,0.15771380066871643,0.015713201835751534,2.1191086489125155e-05,8.988234299067699e-07,1.2282899660931434e-05,-9.630429076423752e-07,0.7689757943153381,-0.00029028780409134924,-0.014117185026407242,-5.502422936842777e-05,0,0,0,0,1,0,0,0,1,0,0
0.25447729229927063,0.0007004057988524437,0.013312689028680325,3.3214616905752337e-06,0.2666681110858917,-0.0013729291968047619,0.12169547379016876,0.014493783004581928,1.5940669982228428e-05,4.634405286196852e-07,4.097482451470569e-05,-1.2733747212223534e-07,0.7548474669456482,-0.0003415290266275406,-0.014136819168925285,-4.626645750249736e-05,0,0,0,0,1,0,0,0,1,0,16
0.26778995990753174,0.001016146270558238,0.013312697410583496,9.482557175033435e-07,0.28235700726509094,-0.00113308138679713,0.1742367297410965,0.015752393752336502,0.0002633905678521842,4.0487327623850433e-07,-7.757118396511942e-07,1.8028227088962012e-07,0.7407025098800659,-0.00038154248613864183,-0.014151545241475105,-3.489206574158743e-05,0,0,0,0,1,0,0,0,1,0,18
0.28118664026260376,0.0010013086721301079,0.013516930863261223,-4.796623034053482e-05,0.2979988157749176,-0.0008715346339158714,0.1347707211971283,0.01555195078253746,0.0002600571315269917,4.0487327623850433e-07,-7.757118396511942e-07,1.8028227088962012e-07,0.7265451550483704,-0.0004080306098330766,-0.014162063598632812,-1.4952851415728219e-05,0,0,0,0,1,0,0,0,1,0,7
0.29483333230018616,0.0008800413925200701,0.013742377050220966,-0.0001832566485973075,0.3125383257865906,-0.000629585178103298,0.13702881336212158,0.014029093086719513,0.00023286580108106136,-9.924951882567257e-07,3.129049582639709e-05,1.9085771327809198e-06,0.7123786807060242,-0.0004049582639709115,-0.014169776812195778,1.7825692339101806e-05,0,0,0,0,0,0,1,0,1,0,0
0.3086709678173065,0.0006342396955005825,0.01390891894698143,-0.00026568182511255145,0.3262609839439392,-0.000402056728489697,0.11793908476829529,0.01318079698830843,0.00021800672402605414,-2.3809025151422247e-06,6.290276360232383e-05,1.172635393231758e-06,0.698205292224884,-0.00036908977199345827,-0.014176088385283947,5.063409116701223e-05,0,0,0,0,0,0,1,0,1,0,7
0.32250943779945374,0.0005904858116991818,0.01397092454135418,-0.00021635601297020912,0.3390592932701111,-0.0001904797536553815,0.1149919331073761,0.012490350753068924,0.00020646967459470034,-2.884269633796066e-06,7.388213998638093e-05,7.289858820758166e-13,0.6840267181396484,-0.00031934029539115727,-0.014180295169353485,4.902432920061983e-05,0,0,0,0,0,0,1,0,1,0,6
0.33550921082496643,0.0016543602105230093,0.01361006312072277,0.00015642996004316956,0.3511820137500763,9.913527719618287e-06,0.10941587388515472,0.011816035024821758,0.00019532296573743224,-2.7287080683890963e-06,6.98973672115244e-05,0.0,0.6698442697525024,-0.0002712041314225644,-0.014183801598846912,4.7408775571966544e-05,0,0,0,0,0,1,0,0,1,0,12
0.34852954745292664,0.0022211705800145864,0.012725241482257843,0.0006778085371479392,0.3649826645851135,0.0027574801351875067,0.15521076321601868,0.014225674793124199,0.003360981121659279,3.6201963666826487e-06,1.611016887181904e-05,1.7479993402957916e-05,0.6556593179702759,-0.00021814163483213633,-0.014185905456542969,6.448673229897395e-05,0,0,0,0,0,1,0,0,1,0,3
0.3609176278114319,0.003835872281342745,0.01214847806841135,0.0023421344812959433,0.37910178303718567,0.006092769093811512,0.11946232616901398,0.013959459029138088,0.0032939384691417217,2.3932013846206246e-06,1.7754782675183378e-05,1.8869353880290873e-05,0.6414726972579956,-0.00013740555732510984,-0.01418730802834034,9.403171861777082e-05,0,0,1,0,0,0,0,0,1,0,12
0.3727577030658722,0.006389925722032785,0.011874997988343239,0.002564546884968877,0.3921743333339691,0.009134726598858833,0.130285382270813,0.012716471217572689,0.0029448512941598892,-2.2740059648640454e-05,5.1151320803910494e-05,2.398928700131364e-05,0.627285361289978,-8.530458217137493e-06,-0.014184502884745598,0.0002475247601978481,0,0,1,0,0,0,0,0,1,0,12
0.3849062919616699,0.008981588296592236,0.012358496896922588,0.0026003452949225903,0.4045092463493347,0.011982547119259834,0.11858467012643814,0.012015972286462784,0.0027701067738234997,-3.8698875869158655e-05,7.107978308340535e-05,-5.831057858785016e-12,0.6131287217140198,0.0005956643144600093,-0.014123495668172836,0.0008956039091572165,0,0,1,0,0,0,0,0,1,0,12
0.3974859118461609,0.011573991738259792,0.012745927087962627,0.0025825637858361006,0.41617557406425476,0.014672059565782547,0.11102475225925446,0.011379636824131012,0.0026234097313135862,-3.6649998946813866e-05,6.73165122861974e-05,0.0,0.5990713238716125,0.0018458057893440127,-0.013993066735565662,0.0015393220819532871,0,0,1,0,0,0,0,0,1,0,6
0.41038069128990173,0.014185099862515926,0.01299942284822464,0.0026445782277733088,0.42720139026641846,0.017213892191648483,0.11248773336410522,0.010743958875536919,0.0024768642615526915,-3.4601562219904736e-05,6.355402001645416e-05,-1.1657982738888517e-11,0.5851581692695618,0.0036608371883630753,-0.013851418159902096,0.0020094679202884436,0,0,0,0,0,1,0,0,1,0,5
0.4233332872390747,0.017030144110322,0.012941759079694748,0.002654050709679723,0.4376112222671509,0.01961372420191765,0.10797764360904694,0.01013909000903368,0.0023374208249151707,-3.265400664531626e-05,5.9976860939059407e-05,8.742136355099905e-12,0.5713924169540405,0.0059037343598902225,-0.013690836727619171,0.002433141926303506,0,0,0,0,1,0,0,0,1,0,15
0.435280978679657,0.019895656034350395,0.011681132949888706,0.0020371221471577883,0.44743332266807556,0.021878059953451157,0.1113424226641655,0.009567737579345703,0.0022057045716792345,-3.081324030063115e-05,5.659583257511258e-05,0.0,0.5578174591064453,0.008593234233558178,-0.013446807861328125,0.0029545295983552933,0,0,0,0,1,0,0,0,0,0,17
0.4452933967113495,0.02166944183409214,0.008467365987598896,0.0011533356737345457,0.496234655380249,0.0219238493591547,0.32688993215560913,0.06464977562427521,-0.0009933208348229527,-1.4632430065830704e-05,4.2198284063488245e-05,0.0013643369311466813,0.5445773601531982,0.011913248337805271,-0.013059727847576141,0.003616148140281439,0,0,0,0,1,0,0,0,0,1,16
0.4532661437988281,0.02289264090359211,0.0073944819159805775,0.0011787174735218287,0.559101939201355,0.020705828443169594,0.45413485169410706,0.061441659927368164,-0.0014000323135405779,-1.4632430065830704e-05,4.2198284063488245e-05,0.0013643369311466813,0.5317667126655579,0.015883518382906914,-0.01259551290422678,0.004256527405232191,0,0,0,0,1,0,0,0,0,1,1
0.46036356687545776,0.02370646968483925,0.006899062544107437,0.0005705647636204958,0.618871808052063,0.019088614732027054,0.3808060586452484,0.05842812731862068,-0.0017924942076206207,-1.4632430065830704e-05,4.2198284063488245e-05,0.0013643369311466813,0.5208159685134888,0.01963878609240055,-0.009323217906057835,0.0032561817206442356,1,0,0,0,0,0,0,0,0,1,0
0.46664959192276,0.02422633394598961,0.00613261666148901,0.0005071813357062638,0.6757170557975769,0.017088312655687332,0.1201588436961174,0.055571332573890686,-0.0021675454918295145,-1.4632430065830704e-05,4.2198284063488245e-05,0.0013643369311466813,0.5141332149505615,0.022015491500496864,-0.004363059997558594,0.0015755018685013056,1,0,0,0,0,0,0,0,0,1,12
0.47365498542785645,0.02466403692960739,0.007697063498198986,0.0003248595749028027,0.7227047085762024,0.015258303843438625,0.221267968416214,0.04545694217085838,-0.001885152654722333,-1.0864877367566805e-05,6.443505844799802e-05,0.0012336446670815349,0.5129820704460144,0.022827504202723503,0.001696979277767241,0.0005464947316795588,1,0,0,0,0,0,0,0,0,1,18
0.4821167588233948,0.02475263923406601,0.009047634899616241,-0.0001516068441560492,0.7672213315963745,0.013248775154352188,0.14729543030261993,0.04374035447835922,-0.002109541790559888,-1.0864877367566805e-05,6.443505844799802e-05,0.0012336446670815349,0.5165363550186157,0.023193398490548134,0.004364813212305307,0.00022598430223297328,1,0,0,0,0,0,0,0,0,0,15
0.4913187623023987,0.024431034922599792,0.009380829520523548,-0.0003687555727083236,0.8072259426116943,0.01128594670444727,0.1403447687625885,0.03863455727696419,-0.0019619136583060026,-5.650359071296407e-06,8.784163219388574e-05,0.0010591456666588783,0.5222456455230713,0.023197054862976074,0.006160239689052105,-0.00015561847249045968,1,0,0,0,0,0,0,0,0,0,15
0.5012319684028625,0.02403099834918976,0.010400315746665001,-0.00043231272138655186,0.8433895707130432,0.009410206228494644,0.11339743435382843,0.03389165177941322,-0.0017697274452075362,3.7974327824485954e-06,0.00012422363215591758,0.0007328672218136489,0.5296268463134766,0.022970058023929596,0.00778852729126811,-0.0002512484206818044,1,0,0,0,0,0,0,0,0,0,11
0.5120617747306824,0.023566246032714844,0.011211497709155083,-0.000489521655254066,0.8749115467071533,0.00777079863473773,0.10927477478981018,0.029927119612693787,-0.001553888083435595,1.9923625586670823e-05,0.0001733842073008418,8.671977411722764e-05,0.5383034944534302,0.0226513110101223,0.009008538909256458,-0.0003512238326948136,1,0,0,0,0,0,0,0,0,0,12
0.5236612558364868,0.023056253790855408,0.011965172365307808,-0.000530827499460429,0.9032991528511047,0.006297754589468241,0.10938869416713715,0.027202356606721878,-0.0014115412486717105,1.9717877876246348e-05,0.0001609008468221873,5.873825731361748e-12,0.5479908585548401,0.022247111424803734,0.009745028801262379,-0.000412931403843686,1,0,0,0,0,0,0,0,0,0,12
0.5359200239181519,0.022506121546030045,0.012554828077554703,-0.0005694358260370791,0.9292009472846985,0.004953703377395868,0.10954342782497406,0.024891305714845657,-0.0012916198465973139,1.8042912415694445e-05,0.00014723285858053714,0.0,0.5584168434143066,0.021797848865389824,0.010632166638970375,-0.0004607606679201126,1,0,0,0,0,0,0,0,0,0,8
0.5486767888069153,0.021925412118434906,0.012984572909772396,-0.000592209747992456,0.9529733657836914,0.0037201419472694397,0.10965516418218613,0.022899530827999115,-0.0011882662074640393,1.6599280570517294e-05,0.00013545264664571732,0.0,0.5696532130241394,0.021302513778209686,0.011523718014359474,-0.0005105289747007191,0,0,0,0,0,0,0,1,0,0,11
0.561838686466217,0.021324215456843376,0.013334948569536209,-0.000610317918471992,0.9748985767364502,0.0025824278127402067,0.10973670333623886,0.021162457764148712,-0.0010981281520798802,1.5340219761128537e-05,0.00012517855793703347,0.0,0.581659734249115,0.020766230300068855,0.012152915820479393,-0.0005445335991680622,0,0,0,0,0,0,0,1,0,0,16
0.5752983093261719,0.0207073874771595,0.013580955564975739,-0.0006229618447832763,0.9952037334442139,0.0015287828864529729,0.10979709029197693,0.019631747156381607,-0.0010186987929046154,1.4230713532015216e-05,0.00011612481466727331,5.84830317854057e-12,0.5941910743713379,0.020199192687869072,0.012639500200748444,-0.0005748483235947788,0,0,0,0,0,0,0,1,0,0,16
0.5889813303947449,0.020079240202903748,0.013783637434244156,-0.0006332439370453358,1.0140739679336548,0.0005495923687703907,0.10984242707490921,0.018270494416356087,-0.0009480630396865308,1.3244029105408117e-05,0.000108073276351206,-2.922302374044894e-12,0.6071804761886597,0.01960519328713417,0.01308260578662157,-0.000600009283516556,0,0,0,0,0,0,0,1,0,0,0
