lt_dp_posx,lt_dp_posy,lt_dp_velx,lt_dp_vely,ball_posx,ball_posy,ball_posz,ball_vel_x,ball_vel_y,ball_rot_x,ball_rot_y,ball_rot_z,rt_gk_posx,rt_gk_posy,rt_gk_velx,rt_gk_vely,action_left,action_top_left,action_top,action_top_right,action_right,action_bottom_right,action_bottom,action_bottom_left,action_sprint,action_dribble,sel_action
-1.0110293626785278,-0.0,0.0,-0.0,0.019999999552965164,-0.0,0.11061639338731766,-0.0,0.0,0.0,-0.0,0.0,1.0110293626785278,0.0,-0.0,0.0,0,0,0,0,0,0,0,0,0,0,5
0.0,-0.0,0.0,-0.0,0.019999999552965164,-0.0,0.11059734225273132,-0.0,0.0,0.0,-0.0,0.0,1.0110293626785278,0.0,-0.0,0.0,0,0,0,0,1,0,0,0,0,0,5
0.0,-0.0,0.0,-0.0,0.019999999552965164,-0.0,0.10930104553699493,-0.0,0.0,0.0,-0.0,0.0,1.0110293626785278,0.0,-0.0,0.0,0,0,0,0,1,0,0,0,0,0,5
0.0011742409551516175,1.3643361440607293e-10,0.0034112136345356703,2.3963026007933763e-10,0.019999999552965164,-0.0,0.11075475811958313,-0.0,0.0,0.0,-0.0,0.0,1.0085934400558472,-1.7055430678869499e-10,-0.003884820267558098,-2.392741005330379e-10,0,0,0,0,1,0,0,0,0,0,5
0.004423037171363831,-4.948248477631978e-10,0.00509687140583992,-2.6709676137492977e-10,0.019999999552965164,-0.0,0.11053141206502914,-0.0,0.0,0.0,-0.0,0.0,1.0038305521011353,-3.7194536339768547e-10,-0.0054703038185834885,-1.5051691837353331e-10,0,0,0,0,1,0,0,0,0,0,13
0.009172579273581505,-1.6876557928924285e-09,0.006656940560787916,-3.3095143292527496e-10,0.023520536720752716,-2.0332635575215363e-10,0.12429210543632507,0.008649522438645363,-4.998005898038116e-10,6.688117941411331e-13,2.615536232042359e-06,-1.8590905724591433e-12,0.9975366592407227,-2.2792082110534295e-10,-0.006950602866709232,6.555232467952976e-10,0,0,0,0,1,0,0,0,1,0,5
0.016618236899375916,-1.8831725068224614e-09,0.008066108450293541,-1.1342336098119077e-10,0.031749386340379715,-6.79450051777053e-10,0.11630966514348984,0.007851784117519855,-4.5484810362594885e-10,6.129359172990512e-12,4.470821295399219e-05,-3.447311609349607e-13,0.989837646484375,3.1542887746205395e-10,-0.008285746909677982,4.20577128679156e-10,0,0,0,0,1,0,0,0,1,0,18
0.025379417464137077,-2.0645987142131617e-09,0.009301392361521721,-1.8728241180099303e-10,0.039383139461278915,-1.121674975124165e-09,0.11498706787824631,0.00744605204090476,-4.3135151006623573e-10,6.025917612118015e-12,4.404568244353868e-05,0.0,0.9809144139289856,5.434893646238947e-10,-0.009325672872364521,5.818885998043477e-11,0,0,0,0,1,0,0,0,1,0,16
0.03412363678216934,-2.8353506209555235e-09,0.009388971142470837,-2.12893841444739e-10,0.04660032317042351,-1.5397682018303271e-09,0.10737152397632599,0.00702687818557024,-4.070686565604831e-10,5.6867379728819945e-12,4.156647628406063e-05,3.4715431310234e-19,0.971478283405304,7.33897387306115e-10,-0.00973448995500803,1.7861480350322978e-10,0,0,0,0,1,0,0,0,1,0,18
0.042008865624666214,-3.983873675394989e-09,0.009879683144390583,-1.2068625265815314e-10,0.05416471138596535,2.9177326723583974e-06,0.11805233359336853,0.014280710369348526,2.9196276955190115e-05,3.387498566098657e-07,2.003337840505992e-06,2.867589614652388e-07,0.961243748664856,8.520836258796294e-10,-0.010619443841278553,6.298757349032513e-11,0,0,0,0,1,0,0,0,1,0,5
0.05237536504864693,7.688269931804825e-08,0.010675586760044098,8.094976351458172e-07,0.06805659830570221,3.095665670116432e-05,0.14387618005275726,0.01379991415888071,2.7823793061543256e-05,2.8575780675055285e-07,7.840221769583877e-06,3.5737687653636385e-07,0.9503563046455383,1.692888815796323e-07,-0.010805971920490265,5.569720542553114e-07,0,0,0,0,1,0,0,0,1,0,18
0.06313706934452057,5.079635229776613e-06,0.011016691103577614,8.291486665257253e-06,0.0814104676246643,5.742551002185792e-05,0.12316343933343887,0.012638636864721775,2.4204791770898737e-05,-2.3648130564879466e-08,4.12239387515001e-05,4.4138579369246145e-07,0.9392877221107483,1.342497512268892e-06,-0.011376773938536644,1.6506693327755784e-06,0,0,0,0,1,0,0,0,1,0,0
0.07457250356674194,1.738470200507436e-05,0.011754298582673073,1.5806916053406894e-05,0.09365619719028473,8.05978779681027e-05,0.11358217895030975,0.01188874151557684,2.226913784397766e-05,-3.127756542653515e-07,7.048865518299863e-05,-9.110760919566613e-14,0.9275738596916199,3.6091350921196863e-06,-0.011977027170360088,2.65281050815247e-06,0,0,0,0,1,0,0,0,1,0,16
0.08668146282434464,3.561761695891619e-05,0.012389264069497585,1.9671044356073253e-05,0.10521385818719864,0.00010224744619335979,0.11358413845300674,0.011278974823653698,2.1127556465216912e-05,-2.9514919219764124e-07,6.671863957308233e-05,-4.5545564661322174e-14,0.9152939915657043,6.45339559923741e-06,-0.012507859617471695,3.0432579478656407e-06,0,0,0,0,1,0,0,0,1,0,5
0.09936050325632095,5.816458724439144e-05,0.012895464897155762,2.5240902687073685e-05,0.11614811420440674,0.00012272928142920136,0.11179269850254059,0.01065406110137701,1.995698403334245e-05,-2.787943458315567e-07,6.302160181803629e-05,4.553792103600615e-14,0.9025512933731079,9.771443728823215e-06,-0.01291878055781126,3.5376890537008876e-06,0,0,0,0,1,0,0,0,1,0,16
0.11247087270021439,-0.00041434523882344365,0.013238980434834957,2.622903775773011e-05,0.1264699399471283,0.0001420639455318451,0.11068520694971085,0.01005322951823473,1.8831509805750102e-05,-2.630731330555136e-07,5.946783130639233e-05,0.0,0.8894527554512024,1.3531634067476261e-05,-0.013232932426035404,3.950294740207028e-06,0,0,0,0,1,0,0,0,1,0,0
0.1257098913192749,-0.0022550278808921576,0.013238980434834957,1.4307681340142153e-05,0.13684585690498352,0.00013201583351474255,0.1198345199227333,0.01587028056383133,-0.0002651129907462746,-2.4891824068618007e-07,6.191914962982992e-06,-4.6714416157556116e-07,0.8760826587677002,1.7772325008991174e-05,-0.013472052291035652,4.472659838938853e-06,0,0,0,0,1,0,0,0,1,0,16
0.1389489471912384,-0.002247278578579426,0.013239067979156971,2.38311622524634e-06,0.15236306190490723,-0.00012679878273047507,0.1582464873790741,0.015420282259583473,-0.00025716962409205735,-6.146939313111943e-08,1.0350108823331539e-05,-7.976347546900797e-07,0.8625065684318542,2.149813917640131e-05,-0.013653671368956566,-6.33864715382515e-07,0,0,0,0,1,0,0,0,1,0,13
0.15232938528060913,-0.002216444816440344,0.013510970398783684,7.768388604745269e-05,0.16755136847496033,-0.00037988435360603034,0.11589517444372177,0.014445047825574875,-0.0002394281909801066,1.0324060895072762e-06,3.449143696343526e-05,-1.885315214167349e-06,0.8487749099731445,6.4007290347944945e-06,-0.013789709657430649,-2.6936402719002217e-05,0,0,0,0,1,0,0,0,1,0,16
0.1659706085920334,-0.0020569039043039083,0.01373694185167551,0.00022587379498872906,0.18146999180316925,-0.0006099758320488036,0.11778106540441513,0.013579334132373333,-0.0002241299080196768,1.8982068468176294e-06,5.3479081543628126e-05,-1.7049742382369004e-06,0.8349266648292542,-3.4183049137936905e-05,-0.013892089948058128,-5.1791728765238076e-05,0,0,0,0,1,0,0,0,1,0,0
0.17980355024337769,-0.0017791722202673554,0.013905588537454605,0.0002775091852527112,0.19453935325145721,-0.0008253310224972665,0.11214391142129898,0.012757563032209873,-0.00021016578830312937,2.9361640372371767e-06,7.54694701754488e-05,3.6452316317346634e-13,0.8209915161132812,-8.845070260576904e-05,-0.013967822305858135,-5.4234165872912854e-05,0,0,0,0,1,0,0,0,1,0,16
0.1937834471464157,-0.001537169562652707,0.014034789986908436,0.00021277468476910144,0.20690573751926422,-0.001029052073135972,0.11327104270458221,0.012051389552652836,-0.00019853243429679424,2.7734220111597097e-06,7.128642755560577e-05,1.0933346242247843e-12,0.8069908022880554,-0.00014261549222283065,-0.01402532309293747,-5.409791992860846e-05,0,0,0,0,1,0,0,0,1,0,13
0.20786821842193604,-0.0013586104614660144,0.014121705666184425,0.00015105921193026006,0.21858693659305573,-0.0012214856687933207,0.11138109117746353,0.01137973740696907,-0.00018746769637800753,2.618829512357479e-06,6.731288885930553e-05,0.0,0.7929412126541138,-0.00019662703562062234,-0.014068098738789558,-5.395967309596017e-05,0,0,0,0,1,0,0,0,1,0,18
0.22194457054138184,-0.0012456096010282636,0.014121751300990582,8.811261795926839e-05,0.22961072623729706,-0.0014030899619683623,0.11085901409387589,0.010735280811786652,-0.00017685111379250884,2.4705423129489645e-06,6.350137846311554e-05,3.643111474386368e-13,0.7788551449775696,-0.0002505230368115008,-0.01409965381026268,-5.383824463933706e-05,0,0,0,0,1,0,0,0,1,0,5
0.23579278588294983,-0.0011934851063415408,0.013533059507608414,2.4125265554175712e-05,0.2449992597103119,-0.0014012655010446906,0.161333829164505,0.015794480219483376,2.1280480723362416e-05,8.988188255898422e-07,1.2283054275030736e-05,-9.630628028389765e-07,0.7647415995597839,-0.0003042844182346016,-0.014124196954071522,-5.3736868721898645e-05,0,0,0,0,1,0,0,0,1,0,16
0.24912723898887634,-1.075887030310696e-05,0.013312531635165215,4.269574674253818e-06,0.26067569851875305,-0.0013801322784274817,0.12239401042461395,0.015528500080108643,2.0805497115361504e-05,8.826118005345052e-07,1.3367784958973061e-05,-9.209607014781795e-07,0.7506073117256165,-0.00035822376958094537,-0.014141728170216084,-5.41020417585969e-05,0,0,0,0,1,0,0,0,1,0,18
0.26243966817855835,0.001015616930089891,0.013312522321939468,1.8982938172484864e-06,0.2760188579559326,-0.001238650525920093,0.16264553368091583,0.01583399437367916,0.0002647642104420811,4.0488470176569535e-07,-7.756288482596574e-07,1.802521580884786e-07,0.7364579439163208,-0.00041251882794313133,-0.014155051670968533,-5.4450731113320217e-05,0,0,0,0,1,0,0,0,1,0,0
0.275770902633667,0.0010143669787794352,0.01340525969862938,-1.1444127267168369e-05,0.29174110293388367,-0.0009757623192854226,0.16223996877670288,0.01563159003853798,0.00026137568056583405,4.0488470176569535e-07,-7.756288482596574e-07,1.802521580884786e-07,0.7222974896430969,-0.0004549605364445597,-0.014164868742227554,-2.4296825358760543e-05,0,0,0,0,1,0,0,0,1,0,6
0.28932297229766846,0.0009451803052797914,0.013660508207976818,-0.00012819989933632314,0.3068857192993164,-0.0007230129558593035,0.12772521376609802,0.014215427450835705,0.00023610646894667298,-8.709562280273531e-07,2.8506714443210512e-05,1.857621668932552e-06,0.7081285715103149,-0.0004554644110612571,-0.014171880669891834,1.89700167538831e-05,0,0,0,0,0,1,0,0,1,0,18
0.3030911684036255,0.0007425468065775931,0.013847561553120613,-0.000261670007603243,0.3208716809749603,-0.0004908863920718431,0.12039803713560104,0.013780022040009499,0.00022855729912407696,-1.1529965604495374e-06,3.49589427059982e-05,1.9427086499490542e-06,0.6939533948898315,-0.0004151976900175214,-0.014177490957081318,4.96836073580198e-05,0,0,0,0,0,1,0,0,1,0,16
0.3170202970504761,0.0004867857787758112,0.01399061270058155,-0.0002299827610841021,0.33399468660354614,-0.00027379347011446953,0.11646069586277008,0.01277538575232029,0.00021118175936862826,-2.9504783469747053e-06,7.557753997389227e-05,-3.6452525026264837e-13,0.6797735095024109,-0.00036477521643973887,-0.014181697741150856,5.102667273604311e-05,0,0,0,0,0,1,0,0,1,0,7
0.3303297162055969,0.001149247749708593,0.013769361190497875,-2.5326269224024145e-06,0.3463899493217468,-6.88952422933653e-05,0.11196405440568924,0.012087319977581501,0.00019980779325123876,-2.7911833058169577e-06,7.149755401769653e-05,3.644487055892709e-13,0.665590226650238,-0.0003130116674583405,-0.014184502884745598,5.236617289483547e-05,0,0,0,0,0,0,1,0,1,0,12
0.3433166444301605,0.002051223535090685,0.013251865282654762,0.00016776283155195415,0.3592568635940552,0.0014105408918112516,0.14147073030471802,0.014295553788542747,0.003377904649823904,3.620145662353025e-06,1.611021980352234e-05,1.7479858797742054e-05,0.6514047384262085,-0.0002542021684348583,-0.014185905456542969,6.511905667139217e-05,0,0,0,0,0,0,1,0,1,0,3
0.3559711277484894,0.003010573098435998,0.012411089614033699,0.0017083806451410055,0.37345609068870544,0.00476528936997056,0.14572736620903015,0.014120429754257202,0.0033360417000949383,3.620145662353025e-06,1.611021980352234e-05,1.7479858797742054e-05,0.6372173428535461,-0.00018137117149308324,-0.014188009314239025,7.914080924820155e-05,0,0,1,0,0,0,0,0,1,0,17
0.3680143654346466,0.005369642749428749,0.011754386126995087,0.002543920651078224,0.38703668117523193,0.00795010570436716,0.12847751379013062,0.012907409109175205,0.002994309877976775,-1.9653696654131636e-05,4.709644053946249e-05,2.5936044039553963e-05,0.623031497001648,-8.34674483485287e-06,-0.014178192242980003,0.00038037195918150246,0,0,1,0,0,0,0,0,1,1,13
0.37996354699134827,0.00794139876961708,0.012175826355814934,0.0025966805405914783,0.3996424674987793,0.010866357013583183,0.11383721232414246,0.012260674498975277,0.0028264787979424,-3.967566954088397e-05,7.27659571566619e-05,-1.1663105377313077e-11,0.6088847517967224,0.0006951168179512024,-0.014112276025116444,0.0009674097527749836,0,0,1,0,0,0,0,0,1,1,12
0.3923821747303009,0.010539175011217594,0.012602174654603004,0.0025922530330717564,0.41156110167503357,0.013614020310342312,0.1145234927535057,0.011627144180238247,0.0026804665103554726,-3.7444791814778e-05,6.877638224978e-05,-5.83040083226849e-12,0.5948343276977539,0.001981882145628333,-0.013994469307363033,0.0015325630083680153,0,0,1,0,0,0,0,0,1,1,5
0.4051673114299774,0.013131625019013882,0.01291036605834961,0.002614077180624008,0.4228416383266449,0.016214581206440926,0.11012725532054901,0.010995810851454735,0.002534920582547784,-3.541341357049532e-05,6.504531484097242e-05,0.0,0.5809019804000854,0.0037341208662837744,-0.013877714052796364,0.0019314720993861556,0,0,0,0,1,0,0,0,1,1,14
0.4181945323944092,0.015787381678819656,0.013112671673297882,0.002689053537324071,0.43349429965019226,0.01867039129137993,0.1092800721526146,0.010379002429544926,0.002392724622040987,-3.3426593290641904e-05,6.139602919574827e-05,5.828441895783243e-12,0.5671009421348572,0.0058832853101193905,-0.013734312728047371,0.002326659392565489,0,0,0,0,0,0,0,0,1,1,1
0.4306572377681732,0.018854152411222458,0.012128779664635658,0.002367674605920911,0.44354724884033203,0.020987944677472115,0.1111873909831047,0.009792422875761986,0.002257497515529394,-3.1536779715679586e-05,5.792494266643189e-05,-5.827597519131311e-12,0.5534918308258057,0.008497025817632675,-0.01347661018371582,0.0028962010983377695,1,0,0,0,0,0,0,0,1,1,16
0.44165271520614624,0.02115136757493019,0.009950820356607437,0.001550733228214085,0.46921637654304504,0.02272692695260048,0.15998230874538422,0.06274951249361038,0.0006234109750948846,1.6141591459017945e-06,4.255079329595901e-05,0.0005863871774636209,0.5402077436447144,0.011742271482944489,-0.013116177171468735,0.003528252709656954,1,0,0,0,0,0,0,0,1,1,0
0.45024895668029785,0.02241780236363411,0.008052587509155273,0.0012385930167511106,0.5302737355232239,0.02322271093726158,0.18910232186317444,0.05970165878534317,0.00039448749157600105,1.6141591459017945e-06,4.255079329595901e-05,0.0005863871774636209,0.5274497866630554,0.015521930530667305,-0.01203978806734085,0.0037000367883592844,1,0,0,0,0,0,0,0,1,1,15
0.45757734775543213,0.02347787469625473,0.006899062544107437,0.000570550502743572,0.5862929821014404,0.023490022867918015,0.13506364822387695,0.05016140639781952,0.0001550840534036979,1.256499785995402e-06,7.009125693002716e-05,0.0005321355420164764,0.5173006653785706,0.018555430695414543,-0.008286448195576668,0.002386267762631178,1,0,0,0,0,0,0,0,0,1,0
0.46417000889778137,0.02402307651937008,0.00613261666148901,0.0005071528139524162,0.6342411637306213,0.02356048859655857,0.11993540823459625,0.04384033381938934,3.5513469356374117e-06,1.1097902188339503e-06,9.936771675711498e-05,0.00045703008072450757,0.5119056701660156,0.020063193514943123,-0.002878904342651367,0.0007818475132808089,1,0,0,0,0,0,0,0,0,1,6
0.470637708902359,0.024528229609131813,0.00708278501406312,0.0004888151306658983,0.6743459701538086,0.023516863584518433,0.10981044918298721,0.03715182840824127,-7.085791730787605e-05,1.0417999192213756e-06,0.00014744176587555557,0.0002959311823360622,0.5123377442359924,0.020218266174197197,0.0028722425922751427,7.032777648419142e-05,0,0,0,0,0,1,0,0,0,1,11
0.4786694347858429,0.024912217631936073,0.008603409864008427,0.00027498509734869003,0.7087996006011963,0.02343202941119671,0.10896310955286026,0.03255663067102432,-8.98135986062698e-05,1.1913530215679202e-06,0.00018491536320652813,7.267478213179857e-05,0.5160598754882812,0.020432719960808754,0.0044103930704295635,0.0003338573151268065,0,0,0,0,0,1,0,0,0,1,12
0.4879349172115326,0.025013165548443794,0.009470291435718536,6.122650574980071e-06,0.7395680546760559,0.023346858099102974,0.10922043025493622,0.02940458245575428,-8.139666897477582e-05,1.1370190122761414e-06,0.00017392478184774518,-1.1030329210778844e-12,0.5213651657104492,0.02057574689388275,0.005962568335235119,0.00011283530329819769,0,0,0,0,0,1,0,0,0,1,12
0.497672438621521,0.02501343935728073,0.010153674520552158,-9.175499144475907e-06,0.7674887180328369,0.023269567638635635,0.10942496359348297,0.026772014796733856,-7.410931721096858e-05,1.0352390518164611e-06,0.00015835587691981345,-1.1010277975800897e-12,0.5284764170646667,0.020680975168943405,0.0075825839303433895,0.00011476832150947303,0,0,0,0,0,1,0,0,0,1,12
0.5083470940589905,0.024998769164085388,0.011050076223909855,-2.8536624085973017e-05,0.7929977774620056,0.02319895476102829,0.10956993699073792,0.024527188390493393,-6.789526378270239e-05,9.484453471486631e-07,0.00014507943706121296,0.0,0.5369541049003601,0.020784055814146996,0.008856484666466713,0.00011044317943742499,0,0,0,0,0,1,0,0,0,1,2
0.5198555588722229,0.024977106600999832,0.01184878684580326,-3.037194619537331e-05,0.816435694694519,0.023134075105190277,0.10967440158128738,0.02258739434182644,-6.252560706343502e-05,8.734424454814871e-07,0.00013360656157601625,3.6607907460614597e-13,0.5466048121452332,0.02087477408349514,0.009891949594020844,0.00010030815610662103,0,1,0,0,0,0,0,0,0,1,13
0.5320634841918945,0.024947062134742737,0.012476847507059574,-4.249785706633702e-05,0.8380723595619202,0.023074179887771606,0.10975087434053421,0.02089179866015911,-5.7831919548334554e-05,8.078797577582009e-07,0.00012357771629467607,0.0,0.5571384429931641,0.020962610840797424,0.01076305191963911,9.763301932252944e-05,0,1,0,0,0,0,0,0,1,1,7
0.5446944832801819,0.025023682042956352,0.012186341919004917,0.000426965911174193,0.8581259846687317,0.023018667474389076,0.10980767756700516,0.019394628703594208,-5.3687494073528796e-05,7.499884304706939e-07,0.00011472238838905469,1.8273873896284404e-13,0.5684934258460999,0.021061476320028305,0.011603925377130508,0.00011697640729835257,0,0,0,0,0,0,1,0,1,1,7
0.5556759834289551,0.026102513074874878,0.008785524405539036,0.0016347382916137576,0.876774787902832,0.02296704426407814,0.1098504364490509,0.018060823902487755,-4.999530574423261e-05,6.984131459830678e-07,0.00010683312575565651,-1.8262683574611638e-13,0.5801209807395935,0.02132052183151245,0.011910982429981232,0.00021284405374899507,0,0,0,0,0,0,1,0,1,1,1
0.563136637210846,0.028798511251807213,0.004108968190848827,0.0035433578304946423,0.8941667079925537,0.02291889861226082,0.10988300293684006,0.01686309464275837,-4.66797937406227e-05,6.52098549380753e-07,9.974859131034464e-05,0.0,0.5915470123291016,0.021798232570290565,0.011479736305773258,0.0005421413807198405,1,0,0,0,0,0,0,0,1,1,8
0.5668443441390991,0.03222818300127983,0.0012587490491569042,0.002639547921717167,0.9104253053665161,0.0228738933801651,0.1099080741405487,0.015779836103320122,-4.3681153329089284e-05,6.102100655880349e-07,9.334110654890537e-05,-1.824541629976209e-13,0.6035214066505432,0.022234631702303886,0.012580787762999535,0.00023675021657254547,0,0,0,0,0,0,0,1,1,1,12
0.5660892128944397,0.034275393933057785,-0.0029408265836536884,0.0013919034972786903,0.9256554245948792,0.022831734269857407,0.10992756485939026,0.014793765731155872,-4.0951523260446265e-05,5.72079045468854e-07,8.750845154281706e-05,0.0,0.616328775882721,0.022406423464417458,0.012976281344890594,0.00011869594891322777,0,0,0,0,0,0,0,1,1,1,14
0.564095139503479,0.03519477695226669,-0.0008449063752777874,0.00043798188562504947,0.939946174621582,0.02279217541217804,0.10994284600019455,0.013890847563743591,-3.8452097214758396e-05,5.371639417717233e-07,8.216762216761708e-05,-9.116446882334941e-14,0.6294779181480408,0.022489026188850403,0.013277810998260975,7.018518226686865e-05,0,0,0,0,0,0,0,0,1,1,5
0.5647852420806885,0.035414692014455795,0.0003803284780588001,0.00010516594920773059,0.9533743858337402,0.022755006328225136,0.10995492339134216,0.01305962074548006,-3.6151115637039766e-05,5.050209210821777e-07,7.725087198195979e-05,9.113946441074647e-14,0.6428862810134888,0.022542821243405342,0.013506412506103516,4.0539714973419905e-05,0,0,0,0,1,0,0,0,1,1,7
0.5653562545776367,0.03575330600142479,0.0003057552094105631,0.0008091028430499136,0.9660062193870544,0.022720040753483772,0.1099645271897316,0.01229057926684618,-3.4022283216472715e-05,4.7528223490189703e-07,7.270189962582663e-05,0.0,0.6564910411834717,0.022569160908460617,0.013678214512765408,1.9378639990463853e-05,0,0,0,0,0,0,1,0,1,1,13
0.5655055642127991,0.0377151258289814,3.4710941690718755e-05,0.0025041080079972744,0.9778995513916016,0.022687118500471115,0.10997221618890762,0.011575799435377121,-3.204366657882929e-05,4.476418098420254e-07,6.847384065622464e-05,4.554934581639872e-14,0.6702435612678528,0.022585494443774223,0.013807942159473896,1.3845959074387792e-05,0,0,0,0,0,0,1,0,1,1,1
0.5655310750007629,0.04078147932887077,1.4725853361596819e-05,0.003519525984302163,0.9891047477722168,0.022656099870800972,0.10997840017080307,0.010908623225986958,-3.0196817533578724e-05,4.218422304802516e-07,6.452740490203723e-05,-9.108196103802327e-14,0.6841075420379639,0.0225964542478323,0.013906113803386688,8.569950296077877e-06,1,0,0,0,0,0,0,0,1,1,17
0.5640875697135925,0.04379722476005554,-0.0032056779600679874,0.002034486271440983,0.9996663331985474,0.022626865655183792,0.1099833995103836,0.010283401235938072,-2.846610004780814e-05,3.9766484860592755e-07,6.082906838855706e-05,4.5533601167975155e-14,0.6980550289154053,0.022603526711463928,0.013979041948914528,6.088799636927433e-06,1,0,0,0,0,0,0,0,1,1,16
0.5591639876365662,0.04489492252469063,-0.005869654938578606,0.0005025897989980876,1.009623408317566,0.02259930409491062,0.10998745262622833,0.009695292450487614,-2.6838117264560424e-05,3.7492236515390687e-07,5.735026570619084e-05,4.5527051909226984e-14,0.7120649814605713,0.02260841615498066,0.01403303723782301,3.907098744093673e-06,1,0,0,0,0,0,0,0,1,1,2
