lt_dp_posx,lt_dp_posy,lt_dp_velx,lt_dp_vely,ball_posx,ball_posy,ball_posz,ball_vel_x,ball_vel_y,ball_rot_x,ball_rot_y,ball_rot_z,rt_gk_posx,rt_gk_posy,rt_gk_velx,rt_gk_vely,action_left,action_top_left,action_top,action_top_right,action_right,action_bottom_right,action_bottom,action_bottom_left,action_sprint,action_dribble,sel_action
-1.0110293626785278,-0.0,0.0,-0.0,0.019999999552965164,-0.0,0.11061639338731766,-0.0,0.0,0.0,-0.0,0.0,1.0110293626785278,0.0,-0.0,0.0,0,0,0,0,0,0,0,0,0,0,5
0.0,-0.0,0.0,-0.0,0.019999999552965164,-0.0,0.11059734225273132,-0.0,0.0,0.0,-0.0,0.0,1.0110293626785278,0.0,-0.0,0.0,0,0,0,0,1,0,0,0,0,0,5
4.241273563820869e-05,1.1441222969033049e-11,0.0006617647595703602,5.902629513637736e-12,0.019999999552965164,-0.0,0.10930104553699493,-0.0,0.0,0.0,-0.0,0.0,1.0106345415115356,-3.1861822208378854e-11,-0.001967654563486576,-1.5578560663698227e-10,0,0,0,0,1,0,0,0,0,0,5
0.003006112528964877,1.519928627402578e-10,0.004283254500478506,2.455746196672326e-11,0.019999999552965164,-0.0,0.11075475811958313,-0.0,0.0,0.0,-0.0,0.0,1.0068784952163696,-2.6190344337706506e-10,-0.004527849145233631,-2.1994273069481096e-10,0,0,0,0,1,0,0,0,0,0,5
0.005976419895887375,-3.335942633242439e-09,0.005899912212044001,-4.0283978930411024e-10,0.019999999552965164,-0.0,0.11053141206502914,-0.0,0.0,0.0,-0.0,0.0,1.0014904737472534,-4.1574887976736363e-10,-0.006076167803257704,-8.290019365420065e-11,0,0,0,0,1,0,0,0,0,0,13
0.01208920031785965,-4.567149325396258e-09,0.007388565689325333,-2.3666513193632e-10,0.027043690904974937,-7.464242002264143e-10,0.12339748442173004,0.008541037328541279,-9.062132710901949e-10,3.165869476295935e-12,9.764514288690407e-06,-4.503728119609196e-12,0.9946169853210449,1.7125736592737972e-11,-0.007505276706069708,5.829740024054786e-10,0,0,0,0,1,0,0,0,1,0,0
0.020219657570123672,-4.706699918699542e-09,0.00871200766414404,-1.5976672762541e-10,0.03515337407588959,-1.6084203968702582e-09,0.11658526211977005,0.007856030017137527,-8.355862113340606e-10,1.167331856177789e-11,4.647200694307685e-05,1.3888268392970657e-18,0.986401379108429,4.367909367530842e-10,-0.008770297281444073,2.659597264642599e-10,0,0,0,0,1,0,0,0,1,0,5
0.02957405149936676,-4.8246446837652e-09,0.009851332753896713,-6.344568620475499e-11,0.04277469217777252,-2.4190416336722365e-09,0.10804859548807144,0.007430294528603554,-7.903038778955818e-10,1.1040613735746607e-11,4.3953197746304795e-05,-6.943580502462801e-19,0.9771802425384521,7.870904483731067e-10,-0.009335489943623543,8.597227374451677e-10,0,0,0,0,1,0,0,0,1,0,18
0.03769775107502937,-7.0189694056921326e-09,0.009381312876939774,-1.677382677200967e-10,0.049968358129262924,-3.1841775882668344e-09,0.11133904755115509,0.007003610488027334,-7.449207917176182e-10,1.0406486436465023e-11,4.142869875067845e-05,-1.3886115655426487e-18,0.9674903154373169,1.4797990610659895e-09,-0.010107545182108879,5.518103751711578e-10,0,0,0,0,1,0,0,0,1,0,18
0.046701423823833466,-8.300626852530968e-09,0.01024884358048439,-1.0085627472067316e-10,0.060423411428928375,1.4213128451956436e-05,0.14029178023338318,0.013894477859139442,2.8018954253639095e-05,2.853884950582142e-07,8.174314643838443e-06,3.5968724887425196e-07,0.9569175243377686,1.8180714711490964e-09,-0.01093008928000927,1.6039226891084724e-10,0,0,0,0,1,0,0,0,1,0,0
0.05729321017861366,1.2056464129273081e-06,0.010675586760044098,4.04682032240089e-06,0.07422768324613571,4.204155629849993e-05,0.1264386922121048,0.013696878217160702,2.7570509701035917e-05,2.7805009494841215e-07,8.972260729933623e-06,3.6781787571271707e-07,0.9460111856460571,4.937783728564682e-07,-0.010957437567412853,9.689451871963684e-07,0,0,0,0,1,0,0,0,1,0,18
0.06827076524496078,9.047485946211964e-06,0.011330842971801758,1.0950497198791709e-05,0.08706510066986084,6.690617010463029e-05,0.12639231979846954,0.012363479472696781,2.3459364456357434e-05,-9.719367710658844e-08,4.9115191359305754e-05,3.7784417372677126e-07,0.9346734285354614,2.104019813486957e-06,-0.011628516018390656,2.135323029506253e-06,0,0,0,0,1,0,0,0,1,0,5
0.07998651266098022,2.4302562451339327e-05,0.012014280073344707,1.793093906599097e-05,0.09903013706207275,8.939954568631947e-05,0.11751991510391235,0.011658850125968456,2.18382465391187e-05,-3.0508408599416725e-07,6.896725244587287e-05,4.5550423242307625e-14,0.9227253198623657,4.652576990338275e-06,-0.012204927392303944,2.7491282708069775e-06,0,0,0,0,1,0,0,0,1,0,5
0.09234046190977097,4.392753180582076e-05,0.01260839868336916,2.1595851649180986e-05,0.11034836620092392,0.00011059979442507029,0.11176735907793045,0.01103160809725523,2.0663363102357835e-05,-2.88655627400658e-07,6.525339267682284e-05,0.0,0.9102458953857422,7.657491551071871e-06,-0.012685270980000496,3.2340064990421524e-06,0,0,0,0,1,0,0,0,1,0,18
0.10520878434181213,6.88562067807652e-05,0.013062270358204842,2.775341272354126e-05,0.12104087322950363,0.00013062800280749798,0.11096873879432678,0.010417248122394085,1.9512603103066795e-05,-2.7258738555246964e-07,6.162100908113644e-05,0.0,0.8973493576049805,1.1164388524775859e-05,-0.013054819777607918,3.702877620526124e-06,0,0,0,0,1,0,0,0,1,0,5
0.11841432750225067,-0.0011668828083202243,0.013238980434834957,2.1448546249303035e-05,0.13113075494766235,0.00014952743367757648,0.10908352583646774,0.00982715841382742,1.840729601099156e-05,-2.571494519543194e-07,5.813113966723904e-05,4.552848847710553e-14,0.8841332197189331,1.5100968994374853e-05,-0.01333671435713768,4.167584847891703e-06,0,0,0,0,1,0,0,0,1,0,0
0.13165336847305298,-0.0022505433298647404,0.013238980434834957,9.53246490098536e-06,0.14378005266189575,2.8020092941005714e-05,0.14720965921878815,0.01553349383175373,-0.00025917895254679024,-6.124694351683502e-08,1.03714810393285e-05,-7.978154599186382e-07,0.8706738948822021,1.9552169760572724e-05,-0.0135505897924304,4.67535619463888e-06,0,0,0,0,1,0,0,0,1,0,0
0.14491237699985504,-0.002244810340926051,0.01333785429596901,1.3207847587182187e-05,0.15920622646808624,-0.00022935336164664477,0.14560677111148834,0.015338599681854248,-0.00025590992299839854,-6.124694351683502e-08,1.03714810393285e-05,-7.978154599186382e-07,0.8570301532745361,1.866840830189176e-05,-0.013712574727833271,-1.0932178156508598e-05,0,0,0,0,1,0,0,0,1,0,18
0.1584068089723587,-0.0021707252599298954,0.013610019348561764,0.00013718871923629194,0.1738969385623932,-0.00047350279055535793,0.12911537289619446,0.013999149203300476,-0.00023158753174357116,1.458725705560937e-06,4.386553700896911e-05,-1.9176081877958495e-06,0.8432478308677673,-6.551074420713121e-06,-0.013833887875080109,-3.6442452255869284e-05,0,0,0,0,1,0,0,0,1,0,16
0.17213158309459686,-0.0019526202231645584,0.013809168711304665,0.0002823003742378205,0.18747469782829285,-0.0006976953009143472,0.11690200865268707,0.013137148693203926,-0.00021650073176715523,3.0241931199270766e-06,7.770342199364677e-05,-1.093700434037781e-12,0.8293614387512207,-5.509732727659866e-05,-0.013925047591328621,-5.379111826187e-05,0,0,0,0,1,0,0,0,1,0,16
0.18602795898914337,-0.0016748751513659954,0.013961861841380596,0.0002517244720365852,0.20025207102298737,-0.000908267218619585,0.11498134583234787,0.01246572844684124,-0.00020543579012155533,2.869898253266001e-06,7.37383306841366e-05,-3.644902034274228e-13,0.8153972029685974,-0.00010898877371801063,-0.013993768021464348,-5.396189953899011e-05,0,0,0,0,1,0,0,0,1,0,5
0.2000558078289032,-0.0014587660552933812,0.01407651323825121,0.00018800952238962054,0.21233978867530823,-0.001107473042793572,0.10733341425657272,0.011778132058680058,-0.0001941042282851413,2.711704837565776e-06,6.967374793021008e-05,-3.644158813684989e-13,0.8013747930526733,-0.00016301247524097562,-0.014044256880879402,-5.406561467680149e-05,0,0,0,0,1,0,0,0,1,0,5
0.21415798366069794,-0.0013055858435109258,0.014122053049504757,0.00012583087664097548,0.2237517386674881,-0.0012955424608662724,0.11101736128330231,0.011116599664092064,-0.00018320207891520113,2.5592573820176767e-06,6.57568234601058e-05,7.286965085159802e-13,0.7873087525367737,-0.00021705287508666515,-0.014082123525440693,-5.4002448450773954e-05,0,0,0,0,1,0,0,0,1,0,16
0.22823882102966309,-0.0012158802710473537,0.013973958790302277,6.225334072951227e-05,0.2361682653427124,-0.0014141842257231474,0.1366603821516037,0.01591673493385315,2.1644036678480916e-05,8.989547382043384e-07,1.2277506357349921e-05,-9.624525318940869e-07,0.7732102870941162,-0.0002709953114390373,-0.014110873453319073,-5.388837234931998e-05,0,0,0,0,1,0,0,0,1,0,18
0.2418159395456314,-0.0010356814600527287,0.01331257726997137,5.692813829227816e-06,0.25197291374206543,-0.0013927083928138018,0.15771448612213135,0.0157131589949131,2.1359845050028525e-05,8.989547382043384e-07,1.2277506357349921e-05,-9.624525318940869e-07,0.7590875029563904,-0.0003230615402571857,-0.014131911098957062,-4.792746403836645e-05,0,0,0,0,1,0,0,0,1,0,0
0.2551282048225403,0.0007008041720837355,0.013312598690390587,3.3214616905752337e-06,0.26731935143470764,-0.0013726969482377172,0.12169528752565384,0.014493726193904877,1.609471109986771e-05,4.6273788711914676e-07,4.0967697714222595e-05,-1.26034052527757e-07,0.7449465394020081,-0.0003644944808911532,-0.014148038811981678,-3.611325882957317e-05,0,0,0,0,1,0,0,0,1,0,5
0.2684406638145447,0.0010163704864680767,0.013312522321939468,9.482557175033435e-07,0.2830081880092621,-0.0011328340042382479,0.17423634231090546,0.015752354636788368,0.0002633901603985578,4.045696471166593e-07,-7.784909143992991e-07,1.8109751920292183e-07,0.7307921648025513,-0.00039410300087183714,-0.01415925845503807,-2.4359209419344552e-05,0,0,0,0,1,0,0,0,1,0,14
0.2818373143672943,0.0010015333537012339,0.013516930863261223,-4.7964447730919346e-05,0.29864999651908875,-0.0008712877170182765,0.13477066159248352,0.015551920980215073,0.00026005672407336533,4.045696471166593e-07,-7.784909143992991e-07,1.8109751920292183e-07,0.7166275382041931,-0.00041246856562793255,-0.014168374240398407,-1.3459170986607205e-05,0,0,0,0,0,0,0,0,1,0,5
0.2954840064048767,0.0008802689844742417,0.013742377050220966,-0.00018325219571124762,0.31318947672843933,-0.0006293377373367548,0.13702869415283203,0.014029022306203842,0.00023286655778065324,-9.92648210740299e-07,3.1287687306758016e-05,1.9089857232756913e-06,0.7024555206298828,-0.00041992560727521777,-0.014174685813486576,-2.544872359067085e-06,0,0,0,0,1,0,0,0,1,0,7
0.30932164192199707,0.0006344734574668109,0.01390891894698143,-0.0002656755968928337,0.32691213488578796,-0.00040180838550440967,0.1179390624165535,0.013180705718696117,0.00021800785907544196,-2.380953901592875e-06,6.290128658292815e-05,1.1727767059710459e-06,0.6882777810096741,-0.00041374913416802883,-0.014179594814777374,1.5163624993874691e-05,0,0,0,0,0,0,1,0,1,0,6
0.3231600522994995,0.0005906957667320967,0.01397055946290493,-0.00021634867880493402,0.3397103548049927,-0.00019023061031475663,0.11499188840389252,0.012490235269069672,0.00020647035853471607,-2.8842791834904347e-06,7.388147059828043e-05,7.289858820758166e-13,0.674095869064331,-0.0003872421511914581,-0.014183801598846912,3.578952237148769e-05,0,0,0,0,0,1,0,0,1,0,6
0.33615946769714355,0.0016544031677767634,0.013610436581075191,0.00015643666847608984,0.3518329858779907,1.0163327715417836e-05,0.1094159260392189,0.011815926060080528,0.00019532369333319366,-2.728718072830816e-06,6.989671965129673e-05,0.0,0.6599111557006836,-0.00034037476871162653,-0.014185905456542969,5.507614332600497e-05,0,0,0,0,0,1,0,0,1,0,12
0.3491796851158142,0.0022211724426597357,0.012725591659545898,0.0006778120878152549,0.3656335771083832,0.002757722046226263,0.15521031618118286,0.014225621707737446,0.0033609725069254637,3.6201518014422618e-06,1.611002517165616e-05,1.7479878806625493e-05,0.6457242965698242,-0.00027641639462672174,-0.01418730802834034,7.122589886421338e-05,0,0,0,0,0,1,0,0,1,0,12
0.36156773567199707,0.003835879033431411,0.01214847806841135,0.0023421416990458965,0.379752516746521,0.0060930014587938786,0.11946135014295578,0.013959389179944992,0.00329392496496439,2.3928607788548106e-06,1.7755037333699875e-05,1.8869559426093474e-05,0.6315360069274902,-0.00019630756287369877,-0.01418871060013771,8.737677126191556e-05,0,0,0,0,0,1,0,0,1,0,2
0.37340766191482544,0.0063899364322423935,0.011874647811055183,0.00256455410271883,0.39282500743865967,0.009134948253631592,0.13028568029403687,0.012716412544250488,0.0029448424465954304,-2.274045800731983e-05,5.115166277391836e-05,2.3988815883058123e-05,0.6173590421676636,0.0001586173748364672,-0.014158557169139385,0.000620693142991513,0,1,0,0,0,0,0,0,1,0,6
0.3855559825897217,0.008981609717011452,0.012358146719634533,0.0026003525126725435,0.40515992045402527,0.01198276411741972,0.11858455836772919,0.012015930376946926,0.002770102582871914,-3.8698814023518935e-05,7.107954297680408e-05,-5.831057858785016e-12,0.6032450795173645,0.0011032066540792584,-0.01406950131058693,0.0012090402888134122,0,0,0,0,0,1,0,0,1,0,6
0.39813539385795593,0.01157402154058218,0.012745576910674572,0.00258257077075541,0.4168262481689453,0.014672273769974709,0.11102482676506042,0.011379598639905453,0.002623404609039426,-3.664992982521653e-05,6.731628673151135e-05,-5.82999534065598e-12,0.5892448425292969,0.002606744412332773,-0.013948188163340092,0.0017029406735673547,0,0,0,0,0,1,0,0,1,0,12
0.4110301733016968,0.014185121282935143,0.01299942284822464,0.0026445782277733088,0.42785194516181946,0.017214100807905197,0.11248774826526642,0.010743930004537106,0.002476859139278531,-3.460148582234979e-05,6.355384539347142e-05,-1.1657982738888517e-11,0.5753655433654785,0.0045301299542188644,-0.013818810693919659,0.002103188307955861,0,0,0,0,0,1,0,0,1,0,5
0.42398276925086975,0.017030149698257446,0.012941752560436726,0.002654035110026598,0.43826180696487427,0.019613925367593765,0.10797764360904694,0.010139056481420994,0.002337414538487792,-3.265391933382489e-05,5.997667176416144e-05,5.8280906142793576e-12,0.561631441116333,0.006854186300188303,-0.01365121640264988,0.002525554271414876,0,0,0,0,1,0,0,0,1,0,7
0.435930460691452,0.019895631819963455,0.011681126430630684,0.002037107478827238,0.4480838477611542,0.021878257393836975,0.1113424226641655,0.009567704983055592,0.002205698052421212,-3.081314207520336e-05,5.6595636124257e-05,5.82728743730998e-12,0.5481516718864441,0.009737563319504261,-0.01332829985767603,0.0031738190446048975,0,0,0,0,0,0,1,0,1,0,12
0.44594287872314453,0.021669404581189156,0.008467365987598896,0.001153321354649961,0.4931104779243469,0.021312423050403595,0.20454974472522736,0.059330765157938004,-0.0018607028760015965,-1.379286368319299e-05,3.866034603561275e-05,0.0014545455342158675,0.5350351929664612,0.013259988278150558,-0.01293245516717434,0.0038048012647777796,0,0,0,0,0,0,1,0,1,0,12
0.45391565561294556,0.02289259433746338,0.0073944819159805775,0.0011787174735218287,0.5508852601051331,0.019237205386161804,0.17635850608348846,0.05652538686990738,-0.0022478634491562843,-1.379286368319299e-05,3.866034603561275e-05,0.0014545455342158675,0.5229969620704651,0.01697693206369877,-0.010748821310698986,0.0033156867139041424,0,0,0,0,0,0,1,0,1,0,4
0.4610130786895752,0.02370641753077507,0.0068994127213954926,0.0005705647636204958,0.6028347015380859,0.017001815140247345,0.143511563539505,0.04785960912704468,-0.002165675163269043,-9.14211523195263e-06,6.493419641628861e-05,0.0012903861934319139,0.5146202445030212,0.019521208480000496,-0.006181001663208008,0.0018291781889274716,0,0,0,1,0,0,0,0,1,0,13
0.46729910373687744,0.024226274341344833,0.006132967304438353,0.0005071813357062638,0.6482093334197998,0.014805515296757221,0.12215935438871384,0.04155833646655083,-0.0020711750257760286,-2.6777488528750837e-06,9.579215111443773e-05,0.0010649486212059855,0.5115029811859131,0.020415298640727997,-0.0005315332091413438,0.00010603352711768821,0,0,0,1,0,0,0,0,1,0,6
0.47430601716041565,0.02465449646115303,0.007699517533183098,0.0003040122101083398,0.6862955093383789,0.012862354516983032,0.10923580080270767,0.035378143191337585,-0.0018219418125227094,1.207945570058655e-05,0.00015717667702119797,0.0005141740548424423,0.513794481754303,0.02034717984497547,0.003492130897939205,-1.4801345059822779e-05,0,0,0,0,0,1,0,0,1,0,16
0.4827684760093689,0.024702012538909912,0.009045531041920185,-0.00021229519916232675,0.7193202376365662,0.011156202293932438,0.10903064906597137,0.03137103468179703,-0.0016206522705033422,2.2638181690126657e-05,0.00018555302813183516,-1.1783016402866497e-11,0.5181423425674438,0.020327389240264893,0.005033787339925766,-0.00020132966164965183,0,0,0,0,0,1,0,0,1,0,6
0.49203062057495117,0.024296468123793602,0.009386826306581497,-0.00045145570766180754,0.749025821685791,0.009621592238545418,0.10929408669471741,0.028421398252248764,-0.001468271599151194,2.0510186004685238e-05,0.00016811017121654004,0.0,0.5241973400115967,0.02004985511302948,0.006696492899209261,-0.0003066180506721139,0,0,0,0,0,1,0,0,1,0,1
0.5019544363021851,0.02380872517824173,0.010402627289295197,-0.0005228975205682218,0.7760448455810547,0.00822577066719532,0.10947694629430771,0.025931881740689278,-0.0013396617723628879,1.8713904864853248e-05,0.00015338699449785054,0.0,0.5318458676338196,0.019695887342095375,0.008084842935204506,-0.0003728424198925495,1,0,0,0,0,0,0,0,1,0,18
0.5127919316291809,0.02324957400560379,0.011219080537557602,-0.0005868414882570505,0.8007779121398926,0.006948042660951614,0.10960719734430313,0.023799505084753036,-0.0012295010965317488,1.7175229004351422e-05,0.0001407754170941189,0.0,0.5407986640930176,0.019275154918432236,0.009397920221090317,-0.0004415877046994865,1,0,0,0,0,0,0,0,1,0,5
0.5244040489196777,0.022639883682131767,0.011971998028457165,-0.0006335523794405162,0.8235392570495605,0.005772174336016178,0.10970154404640198,0.021949755027890205,-0.0011339413467794657,1.584045821800828e-05,0.00012983506894670427,8.782835569931535e-12,0.5507569909095764,0.018800264224410057,0.010224713012576103,-0.00048385720583610237,0,0,0,0,1,0,0,0,1,0,3
0.5366794466972351,0.02198522537946701,0.01255752146244049,-0.0006761772674508393,0.8445798754692078,0.004685201216489077,0.10977095365524292,0.02032737247645855,-0.0010501284850761294,1.466972753405571e-05,0.00012023922317894176,0.0,0.5615733861923218,0.0182799082249403,0.011030955240130424,-0.0005261036567389965,0,0,1,0,0,0,0,0,1,0,6
0.549462616443634,0.021295875310897827,0.012994086369872093,-0.0007027543615549803,0.8641031980514526,0.003676612628623843,0.10982272773981094,0.018890591338276863,-0.0009759032400324941,1.3632911759486888e-05,0.0001117409992730245,0.0,0.5732265710830688,0.01771053858101368,0.011858413927257061,-0.0005738146719522774,0,0,0,0,0,1,0,0,1,0,18
0.5626372694969177,0.020582793280482292,0.013339602388441563,-0.0007246783934533596,0.8822762966156006,0.0027377710212022066,0.10986185818910599,0.01760718785226345,-0.0009096014546230435,1.270675511477748e-05,0.00010414988355478272,-2.921449974296886e-12,0.5854921340942383,0.017109083011746407,0.01241209078580141,-0.0006023756577633321,0,0,0,0,0,1,0,0,1,0,5
0.5761066675186157,0.01985132321715355,0.01358678936958313,-0.000738990493118763,0.8992385268211365,0.0018614933360368013,0.10989176481962204,0.016451969742774963,-0.0008499216055497527,1.1873083167301957e-05,9.731676982482895e-05,-2.920041595674827e-12,0.5982540845870972,0.01647871732711792,0.012902972288429737,-0.0006336698425002396,0,0,0,0,1,0,0,0,1,0,4
0.5897951722145081,0.019107580184936523,0.013782511465251446,-0.0007505102548748255,0.9151064157485962,0.0010417462326586246,0.1099148690700531,0.015404919162392616,-0.0007958299247547984,1.1117463145637885e-05,9.112343832384795e-05,4.378272484145684e-12,0.6113930344581604,0.015826812013983727,0.013216543942689896,-0.0006486356724053621,0,0,0,1,0,0,0,0,1,0,17
0.603652834892273,0.018353832885622978,0.013928132131695747,-0.0007592475158162415,0.9299790263175964,0.0002734129666350782,0.10993287712335587,0.01444994192570448,-0.0007464952068403363,1.042829444486415e-05,8.547470497433096e-05,-4.37674375908248e-12,0.6247972846031189,0.015161498449742794,0.013500035740435123,-0.0006692548631690443,0,0,0,1,0,0,0,0,1,1,0
0.6168369054794312,0.016785098239779472,0.011997583322227001,-0.0022926258388906717,0.9439411759376526,-0.00044788006925955415,0.10994704067707062,0.013573944568634033,-0.0007012405549176037,9.796125596039928e-06,8.029318269109353e-05,0.0,0.6382830739021301,0.014335169456899166,0.013516994193196297,-0.0007957025663927197,0,0,0,1,0,0,0,0,1,1,12
0.6272299885749817,0.013312646187841892,0.009270178154110909,-0.004667615983635187,0.9570657014846802,-0.0011258984450250864,0.10995824635028839,0.012766178697347641,-0.0006595104932785034,9.21318496693857e-06,7.551517046522349e-05,-1.4580961221408173e-12,0.6514241695404053,0.01318802498281002,0.013415027409791946,-0.0009780238615348935,0,0,0,1,0,0,0,0,1,1,13
0.6364032626152039,0.008272340521216393,0.009221535176038742,-0.00528919231146574,0.9694156646728516,-0.0017639065627008677,0.1099671870470047,0.012017713859677315,-0.0006208443082869053,8.673044249007944e-06,7.108793215593323e-05,-1.4577651152175575e-12,0.6643407940864563,0.011675955727696419,0.013254032470285892,-0.0012314011109992862,0,0,0,1,0,0,0,0,1,1,18
0.6458048820495605,0.0028551872819662094,0.009379357099533081,-0.005675431806594133,0.9810463786125183,-0.0023647507186979055,0.10997434705495834,0.01132109109312296,-0.0005848561995662749,8.170310138666537e-06,6.696730997646227e-05,1.4574749827162004e-12,0.6774795651435852,0.01028364896774292,0.013506121002137661,-0.0010122924577444792,0,0,0,1,0,0,0,0,1,0,18
0.6551894545555115,-0.0030549929942935705,0.009583024308085442,-0.005926463287323713,0.9920058250427246,-0.0029309256933629513,0.10998012125492096,0.010670012794435024,-0.0005512208444997668,7.700428795942571e-06,6.311600736808032e-05,7.286097723421814e-13,0.6912529468536377,0.00956818275153637,0.013847210444509983,-0.0006501540774479508,0,0,0,1,0,0,0,0,1,0,13
0.6651830673217773,-0.007763994857668877,0.010200808756053448,-0.0034772250801324844,1.002336859703064,-0.003464628243818879,0.10998479276895523,0.010059114545583725,-0.0005196612910367548,7.259550784510793e-06,5.950236663920805e-05,1.456993705371834e-12,0.7051471471786499,0.00893548596650362,0.013929255306720734,-0.0006187190301716328,0,0,0,1,0,0,0,0,1,0,5
0.6761547923088074,-0.009606561623513699,0.011571715585887432,-0.0007484446978196502,1.0120768547058105,-0.003967801108956337,0.10998858511447906,0.009483827278017998,-0.0004899413324892521,6.8443664531514514e-06,5.609939034911804e-05,0.0,0.7191121578216553,0.008333695121109486,0.013991664163768291,-0.0005877902149222791,0,0,0,0,1,0,0,0,1,0,18
