lt_dp_posx,lt_dp_posy,lt_dp_velx,lt_dp_vely,ball_posx,ball_posy,ball_posz,ball_vel_x,ball_vel_y,ball_rot_x,ball_rot_y,ball_rot_z,rt_gk_posx,rt_gk_posy,rt_gk_velx,rt_gk_vely,action_left,action_top_left,action_top,action_top_right,action_right,action_bottom_right,action_bottom,action_bottom_left,action_sprint,action_dribble,sel_action
-1.0110293626785278,-0.0,0.0,-0.0,0.019999999552965164,-0.0,0.11061639338731766,0.0,-0.0,0.0,-0.0,0.0,1.0110293626785278,0.0,-0.0,0.0,0,0,0,0,0,0,0,0,0,0,5
0.0,-0.0,0.0,-0.0,0.019999999552965164,-0.0,0.11059734225273132,0.0,-0.0,0.0,-0.0,0.0,1.0110293626785278,0.0,-0.0,0.0,0,0,0,0,1,0,0,0,0,0,5
4.241273563820869e-05,1.157607863733201e-11,0.0006617647595703602,5.533552435710298e-11,0.019999999552965164,-0.0,0.10930104553699493,0.0,-0.0,0.0,-0.0,0.0,1.010831356048584,-1.7361862815479245e-12,-0.0013190157478675246,-1.1461174891091996e-11,0,0,0,0,1,0,0,0,0,0,5
0.002880488522350788,1.6380509448854497e-10,0.004276019521057606,1.0108697212629636e-10,0.019999999552965164,-0.0,0.11075475811958313,0.0,-0.0,0.0,-0.0,0.0,1.007331371307373,-2.5524847860336486e-11,-0.004367968533188105,-2.397638164397531e-11,0,0,0,0,1,0,0,0,0,0,5
0.006310980301350355,-1.2954378680873901e-09,0.005893108434975147,-3.6759809085573636e-10,0.019999999552965164,-0.0,0.11053141206502914,0.0,-0.0,0.0,-0.0,0.0,1.0020980834960938,-4.316341381538358e-11,-0.0059268055483698845,-1.0647278197994936e-11,0,0,0,0,1,0,0,0,0,0,13
0.012720324099063873,-1.8093189169121615e-09,0.007382407784461975,-1.86656856637768e-10,0.02782951109111309,-4.4091522100053737e-10,0.11851169168949127,0.008456655777990818,-4.75826433810056e-10,-4.127789256236358e-12,-3.229106732760556e-05,-1.4697724374374e-12,0.9953674674034119,3.4270722371054774e-10,-0.007369237951934338,6.112906847377531e-10,0,0,0,0,1,0,0,0,1,0,5
0.02084559015929699,-1.9384283067580554e-09,0.008707515895366669,-1.8623529107753e-10,0.03598489612340927,-8.995488798291262e-10,0.10680514574050903,0.007951012812554836,-4.4711148672327283e-10,-6.246225325162724e-12,-4.703375088865869e-05,0.0,0.9872784614562988,8.023442465976416e-10,-0.008651789277791977,3.1533989308663024e-10,0,0,0,0,1,0,0,0,1,0,0
0.030195849016308784,-2.1204713540612374e-09,0.009847519919276237,-1.6574004668701292e-10,0.04369121417403221,-1.3328999015627119e-09,0.11039599031209946,0.007507634349167347,-4.2217881968120707e-10,-5.897814354949293e-12,-4.441022974788211e-05,0.0,0.9781137704849243,9.711570436721217e-10,-0.009335489943623543,2.3974358609457624e-10,0,0,0,0,1,0,0,0,1,0,0
0.03860125690698624,-3.036981999215982e-09,0.009385165758430958,-1.7454329648280975e-10,0.050955161452293396,-1.7413758213180586e-09,0.11031106859445572,0.007066906895488501,-3.9739525559134847e-10,-5.551523650504375e-12,-4.1802686610026285e-05,3.4715666539720696e-19,0.968501091003418,1.1565954860515149e-09,-0.010017086751759052,1.4396649150594243e-10,0,0,0,0,1,0,0,0,1,0,0
0.04737188294529915,-3.7102318994897132e-09,0.010158954188227654,-1.0774411918212934e-10,0.06077883392572403,1.1813431228802074e-05,0.13620929419994354,0.014067775569856167,2.937835051852744e-05,3.8029642723813595e-07,-4.303434252506122e-05,-2.359450768096849e-08,0.9580104947090149,1.23629051440588e-09,-0.010855057276785374,2.4856247268778553e-11,0,0,0,0,1,0,0,0,1,0,5
0.05792097747325897,8.746820299165847e-07,0.010675542056560516,3.513945557642728e-06,0.07475697249174118,4.100744263269007e-05,0.12802498042583466,0.01388746127486229,2.9017501219641417e-05,3.806354413882218e-07,-4.3562329665292054e-05,-2.297845291820977e-08,0.9471069574356079,4.206409869311756e-07,-0.010882405564188957,9.026587122207275e-07,0,0,0,0,1,0,0,0,1,0,5
0.06883295625448227,8.636970051156823e-06,0.011254759505391121,1.116910334530985e-05,0.08808230608701706,6.924327317392454e-05,0.12420414388179779,0.013002825900912285,2.7680560378939845e-05,3.867132249979477e-07,-7.691960490774363e-05,9.113783810748774e-14,0.9358362555503845,2.006341901505948e-06,-0.01156821008771658,2.1210548766248394e-06,0,0,0,0,1,0,0,0,1,0,5
0.08048031479120255,2.4437344109173864e-05,0.011945822276175022,1.9302273358334787e-05,0.10073912143707275,9.618726471671835e-05,0.11380387097597122,0.012358857318758965,2.63096735579893e-05,3.675563675642479e-07,-7.3109200457111e-05,-4.5559801591099625e-14,0.9239458441734314,4.652276402339339e-06,-0.012150231748819351,2.905919927798095e-06,0,0,0,0,1,0,0,0,1,0,13
0.09277476370334625,4.535463449428789e-05,0.012555718421936035,2.2894661015016027e-05,0.11271888762712479,0.00012168993998784572,0.11225045472383499,0.01167542114853859,2.4854754883563146e-05,3.472137848348211e-07,-6.906296039232984e-05,0.0,0.911514401435852,7.904630365374032e-06,-0.012642495334148407,3.5779817153525073e-06,0,0,0,0,1,0,0,0,1,0,0
0.10559763759374619,7.182484114309773e-05,0.01302221231162548,2.955901982204523e-05,0.12403049319982529,0.0001457702019251883,0.10975604504346848,0.01101827435195446,2.3455821064999327e-05,3.276777249539009e-07,-6.517712608911097e-05,4.5542325607331874e-14,0.8986548185348511,1.188822807307588e-05,-0.013021862134337425,4.308996267354814e-06,0,0,0,0,1,0,0,0,1,0,13
0.11855003237724304,0.00010412759002065286,0.013374940492212772,3.346340963616967e-05,0.13470061123371124,0.00016848488303367049,0.11078747361898422,0.010391251184046268,2.2121002984931692e-05,3.0902259595677606e-07,-6.146649684524164e-05,-4.5534837836078146e-14,0.8854668736457825,1.6444615539512597e-05,-0.013312171213328838,4.822435130336089e-06,0,0,0,0,1,0,0,0,1,0,16
0.13031147420406342,-0.0011512022465467453,0.013405099511146545,2.158230017812457e-05,0.14476555585861206,0.00018991123943123966,0.11049692332744598,0.009803022257983685,2.086876702378504e-05,2.9153358127587126e-07,-5.7987843320006505e-05,-9.105644840565197e-14,0.8720289468765259,2.1608420865959488e-05,-0.013532358221709728,5.4327520047081634e-06,0,0,0,0,1,0,0,0,1,0,0
0.14303845167160034,-0.0016824807971715927,0.013405084609985352,8.094039912975859e-06,0.15852558612823486,5.269369648885913e-05,0.15161734819412231,0.015409124083817005,-0.0002033903292613104,-5.852438675901794e-07,-5.070255065220408e-05,-3.561489734238421e-07,0.8584014177322388,2.5456585717620328e-05,-0.013698549941182137,-4.790295715650927e-09,0,0,0,0,1,0,0,0,1,0,13
0.15643210709095,-0.0016746288165450096,0.013462936505675316,2.27224882110022e-05,0.1738203912973404,-0.00014916117652319372,0.12004584074020386,0.01514678169041872,-0.00019964623788837343,-6.8019477339476e-07,-5.238053199718706e-05,-4.218000810851663e-07,0.8446311354637146,1.91983999684453e-05,-0.013824069872498512,-1.1170481229783036e-05,0,0,0,0,1,0,0,0,1,0,16
0.1700335144996643,-0.0015993359265848994,0.01370380911976099,0.00012344079732429236,0.18832187354564667,-0.0003376356908120215,0.12806960940361023,0.014221178367733955,-0.00018429178453516215,-2.5747094696271233e-06,-8.412849274463952e-05,-7.293990173136422e-13,0.8307538032531738,2.1572593595919898e-06,-0.013917334377765656,-2.176851558033377e-05,0,0,0,0,1,0,0,0,1,0,16
0.18383930623531342,-0.001420165877789259,0.013881220482289791,0.0002145927574019879,0.20217905938625336,-0.0005172104574739933,0.12034464627504349,0.01353740319609642,-0.0001754307304508984,-2.4507951366103953e-06,-8.00796042312868e-05,-3.646146427317698e-13,0.8167964816093445,-2.519639747333713e-05,-0.013986756093800068,-3.193258453393355e-05,0,0,0,0,1,0,0,0,1,0,13
0.1977979987859726,-0.0012275936314836144,0.014016032218933105,0.000170468571013771,0.2153296023607254,-0.0006876276456750929,0.10977929085493088,0.012820706702768803,-0.00016614301421213895,-2.3210870949696982e-06,-7.584144623251632e-05,-1.0935910380385772e-12,0.802778959274292,-6.27425397397019e-05,-0.01404004916548729,-4.214430009596981e-05,0,0,0,0,1,0,0,0,1,0,5
0.21187154948711395,-0.0010838534217327833,0.014115782454609871,0.00012239628995303065,0.2277422845363617,-0.0008484828867949545,0.11092343181371689,0.012086472474038601,-0.00015662817168049514,-2.188026655858266e-06,-7.149367593228817e-05,7.288973027583245e-13,0.7887168526649475,-0.00010672914504539222,-0.014079318381845951,-4.39610994362738e-05,0,0,0,0,1,0,0,0,1,0,0
0.22600965201854706,0.00020196250989101827,0.01414050068706274,7.810932584106922e-05,0.2394436001777649,-0.0010001203045248985,0.11042065918445587,0.011392874643206596,-0.00014763990475330502,-2.0625075194402598e-06,-6.739231321262196e-05,7.287520196672115e-13,0.7746211886405945,-0.00015051855007186532,-0.014108069241046906,-4.364471533335745e-05,0,0,0,0,1,0,0,0,1,0,16
0.24006696045398712,0.0012902183225378394,0.013827050104737282,3.394559462321922e-05,0.2529183030128479,-0.0009443546878173947,0.14625997841358185,0.015670962631702423,0.000254733458859846,1.8391297373909765e-07,-5.402084207162261e-05,2.4462747205689084e-07,0.7605004906654358,-0.0001928823912749067,-0.01413050852715969,-3.8923713873373345e-05,0,0,0,0,1,0,0,0,1,0,13
0.2535526156425476,0.0013010688126087189,0.01340525969862938,-8.077998245425988e-06,0.2684805989265442,-0.0006914028781466186,0.1368173360824585,0.015471010468900204,0.0002515015657991171,1.8391297373909765e-07,-5.402084207162261e-05,2.4462747205689084e-07,0.7463611364364624,-0.00022558169439435005,-0.014145934954285622,-2.760101415333338e-05,0,0,0,0,1,0,0,0,1,0,16
0.26710471510887146,0.0012327722506597638,0.013660508207976818,-0.0001298548886552453,0.2834194302558899,-0.00045267833047546446,0.1298351287841797,0.014554028399288654,0.0002303106739418581,3.2175016713154037e-06,-8.60940563143231e-05,7.294844524448341e-13,0.7322078347206116,-0.0002469405299052596,-0.014158557169139385,-1.6247791791101918e-05,0,0,0,0,1,0,0,0,1,0,13
0.28087273240089417,0.0010252553038299084,0.013847035355865955,-0.00026911389431916177,0.2976479232311249,-0.00022751899086870253,0.11960697174072266,0.013890737667679787,0.00021981439203955233,3.070695356655051e-06,-8.216582500608638e-05,0.0,0.7180441617965698,-0.00024809548631310463,-0.01416697259992361,1.11963690869743e-05,0,0,0,0,1,0,0,0,1,0,6
0.29480141401290894,0.0007616401417180896,0.013990086503326893,-0.00023761647753417492,0.311161071062088,-1.3680187294085044e-05,0.1139938235282898,0.013180759735405445,0.00020857930940110236,2.9138627724023536e-06,-7.79692709329538e-05,0.0,0.7038728594779968,-0.0002217928267782554,-0.01417398452758789,3.866548286168836e-05,0,0,0,0,0,1,0,0,1,0,7
0.3079116642475128,0.0014952969504520297,0.013728341087698936,8.553822408430278e-05,0.3239261507987976,0.00018832131172530353,0.11150013655424118,0.01242897566407919,0.00019668269669637084,2.7476446575747104e-06,-7.352160901064053e-05,7.289722753385519e-13,0.6896960735321045,-0.00017330521950498223,-0.014178893528878689,5.102344221086241e-05,0,0,0,0,0,0,1,0,1,0,7
0.3208674490451813,0.0022327853366732597,0.013193663209676743,0.00015364594582933933,0.33725982904434204,0.0019836516585201025,0.14443765580654144,0.014372764155268669,0.003373882034793496,1.7507243683212437e-05,-5.40064720553346e-05,2.4643504730192944e-06,0.6755150556564331,-0.00012103252811357379,-0.014182399027049541,5.329437772161327e-05,0,0,0,0,0,0,1,0,1,0,12
0.3334459960460663,0.003335125744342804,0.012428619898855686,0.0017679050797596574,0.3515351414680481,0.005334588699042797,0.13189426064491272,0.014193296432495117,0.00333190499804914,1.7507243683212437e-05,-5.40064720553346e-05,2.4643504730192944e-06,0.661331057548523,-5.2922394388588145e-05,-0.014184502884745598,0.0001460155617678538,0,0,0,0,0,0,1,0,1,0,12
0.34542328119277954,0.005753491539508104,0.011716870591044426,0.002522613387554884,0.36523059010505676,0.008521387353539467,0.1261199414730072,0.01338521484285593,0.0031047628726810217,4.337537393439561e-05,-7.918181654531509e-05,0.0,0.6471585035324097,0.00034297630190849304,-0.0141578558832407,0.0006002293666824698,0,0,0,0,0,0,1,0,1,0,6
0.35742834210395813,0.008322381414473057,0.012225262820720673,0.00259340088814497,0.37826302647590637,0.011544320732355118,0.11852917820215225,0.01272517815232277,0.0029516650829464197,4.123529288335703e-05,-7.527507841587067e-05,-5.832310329134671e-12,0.63303142786026,0.0011924307327717543,-0.014096848666667938,0.0010530754225328565,0,0,0,0,0,1,0,0,1,0,12
0.3698873817920685,0.01092185452580452,0.012635133229196072,0.0025994684547185898,0.3906114101409912,0.014408566057682037,0.11111865192651749,0.012040711008012295,0.0027928987983614206,3.9017930248519406e-05,-7.12272958480753e-05,1.1662201586382093e-11,0.6189685463905334,0.0024243853986263275,-0.014037945307791233,0.0013501504436135292,0,0,0,0,0,1,0,0,1,0,12
0.38269463181495667,0.013532649725675583,0.012925442308187485,0.0026393593288958073,0.4022732973098755,0.017113598063588142,0.11251985281705856,0.01136051956564188,0.002635125070810318,3.681242378661409e-05,-6.720115197822452e-05,1.1659928231266825e-11,0.6049643754959106,0.00391625240445137,-0.01397483516484499,0.0016076392494142056,0,0,0,0,0,1,0,0,1,0,12
0.3957309126853943,0.016217539086937904,0.01311722956597805,0.002720980439335108,0.4132775366306305,0.019666077569127083,0.10795025527477264,0.010715892538428307,0.0024856003001332283,3.47241475537885e-05,-6.33890085737221e-05,0.0,0.5910324454307556,0.0056732711382210255,-0.013889284804463387,0.0018972279503941536,0,0,0,0,0,1,0,0,1,0,5
0.40867817401885986,0.01918606087565422,0.012949026189744473,0.002706008730456233,0.4236566424369812,0.02207356132566929,0.1113424226641655,0.010109235532581806,0.002344883279874921,3.275751805631444e-05,-5.9798923757625744e-05,8.742071302969556e-12,0.5772066712379456,0.007756262551993132,-0.01377077680081129,0.0022345397155731916,0,0,0,0,1,0,0,0,1,0,5
0.4204319417476654,0.022073421627283096,0.011663668788969517,0.002078463090583682,0.43344980478286743,0.024345146492123604,0.10855492204427719,0.009539766237139702,0.0022127905394881964,3.09128372464329e-05,-5.6431508710375056e-05,8.740874343771132e-12,0.5635102987289429,0.010174882598221302,-0.013632633723318577,0.002568724798038602,0,0,0,0,1,0,0,0,1,0,18
0.43000704050064087,0.023733165115118027,0.008258749730885029,0.0012076642597094178,0.484714150428772,0.024941783398389816,0.504239559173584,0.060649432241916656,4.759149669553153e-05,3.058203583350405e-05,-1.1496923434606288e-05,0.0014508427120745182,0.5500114560127258,0.013023373670876026,-0.013382645323872566,0.0030759847722947598,0,0,0,0,1,0,0,0,1,0,6
0.43788206577301025,0.02498430572450161,0.007384664844721556,0.0012048978824168444,0.5437800884246826,0.02475789375603199,0.863635241985321,0.05780942738056183,-0.0003713526239152998,3.058203583350405e-05,-1.1496923434606288e-05,0.0014508427120745182,0.5367873311042786,0.016373632475733757,-0.01308777742087841,0.003572999034076929,0,0,0,0,0,1,0,0,1,0,13
0.4449235200881958,0.025762267410755157,0.006894504185765982,0.0005949912592768669,0.6001413464546204,0.024162491783499718,1.085209608078003,0.055209506303071976,-0.0007765372283756733,3.058203583350405e-05,-1.1496923434606288e-05,0.0014508427120745182,0.5243972539901733,0.019950369372963905,-0.011198661290109158,0.00328654027543962,0,0,0,0,0,1,0,0,1,0,5
0.4511447548866272,0.026297664269804955,0.00629074452444911,0.0005277720629237592,0.6540173888206482,0.023170068860054016,1.1772868633270264,0.05281321331858635,-0.0011667551007121801,3.058203583350405e-05,-1.1496923434606288e-05,0.0014508427120745182,0.5155254006385803,0.022590534761548042,-0.006690796464681625,0.002016362501308322,0,0,0,0,1,0,0,0,1,0,2
0.45830124616622925,0.026741473004221916,0.007840464822947979,0.0003211520961485803,0.7055952548980713,0.02179594337940216,1.1473121643066406,0.050591107457876205,-0.0015414472436532378,3.058203583350405e-05,-1.1496923434606288e-05,0.0014508427120745182,0.5118913650512695,0.023746991530060768,-0.0009673483436927199,0.0006503037875518203,0,1,0,0,0,0,0,0,1,0,18
0.46689510345458984,0.0268198624253273,0.00916999951004982,-0.00016529594722669572,0.7550352215766907,0.02005571313202381,1.0019545555114746,0.04851910471916199,-0.0019005493959411979,3.058203583350405e-05,-1.1496923434606288e-05,0.0014508427120745182,0.5140340924263,0.024383604526519775,0.003673749743029475,0.0005278290482237935,0,1,0,0,0,0,0,0,1,0,2
0.47624722123146057,0.026519250124692917,0.009544456377625465,-0.00032970780739560723,0.802476167678833,0.017964819446206093,0.7472028136253357,0.046577297151088715,-0.002244367264211178,3.058203583350405e-05,-1.1496923434606288e-05,0.0014508427120745182,0.5186350345611572,0.024763688445091248,0.005339173600077629,0.00023245811462402344,0,1,0,0,0,0,0,0,1,0,17
0.48635581135749817,0.026159368455410004,0.010542308911681175,-0.0003859186836052686,0.8480391502380371,0.015538262203335762,0.38845276832580566,0.044748976826667786,-0.0025734647642821074,3.058203583350405e-05,-1.1496923434606288e-05,0.0014508427120745182,0.5248153209686279,0.024812115356326103,0.0068447170779109,-8.95495577424299e-06,0,1,0,0,0,0,0,0,1,1,17
0.49732181429862976,0.025745073333382607,0.010955333709716797,-0.0004188866005279124,0.889264702796936,0.013104798272252083,0.19250500202178955,0.03469306230545044,-0.001834761817008257,2.4613378627691418e-05,-3.176486643496901e-05,0.0012999559985473752,0.5324134826660156,0.02474813722074032,0.008188976906239986,-0.00011464625276857987,0,1,0,0,0,0,0,0,1,1,4
0.5062192678451538,0.025404877960681915,0.007610461208969355,-0.0002909790491685271,0.9234448075294495,0.011205624788999557,0.3791360557079315,0.03376232832670212,-0.0019521228969097137,2.4613378627691418e-05,-3.176486643496901e-05,0.0012999559985473752,0.5412508249282837,0.02456003986299038,0.009292364120483398,-0.00023682152095716447,0,0,0,1,0,0,0,0,1,1,9
0.5125699639320374,0.02516205608844757,0.005505014676600695,-0.00021049850329291075,0.9567006230354309,0.009188280440866947,0.43430569767951965,0.032843004912137985,-0.002070886315777898,2.4613378627691418e-05,-3.176486643496901e-05,0.0012999559985473752,0.5508520603179932,0.024297967553138733,0.010006217285990715,-0.0002870434254873544,0,0,0,1,0,0,0,0,1,1,12
0.517126202583313,0.024987846612930298,0.0036698931362479925,-0.0001403133210260421,0.9890424013137817,0.0070515586994588375,0.3634093701839447,0.031932681798934937,-0.0021907377522438765,2.4613378627691418e-05,-3.176486643496901e-05,0.0012999559985473752,0.5613295435905457,0.02397727221250534,0.010839630849659443,-0.0003481025341898203,0,0,0,1,0,0,0,0,1,1,4
