lt_dp_posx,lt_dp_posy,lt_dp_velx,lt_dp_vely,ball_posx,ball_posy,ball_posz,ball_vel_x,ball_vel_y,ball_rot_x,ball_rot_y,ball_rot_z,rt_gk_posx,rt_gk_posy,rt_gk_velx,rt_gk_vely,action_left,action_top_left,action_top,action_top_right,action_right,action_bottom_right,action_bottom,action_bottom_left,action_sprint,action_dribble,sel_action
-1.0110293626785278,-0.0,0.0,-0.0,0.019999999552965164,-0.0,0.11061639338731766,-0.0,0.0,0.0,-0.0,0.0,1.0110293626785278,0.0,-0.0,0.0,0,0,0,0,0,0,0,0,0,0,5
0.0,-0.0,0.0,-0.0,0.019999999552965164,-0.0,0.11059734225273132,-0.0,0.0,0.0,-0.0,0.0,1.0110293626785278,0.0,-0.0,0.0,0,0,0,0,1,0,0,0,0,0,5
0.002606003312394023,1.3665313325361694e-10,0.004109717905521393,2.5224038135984728e-11,0.019999999552965164,-0.0,0.10930104553699493,-0.0,0.0,0.0,-0.0,0.0,1.0106345415115356,-3.1860014626516886e-11,-0.001967654563486576,-1.5577436562885794e-10,0,0,0,0,1,0,0,0,0,0,5
0.005889748688787222,-1.6158692162093757e-09,0.005736221559345722,-3.9490347103487977e-10,0.019999999552965164,-0.0,0.11075475811958313,-0.0,0.0,0.0,-0.0,0.0,1.0068784952163696,-2.618299743684105e-10,-0.004527849145233631,-2.198135284903202e-10,0,0,0,0,1,0,0,0,0,0,13
0.011982083320617676,-2.3429196360780224e-09,0.0072406274266541,-2.111960745176944e-10,0.026900917291641235,-4.6274134524182386e-10,0.1217871755361557,0.008351038210093975,-5.605533814900809e-10,2.108325233146635e-12,1.1187295058334712e-05,-2.89301178499346e-12,1.0014904737472534,-4.1544132023396685e-10,-0.006076167803257704,-8.2568722692411e-11,0,0,0,0,1,0,0,0,1,0,13
0.019974837079644203,-2.4627933026266646e-09,0.008582981303334236,-1.7202612945244056e-10,0.03485063090920448,-9.970021475069757e-10,0.11043358594179153,0.007717124652117491,-5.187968943332066e-10,7.247685524652825e-12,4.5650209358427674e-05,6.9439496318111525e-19,0.9946169853210449,1.7719584480269113e-11,-0.007505276706069708,5.834240313085104e-10,0,0,0,0,1,0,0,0,1,0,5
0.029211096465587616,-2.6306974376666403e-09,0.00974207278341055,-1.4700585193594407e-10,0.042326509952545166,-1.4995814590079704e-09,0.11174360662698746,0.0072822971269488335,-4.895649441394312e-10,6.839157712379418e-12,4.307704875827767e-05,-6.943396454776508e-19,0.986401379108429,4.3833989216146563e-10,-0.008770297281444073,2.6736379776792774e-10,0,0,0,0,1,0,0,0,1,0,0
0.03713470324873924,-4.082219007273125e-09,0.009281536564230919,-1.671843774531112e-10,0.04937131702899933,-1.973180507874872e-09,0.11065375059843063,0.006851977203041315,-4.6063611258695403e-10,6.434930713283826e-12,4.053097291034646e-05,-6.942879466893662e-19,0.9771802425384521,7.906231225263127e-10,-0.009335489943623543,8.632788373041933e-10,0,0,0,0,1,0,0,0,1,0,5
0.04605286568403244,-4.930922781198888e-09,0.010248887352645397,-1.0085627472067316e-10,0.059750452637672424,1.4215445844456553e-05,0.14030303061008453,0.013893932104110718,2.8020915124216117e-05,2.857948970813595e-07,7.81207563704811e-06,3.571965976334468e-07,0.9674903154373169,1.4924866897914058e-09,-0.010107545182108879,5.66033997451143e-10,0,0,0,0,1,0,0,0,1,0,5
0.05664462968707085,1.2097353874196415e-06,0.010675542056560516,4.049217750434764e-06,0.07355422526597977,4.204603465041146e-05,0.12650543451309204,0.013696862384676933,2.7574442356126383e-05,2.785988613140944e-07,8.597886335337535e-06,3.652596376468864e-07,0.9569175243377686,1.85217341464039e-09,-0.01093008928000927,1.8771077747725684e-10,0,0,0,0,1,0,0,0,1,0,5
0.06762214750051498,9.056175258592702e-06,0.011330842971801758,1.095693096431205e-05,0.08638953417539597,6.691413727821782e-05,0.1263657957315445,0.012359187006950378,2.3458509531337768e-05,-9.481671270350489e-08,4.8724446969572455e-05,3.8030304949643323e-07,0.9460112452507019,4.88545879306912e-07,-0.010956736281514168,9.58563418862468e-07,0,0,0,0,1,0,0,0,1,0,18
0.07933786511421204,2.432025212328881e-05,0.012014280073344707,1.794157833501231e-05,0.09834809601306915,8.939964027376845e-05,0.11752373725175858,0.011651546694338322,2.1827383534400724e-05,-3.0493254143948434e-07,6.892407691339031e-05,0.0,0.9346734285354614,2.0815330117329722e-06,-0.011628516018390656,2.1124419617990497e-06,0,0,0,0,1,0,0,0,1,0,13
0.09169181436300278,4.3957261368632317e-05,0.01260839868336916,2.1609357645502314e-05,0.10965929925441742,0.00011058945528930053,0.11176758259534836,0.011024761013686657,2.06531876756344e-05,-2.885136609620531e-07,6.521293107653037e-05,4.554240014623123e-14,0.9227253198623657,4.610389169101836e-06,-0.012204927392303944,2.7510848212841665e-06,0,0,0,0,1,0,0,0,1,0,5
0.10456013679504395,6.890178337926045e-05,0.013062182813882828,2.7771237000706606e-05,0.12034520506858826,0.00013060781930107623,0.11096901446580887,0.01041081640869379,1.950305340869818e-05,-2.724541161569505e-07,6.158300675451756e-05,0.0,0.9102458953857422,7.69210237194784e-06,-0.012685270980000496,3.3812664241850143e-06,0,0,0,0,1,0,0,0,1,0,0
0.11776566505432129,-0.0011668261140584946,0.013238980434834957,2.146351835108362e-05,0.13042888045310974,0.00014949800970498472,0.10908360779285431,0.009821095503866673,1.839830474636983e-05,-2.5702399852889357e-07,5.809531648992561e-05,-2.2764210357234874e-14,0.8973493576049805,1.1425064258219209e-05,-0.013054819777607918,3.918322363460902e-06,0,0,0,0,1,0,0,0,1,0,13
0.1310046911239624,-0.002250482328236103,0.013239067979156971,9.537812729831785e-06,0.1430773138999939,2.8006292268401012e-05,0.14723025262355804,0.015537700615823269,-0.0002591396332718432,-6.14872135429323e-08,1.03487554952153e-05,-7.976235565365641e-07,0.8841332197189331,1.4328248653328046e-05,-0.01333671435713768,1.824977289288654e-06,0,0,0,0,1,0,0,0,1,0,18
0.14426371455192566,-0.002244745148345828,0.01333785429596901,1.3218542335380334e-05,0.15850768983364105,-0.0002293275174451992,0.14566990733146667,0.015342693775892258,-0.0002558699925430119,-6.14872135429323e-08,1.03487554952153e-05,-7.976235565365641e-07,0.8706738948822021,1.4780806850467343e-05,-0.0135505897924304,-6.426654977076396e-07,0,0,0,0,1,0,0,0,1,0,5
0.15775816142559052,-0.0021706100087612867,0.013610019348561764,0.0001372831902699545,0.1732035130262375,-0.0004734619287773967,0.1291017085313797,0.014004062861204147,-0.0002315764722879976,1.4559375358658144e-06,4.380958489491604e-05,-1.9186613826605026e-06,0.8570301532745361,8.256876753875986e-06,-0.013712574727833271,-1.583167613716796e-05,0,0,0,0,1,0,0,0,1,0,16
0.17148293554782867,-0.0019523572409525514,0.013809168711304665,0.00028249286697246134,0.18678519129753113,-0.0006976292352192104,0.11690501868724823,0.013140304014086723,-0.00021646525419782847,3.0236953989515314e-06,7.772201934130862e-05,-3.6456718178166925e-13,0.8432478308677673,-2.067721106868703e-05,-0.013833887875080109,-3.9225054933922365e-05,0,0,0,0,1,0,0,0,1,0,16
0.185379296541214,-0.0016744290478527546,0.013962037861347198,0.0002518830879125744,0.19956570863723755,-0.0009081672178581357,0.11497912555932999,0.012468775734305382,-0.00020540285913739353,2.8694371394522022e-06,7.375631685135886e-05,0.0,0.8293615579605103,-7.090233702911064e-05,-0.013925047591328621,-5.46518131159246e-05,0,0,0,0,1,0,0,0,1,0,0
0.19940713047981262,-0.0014581973664462566,0.014076338149607182,0.00018810488109011203,0.21165631711483002,-0.001107340445742011,0.10733610391616821,0.011780964210629463,-0.00019407234503887594,2.7112587304145563e-06,6.969047535676509e-05,0.0,0.8153972625732422,-0.00012476788833737373,-0.013993768021464348,-5.3208375902613625e-05,0,0,0,0,1,0,0,0,1,0,18
0.21349824965000153,-0.0013057815376669168,0.014121859334409237,0.00012588340905494988,0.22307099401950836,-0.0012953787809237838,0.11101726442575455,0.011119242757558823,-0.0001831716508604586,2.5588315111235715e-06,6.577243766514584e-05,-3.6434852530853323e-13,0.8013747930526733,-0.00017714397108647972,-0.014044256880879402,-5.168505958863534e-05,0,0,0,0,1,0,0,0,1,0,16
0.22756001353263855,-0.001217469573020935,0.013973782770335674,6.227919220691547e-05,0.23548932373523712,-0.0014140569837763906,0.13666029274463654,0.01591677777469158,2.1455480236909352e-05,8.98811151728296e-07,1.228343626280548e-05,-9.63107140705688e-07,0.7873087525367737,-0.00022951529535930604,-0.014082123525440693,-5.321104981703684e-05,0,0,0,0,1,0,0,0,1,0,18
0.24113716185092926,-0.0010371662210673094,0.013312673196196556,5.693384082405828e-06,0.2512940466403961,-0.0013927686959505081,0.15771378576755524,0.015713201835751534,2.1173716959310696e-05,8.98811151728296e-07,1.228343626280548e-05,-9.63107140705688e-07,0.7732104063034058,-0.0002837427891790867,-0.014110172167420387,-5.505542503669858e-05,0,0,0,0,1,0,0,0,1,0,16
0.2544496953487396,0.0007003791979514062,0.013312687166035175,3.321034000691725e-06,0.26664045453071594,-0.0013729386264458299,0.12169548869132996,0.014493786729872227,1.5924812032608315e-05,4.635190578028414e-07,4.097518103662878e-05,-1.2748016331443068e-07,0.7590875625610352,-0.00033737372723408043,-0.014131911098957062,-4.878191975876689e-05,0,0,0,0,1,0,0,0,1,0,18
0.26776236295700073,0.0010161374229937792,0.013312697410583496,9.482557175033435e-07,0.28232938051223755,-0.0011330923298373818,0.17423677444458008,0.0157524012029171,0.0002633905678521842,4.049073538681114e-07,-7.755898536743189e-07,1.801922167032899e-07,0.7449466586112976,-0.0003782321873586625,-0.014147337526082993,-3.436847691773437e-05,0,0,0,0,1,0,0,0,1,0,16
0.28115904331207275,0.001001299824565649,0.013516930863261223,-4.796623034053482e-05,0.2979711890220642,-0.000871545635163784,0.13477078080177307,0.015551959164440632,0.0002600571315269917,4.049073538681114e-07,-7.755898536743189e-07,1.801922167032899e-07,0.7307921648025513,-0.00040449731750413775,-0.01415925845503807,-1.833858732425142e-05,0,0,0,0,1,0,0,0,1,0,16
0.29480573534965515,0.0008800321957096457,0.013742377050220966,-0.00018325755081605166,0.3125106990337372,-0.0006295964121818542,0.13702881336212158,0.014029094949364662,0.00023286549549084157,-9.92471768768155e-07,3.129056131001562e-05,1.908532112793182e-06,0.7166275382041931,-0.00040619316860102117,-0.014167673885822296,1.1926275874429848e-05,0,0,0,0,1,0,0,0,1,0,16
0.3086433708667755,0.0006342297419905663,0.01390891894698143,-0.00026568316388875246,0.3262333571910858,-0.00040206831181421876,0.11793908476829529,0.013180803507566452,0.00021800637478008866,-2.380890919084777e-06,6.290282180998474e-05,1.1726241382348235e-06,0.7024555802345276,-0.00037760622217319906,-0.014174685813486576,4.2221887269988656e-05,0,0,0,0,1,0,0,0,1,0,6
0.32248184084892273,0.0005904754507355392,0.013970919884741306,-0.00021635637676808983,0.3390316665172577,-0.00019049167167395353,0.1149919331073761,0.012490356341004372,0.00020646938355639577,-2.8842657684435835e-06,7.388216181425378e-05,7.289858820758166e-13,0.688278317451477,-0.00032765010837465525,-0.014179594814777374,5.0191378250019625e-05,0,0,0,0,0,1,0,0,1,0,6
0.3354816436767578,0.0016543518286198378,0.013610409572720528,0.00015642719517927617,0.3511544167995453,9.90133594314102e-06,0.10941586643457413,0.01181604154407978,0.00019532274745870382,-2.72870488515764e-06,6.989739631535485e-05,0.0,0.6740970015525818,-0.0002783431264106184,-0.014182399027049541,4.8582507588434964e-05,0,0,0,0,0,1,0,0,1,0,12
0.348501980304718,0.0022211619652807713,0.012725591659545898,0.0006778067909181118,0.3649550676345825,0.0027574673295021057,0.15521076321601868,0.014225677587091923,0.003360981121659279,3.6201963666826487e-06,1.6110185242723674e-05,1.747999522194732e-05,0.6599125862121582,-0.00022872129920870066,-0.014185204170644283,5.659901216858998e-05,0,0,0,0,0,1,0,0,1,0,18
0.3608900308609009,0.0038358625024557114,0.01214847806841135,0.0023421344812959433,0.37907418608665466,0.006092757452279329,0.11946232616901398,0.013959459029138088,0.0032939387019723654,2.3932013846206246e-06,1.7754795408109203e-05,1.8869355699280277e-05,0.6457264423370361,-0.00015535483544226736,-0.01418730802834034,8.708601671969518e-05,0,0,0,0,0,1,0,0,1,0,12
0.372730016708374,0.006389913614839315,0.011874647811055183,0.002564546884968877,0.3921467363834381,0.009134714491665363,0.1302853524684906,0.012716463766992092,0.002944850828498602,-2.2740074200555682e-05,5.115132807986811e-05,2.398925607849378e-05,0.631538987159729,-5.149915159563534e-05,-0.014188009314239025,0.00011757657921407372,0,0,0,0,0,1,0,0,1,0,5
0.38487833738327026,0.00898157712072134,0.012358496896922588,0.0026003452949225903,0.4044816493988037,0.011982535943388939,0.11858467012643814,0.01201596949249506,0.002770106540992856,-3.8698875869158655e-05,7.107977580744773e-05,-5.831057858785016e-12,0.6173675656318665,0.00037536051240749657,-0.014145233668386936,0.0007328265346586704,0,0,0,0,1,0,0,0,1,0,6
0.39745771884918213,0.0115739731118083,0.012745576910674572,0.0025825495831668377,0.41614797711372375,0.014672048389911652,0.11102475225925446,0.011379636824131012,0.0026234097313135862,-3.6649998946813866e-05,6.73165122861974e-05,0.0,0.60328209400177,0.0014806793769821525,-0.01402532309293747,0.0014092203928157687,0,0,0,0,0,1,0,0,1,0,5
0.410352498292923,0.014185051433742046,0.01299942284822464,0.002644564025104046,0.42717379331588745,0.01721387915313244,0.11248773336410522,0.010743958875536919,0.0024768642615526915,-3.4601562219904736e-05,6.355402001645416e-05,-1.1657982738888517e-11,0.5893484354019165,0.0032250944059342146,-0.013866144232451916,0.001966817770153284,0,0,0,0,1,0,0,0,1,0,14
0.42330509424209595,0.01703006401658058,0.012941757217049599,0.0026540150865912437,0.43758365511894226,0.019613713026046753,0.10797764360904694,0.01013909000903368,0.0023374208249151707,-3.265400664531626e-05,5.9976860939059407e-05,8.742136355099905e-12,0.5755702257156372,0.005434547550976276,-0.013701705262064934,0.00240718643181026,0,0,0,0,0,0,0,0,1,0,8
0.4352527856826782,0.019895540550351143,0.011681130155920982,0.0020371011923998594,0.44740572571754456,0.02187804877758026,0.1113424226641655,0.009567737579345703,0.0022057045716792345,-3.081324030063115e-05,5.659583257511258e-05,0.0,0.5619759559631348,0.008083464577794075,-0.013492738828063011,0.0028636895585805178,0,0,0,0,0,0,0,1,1,0,5
0.4452652037143707,0.021669302135705948,0.008467365987598896,0.0011533071519806981,0.49108439683914185,0.023124586790800095,0.2078736126422882,0.05746975541114807,0.0007764750043861568,-8.509615327056963e-06,2.8645505153690465e-05,0.000591693795286119,0.5486763119697571,0.011301528662443161,-0.0131305530667305,0.0035053875762969255,0,0,0,0,1,0,0,0,1,0,4
0.45323801040649414,0.022892486304044724,0.0073944819159805775,0.0011787174735218287,0.5471205115318298,0.023778129369020462,0.2043241262435913,0.05488916486501694,0.0005547893233597279,-8.509615327056963e-06,2.8645505153690465e-05,0.000591693795286119,0.5357787013053894,0.015151022002100945,-0.012696490623056889,0.004127892665565014,0,0,0,1,0,0,0,0,1,0,6
0.4603354036808014,0.023706302046775818,0.0068994127213954926,0.000570550502743572,0.5991418957710266,0.02422155998647213,0.13544286787509918,0.047188375145196915,0.0003661343071144074,-8.145605534082279e-06,5.322897413861938e-05,0.0005374408210627735,0.523975133895874,0.019173752516508102,-0.010534945875406265,0.0035940888337790966,0,0,0,0,0,1,0,0,1,0,16
0.466621458530426,0.024226151406764984,0.006132967304438353,0.0005071813357062638,0.644892156124115,0.024507712572813034,0.1154864951968193,0.04255054518580437,0.0002343405649298802,-7.502563676098362e-06,7.712320802966133e-05,0.00047361617907881737,0.5157729387283325,0.021947290748357773,-0.006033743266016245,0.002024361863732338,0,0,0,0,0,1,0,0,1,0,11
0.47361981868743896,0.024715695530176163,0.00768409064039588,0.0004390780522953719,0.683708667755127,0.024698767811059952,0.10911867767572403,0.03588331490755081,0.000166657060617581,-5.83578093937831e-06,0.00012426901957951486,0.0003206858818884939,0.5127868056297302,0.023069070652127266,-0.00027979121659882367,0.0007236688397824764,0,0,0,0,0,1,0,0,1,0,0
0.48204588890075684,0.02503160387277603,0.00899629108607769,0.00018534787523094565,0.7169008851051331,0.02484782226383686,0.10914922505617142,0.03128629922866821,0.00013867013331037015,-3.710793180289329e-06,0.00016165011038538069,0.00014352050493471324,0.5155104994773865,0.02380400523543358,0.004154537338763475,0.0006214164313860238,0,0,0,0,0,1,0,0,1,0,11
0.4912412166595459,0.025122279301285744,0.009389403276145458,6.337890954455361e-05,0.7464489340782166,0.024979542940855026,0.10931278020143509,0.028269074857234955,0.00012625844101421535,-1.7636982647672994e-06,0.00016720940766390413,-2.2042886179546306e-12,0.5209234356880188,0.024238117039203644,0.005852703470736742,0.00029839258058927953,0,0,0,0,0,1,0,0,1,0,7
0.5011566281318665,0.025180213153362274,0.010414824821054935,5.0875383749371395e-05,0.7733314633369446,0.02509961649775505,0.10949046909809113,0.025807641446590424,0.00011526490561664104,-1.6101517985589453e-06,0.0001526522682979703,3.667805534117441e-13,0.5280261635780334,0.02437560260295868,0.0075647165067493916,0.00011641450691968203,0,0,0,0,0,0,1,0,1,0,13
0.5120000839233398,0.025223471224308014,0.011233757250010967,3.877357085002586e-05,0.7979526519775391,0.02520957961678505,0.10961693525314331,0.023696741089224815,0.00010583701077848673,-1.4784669701839448e-06,0.0001401677291141823,0.0,0.536527693271637,0.024466095492243767,0.008822333067655563,7.413364801323041e-05,0,0,0,0,0,0,1,0,1,0,12
0.5236204862594604,0.025260861963033676,0.011994756758213043,3.521153121255338e-05,0.8206207752227783,0.025310823693871498,0.10970865935087204,0.021863708272576332,9.765008871909231e-05,-1.364111540169688e-06,0.00012932613026350737,1.0978035971595523e-12,0.5461316704750061,0.02451254613697529,0.009728631936013699,3.4485456126276404e-05,0,0,0,0,0,0,1,0,1,0,6
0.5358994007110596,0.025292646139860153,0.01258168276399374,2.8703021598630585e-05,0.8415827751159668,0.025404443964362144,0.10977622866630554,0.02025451324880123,9.046295599546283e-05,-1.2637191275644e-06,0.00011980829731328413,3.6563035043200853e-13,0.5564166307449341,0.02454626001417637,0.010475128889083862,3.384474621270783e-05,0,0,0,0,0,1,0,0,1,0,12
0.5486710667610168,0.025320256128907204,0.013006756082177162,2.7182124540559016e-05,0.8610391616821289,0.025491340085864067,0.10982669144868851,0.01882823556661606,8.409276779275388e-05,-1.174736439679691e-06,0.00011137213004985824,-3.6538046893630494e-13,0.567503809928894,0.02457914501428604,0.01124634686857462,3.317680238978937e-05,0,0,0,0,0,1,0,0,1,0,13
0.5618559718132019,0.025346878916025162,0.01336280070245266,2.5879749955493025e-05,0.8791547417640686,0.02557224966585636,0.10986487567424774,0.0175532978028059,7.839853060431778e-05,-1.0951940794257098e-06,0.00010383102926425636,5.477591579101937e-13,0.57940673828125,0.024611983448266983,0.012062009423971176,3.453823592280969e-05,0,0,0,0,0,1,0,0,1,0,4
0.5753414630889893,0.0253724604845047,0.013609168119728565,2.5391189410584047e-05,0.8960669636726379,0.025647783651947975,0.10989408940076828,0.01640496216714382,7.326970080612227e-05,-1.0235494301014114e-06,9.703866817289963e-05,3.649983147755581e-13,0.5918768644332886,0.024646734818816185,0.012576419860124588,3.6910136259393767e-05,0,0,0,1,0,0,0,0,1,0,2
0.5890513062477112,0.02539817988872528,0.013813971541821957,2.557334300945513e-05,0.9118910431861877,0.025718457996845245,0.10991667211055756,0.015363537706434727,6.8618384830188e-05,-9.585738780515385e-07,9.087860235013068e-05,5.472755495311565e-13,0.6048105955123901,0.024682991206645966,0.013053259812295437,3.7857171264477074e-05,0,1,0,0,0,0,0,0,1,0,18
0.6029384136199951,0.02542407065629959,0.013964187353849411,2.5635910787968896e-05,0.9267249703407288,0.02578471228480339,0.10993429273366928,0.01441317517310381,6.437379488488659e-05,-8.992805646812485e-07,8.525719749741256e-05,-1.8236196515537817e-13,0.6180969476699829,0.02472091279923916,0.013340659439563751,4.0579656342742965e-05,0,1,0,0,0,0,0,0,1,0,3
0.616945743560791,0.025450441986322403,0.014066414907574654,2.6163555958191864e-05,0.9406523704528809,0.025846919044852257,0.10994815081357956,0.013540993444621563,6.0478359955595806e-05,-8.448642461189593e-07,8.009818702703342e-05,-1.8230751110126509e-13,0.6316214203834534,0.02476111613214016,0.013610538095235825,4.131680543650873e-05,0,0,1,0,0,0,0,0,1,0,5
0.6310537457466125,0.025476999580860138,0.014151759445667267,2.629692608024925e-05,0.9537457227706909,0.025905398651957512,0.10995913296937943,0.012736382894217968,5.6884724472183734e-05,-7.946633218125498e-07,7.533883035648614e-05,0.0,0.6453574895858765,0.024802034720778465,0.013757280074059963,4.367495057522319e-05,0,0,0,0,1,0,0,0,1,0,2
0.6452306509017944,0.02550388127565384,0.014208793640136719,2.654456693562679e-05,0.9660673141479492,0.025960437953472137,0.10996789485216141,0.011990530416369438,5.355351459002122e-05,-7.481281159016362e-07,7.092702435329556e-05,0.0,0.6592180728912354,0.024844961240887642,0.013872097246348858,4.5753757149213925e-05,0,1,0,0,0,0,0,0,1,0,9
0.6594607830047607,0.025530662387609482,0.014256601221859455,2.6280811653123237e-05,0.9776720404624939,0.02601226605474949,0.1099749207496643,0.01129606831818819,5.0451828428776935e-05,-7.047988788144721e-07,6.681914965156466e-05,9.109155622724976e-14,0.6731894016265869,0.02488846145570278,0.013983981683850288,4.5762102672597393e-05,0,1,0,0,0,0,0,0,1,0,13
0.6737307906150818,0.025557268410921097,0.014285501092672348,2.641859646246303e-05,0.9886074662208557,0.026061104610562325,0.10998058319091797,0.010646768845617771,4.755186091642827e-05,-6.642875973739137e-07,6.297841900959611e-05,9.107567266542285e-14,0.6872329711914062,0.02493303082883358,0.01404157467186451,4.7562058171024546e-05,0,1,0,0,0,0,0,0,1,0,6
0.688027560710907,0.025584127753973007,0.014312801882624626,2.6394798624096438e-05,0.99891597032547,0.026107145473361015,0.10998516529798508,0.010037343017756939,4.482996155275032e-05,-6.262637270992855e-07,5.937352398177609e-05,-1.8212323738952402e-13,0.701329231262207,0.024978648871183395,0.01410439983010292,4.7166286094579846e-05,0,0,0,0,0,1,0,0,1,0,18
0.7023159265518188,0.025612395256757736,0.014298214577138424,2.7922593289986253e-05,1.0086348056793213,0.026150550693273544,0.10998888313770294,0.009463262744247913,4.226594319334254e-05,-5.904452109462e-07,5.597771814791486e-05,0.0,0.7155228853225708,0.025022132322192192,0.01418589148670435,4.6415534598054364e-05,0,0,0,0,0,1,0,0,1,0,7
