lt_dp_posx,lt_dp_posy,lt_dp_velx,lt_dp_vely,ball_posx,ball_posy,ball_posz,ball_vel_x,ball_vel_y,ball_rot_x,ball_rot_y,ball_rot_z,rt_gk_posx,rt_gk_posy,rt_gk_velx,rt_gk_vely,action_left,action_top_left,action_top,action_top_right,action_right,action_bottom_right,action_bottom,action_bottom_left,action_sprint,action_dribble,sel_action
-1.0110293626785278,-0.0,0.0,-0.0,0.019999999552965164,-0.0,0.11061639338731766,0.0,-0.0,0.0,-0.0,0.0,1.0110293626785278,0.0,-0.0,0.0,0,0,0,0,0,0,0,0,0,0,5
0.0,-0.0,0.0,-0.0,0.019999999552965164,-0.0,0.11059734225273132,0.0,-0.0,0.0,-0.0,0.0,1.0110293626785278,0.0,-0.0,0.0,0,0,0,0,1,0,0,0,0,0,5
0.00032308624940924346,5.012149029148816e-11,0.0019679905381053686,1.5585761847791701e-10,0.019999999552965164,-0.0,0.10930104553699493,0.0,-0.0,0.0,-0.0,0.0,1.0110293626785278,0.0,-0.0,0.0,0,0,0,0,1,0,0,0,0,0,5
0.00346941570751369,-6.651652839639866e-11,0.004606739617884159,-1.0011581147439941e-10,0.019999999552965164,-0.0,0.11075475811958313,0.0,-0.0,0.0,-0.0,0.0,1.0085934400558472,-1.8024127329541173e-11,-0.003884820267558098,-2.511910124347594e-11,0,0,0,0,1,0,0,0,0,0,13
0.0072206053882837296,-1.5883747650491387e-09,0.006202893331646919,-3.5571864898109595e-10,0.020900558680295944,-4.999721470166918e-11,0.11566377431154251,0.009005608968436718,-4.999721747722674e-10,-1.3729235847151355e-12,-1.2968798728252295e-05,-5.856774483795069e-13,1.0038305521011353,-3.8631691595680806e-11,-0.0054703038185834885,-1.4717812038544942e-11,0,0,0,0,1,0,0,0,1,0,18
0.014238657429814339,-1.8248648148144753e-09,0.007660851813852787,-9.95643775758559e-11,0.02951611578464508,-5.276450387725617e-10,0.11027590185403824,0.008348003029823303,-4.624153560062183e-10,-4.771135309750152e-12,-3.732015466084704e-05,-1.223029815443366e-12,0.9975366592407227,9.732892443381491e-12,-0.006950602866709232,1.7292300924509618e-10,0,0,0,0,1,0,0,0,1,0,16
0.02262367494404316,-1.9539567741588826e-09,0.008950777351856232,-1.8719571726055761e-10,0.03758316487073898,-9.743351681024137e-10,0.107444629073143,0.00787985511124134,-4.363154837427885e-10,-6.095439691183868e-12,-4.661308048525825e-05,0.0,0.989837646484375,1.456075815475799e-10,-0.008285746909677982,9.622074664816793e-11,0,0,0,0,1,0,0,0,1,0,16
0.03205844387412071,-2.2025756774013416e-09,0.009951052255928516,-2.721601000121865e-10,0.045222748070955276,-1.3973463497407579e-09,0.11318864673376083,0.007444428279995918,-4.1220543645081875e-10,-5.758455344506697e-12,-4.403610364533961e-05,-1.7358997268078575e-18,0.9809144139289856,1.8073322005651704e-10,-0.009325672872364521,-1.816707374813209e-11,0,0,0,0,1,0,0,0,1,0,13
0.04024920240044594,-3.132879511369424e-09,0.009588802233338356,-1.5734924474486434e-10,0.052430372685194016,-1.7964403298265097e-09,0.11169138550758362,0.007014590781182051,-3.8840500260484134e-10,-5.4259240329923575e-12,-4.1493152821203694e-05,0.0,0.971478283405304,9.048137794565037e-10,-0.00973448995500803,7.101704779799434e-10,0,0,0,0,1,0,0,0,1,0,18
0.049514032900333405,-3.5913427787193086e-09,0.010337285697460175,-9.28635154884283e-11,0.06368239969015121,1.768489892128855e-05,0.1434321403503418,0.014048906974494457,2.9327509764698334e-05,3.8005308056199283e-07,-4.279286440578289e-05,-2.459872305848876e-08,0.961243748664856,1.4235077561153275e-09,-0.010619443841278553,3.428700101615334e-10,0,0,0,0,1,0,0,0,1,0,0
0.060139648616313934,1.8403250123810722e-06,0.010675542056560516,5.268630502541782e-06,0.07761934399604797,4.679743142332882e-05,0.11461465060710907,0.01373550295829773,2.8797894628951326e-05,3.8255660683716997e-07,-4.697274198406376e-05,-1.9977946408289426e-08,0.9503563046455383,1.8137242818738741e-07,-0.010805971920490265,5.947164254394011e-07,0,0,0,0,1,0,0,0,1,0,16
0.07119016349315643,1.1092251043010037e-05,0.01140530500560999,1.2710568626062013e-05,0.09079436212778091,7.479307532776147e-05,0.11870206892490387,0.012912080623209476,2.7478703486849554e-05,3.8390263057408447e-07,-7.638469833182171e-05,1.3670283709275172e-13,0.9392877221107483,1.4341087535285624e-06,-0.011376773938536644,1.7625711734581273e-06,0,0,0,0,1,0,0,0,1,0,5
0.08297347277402878,2.8337686671875417e-05,0.012080897577106953,1.9659955796669237e-05,0.10333219915628433,0.00010147530701942742,0.10670075565576553,0.01223208848387003,2.6031579182017595e-05,3.636766336967412e-07,-7.236035889945924e-05,-4.555806686762365e-14,0.9275738596916199,3.854827809846029e-06,-0.011977027170360088,2.83681242763123e-06,0,0,0,0,1,0,0,0,1,0,18
0.09538528323173523,5.008978769183159e-05,0.012659587897360325,2.408994987490587e-05,0.1151905283331871,0.00012671145668718964,0.11036428809165955,0.011557010933756828,2.459492316120304e-05,3.435936264395423e-07,-6.836446846136823e-05,-9.10982105180834e-14,0.9152939915657043,6.984021183598088e-06,-0.012507859617471695,3.4468682770238956e-06,0,0,0,0,1,0,0,0,1,0,16
0.10829773545265198,7.790386734995991e-05,0.013101013377308846,3.0926592444302514e-05,0.12638430297374725,0.00015053334936965257,0.11027523875236511,0.010902435518801212,2.3201893782243133e-05,3.241272565901454e-07,-6.44912724965252e-05,-4.5540909368244065e-14,0.9025512933731079,1.0882247806875966e-05,-0.01291878055781126,4.2608357944118325e-06,0,0,0,0,1,0,0,0,1,0,16
0.12107253074645996,4.833556886296719e-05,0.013405117206275463,3.234649921068922e-05,0.13694272935390472,0.00017300312174484134,0.10931479185819626,0.010283277370035648,2.1884234229219146e-05,3.057226081182307e-07,-6.0829326685052365e-05,4.5533601167975155e-14,0.8894527554512024,1.5475190593861043e-05,-0.013232932426035404,4.838727818423649e-06,0,0,0,0,1,0,0,0,1,0,0
0.13190044462680817,-0.0006368888425640762,0.013405021280050278,1.886921927507501e-05,0.14690251648426056,0.00019419896125327796,0.11076351255178452,0.009700190275907516,2.064334876195062e-05,2.8838087473559426e-07,-5.737884566769935e-05,-4.552710273120382e-14,0.8760826587677002,2.0681180103565566e-05,-0.013472052291035652,5.499426606547786e-06,0,0,0,0,1,0,0,0,1,0,0
0.1448391079902649,-0.0007539879879914224,0.013405084609985352,5.3909761845716275e-06,0.1617206186056137,0.00010312662925571203,0.15310484170913696,0.015286575071513653,-0.00010265957826049998,-2.539984222948988e-07,-5.070270344731398e-05,-1.7531175444673863e-07,0.8625065684318542,2.626384775794577e-05,-0.013653671368956566,4.714458555099554e-06,0,0,0,0,1,0,0,0,1,0,13
0.15825243294239044,-0.0007463383954018354,0.013516930863261223,2.013171797443647e-05,0.17682819068431854,1.887044277282257e-06,0.11548401415348053,0.014662185683846474,-9.695854532765225e-05,-9.77895410869678e-07,-7.442843343596905e-05,-2.8405028729139303e-07,0.8487749099731445,2.7726966436603107e-05,-0.013789709657430649,-1.2003032452412299e-06,0,0,0,0,1,0,0,0,1,0,5
0.1719004213809967,-0.0006976640434004366,0.013745006173849106,7.279288547579199e-05,0.19111096858978271,-9.234718163497746e-05,0.11024405807256699,0.013999268412590027,-9.234229946741834e-05,-1.2901400623377413e-06,-8.281839836854488e-05,-1.8233578167291264e-13,0.8349264860153198,2.3453429093933664e-05,-0.013892089948058128,-6.799072707508458e-06,0,0,0,0,1,0,0,0,1,0,18
0.1857425719499588,-0.0006005394970998168,0.013914178125560284,0.00010483795631444082,0.20469215512275696,-0.00018193165306001902,0.10663392394781113,0.013257825747132301,-8.745156083023176e-05,-1.2217712992423913e-06,-7.842958439141512e-05,-1.8229063820495578e-13,0.8209907412528992,1.3816026694257744e-05,-0.01396852359175682,-1.1919020835193805e-05,0,0,0,0,1,0,0,0,1,0,16
0.19972923398017883,-0.0005085136508569121,0.014040224254131317,8.080671250354499e-05,0.21754300594329834,-0.0002666985965333879,0.11323954164981842,0.012522803619503975,-8.260317554231733e-05,-1.1539557362993946e-06,-7.40762916393578e-05,3.6449657311518613e-13,0.8069894313812256,-9.026796874422871e-07,-0.014026024378836155,-1.7012956959661096e-05,0,0,0,0,1,0,0,0,1,0,16
0.21382300555706024,-0.0004407565575093031,0.014133312739431858,5.725272058043629e-05,0.22967451810836792,-0.00034672088804654777,0.11170554161071777,0.011816355399787426,-7.794326666044071e-05,-1.0888479664572515e-06,-6.989682879066095e-05,0.0,0.792939305305481,-2.000857966777403e-05,-0.014068800024688244,-1.973274447664153e-05,0,0,0,0,1,0,0,0,1,0,5
0.22587166726589203,0.00036432407796382904,0.014140954241156578,3.517978984746151e-05,0.24111799895763397,-0.0004222045827191323,0.1107015535235405,0.011142978444695473,-7.3501534643583e-05,-1.0268041705785436e-06,-6.591401324840263e-05,-1.8217545527665635e-13,0.7788527011871338,-3.991997800767422e-05,-0.014100355096161366,-2.0055742425029166e-05,0,0,0,0,1,0,0,0,1,0,16
0.23895499110221863,0.0007103123934939504,0.013680142350494862,1.2762684491463006e-05,0.25524455308914185,-0.00035621534334495664,0.1510060876607895,0.015365071594715118,0.00012441920989658684,1.1187378134991377e-07,-5.391289232647978e-05,1.3733684056660422e-07,0.7647387385368347,-6.009207936585881e-05,-0.014124196954071522,-1.9804920157184824e-05,0,0,0,0,1,0,0,0,1,0,16
0.25238698720932007,0.0007112564635463059,0.013462760485708714,-1.1371938853699248e-05,0.2704921364784241,-0.00023278775915969163,0.11839707940816879,0.015082411468029022,0.00012176639575045556,2.1638066982632154e-07,-5.623986362479627e-05,2.0750641738231934e-07,0.7506043910980225,-7.697726687183604e-05,-0.014142429456114769,-1.4493317394226324e-05,0,0,0,0,1,0,0,0,1,0,18
0.2659885585308075,0.0006667897687293589,0.013704510405659676,-7.47727244743146e-05,0.2849862575531006,-0.00011793016892625019,0.12017247825860977,0.0142111387103796,0.00011237598664592952,1.5700106814620085e-06,-8.40704160509631e-05,5.47047379183957e-13,0.736454963684082,-8.85413828655146e-05,-0.014155051670968533,-9.165506526187528e-06,0,0,0,0,1,0,0,0,1,0,0
0.27979594469070435,0.00055693433387205,0.013883674517273903,-0.0001322085881838575,0.29878032207489014,-8.852267455949914e-06,0.11480221152305603,0.013474578969180584,0.00010655158257577568,1.4885908967698924e-06,-7.971055310918018e-05,5.469107155001152e-13,0.7222940921783447,-9.248631977243349e-05,-0.014164868742227554,1.8854825611924753e-06,0,0,0,0,1,0,0,0,1,0,6
0.29375654458999634,0.0004376764118205756,0.014017609879374504,-0.00010625187132973224,0.31183919310569763,9.441252768738195e-05,0.11213070154190063,0.012723908759653568,0.00010061560169560835,1.4055261772227823e-06,-7.526261470047757e-05,5.467787680957237e-13,0.7081247568130493,-8.317051833728328e-05,-0.01417258195579052,1.5397012248286046e-05,0,0,0,0,0,1,0,0,1,0,0
0.30730998516082764,0.0007824735366739333,0.013886021450161934,-9.063905599759892e-05,0.3241681456565857,0.0001919053465826437,0.10892973840236664,0.012010348029434681,9.497308928985149e-05,1.3267979284137255e-06,-7.104688847903162e-05,0.0,0.6939491629600525,-6.0991780628683046e-05,-0.014178192242980003,2.5645627829362638e-05,0,0,0,0,0,1,0,0,1,0,6
0.3199927508831024,0.0019446236547082663,0.013446420431137085,0.0002907428133767098,0.3361169993877411,0.0006332275806926191,0.11905869096517563,0.014506425708532333,0.003583064302802086,1.3695636880584061e-05,-4.834404171560891e-05,-2.67847354962214e-07,0.6797687411308289,-3.390930942259729e-05,-0.014181697741150856,2.825798037520144e-05,0,0,0,0,0,1,0,0,1,0,12
0.3329111933708191,0.002611537231132388,0.012391805648803711,0.0014061847468838096,0.35035979747772217,0.004138241987675428,0.1491917073726654,0.014154843054711819,0.003482559695839882,1.7769474652595818e-05,-5.251765833236277e-05,2.782808905976708e-06,0.6655850410461426,-4.214869477436878e-06,-0.014184502884745598,3.086961078224704e-05,0,0,0,0,0,1,0,0,1,0,6
0.34509626030921936,0.004815001040697098,0.011829418130218983,0.00267840176820755,0.3642462193965912,0.007541266735643148,0.1234356015920639,0.013465466909110546,0.0032738468144088984,4.38811766798608e-05,-7.795983401592821e-05,1.5165957165663713e-06,0.6514043211936951,0.00023374501324724406,-0.014171179383993149,0.00044473170419223607,0,0,0,0,0,1,0,0,1,0,12
0.356891006231308,0.007481246255338192,0.011972119100391865,0.002694978378713131,0.3774144947528839,0.010742496699094772,0.1138637363910675,0.012873014435172081,0.0031294526997953653,4.371179238660261e-05,-7.613701018271968e-05,-5.832576609188234e-12,0.6372576355934143,0.0009308173321187496,-0.014120690524578094,0.0009032929083332419,0,0,0,0,0,1,0,0,1,0,6
0.3691186010837555,0.01019658800214529,0.012421958148479462,0.0027225064113736153,0.38992199301719666,0.013783077709376812,0.11460207402706146,0.012196498923003674,0.002964989747852087,4.141927638556808e-05,-7.214394281618297e-05,-5.831368807968085e-12,0.6231753826141357,0.0020611598156392574,-0.014053372666239738,0.0012791060144081712,0,0,0,0,0,1,0,0,1,0,12
0.3817408084869385,0.01291903480887413,0.012766263447701931,0.0027318461798131466,0.40175095200538635,0.016658710315823555,0.110049307346344,0.011526954360306263,0.0028022215701639652,3.914773333235644e-05,-6.818737892899662e-05,-1.7490708534295685e-11,0.609158992767334,0.0035018306225538254,-0.013983950950205326,0.001572639332152903,0,0,0,0,0,1,0,0,1,0,17
0.3946343958377838,0.01569548062980175,0.012985398061573505,0.0028144230600446463,0.41291487216949463,0.019372668117284775,0.10923715680837631,0.010874759405851364,0.002643671352416277,3.6932393413735554e-05,-6.43287057755515e-05,-1.74875808278685e-11,0.5952206254005432,0.005235884804278612,-0.013896998018026352,0.001871714135631919,0,0,0,0,0,1,0,0,1,1,5
0.40767785906791687,0.01859777607023716,0.013099612668156624,0.0028763958252966404,0.4234459400177002,0.02193278633058071,0.11118925362825394,0.010256798006594181,0.00249344389885664,3.483289765426889e-05,-6.0671824030578136e-05,0.0,0.5813911557197571,0.007306405808776617,-0.01377077680081129,0.0022326859179884195,0,0,0,0,1,0,0,0,1,1,5
0.4199831187725067,0.021861588582396507,0.011935821734368801,0.002417710144072771,0.43338140845298767,0.024348095059394836,0.10842853039503098,0.009677876718342304,0.0023527073208242655,3.286750506958924e-05,-5.724852599087171e-05,5.827439225614128e-12,0.5676999092102051,0.009735975414514542,-0.013622816652059555,0.0025900783948600292,0,0,0,0,1,0,0,0,1,1,4
0.4306439459323883,0.02419275790452957,0.00944067444652319,0.0015412791399285197,0.46403276920318604,0.025122161954641342,0.24917639791965485,0.061912212520837784,-0.001631562365218997,9.135526852332987e-06,4.999828433938092e-06,0.0023470644373446703,0.5541965961456299,0.012574881315231323,-0.01338089257478714,0.0030783088877797127,0,0,0,1,0,0,0,0,1,1,6
0.43897029757499695,0.025533175095915794,0.0076844412833452225,0.0013096480397507548,0.5242261290550232,0.02310604229569435,0.5235919952392578,0.058831196278333664,-0.0023230593651533127,9.135526852332987e-06,4.999828433938092e-06,0.0023470644373446703,0.5409870743751526,0.0159485824406147,-0.013061481527984142,0.0036134389229118824,0,0,0,0,0,1,0,0,1,1,9
0.4461840093135834,0.02662421204149723,0.0068804798647761345,0.0006608415278606117,0.5814918279647827,0.020426971837878227,0.7017602920532227,0.056022487580776215,-0.0029624863527715206,9.135526852332987e-06,4.999828433938092e-06,0.0023470644373446703,0.5282602310180664,0.019773375242948532,-0.012003674171864986,0.003750030416995287,0,0,0,0,0,1,0,0,1,1,16
0.4526819884777069,0.027248376980423927,0.006115787196904421,0.0005874622147530317,0.6360803842544556,0.017137203365564346,0.788265585899353,0.05344795063138008,-0.003549808170646429,9.135526852332987e-06,4.999828433938092e-06,0.0023470644373446703,0.5182507038116455,0.023000378161668777,-0.008066261187195778,0.0026902370154857635,0,0,0,0,0,1,0,0,1,1,0
0.45866185426712036,0.02840709500014782,0.005744835827499628,0.002022137399762869,0.6882084012031555,0.013288093730807304,0.7869857549667358,0.05107646435499191,-0.004086583387106657,9.135526852332987e-06,4.999828433938092e-06,0.0023470644373446703,0.5130515098571777,0.024778908118605614,-0.0027491766959428787,0.0009627718827687204,0,0,0,0,0,1,0,0,1,1,16
0.46436235308647156,0.03136606141924858,0.005705216433852911,0.0035818968899548054,0.7380644083023071,0.008928843773901463,0.7012393474578857,0.048882268369197845,-0.0045753647573292255,9.135526852332987e-06,4.999828433938092e-06,0.0023470644373446703,0.5136973261833191,0.025321513414382935,0.003130295779556036,0.00034242725814692676,0,0,0,0,0,1,0,0,1,1,6
0.4704212546348572,0.03535323217511177,0.0064373016357421875,0.00423814682289958,0.7858134508132935,0.004105768166482449,0.5339009761810303,0.046843793243169785,-0.005019268486648798,9.135526852332987e-06,4.999828433938092e-06,0.0023470644373446703,0.5177517533302307,0.025449739769101143,0.00478309765458107,-1.5799509128555655e-05,0,0,0,0,0,1,0,0,1,1,1
0.4772849678993225,0.039862941950559616,0.007193579338490963,0.004718748386949301,0.831601083278656,-0.0011381027288734913,0.2874932885169983,0.04494279623031616,-0.0054216692224144936,9.135526852332987e-06,4.999828433938092e-06,0.0023470644373446703,0.5233736038208008,0.02521952986717224,0.006292497273534536,-0.00036287534749135375,1,0,0,0,0,0,0,0,1,1,13
0.48483744263648987,0.044805657118558884,0.0078285438939929,0.005113508086651564,0.8730645775794983,-0.006394657772034407,0.1829463243484497,0.036953940987586975,-0.004837877117097378,2.3764566776662832e-06,-1.4343587281473447e-05,0.002136409981176257,0.5304432511329651,0.02476898767054081,0.007679883390665054,-0.0005287131643854082,1,0,0,0,0,0,0,0,1,1,16
0.4920933246612549,0.049542974680662155,0.006107372231781483,0.003987465053796768,0.9093514084815979,-0.01134828757494688,0.28214290738105774,0.03574879840016365,-0.0050449008122086525,2.3764566776662832e-06,-1.4343587281473447e-05,0.002136409981176257,0.5388033986091614,0.024134952574968338,0.008888103999197483,-0.0007244673906825483,1,0,0,0,0,0,0,0,1,1,3
0.49628376960754395,0.05227890983223915,0.0025135630276054144,0.0016410954995080829,0.9444607496261597,-0.016496814787387848,0.26625919342041016,0.03459319844841957,-0.005230237264186144,2.3764566776662832e-06,-1.4343587281473447e-05,0.002136409981176257,0.5481102466583252,0.0233447328209877,0.009648940525949001,-0.0008362902444787323,0,0,1,0,0,0,0,0,1,1,6
0.4977319836616516,0.05324343591928482,0.0021941522136330605,0.0014813892776146531,0.9784389734268188,-0.021819842979311943,0.13957665860652924,0.033480942249298096,-0.005396209191530943,2.3764566776662832e-06,-1.4343587281473447e-05,0.002136409981176257,0.5582483410835266,0.022438541054725647,0.010514259338378906,-0.0009633993031457067,0,0,0,0,0,1,0,0,1,1,18
0.500576376914978,0.05514528229832649,0.0033750254660844803,0.002240735339000821,1.008794903755188,-0.026807935908436775,0.16863587498664856,0.029324254021048546,-0.004906512796878815,-7.906562132120598e-06,-3.7524219806073233e-05,0.001820339122787118,0.5690223574638367,0.021423889324069023,0.01068851538002491,-0.0010317022679373622,0,0,0,0,0,1,0,0,1,0,18
