lt_dp_posx,lt_dp_posy,lt_dp_velx,lt_dp_vely,ball_posx,ball_posy,ball_posz,ball_vel_x,ball_vel_y,ball_rot_x,ball_rot_y,ball_rot_z,rt_gk_posx,rt_gk_posy,rt_gk_velx,rt_gk_vely,action_left,action_top_left,action_top,action_top_right,action_right,action_bottom_right,action_bottom,action_bottom_left,action_sprint,action_dribble,sel_action
-1.0110293626785278,-0.0,0.0,-0.0,0.019999999552965164,-0.0,0.11061639338731766,-0.0,0.0,0.0,-0.0,0.0,1.0110293626785278,0.0,-0.0,0.0,0,0,0,0,0,0,0,0,0,0,5
0.0,-0.0,0.0,-0.0,0.019999999552965164,-0.0,0.11059734225273132,-0.0,0.0,0.0,-0.0,0.0,1.0110293626785278,0.0,-0.0,0.0,0,0,0,0,1,0,0,0,0,0,5
0.0005595720722340047,4.9373026500543205e-11,0.0026072831824421883,2.1259039667542723e-11,0.019999999552965164,-0.0,0.10930104553699493,-0.0,0.0,0.0,-0.0,0.0,1.0093543529510498,-1.2263390303246524e-10,-0.0035601502750068903,-2.3792418035739615e-10,0,0,0,0,1,0,0,0,0,0,5
0.0037788229528814554,-4.705273393135201e-10,0.004770988132804632,-2.684072963887729e-10,0.019999999552965164,-0.0,0.11075475811958313,-0.0,0.0,0.0,-0.0,0.0,1.0049090385437012,-3.4048644459439004e-10,-0.005159658379852772,-1.7905761595660152e-10,0,0,0,0,1,0,0,0,0,0,13
0.007856178097426891,-2.1655053306091077e-09,0.006355706602334976,-3.6368058564661965e-10,0.021781105548143387,-1.197989346612971e-10,0.11884696781635284,0.008839823305606842,-5.94723825741994e-10,8.834712204430079e-14,-2.3084528493200196e-06,-1.4487260132853286e-12,0.998912513256073,-3.60096036322588e-10,-0.006663799285888672,6.774060201664156e-10,0,0,0,0,1,0,0,0,1,0,0
0.015018402598798275,-2.3967305917693693e-09,0.007797427009791136,-9.105486503679927e-11,0.03015720471739769,-6.842799660233823e-10,0.11304429918527603,0.007989801466464996,-5.392420954208887e-10,6.199244676624582e-12,3.837781332549639e-05,-1.6145164632302977e-12,0.9914822578430176,2.2763528562119717e-10,-0.0080326022580266,4.811254172842894e-10,0,0,0,0,1,0,0,0,1,0,18
0.023530634120106697,-2.5451565299761114e-09,0.009069569408893585,-1.7918255768023528e-10,0.037892114371061325,-1.2064046428506003e-09,0.11427181959152222,0.0075392089784145355,-5.089192400831166e-10,7.109535182792115e-12,4.4596759835258126e-05,0.0,0.9827787280082703,5.238578459909604e-10,-0.009224695153534412,1.3357098760380381e-10,0,0,0,0,1,0,0,0,1,0,0
0.03253943473100662,-3.197910380947633e-09,0.009742087684571743,-2.34471886351173e-10,0.045195817947387695,-1.6994265994441093e-09,0.11196728050708771,0.007108057849109173,-4.798152986040805e-10,6.7029012548736056e-12,4.204602737445384e-05,2.082954933333056e-18,0.9734154939651489,6.91360357851778e-10,-0.009538145735859871,1.8815188296272822e-10,0,0,0,0,1,0,0,0,1,0,18
0.040323927998542786,-4.65638372304511e-09,0.009685594588518143,-1.2714934660706945e-10,0.05206971615552902,-2.1634347646681817e-09,0.1106518879532814,0.006682825740426779,-4.5111103741390934e-10,6.301915152912008e-12,3.9530699723400176e-05,0.0,0.963359534740448,8.285250263639909e-10,-0.010455355979502201,8.562039965909207e-11,0,0,0,0,1,0,0,0,1,0,16
0.050239283591508865,-4.9834452120478545e-09,0.010593279264867306,-7.154043329959947e-11,0.06529233604669571,2.5390701921423897e-05,0.14664900302886963,0.013831263408064842,2.7889425837201998e-05,2.8579492550306895e-07,7.812065632606391e-06,3.5719654079002794e-07,0.9525248408317566,3.4371204549188406e-08,-0.010928686708211899,1.665071209799862e-07,0,0,0,0,1,0,0,0,1,0,16
0.06094103679060936,3.516673587000696e-06,0.010849579237401485,6.5534877649042755e-06,0.07886994630098343,5.256048825685866e-05,0.11541144549846649,0.012866326607763767,2.4854114599293098e-05,3.088642586135393e-08,3.5371118428884074e-05,4.671523186061677e-07,0.9415563941001892,5.015855322199059e-07,-0.011242137290537357,7.231187737488654e-07,0,0,0,0,1,0,0,0,1,0,5
0.0722273588180542,1.428539508196991e-05,0.011619267985224724,1.4491214642475825e-05,0.09126575291156769,7.612520130351186e-05,0.11316749453544617,0.012076400220394135,2.2740572603652254e-05,-1.8325891915083048e-07,5.7811892475001514e-05,2.6055434432237234e-07,0.9299631714820862,1.5106700175238075e-06,-0.011861324310302734,1.2396089914545882e-06,0,0,0,0,1,0,0,0,1,0,5
0.08420849591493607,3.1725652661407366e-05,0.01227075606584549,1.8936510969069786e-05,0.10294869542121887,9.801813575904816e-05,0.11222551017999649,0.011404020711779594,2.136365947080776e-05,-2.9843616289326746e-07,6.745577411493286e-05,-4.554713675447228e-14,0.9177908301353455,3.0405569759750506e-06,-0.012411790899932384,1.8866105619963491e-06,0,0,0,0,1,0,0,0,1,0,13
0.09678489714860916,5.318627881933935e-05,0.012805006466805935,2.398751712462399e-05,0.11400756239891052,0.00011873519542859867,0.10860082507133484,0.010777872055768967,2.0190656869090162e-05,-2.820672762027243e-07,6.375592784024775e-05,0.0,0.9051313996315002,5.540911843127105e-06,-0.012844450771808624,3.0081732802500483e-06,0,0,0,0,1,0,0,0,1,0,0
0.10982221364974976,-8.293164137285203e-05,0.013207074254751205,2.8787475457647815e-05,0.12444943934679031,0.00013829636736772954,0.10880784690380096,0.010170640423893929,1.9053108189837076e-05,-2.6617192361300113e-07,6.016306360834278e-05,-6.82984688227771e-14,0.8920965194702148,9.0429903139011e-06,-0.01317683421075344,3.756037358471076e-06,0,0,0,0,1,0,0,0,1,0,16
0.12306112051010132,-0.001921227085404098,0.013239067979156971,1.6694149962859228e-05,0.13430047035217285,0.00015675074246246368,0.11073842644691467,0.009594322182238102,1.7973465219256468e-05,-2.5108340651058825e-07,5.675258580595255e-05,-4.55259677070545e-14,0.8787750601768494,1.3129116268828511e-05,-0.013429276645183563,4.360728780739009e-06,0,0,0,0,1,0,0,0,1,0,0
0.13630016148090363,-0.0022478592582046986,0.013239067979156971,4.76979766972363e-06,0.14927279949188232,-7.531955634476617e-05,0.15857183933258057,0.015459519810974598,-0.0002578207931946963,-6.148678011186348e-08,1.0348776413593441e-05,-7.976236702234019e-07,0.8652356863021851,1.773175063135568e-05,-0.013621414080262184,4.1883754420268815e-06,0,0,0,0,1,0,0,0,1,0,13
0.1496288776397705,-0.002230605110526085,0.013456800021231174,5.1401875680312514e-05,0.16460849344730377,-0.00033104800968430936,0.11724098026752472,0.015128042548894882,-0.00025208908482454717,4.7141405445927376e-08,1.2750288988172542e-05,-9.645398222346557e-07,0.8515316843986511,1.4515670955006499e-05,-0.013765166513621807,-9.815566045290325e-06,0,0,0,0,1,0,0,0,1,0,18
0.1632242053747177,-0.002100627636536956,0.013697322458028793,0.00019716053793672472,0.178741455078125,-0.0005649751983582973,0.12570403516292572,0.01374825183302164,-0.00022708626056555659,1.704554961179383e-06,4.925530083710328e-05,-1.8303602473679348e-06,0.8377040028572083,-2.915369577749516e-06,-0.013873857446014881,-2.360576945648063e-05,0,0,0,0,1,0,0,0,1,0,18
0.17702297866344452,-0.0018351967446506023,0.013874909840524197,0.00028796494007110596,0.19197767972946167,-0.00078316789586097,0.11795764416456223,0.012889514677226543,-0.00021233416919130832,2.9663929126400035e-06,7.62483905418776e-05,0.0,0.8237833380699158,-3.32509953295812e-05,-0.013955200091004372,-3.52670467691496e-05,0,0,0,0,1,0,0,0,1,0,0
0.19097664952278137,-0.001580315874889493,0.014012000523507595,0.00022547987464349717,0.20448541641235352,-0.000989212654531002,0.10695063322782516,0.012193022295832634,-0.00020086060976609588,2.806120619425201e-06,7.212870696093887e-05,0.0,0.80979323387146,-7.445162918884307e-05,-0.014016207307577133,-4.606147558661178e-05,0,0,0,0,1,0,0,0,1,0,0
0.2050469070672989,-0.00138910545501858,0.014113328419625759,0.0001635179651202634,0.21630120277404785,-0.001183859072625637,0.11112777888774872,0.011514473706483841,-0.00018968255608342588,2.6498826173337875e-06,6.81127785355784e-05,0.0,0.795751690864563,-0.00012585934018716216,-0.014060385525226593,-5.3857405873714015e-05,0,0,0,0,1,0,0,0,1,0,0
0.21912695467472076,-0.0012632299913093448,0.014121854677796364,0.0001007048922474496,0.22745448350906372,-0.001367591554298997,0.11018572747707367,0.010862900875508785,-0.0001789489178918302,2.4998919343488524e-06,6.425741594284773e-05,-3.643234260282402e-13,0.7816715240478516,-0.00018010976782534271,-0.014094745740294456,-5.4566589824389666e-05,0,0,0,0,1,0,0,0,1,0,5
0.2330760359764099,-0.001199015649035573,0.013680142350494862,3.6581815948011354e-05,0.24183553457260132,-0.001405508490279317,0.15713411569595337,0.015835177153348923,2.1325073248590343e-05,8.988106401375262e-07,1.2283413525437936e-05,-9.631056627767975e-07,0.7675625085830688,-0.00023505176068283617,-0.014119990170001984,-5.5245029216166586e-05,0,0,0,0,1,0,0,0,1,0,5
0.24646200239658356,-0.0003790949995163828,0.013312519527971745,4.743987574329367e-06,0.2575588822364807,-0.0013843183405697346,0.13813930749893188,0.01563192531466484,2.1101015590829775e-05,8.988106401375262e-07,1.2283413525437936e-05,-9.631056627767975e-07,0.7534323930740356,-0.00028515278245322406,-0.014138221740722656,-4.488640479394235e-05,0,0,0,0,1,0,0,0,1,0,13
0.259774386882782,0.0010152118047699332,0.013312522321939468,2.3724217044218676e-06,0.2728472352027893,-0.0012916414998471737,0.15094317495822906,0.01587522029876709,0.0002654611016623676,4.049072686029831e-07,-7.755484716653882e-07,1.8019230196841818e-07,0.7392860054969788,-0.00032365095103159547,-0.01415224652737379,-3.326604200992733e-05,0,0,0,0,1,0,0,0,1,0,16
0.27309009432792664,0.0010160921374335885,0.013344252482056618,-1.8706660966927302e-06,0.2886100113391876,-0.001028074068017304,0.1701432168483734,0.015671662986278534,0.00026204189634881914,4.049072686029831e-07,-7.755484716653882e-07,1.8019230196841818e-07,0.7251275777816772,-0.00034756449167616665,-0.014162764884531498,-1.1793485100497492e-05,0,0,0,0,1,0,0,0,1,0,18
0.2865903377532959,0.0009694065665826201,0.013615629635751247,-0.00010002226190408692,0.30402782559394836,-0.0007704494637437165,0.11693182587623596,0.01449597254395485,0.0002410466258879751,-6.415216944333224e-07,2.3246253476827405e-05,1.7086294974433258e-06,0.710960328578949,-0.00034213121398352087,-0.014170478098094463,1.953304308699444e-05,0,0,0,0,1,0,0,0,1,0,18
0.3003205358982086,0.0007935808389447629,0.01381425280123949,-0.00023570125631522387,0.3181036114692688,-0.0005367642152123153,0.13001041114330292,0.013940108940005302,0.00023135186347644776,-1.0175957640967681e-06,3.186515823472291e-05,1.916140263347188e-06,0.6967863440513611,-0.0003056720015592873,-0.014176789671182632,4.772248212248087e-05,0,0,0,0,1,0,0,0,1,0,13
0.31422072649002075,0.0005334297311492264,0.013965018093585968,-0.00024292501620948315,0.3314307630062103,-0.0003161347412969917,0.12117217481136322,0.012896706350147724,0.0002131970541086048,-2.838306727426243e-06,7.317447307286784e-05,3.3007822253239283e-07,0.6826073527336121,-0.00025810382794588804,-0.01418099645525217,4.744130637845956e-05,0,0,0,0,1,0,0,0,1,0,7
0.3277333080768585,0.0009283947292715311,0.013805338181555271,-0.00016054269508458674,0.3439624607563019,-0.00010898093751166016,0.11239121109247208,0.012229668907821178,0.00020216067787259817,-2.824261628120439e-06,7.234496297314763e-05,3.6446426389044606e-13,0.668424665927887,-0.0002108191401930526,-0.014183801598846912,4.715611430583522e-05,0,0,0,0,0,0,1,0,1,0,12
0.34065788984298706,0.002017594873905182,0.013368270359933376,0.00016924225201364607,0.3563932180404663,0.0007345270132645965,0.128550723195076,0.014405906200408936,0.0034078890457749367,4.592056484398199e-06,1.4799364180362318e-05,1.6260979464277625e-05,0.6542389988899231,-0.0001599192328285426,-0.014186606742441654,5.6623186537763104e-05,0,0,0,0,0,0,1,0,1,0,12
0.35348695516586304,0.0026794825680553913,0.012407583184540272,0.0014420830411836505,0.3706274926662445,0.0040976619347929955,0.15288682281970978,0.014155554585158825,0.0033442892599850893,3.620147708716104e-06,1.611021980352234e-05,1.747985152178444e-05,0.6400514245033264,-9.578955359756947e-05,-0.014188009314239025,7.027151877991855e-05,0,0,0,0,0,0,1,0,1,0,6
0.3656563460826874,0.004859909415245056,0.01184169016778469,0.002562775043770671,0.384444922208786,0.007349242921918631,0.12132283300161362,0.013078253716230392,0.003039832226932049,-1.6678917745593935e-05,4.316318518249318e-05,2.7093195967609063e-05,0.6258635520935059,1.645819611439947e-05,-0.014184502884745598,0.0002562613517511636,0,0,0,0,0,1,0,0,1,0,18
0.37753066420555115,0.007422341965138912,0.012079407460987568,0.0025899431202560663,0.39717593789100647,0.010297938250005245,0.11544495075941086,0.012467455118894577,0.0028807129710912704,-2.7712550945580006e-05,5.7600274885771796e-05,1.91938343050424e-05,0.6117037534713745,0.0005958203691989183,-0.014131209813058376,0.0008433932671323419,0,0,0,0,0,1,0,0,1,0,12
0.3898632824420929,0.010020515881478786,0.012525389902293682,0.002595924772322178,0.40922635793685913,0.013076399452984333,0.10648492723703384,0.011762828566133976,0.0027117447461932898,-3.7885078199906275e-05,6.958510493859649e-05,5.830628948405581e-12,0.5976284742355347,0.0017606621840968728,-0.014020415022969246,0.0014271604595705867,0,0,0,0,0,1,0,0,1,0,18
0.402585506439209,0.01260953675955534,0.01286092959344387,0.0025996037293225527,0.4206334352493286,0.015706131234765053,0.11318567395210266,0.011119959875941277,0.002563540590927005,-3.5812354326481e-05,6.577806925633922e-05,-5.829577705979139e-12,0.5836701989173889,0.003425714559853077,-0.013906464911997318,0.0018444607267156243,0,0,0,0,0,1,0,0,1,0,5
0.4155716001987457,0.015250288881361485,0.013077259063720703,0.0026747798547148705,0.43140968680381775,0.018190434202551842,0.11169163137674332,0.01049906574189663,0.0024204037617892027,-3.3812459150794894e-05,6.21047438471578e-05,5.8286201386203995e-12,0.5698373317718506,0.005488139111548662,-0.013768672943115234,0.002240164903923869,0,0,0,0,1,0,0,0,1,0,5
0.4282689690589905,0.01826566271483898,0.012462154030799866,0.002555702580139041,0.4415803849697113,0.020535126328468323,0.10880304127931595,0.009906916879117489,0.0022838928271085024,-3.1906172807794064e-05,5.860339661012404e-05,-5.827759282095446e-12,0.5561742186546326,0.007982514798641205,-0.013544629327952862,0.002759780501946807,0,0,0,0,1,0,0,0,1,0,0
0.43962475657463074,0.020831290632486343,0.010659140534698963,0.0017490173922851682,0.45636990666389465,0.022766796872019768,0.12815535068511963,0.06127447262406349,0.002347552916035056,-8.601596164226066e-06,4.335774065111764e-05,0.001160133513621986,0.5428136587142944,0.011093023233115673,-0.013199273496866226,0.0033950121141970158,0,0,0,0,1,0,0,0,1,0,6
0.4486033618450165,0.022167211398482323,0.008381114341318607,0.0012685379479080439,0.5155233144760132,0.024822423234581947,0.18284620344638824,0.05789822340011597,0.0018380724359303713,-8.701506885699928e-06,4.487290425458923e-05,0.0011554376687854528,0.5298574566841125,0.014814533293247223,-0.012579385191202164,0.0038665446918457747,0,0,0,0,0,1,0,0,1,0,13
0.45617881417274475,0.023343628272414207,0.00722969276830554,0.0009760046959854662,0.5702548027038574,0.026375720277428627,0.13126516342163086,0.049510106444358826,0.0012846799800172448,-9.601094461686444e-06,7.120084774214774e-05,0.0010506224352866411,0.5189450979232788,0.01806565932929516,-0.009262911975383759,0.0026333702262490988,0,0,0,0,0,1,0,0,1,0,7
0.4629412889480591,0.023921789601445198,0.00613261666148901,0.0005071955965831876,0.6165421605110168,0.027449382469058037,0.11112958192825317,0.042533114552497864,0.0009048688225448132,-1.0230036423308775e-05,0.00010717177792685106,0.0008637566934339702,0.5124245882034302,0.01983235403895378,-0.004081515595316887,0.0010594796622171998,0,0,0,0,0,0,1,0,1,0,14
0.4692336618900299,0.024432990700006485,0.006768983788788319,0.0005186459748074412,0.6551370024681091,0.028218338266015053,0.10871308296918869,0.03593491390347481,0.0006827513570897281,-1.0281285540258978e-05,0.0001590805040905252,0.0004950939328409731,0.5116533637046814,0.020181525498628616,0.0020872144959867,0.00012144802894908935,0,0,0,0,0,0,0,0,1,0,0
0.4768306314945221,0.024911820888519287,0.00824682880192995,0.00042607338400557637,0.6886602640151978,0.028839359059929848,0.1089983582496643,0.031828977167606354,0.000585277215577662,-8.175562470569275e-06,0.0001882612268673256,2.946804692621763e-12,0.5150547027587891,0.020521633327007294,0.004085022024810314,0.0004652584611903876,0,0,0,0,0,0,0,0,1,0,9
0.48576992750167847,0.025218546390533447,0.00932987965643406,0.0002041102561634034,0.7187844514846802,0.029393285512924194,0.10926894843578339,0.02881048433482647,0.0005297726020216942,-7.4003523877763655e-06,0.00017041146929841489,2.9401693753261515e-12,0.5200058221817017,0.020919201895594597,0.00565297482535243,0.0003337004454806447,0,0,0,0,0,0,0,0,1,0,13
0.4952045977115631,0.025422915816307068,0.009837479330599308,0.00020699328160844743,0.746161937713623,0.02989671751856804,0.10945916920900345,0.026267491281032562,0.00048301168135367334,-6.747255611116998e-06,0.0001553721958771348,4.402662696217918e-12,0.5267629027366638,0.021265514194965363,0.007289491593837738,0.000368792621884495,0,0,0,0,0,0,0,0,1,0,8
0.5055468678474426,0.025636350736021996,0.010786914266645908,0.0002131905494024977,0.7712064981460571,0.03035723604261875,0.1095944344997406,0.024092718958854675,0.00044302159221842885,-6.188688075781101e-06,0.0001425098453182727,1.465580478157702e-12,0.5349622964859009,0.021628867834806442,0.008603833615779877,0.0003765939618460834,0,0,0,0,0,0,0,1,1,0,10
0.5167334675788879,0.025858448818325996,0.01157438289374113,0.000225964147830382,0.7942415475845337,0.030780814588069916,0.10969223082065582,0.02220872975885868,0.00040837834239937365,-5.704790964955464e-06,0.00013136689085513353,1.464011420773681e-12,0.5443769693374634,0.021986989304423332,0.009670542553067207,0.00037203708779998124,0,0,0,0,0,0,0,1,1,0,7
0.5286655426025391,0.02609197236597538,0.01226122584193945,0.00023322751803789288,0.8155252933502197,0.031172187998890877,0.10976405441761017,0.020558275282382965,0.0003780294500757009,-5.280866844259435e-06,0.00012160501501057297,0.0,0.5547025799751282,0.022357316687703133,0.010575736872851849,0.00038936015334911644,0,0,0,0,0,0,1,0,1,0,11
0.5412008166313171,0.026330189779400826,0.012775237672030926,0.00023914211487863213,0.8352663516998291,0.03153518587350845,0.10981754958629608,0.01909814029932022,0.0003511801187414676,-4.9058198783313856e-06,0.00011296865704935044,1.461705214332587e-12,0.565874457359314,0.022735167294740677,0.011469590477645397,0.0003895504924003035,0,0,0,0,0,0,1,0,1,0,1
0.5541909337043762,0.026575086638331413,0.013185057789087296,0.00024414286599494517,0.8536360263824463,0.03187297284603119,0.10985792428255081,0.017795104533433914,0.0003272196918260306,-4.5711194616160356e-06,0.00010526135156396776,0.0,0.5778146982192993,0.023118197917938232,0.012113581411540508,0.0004011279088445008,1,0,0,0,0,0,0,0,1,0,5
0.5675365924835205,0.02682344987988472,0.013493995182216167,0.00024661674979142845,0.8707767128944397,0.03218815475702286,0.10988873988389969,0.016623185947537422,0.00030567022622562945,-4.27009399572853e-06,9.832948126131669e-05,1.4601219539001065e-12,0.5903016924858093,0.02350691333413124,0.012615324929356575,0.0004042248474434018,0,0,0,0,1,0,0,0,1,0,1
0.5811414122581482,0.027076005935668945,0.01371452771127224,0.00025155197363346815,0.8868077397346497,0.03248293697834015,0.10991252213716507,0.015561789274215698,0.00028615325572900474,-3.997457042714814e-06,9.205129026668146e-05,-7.297555029879554e-13,0.6032630205154419,0.023889537900686264,0.013060732744634151,0.0003976514854002744,1,0,0,0,0,0,0,0,1,0,12
0.5949459075927734,0.027330942451953888,0.013889404945075512,0.00025283973081968725,0.9018303155899048,0.0327591747045517,0.10993104428052902,0.014594385400414467,0.00026836449978873134,-3.7489619444386335e-06,8.632904791738838e-05,0.0,0.6165400147438049,0.024274973198771477,0.013342507183551788,0.00040029085357673466,1,0,0,0,0,0,0,0,1,0,1
0.6088990569114685,0.027587633579969406,0.014012633822858334,0.0002559662680141628,0.9159308075904846,0.033018458634614944,0.10994558781385422,0.013707553036510944,0.0002520571870263666,-3.5211605791118927e-06,8.108338079182431e-05,0.0,0.6300696134567261,0.024656759575009346,0.013594454154372215,0.00039034741348586977,1,0,0,0,0,0,0,0,1,0,18
0.6229608058929443,0.027846263721585274,0.014109836891293526,0.0002562818699516356,0.9291835427284241,0.03326214849948883,0.10995709896087646,0.012890266254544258,0.00023702876933384687,-3.3112216897279723e-06,7.624904537806287e-05,0.0,0.643787682056427,0.025035595521330833,0.013746124692261219,0.00039277347968891263,1,0,0,0,0,0,0,0,1,0,1
0.6371065378189087,0.028104960918426514,0.014182024635374546,0.0002561247383709997,0.9416528940200806,0.03349144011735916,0.10996626317501068,0.012133382260799408,0.00022311098291538656,-3.116798779956298e-06,7.177198131103069e-05,-3.6445374712937295e-13,0.6576342582702637,0.025415049865841866,0.01389098260551691,0.0003812185022979975,1,0,0,0,0,0,0,0,1,0,1
0.651309609413147,0.028365468606352806,0.014231441542506218,0.0002580090658739209,0.953394889831543,0.033707354217767715,0.10997360944747925,0.011429263278841972,0.0002101635473081842,-2.935928705483093e-06,6.760699761798605e-05,-3.643796961209922e-13,0.6715937852859497,0.02578667737543583,0.013966767117381096,0.00038459638017229736,1,0,0,0,0,0,0,0,1,0,0
0.6655592918395996,0.028625505045056343,0.014271092601120472,0.00025738964905031025,0.9644588232040405,0.03391079604625702,0.1099795252084732,0.010771472007036209,0.00019806802447419614,-2.7669598239299376e-06,6.37160410406068e-05,-3.6431461688558875e-13,0.6856188178062439,0.02615976519882679,0.0140252485871315,0.0003860497963614762,1,0,0,0,0,0,0,0,1,0,13
0.6798409819602966,0.028885962441563606,0.014297082088887691,0.0002587833150755614,0.9748877286911011,0.03410256654024124,0.10998430848121643,0.010154551826417446,0.00018672396254260093,-2.6084867386089172e-06,6.006682087900117e-05,-3.642570728552841e-13,0.6997043490409851,0.026527099311351776,0.014086220413446426,0.0003764847351703793,1,0,0,0,0,0,0,0,1,0,18
0.6941342353820801,0.02915397845208645,0.014306916855275631,0.00026544430875219405,0.9847200512886047,0.034283366054296494,0.10998819023370743,0.009573828428983688,0.00017604556342121214,-2.4593130092398496e-06,5.6631703046150506e-05,0.0,0.7138147950172424,0.026900295168161392,0.014102382585406303,0.00038546230643987656,1,0,0,0,0,0,0,0,1,0,5
0.7084320783615112,0.029430223628878593,0.014310464262962341,0.0002727157261688262,0.9939897656440735,0.03445381671190262,0.10999134927988052,0.00902528129518032,0.00016595874330960214,-2.318402948731091e-06,5.338691335055046e-05,-1.8208026232591212e-13,0.7279385328292847,0.0272811409085989,0.01412991527467966,0.00038233198574744165,0,0,0,0,1,0,0,0,1,0,17
0.7227365374565125,0.02970978617668152,0.014326216652989388,0.00026864217943511903,1.0027267932891846,0.034614477306604385,0.10999392718076706,0.008505433797836304,0.00015639967750757933,-2.184864570153877e-06,5.031186083215289e-05,-3.6411992128046466e-13,0.7420835494995117,0.02765868790447712,0.014145202934741974,0.0003806960303336382,0,0,0,0,1,0,0,0,1,1,18
0.737054705619812,0.029985366389155388,0.014338244684040546,0.0002643897896632552,1.0109584331512451,0.03476584330201149,0.10999604314565659,0.008011254481971264,0.00014731258852407336,-2.057919346043491e-06,4.738863935926929e-05,-3.640835462975778e-13,0.7562411427497864,0.028034480288624763,0.014156377874314785,0.00037899796734564006,0,0,0,0,1,0,0,0,1,0,5
