lt_dp_posx,lt_dp_posy,lt_dp_velx,lt_dp_vely,ball_posx,ball_posy,ball_posz,ball_vel_x,ball_vel_y,ball_rot_x,ball_rot_y,ball_rot_z,rt_gk_posx,rt_gk_posy,rt_gk_velx,rt_gk_vely,action_left,action_top_left,action_top,action_top_right,action_right,action_bottom_right,action_bottom,action_bottom_left,action_sprint,action_dribble,sel_action
-1.0110293626785278,-0.0,0.0,-0.0,0.019999999552965164,-0.0,0.11061639338731766,-0.0,0.0,0.0,-0.0,0.0,1.0110293626785278,0.0,-0.0,0.0,0,0,0,0,0,0,0,0,0,0,5
0.0,-0.0,0.0,-0.0,0.019999999552965164,-0.0,0.11059734225273132,-0.0,0.0,0.0,-0.0,0.0,1.0110293626785278,0.0,-0.0,0.0,0,0,0,0,1,0,0,0,0,0,5
0.0,-0.0,0.0,-0.0,0.019999999552965164,-0.0,0.10930104553699493,-0.0,0.0,0.0,-0.0,0.0,1.0089819431304932,-1.4662690506206388e-10,-0.003723537316545844,-2.399299370292596e-10,0,0,0,0,1,0,0,0,0,0,5
0.002222941257059574,1.2141374017282658e-10,0.003935635089874268,2.5671466688526046e-11,0.019999999552965164,-0.0,0.11075475811958313,-0.0,0.0,0.0,-0.0,0.0,1.0043776035308838,-3.568936812747836e-10,-0.005314630456268787,-1.64072269659421e-10,0,0,0,0,1,0,0,0,0,0,5
0.0052714101038873196,-2.5875643849815333e-09,0.005585019942373037,-3.848884266854924e-10,0.019999999552965164,-0.0,0.11053141206502914,-0.0,0.0,0.0,-0.0,0.0,0.9982317090034485,-2.9332020146100035e-10,-0.006807551719248295,6.670968222266538e-10,0,0,0,0,1,0,0,0,0,0,13
0.01062566228210926,-4.511888640479356e-09,0.007103427313268185,-2.9620111918760017e-10,0.02532191388309002,-5.641108136167361e-10,0.12537787854671478,0.008654146455228329,-9.182553051267917e-10,2.423376603555294e-12,6.569759534613695e-06,-4.1066126194033714e-12,0.9906662106513977,2.7777846689502894e-10,-0.008160226047039032,4.552263010992874e-10,0,0,0,0,1,0,0,0,1,0,18
0.01848970726132393,-4.675544840182511e-09,0.00846126303076744,-1.546263395102443e-10,0.03354698792099953,-1.4384835544944963e-09,0.11837388575077057,0.007911511696875095,-8.419999142361689e-10,1.1762705393048023e-11,4.679934500018135e-05,-1.3888415217529385e-18,0.9818469882011414,5.542085679266506e-10,-0.009317257441580296,1.1463111015963534e-10,0,0,0,0,1,0,0,0,1,0,13
0.027614349499344826,-4.811706144636219e-09,0.009638749994337559,-9.196939043665253e-11,0.04123377799987793,-2.2565664892226778e-09,0.11356095224618912,0.0074977632611989975,-7.979657490331249e-10,1.1147637500596996e-11,4.435222581378184e-05,-1.388733161092694e-18,0.9724517464637756,7.304192251034181e-10,-0.009637720882892609,1.742155586459404e-10,0,0,0,0,1,0,0,0,1,0,0
0.03610934317111969,-6.712881361892187e-09,0.009277140721678734,-1.8268740686888663e-10,0.04849487915635109,-3.0293441088957707e-09,0.11264882236719131,0.007067797239869833,-7.522055200936961e-10,1.0508111741858173e-11,4.1807827074080706e-05,0.0,0.9623057246208191,8.396811579380881e-10,-0.010538101196289062,4.8393400398083486e-11,0,0,0,0,1,0,0,0,1,0,18
0.04458244517445564,-8.596812151040467e-09,0.010067443363368511,-1.1342166095218431e-10,0.0575619600713253,8.605902621638961e-06,0.13116532564163208,0.013979604467749596,2.8259357350179926e-05,2.946660515590338e-07,7.121449016267434e-06,3.4845231766666984e-07,0.9514368772506714,1.25206256473831e-09,-0.010879600420594215,9.474806494935706e-10,0,0,0,0,1,0,0,0,1,0,5
0.0550798624753952,4.769332804244186e-07,0.01067549828439951,2.4281016521854326e-06,0.07140156626701355,3.6511075450107455e-05,0.13711687922477722,0.013769236393272877,2.7762695026467554e-05,2.854333160939859e-07,8.133003575494513e-06,3.5940200859840843e-07,0.9404253959655762,1.93105487156231e-09,-0.011310156434774399,4.815762788545896e-10,0,0,0,0,1,0,0,0,1,0,13
0.06593388319015503,6.923396085767308e-06,0.011177010834217072,9.552246410748921e-06,0.08450516313314438,6.219857459655032e-05,0.12683244049549103,0.012486333958804607,2.3782826247042976e-05,-6.449503331396045e-08,4.567896030494012e-05,4.1026905250873824e-07,0.9287715554237366,2.171816060325682e-09,-0.011916019953787327,5.4110039365840024e-11,0,0,0,0,1,0,0,0,1,0,18
0.07751210778951645,2.0731738914037123e-05,0.011883413419127464,1.7104237485909835e-05,0.09661086648702621,8.502041600877419e-05,0.11762478947639465,0.011770819313824177,2.2048041500966065e-05,-3.08004928228911e-07,6.962730549275875e-05,-4.55518801389769e-14,0.9165447354316711,4.152974213411653e-07,-0.012460877187550068,9.62126136982988e-07,0,0,0,0,1,0,0,0,1,0,18
0.08974564075469971,3.966320582549088e-05,0.012501811608672142,2.055805452982895e-05,0.1080528050661087,0.00010645241127349436,0.11083365231752396,0.011161230504512787,2.090621092065703e-05,-2.920641009040992e-07,6.602374196518213e-05,-4.554409082399395e-14,0.9038431644439697,2.266661795147229e-06,-0.01288231648504734,2.5791546249820385e-06,0,0,0,0,1,0,0,0,1,0,5
0.10252194106578827,6.337087688734755e-05,0.012981277890503407,2.6491670723771676e-05,0.11886794865131378,0.0001267103652935475,0.10950881987810135,0.010538519360125065,1.9739807612495497e-05,-2.757667800779018e-07,6.233958265511319e-05,4.5536562395158756e-14,0.8907760381698608,5.469226834975416e-06,-0.013204882852733135,3.482610964056221e-06,0,0,0,0,1,0,0,0,1,0,16
0.11568813771009445,-0.0007769071380607784,0.013238980434834957,2.3831164071452804e-05,0.12907537817955017,0.00014583002484869212,0.11070510745048523,0.009941484779119492,1.8621489289216697e-05,-2.6013600518126623e-07,5.880613753106445e-05,-2.2764871042933732e-14,0.8774299025535583,9.310375389759429e-06,-0.013451716862618923,4.133175480092177e-06,0,0,0,0,1,0,0,0,1,0,16
0.12892717123031616,-0.0022525633685290813,0.013239067979156971,1.1915582035726402e-05,0.14058691263198853,7.988450670382008e-05,0.13553376495838165,0.015573165379464626,-0.0002598405408207327,-6.126785478954844e-08,1.0369019946665503e-05,-7.978029543664888e-07,0.8638719320297241,1.354239066131413e-05,-0.013637542724609375,3.0408907605306013e-06,0,0,0,0,1,0,0,0,1,0,18
0.14216960966587067,-0.002246866701170802,0.013272990472614765,3.3474138945166487e-06,0.1560525745153427,-0.00017813904560171068,0.15389691293239594,0.015377948991954327,-0.00025655209901742637,-6.126785478954844e-08,1.0369019946665503e-05,-7.978029543664888e-07,0.8501538634300232,9.51743459154386e-06,-0.01377778872847557,-1.0024055882240646e-05,0,0,0,0,1,0,0,0,1,0,16
0.15560877323150635,-0.0021966276690363884,0.013562160544097424,0.00010679997649276629,0.17100591957569122,-0.0004270456556696445,0.12458151578903198,0.014172532595694065,-0.000234647435718216,1.2911367548440467e-06,4.018621984869242e-05,-1.9322087609907612e-06,0.8363156914710999,-7.342248864006251e-06,-0.013882973231375217,-2.2467433154815808e-05,0,0,0,0,1,0,0,0,1,0,16
0.1692930907011032,-0.002007646718993783,0.013774107210338116,0.00025410045054741204,0.18475712835788727,-0.0006542715127579868,0.1057267040014267,0.013356017880141735,-0.00022030205582268536,2.195377646785346e-06,5.991518992232159e-05,-1.4152240055409493e-06,0.8223875761032104,-3.6870034819003195e-05,-0.013962212949991226,-3.5389755794312805e-05,0,0,0,0,1,0,0,0,1,0,0
0.18315863609313965,-0.0017258450388908386,0.013934864662587643,0.0002649750967975706,0.19766958057880402,-0.0008670595125295222,0.11271271109580994,0.012604670599102974,-0.000207716177101247,2.901584139181068e-06,7.455582817783579e-05,7.2901136082687e-13,0.8083921074867249,-7.945694960653782e-05,-0.014021116308867931,-4.848414027947001e-05,0,0,0,0,1,0,0,0,1,0,16
0.19716334342956543,-0.001496927929110825,0.014056352898478508,0.0002002780238399282,0.20989485085010529,-0.0010685230372473598,0.11237561702728271,0.01191645860671997,-0.00019637486548162997,2.7433725335868075e-06,7.049063424346969e-05,3.6443049099277314e-13,0.7943463921546936,-0.00013375129492487758,-0.014064592309296131,-5.596914343186654e-05,0,0,0,0,1,0,0,0,1,0,18
0.2112593650817871,-0.00133103271946311,0.014121981337666512,0.0001384219794999808,0.2214398831129074,-0.0012587768724188209,0.11105364561080933,0.011248010210692883,-0.00018535929848439991,2.5894614736898802e-06,6.653588206972927e-05,0.0,0.7802630066871643,-0.00018916596309281886,-0.014096848666667938,-5.495449295267463e-05,0,0,0,0,1,0,0,0,1,0,18
0.22535505890846252,-0.0012292085448279977,0.014120819978415966,7.549299334641546e-05,0.23289287090301514,-0.0014185365289449692,0.12036368250846863,0.016202328726649284,2.2771717340219766e-05,9.569746453053085e-07,8.314104888995644e-06,-1.123085667131818e-06,0.766151487827301,-0.00024354462220799178,-0.014122093096375465,-5.390285514295101e-05,0,0,0,0,1,0,0,0,1,0,16
0.2390718311071396,-0.0011892173206433654,0.013386151753365993,1.1927167179237586e-05,0.24874666333198547,-0.0013969913125038147,0.16152387857437134,0.015753794461488724,2.137992123607546e-05,8.989376283352613e-07,1.2278230315132532e-05,-9.625376833355404e-07,0.7520189881324768,-0.0002975834358949214,-0.014140325598418713,-5.414883344201371e-05,0,0,0,0,1,0,0,0,1,0,18
0.25238412618637085,0.000357944518327713,0.013312598690390587,3.79573202735628e-06,0.26432451605796814,-0.0013760019792243838,0.1026722863316536,0.015166591852903366,1.9502733266563155e-05,7.958211085679068e-07,1.9121831428492442e-05,-7.103128609742271e-07,0.7378709316253662,-0.00035186021705158055,-0.014153649099171162,-5.437943400465883e-05,0,0,0,0,1,0,0,0,1,0,16
0.26569658517837524,0.0010161199606955051,0.013312522321939468,1.4232747389542055e-06,0.27977409958839417,-0.0011855864431709051,0.17040637135505676,0.01579304225742817,0.00026407369296066463,4.0460912487105816e-07,-7.777784389872977e-07,1.8099038356922392e-07,0.7237114906311035,-0.0004018489853478968,-0.014163466170430183,-4.1706316551426426e-05,0,0,0,0,1,0,0,0,1,0,5
0.27905499935150146,0.0010099898790940642,0.013462585397064686,-2.7134015908814035e-05,0.2954559922218323,-0.0009233720484189689,0.1504458785057068,0.015591677278280258,0.0002607137430459261,4.0460912487105816e-07,-7.777784389872977e-07,1.8099038356922392e-07,0.7095432877540588,-0.00043184537207707763,-0.014171880669891834,-2.0411114746821113e-05,0,0,0,0,1,0,0,0,1,0,13
0.292655885219574,0.0009155380539596081,0.013702932745218277,-0.00015613601135555655,0.31030043959617615,-0.000675978371873498,0.1344221979379654,0.01407252624630928,0.0002336083707632497,-9.809239145397441e-07,3.102024129475467e-05,1.9049069805987529e-06,0.6953687071800232,-0.00044044258538633585,-0.014176789671182632,1.5101685448826174e-06,0,0,0,0,1,0,0,0,1,0,7
0.3064597249031067,0.0006879872526042163,0.01387876644730568,-0.00027295504696667194,0.3241843581199646,-0.00044562172843143344,0.1067110225558281,0.013519799336791039,0.00022400562011171132,-1.4115963722360902e-06,4.085285036126152e-05,1.9270214579591993e-06,0.6811891794204712,-0.0004255503008607775,-0.014181697741150856,2.584308822406456e-05,0,0,0,0,0,0,1,0,1,0,6
0.3204164505004883,0.00044293905375525355,0.014014454558491707,-0.00021702890808228403,0.33712366223335266,-0.0002316808677278459,0.10754549503326416,0.012635797262191772,0.00020887622667942196,-2.918189011325012e-06,7.475016900571063e-05,0.0,0.6670061945915222,-0.00038631880306638777,-0.014184502884745598,5.0186699809273705e-05,0,0,0,0,0,1,0,0,1,0,7
0.33350512385368347,0.0014054321218281984,0.013691868633031845,0.0001573724439367652,0.34938132762908936,-2.9055072445771657e-05,0.11276651173830032,0.01195143349468708,0.00019756334950216115,-2.7599380700848997e-06,7.069655111990869e-05,0.0,0.652820348739624,-0.00033108549541793764,-0.014186606742441654,5.599008727585897e-05,0,0,0,0,0,0,1,0,1,0,12
0.34653472900390625,0.0021017335820943117,0.013037989847362041,0.0003355185326654464,0.36270514130592346,0.002085066633298993,0.15035369992256165,0.014260602183640003,0.003369406098499894,3.6201583952788496e-06,1.6110072465380654e-05,1.7479898815508932e-05,0.6386324763298035,-0.0002744547091424465,-0.01418871060013771,5.715468796552159e-05,0,0,0,0,0,0,1,0,1,0,6
0.3590480089187622,0.0033869538456201553,0.01239776611328125,0.0019756159745156765,0.3768692910671234,0.005431495141237974,0.13458330929279327,0.014085222035646439,0.0033278479240834713,3.6201583952788496e-06,1.6110072465380654e-05,1.7479898815508932e-05,0.6244443655014038,-0.0001663858420215547,-0.014184502884745598,0.00025940642808564007,0,0,0,0,0,1,0,0,1,0,18
0.3709565997123718,0.005877908319234848,0.011766658164560795,0.002545606577768922,0.39019596576690674,0.0085448632016778,0.13146382570266724,0.012800410389900208,0.0029664072208106518,-2.1424866645247675e-05,4.9427417252445593e-05,2.4914508685469627e-05,0.6102795004844666,0.0003698869259096682,-0.014142429456114769,0.0007625793805345893,0,0,0,0,0,1,0,0,1,0,12
0.3830071985721588,0.00846152100712061,0.012268739752471447,0.002599931787699461,0.40266942977905273,0.011427383869886398,0.11832623183727264,0.01213166955858469,0.002796782646328211,-3.9070004277164117e-05,7.176135841291398e-05,0.0,0.5961798429489136,0.0014082319103181362,-0.014058281667530537,0.0012635240564122796,0,0,0,0,0,1,0,0,1,0,16
0.39550819993019104,0.011057227849960327,0.01267580408602953,0.002587796887382865,0.4144624173641205,0.014146091416478157,0.11485910415649414,0.011504123918712139,0.0026521109975874424,-3.705006747622974e-05,6.805126031395048e-05,-1.1660396606605339e-11,0.5821751952171326,0.002899284940212965,-0.013956602662801743,0.0016767621273174882,0,0,0,0,0,1,0,0,1,0,6
0.4083505868911743,0.013656961731612682,0.012956297025084496,0.0026291923131793737,0.42561566829681396,0.016717305406928062,0.11186166107654572,0.010865499265491962,0.0025048847310245037,-3.499173908494413e-05,6.427065090974793e-05,5.829178285898795e-12,0.5682884454727173,0.004801756702363491,-0.013825823552906513,0.0020865618716925383,0,0,0,0,0,1,0,0,1,0,14
0.42135465145111084,0.016409143805503845,0.013045723550021648,0.002675421070307493,0.43614643812179565,0.019145015627145767,0.11103268712759018,0.010258518159389496,0.002364953514188528,-3.3037937100743875e-05,6.068205038900487e-05,0.0,0.5545662045478821,0.007154002785682678,-0.013612999580800533,0.0026125016156584024,0,0,0,0,0,0,0,0,1,0,4
0.4335651993751526,0.01938984915614128,0.01175279263406992,0.0020899013616144657,0.44608333706855774,0.02143581584095955,0.10831203311681747,0.009679355658590794,0.002231436315923929,-3.11733347189147e-05,5.7257253502029926e-05,-5.827440526656735e-12,0.5411151051521301,0.010095051489770412,-0.013309367001056671,0.0032078493386507034,0,0,0,1,0,0,0,0,1,0,6
0.4441280663013458,0.021430352702736855,0.009226448833942413,0.0013418459566310048,0.4813098609447479,0.02339361049234867,0.24562062323093414,0.06036369130015373,0.0016351275844499469,-1.3794282494927756e-05,3.9203627238748595e-05,0.0010805388446897268,0.5280725955963135,0.013592122122645378,-0.012468590401113033,0.0035785743966698647,0,0,0,0,0,1,0,0,1,0,6
0.452354371547699,0.022656619548797607,0.0073944819159805775,0.0011787459952756763,0.5401376485824585,0.024794206023216248,0.3637736737728119,0.05759616941213608,0.0012119385646656156,-1.3794282494927756e-05,3.9203627238748595e-05,0.0010805388446897268,0.5175566077232361,0.016817612573504448,-0.008579212240874767,0.002889342373237014,0,0,0,0,0,1,0,0,1,0,4
0.4595508277416229,0.023592093959450722,0.006899062544107437,0.0005705790244974196,0.5962831377983093,0.02578352577984333,0.29186636209487915,0.05497889593243599,0.0008104453445412219,-1.3794282494927756e-05,3.9203627238748595e-05,0.0010805388446897268,0.5120322108268738,0.01933475397527218,-0.0028575167525559664,0.0023234118707478046,0,0,0,1,0,0,0,0,1,0,18
0.46599018573760986,0.024124646559357643,0.00613261666148901,0.0005072098574601114,0.6486863493919373,0.026396438479423523,0.14191994071006775,0.04635446518659592,0.0005015131318941712,-1.3116909030941315e-05,5.965293894405477e-05,0.0009951327228918672,0.5117161273956299,0.022145342081785202,0.0020717873703688383,0.002663372317329049,0,0,0,1,0,0,0,0,1,0,2
0.4726926386356354,0.024627268314361572,0.007385716773569584,0.00047387118684127927,0.6941315531730652,0.026756783947348595,0.17859309911727905,0.044696614146232605,0.00024632291751913726,-1.3116909030941315e-05,5.965293894405477e-05,0.0009951327228918672,0.5160403847694397,0.024058202281594276,0.005608446430414915,0.0012970141833648086,0,1,0,0,0,0,0,0,1,0,0
0.48086822032928467,0.024997059255838394,0.008790983818471432,0.0002581822336651385,0.7365022897720337,0.026899373158812523,0.13415975868701935,0.039305221289396286,9.476920968154445e-05,-1.1329169865348376e-05,8.608413918409497e-05,0.0008506416343152523,0.522578239440918,0.024909695610404015,0.007212512660771608,0.0006900164298713207,0,1,0,0,0,0,0,0,1,0,7
0.4901106655597687,0.025115156546235085,0.009334437549114227,6.975739961490035e-05,0.7737823724746704,0.026934338733553886,0.11557208001613617,0.034816522151231766,1.3938000847701915e-05,-8.204052392102312e-06,0.00012116212747059762,0.0006162167410366237,0.5305417776107788,0.02549075335264206,0.008551162667572498,0.0004686522006522864,0,0,0,0,0,0,1,0,1,0,11
0.49992796778678894,0.025181924924254417,0.01027759350836277,6.393952935468405e-05,0.80611652135849,0.02694389969110489,0.11082806438207626,0.030665766447782516,1.0295731954101939e-05,-1.4248033153307915e-07,0.0001813716080505401,-7.360405687717453e-13,0.5396514534950256,0.025788169354200363,0.009332684800028801,0.00014048443699721247,0,0,0,0,0,0,1,0,1,0,12
0.510701060295105,0.025239577516913414,0.011152379214763641,5.227527071838267e-05,0.8351898193359375,0.02695365995168686,0.10935597121715546,0.027840159833431244,9.346212209493387e-06,-1.305571686316398e-07,0.0001646728633204475,0.0,0.5491347312927246,0.025910696014761925,0.009828104637563229,0.00011324882507324219,0,0,0,0,0,0,1,0,1,0,18
0.5223018527030945,0.025292687118053436,0.011938810348510742,5.287416934152134e-05,0.8616796731948853,0.026962552219629288,0.10951415449380875,0.025441879406571388,8.541087481717113e-06,-1.1931193455438915e-07,0.00015048915520310402,2.291850520128036e-13,0.5594537854194641,0.026007091626524925,0.01069692987948656,8.139314013533294e-05,0,0,0,0,0,0,1,0,1,0,0
0.534589946269989,0.025343794375658035,0.012549933046102524,4.9366335588274524e-05,0.8859632015228271,0.026970703154802322,0.10963394492864609,0.02338068187236786,7.849122994230129e-06,-1.096468267292039e-07,0.00013829846284352243,0.0,0.5703505277633667,0.026074670255184174,0.010805620811879635,5.934797445661388e-05,0,0,0,0,0,0,1,0,1,0,3
0.5474015474319458,0.025391897186636925,0.013005244545638561,4.81223214592319e-05,0.9083378911018372,0.026978211477398872,0.1097211241722107,0.021587423980236053,7.247111625474645e-06,-1.0123780924686798e-07,0.00012769208115059882,0.0,0.5815122723579407,0.026128264144062996,0.011502530425786972,4.943065869156271e-05,0,0,1,0,0,0,0,0,1,0,14
0.5605926513671875,0.02543984167277813,0.013356643728911877,4.7805897338548675e-05,0.9290419816970825,0.026985161006450653,0.10978548228740692,0.020010575652122498,6.717747510265326e-06,-9.384346810747957e-08,0.00011836554040201008,-2.2849144044921957e-14,0.5934506058692932,0.0261728223413229,0.012182841077446938,4.2294126615161076e-05,0,0,0,0,0,0,0,0,1,0,0
0.5740868449211121,0.025487301871180534,0.013611012138426304,4.74082917207852e-05,0.9482693672180176,0.02699161507189274,0.10983366519212723,0.018610913306474686,6.2478661675413605e-06,-8.727985090217771e-08,0.00011008678120560944,0.0,0.6059836745262146,0.026214418932795525,0.012675696052610874,3.956916043534875e-05,0,0,0,0,0,0,0,0,1,0,16
0.5878031253814697,0.025534724816679955,0.013813682831823826,4.764908226206899e-05,0.9661802053451538,0.026997629553079605,0.10987018048763275,0.017358163371682167,5.827304903505137e-06,-8.140507645748585e-08,0.00010267686593579128,3.4232087786157175e-14,0.618933379650116,0.02625236101448536,0.013052958995103836,3.5211127396905795e-05,0,0,0,0,0,0,0,0,1,0,10
0.6016950607299805,0.025582285597920418,0.013965757563710213,4.7817491577006876e-05,0.9829076528549194,0.027003249153494835,0.1098981723189354,0.016228478401899338,5.448061074275756e-06,-7.610735508478683e-08,9.599483018973842e-05,0.0,0.6322329640388489,0.026288064196705818,0.013379335403442383,3.4163233067374676e-05,0,0,0,0,0,0,0,0,1,0,0
0.6157110929489136,0.025629963725805283,0.014070320874452591,4.820078538614325e-05,0.9985641241073608,0.027008503675460815,0.10991985350847244,0.015202883630990982,5.103758212499088e-06,-7.129771262270879e-08,8.992839138954878e-05,0.0,0.6457709074020386,0.02632216177880764,0.013587531633675098,3.1980249332264066e-05,0,0,0,0,0,0,0,0,1,0,10
0.6298234462738037,0.02567826583981514,0.014154483564198017,4.885019734501839e-05,1.0132449865341187,0.02701343223452568,0.10993678122758865,0.014266081154346466,4.789264039573027e-06,-6.69044908363503e-08,8.438717486569658e-05,0.0,0.659492552280426,0.02635493315756321,0.013772220350801945,3.1522835342912003e-05,0,0,0,0,0,0,0,0,1,0,6
