lt_dp_posx,lt_dp_posy,lt_dp_velx,lt_dp_vely,ball_posx,ball_posy,ball_posz,ball_vel_x,ball_vel_y,ball_rot_x,ball_rot_y,ball_rot_z,rt_gk_posx,rt_gk_posy,rt_gk_velx,rt_gk_vely,action_left,action_top_left,action_top,action_top_right,action_right,action_bottom_right,action_bottom,action_bottom_left,action_sprint,action_dribble,sel_action
-1.0110293626785278,-0.0,0.0,-0.0,0.019999999552965164,-0.0,0.11061639338731766,-0.0,0.0,0.0,-0.0,0.0,1.0110293626785278,0.0,-0.0,0.0,0,0,0,0,0,0,0,0,0,0,5
0.0003232249873690307,3.611415333448775e-11,0.0019679905381053686,1.662530529911166e-11,0.019999999552965164,-0.0,0.11059734225273132,-0.0,0.0,0.0,-0.0,0.0,1.0100501775741577,-7.528704049075685e-11,-0.003236181568354368,-2.3501611767784425e-10,0,0,0,0,1,0,0,0,0,0,5
0.003518223762512207,-4.471794046168043e-10,0.00461391219869256,-1.6609701114500552e-10,0.019999999552965164,-0.0,0.10930104553699493,-0.0,0.0,0.0,-0.0,0.0,1.0059254169464111,-3.033686080122777e-10,-0.00484480569139123,-2.0306796522095993e-10,0,0,0,0,1,0,0,0,0,0,13
0.0067827049642801285,-4.065444869638668e-09,0.006209578365087509,-3.939983339584785e-10,0.019999999552965164,-0.0,0.11075475811958313,0.009301895275712013,-9.81753456308354e-10,-1.3323461257874758e-12,-9.537270670989528e-06,-1.9264115042744168e-13,1.0002306699752808,-4.257901808912834e-10,-0.0063720871694386005,-4.051920951542165e-11,0,0,0,0,1,0,0,0,1,0,5
0.013608737848699093,-4.626344640712432e-09,0.007666833233088255,-1.3539068477452787e-10,0.028729340061545372,-9.237723364030614e-10,0.11672445386648178,0.008388200774788857,-8.890849723108829e-10,4.264985500185281e-12,1.4521090633934364e-05,-4.8596057733441e-12,0.9930757880210876,1.2127647497361949e-10,-0.0077724456787109375,5.192716256985364e-10,0,0,0,0,1,0,0,0,1,0,18
0.021998634561896324,-4.736094183499517e-09,0.008955181576311588,-1.4703134543214702e-10,0.0367124043405056,-1.7711865307745711e-09,0.11083060503005981,0.007774220779538155,-8.254595340595472e-10,1.1531882219972811e-11,4.5988213969394565e-05,1.3888051258059862e-18,0.9846126437187195,4.5710524254616303e-10,-0.00900100264698267,1.6821929960109117e-10,0,0,0,0,1,0,0,0,1,0,5
0.03128376230597496,-5.227688504305661e-09,0.009851339273154736,-2.586571512530611e-10,0.04424729198217392,-2.5712347806461366e-09,0.11303327977657318,0.007341973949223757,-7.795642464891728e-10,1.0890295609744527e-11,4.342960528447293e-05,0.0,0.975313127040863,9.093905073420672e-10,-0.009335489943623543,7.729973883208174e-10,0,0,0,0,1,0,0,0,1,0,18
0.039300594478845596,-7.460957185401185e-09,0.009585152380168438,-1.4680764937047286e-10,0.051356177777051926,-3.3260494358700043e-09,0.11132436990737915,0.006917912513017654,-7.345377639467188e-10,1.0261196406458062e-11,4.09208114433568e-05,2.0828866909325204e-18,0.9654421806335449,1.5430846600494874e-09,-0.010284255258738995,4.832132471932482e-10,0,0,0,0,1,0,0,0,1,0,5
0.048777446150779724,-8.318142619145874e-09,0.010424151085317135,-8.550311153543433e-11,0.06319747865200043,1.9806911950581707e-05,0.14544066786766052,0.013863112777471542,2.7952337404713035e-05,2.853884097930859e-07,8.174259164661635e-06,3.596867941269011e-07,0.9547167420387268,7.262987544720545e-09,-0.011003718711435795,5.469900088428403e-08,0,0,0,0,1,0,0,0,1,0,13
0.059428174048662186,2.257829237350961e-06,0.010675542056560516,5.6656449487491045e-06,0.07693091034889221,4.744628313346766e-05,0.11182162165641785,0.013442620635032654,2.6796406018547714e-05,2.3698630968738144e-07,1.3421218682196923e-05,4.073845047969371e-07,0.9437978863716125,3.5437261658444186e-07,-0.011102592572569847,6.039318805051153e-07,0,0,0,0,1,0,0,0,1,0,18
0.07055892050266266,1.1475821338535752e-05,0.011478145606815815,1.2568523743539117e-05,0.08951878547668457,7.154946069931611e-05,0.12184842675924301,0.012235984206199646,2.3131804482545704e-05,-1.340862212373395e-07,5.2926559874322265e-05,3.332993117055594e-07,0.9323297739028931,1.2411430816428037e-06,-0.011747725307941437,1.121636728385056e-06,0,0,0,0,1,0,0,0,1,0,5
0.08240897953510284,2.7949152354267426e-05,0.01214584894478321,1.834825161495246e-05,0.10134448856115341,9.373483044328168e-05,0.11328307539224625,0.011542637832462788,2.1620586267090403e-05,-3.020498411387962e-07,6.828126061009243e-05,9.109785137611376e-14,0.9202682971954346,2.622059810164501e-06,-0.012311514467000961,1.6689375570422271e-06,0,0,0,0,1,0,0,0,1,0,0
0.09487715363502502,4.8418052756460384e-05,0.012709463015198708,2.2747610273654573e-05,0.11253603547811508,0.00011469778110040352,0.11222716420888901,0.010908451862633228,2.0432697056094185e-05,-2.8544289421006397e-07,6.45270774839446e-05,4.5540980519011634e-14,0.9076964855194092,4.884144800598733e-06,-0.012767314910888672,2.7767630399466725e-06,0,0,0,0,1,0,0,0,1,0,0
0.10783255100250244,7.45961006032303e-05,0.013138792477548122,2.9016324333497323e-05,0.12310614436864853,0.0001344967313343659,0.11061712354421616,0.010296527296304703,1.9286491806269623e-05,-2.6942581143885036e-07,6.090627357480116e-05,4.553374685764208e-14,0.89472895860672,8.229587365349289e-06,-0.01311722956597805,3.6597580219677184e-06,0,0,0,0,1,0,0,0,1,0,5
0.12106192111968994,-0.0015573311829939485,0.013239067979156971,1.906436045828741e-05,0.1330789178609848,0.00015317683573812246,0.11057806015014648,0.009713254868984222,1.819395947677549e-05,-2.5416656512788904e-07,5.7456774811726063e-05,4.552724842087075e-14,0.8814587593078613,1.2199041520943865e-05,-0.013384398072957993,4.245343916409183e-06,0,0,0,0,1,0,0,0,1,0,5
0.13430096209049225,-0.002248994540423155,0.013239067979156971,7.151131285354495e-06,0.14688079059123993,-2.3716376745142043e-05,0.15487340092658997,0.015494382940232754,-0.0002585174806881696,-6.124692220055294e-08,1.0371490134275518e-05,-7.978151188581251e-07,0.8679583072662354,1.6767215129220858e-05,-0.01358705386519432,4.826473286811961e-06,0,0,0,0,1,0,0,0,1,0,0
0.14758895337581635,-0.0022397974971681833,0.013399036601185799,2.9517132134060375e-05,0.1622679978609085,-0.0002804386313073337,0.133361354470253,0.015299688093364239,-0.00025526570971123874,-6.124692220055294e-08,1.0371490134275518e-05,-7.978151188581251e-07,0.8542835116386414,1.2062580026395153e-05,-0.01373992208391428,-1.609299761184957e-05,0,0,0,0,1,0,0,0,1,0,16
0.16113540530204773,-0.002138732001185417,0.013655073940753937,0.00016751329530961812,0.17667743563652039,-0.0005194824771024287,0.12949678301811218,0.013872935436666012,-0.00022936855384614319,1.5779086197653669e-06,4.6477176510961726e-05,-1.8851172853828757e-06,0.8404778838157654,-1.7930096873897128e-05,-0.013854924589395523,-4.103765240870416e-05,0,0,0,0,1,0,0,0,1,0,0
0.1748981922864914,-0.001893499051220715,0.013842477463185787,0.00029482730315066874,0.19008246064186096,-0.0007406729273498058,0.11954514682292938,0.013008125126361847,-0.00021437455143313855,2.9947946131869685e-06,7.694737723795697e-05,3.645518674259829e-13,0.8265741467475891,-6.884556205477566e-05,-0.013940474949777126,-5.3493844461627305e-05,0,0,0,0,1,0,0,0,1,0,5
0.18882404267787933,-0.001626532175578177,0.013987807556986809,0.00023839541245251894,0.20272517204284668,-0.0009490253869444132,0.11305642873048782,0.012332653626799583,-0.00020324270008131862,2.839350599970203e-06,7.29534585843794e-05,7.289510791860798e-13,0.81259685754776,-0.00012250134022906423,-0.01400498766452074,-5.377763955038972e-05,0,0,0,0,1,0,0,0,1,0,16
0.20287373661994934,-0.0014230048982426524,0.014095447026193142,0.00017573923105373979,0.2146746665239334,-0.0011459528468549252,0.11263247579336166,0.011641700752079487,-0.00019185572455171496,2.680164698176668e-06,6.886339542688802e-05,-3.644015698998221e-13,0.7985646724700928,-0.00017640250734984875,-0.014052671380341053,-5.3972038585925475e-05,0,0,0,0,1,0,0,0,1,0,16
0.21697726845741272,-0.0012826782185584307,0.014121797867119312,0.00011324595106998459,0.22595572471618652,-0.0013318649725988507,0.10997554659843445,0.01098864246159792,-0.00018109324446413666,2.529871380829718e-06,6.50018046144396e-05,7.286713550255786e-13,0.7844913601875305,-0.00023033634352032095,-0.014089135453104973,-5.389639409258962e-05,0,0,0,0,1,0,0,0,1,0,5
0.23101142048835754,-0.0012053726240992546,0.013827050104737282,4.9278994993073866e-05,0.23934535682201385,-0.0014098640531301498,0.1489134579896927,0.015875892713665962,2.157586277462542e-05,8.989527486846782e-07,1.2277479072508868e-05,-9.624475296732271e-07,0.7703875303268433,-0.00028417393332347274,-0.014115081168711185,-5.378476998885162e-05,0,0,0,0,1,0,0,0,1,0,16
0.2444782555103302,-0.0007210586336441338,0.013312587514519691,5.217973011895083e-06,0.25510933995246887,-0.0013884406071156263,0.14991647005081177,0.015672532841563225,2.1320780433597974e-05,8.989527486846782e-07,1.2277479072508868e-05,-9.624475296732271e-07,0.7562606334686279,-0.0003346287994645536,-0.014135416597127914,-4.5506916649173945e-05,0,0,0,0,1,0,0,0,1,0,0
0.2577905058860779,0.0010149494046345353,0.01331257913261652,2.8457652661018074e-06,0.2703489661216736,-0.0013445076765492558,0.13528884947299957,0.015916716307401657,0.0002661647740751505,4.045680555009312e-07,-7.784921081110951e-07,1.8110119981429307e-07,0.7421166300773621,-0.00037364722811616957,-0.01415084395557642,-3.370407284819521e-05,0,0,0,0,1,0,0,0,1,0,16
0.27110302448272705,0.0010164912091568112,0.013312522321939468,4.7412785875167174e-07,0.2861524820327759,-0.0010802551405504346,0.17414525151252747,0.015711896121501923,0.00026271300157532096,4.045680555009312e-07,-7.784921081110951e-07,1.8110119981429307e-07,0.7279598712921143,-0.0003996516752522439,-0.014162063598632812,-1.5904672181932256e-05,0,0,0,0,1,0,0,0,1,0,7
0.28454819321632385,0.0009882637532427907,0.013567769899964333,-7.276169344549999e-05,0.301740437746048,-0.0008196192793548107,0.1152200698852539,0.015382504090666771,0.0002570875221863389,3.152789815885626e-07,1.2732598406728357e-06,3.6035410744261753e-07,0.7137936949729919,-0.0003980961046181619,-0.014169075526297092,1.584674282639753e-05,0,0,0,0,0,0,1,0,1,0,0
0.29823794960975647,0.0008396594203077257,0.013779542408883572,-0.00020962333655916154,0.3159903883934021,-0.000582842854782939,0.13555479049682617,0.013996797613799572,0.00023232541570905596,-9.926856137099094e-07,3.1288498576032e-05,1.909007551148534e-06,0.6996205449104309,-0.00036477172398008406,-0.014175387099385262,4.7627570893382654e-05,0,0,0,0,0,0,1,0,1,0,16
0.312107652425766,0.0005828877328895032,0.01393801998347044,-0.0002551667857915163,0.32952404022216797,-0.0003586143138818443,0.12166457623243332,0.013023744337260723,0.0002153377135982737,-2.6228829028696055e-06,6.836216198280454e-05,7.775646508889622e-07,0.685442328453064,-0.00031420396408066154,-0.014180295169353485,5.0327515054959804e-05,0,0,0,0,0,0,1,0,1,0,6
0.32580164074897766,0.0007484935922548175,0.013893187046051025,-0.00021514865511562675,0.34218865633010864,-0.00014925803407095373,0.11578278243541718,0.01235992182046175,0.00020431623852346092,-2.8542999643832445e-06,7.311353692784905e-05,-1.0934354550268255e-12,0.6712602972984314,-0.0002641715982463211,-0.014183801598846912,4.979010918759741e-05,0,0,0,0,0,1,0,0,1,0,7
0.33872392773628235,0.001887930789962411,0.013500720262527466,0.00016552630404476076,0.35417523980140686,4.888750481768511e-05,0.11158435791730881,0.01477891020476818,0.0035128332674503326,8.690756658324972e-06,9.261942068405915e-06,1.0325982657377608e-05,0.6570751667022705,-0.00021253572776913643,-0.014186606742441654,5.639202572638169e-05,0,0,0,0,0,0,1,0,1,0,12
0.35168325901031494,0.002410975517705083,0.012463681399822235,0.0010440652258694172,0.3684733211994171,0.0034286624286323786,0.15605111420154572,0.014190606772899628,0.0033526034094393253,3.6200576687406283e-06,1.6110187061713077e-05,1.747997521306388e-05,0.6428880095481873,-0.00014858474605716765,-0.014188009314239025,7.013561116764322e-05,0,0,0,0,0,0,1,0,1,0,13
0.36396220326423645,0.004346654284745455,0.01192899327725172,0.0025816296692937613,0.3824957311153412,0.006738266441971064,0.10035084933042526,0.013621393591165543,0.0031998034100979567,-1.919096575875301e-06,2.3516959117841907e-05,2.286582821398042e-05,0.6286994218826294,-6.51218433631584e-05,-0.01418871060013771,0.00014155929966364056,0,0,0,0,0,0,1,0,1,0,16
0.3757980763912201,0.00690508633852005,0.01197878085076809,0.0025793055538088083,0.39535319805145264,0.009720047935843468,0.12494635581970215,0.012613387778401375,0.002918327460065484,-2.4586197469034232e-05,5.355821122066118e-05,2.2447125957114622e-05,0.6145293712615967,0.00040099836769513786,-0.014145934954285622,0.0007314117392525077,0,0,0,0,0,0,1,0,1,0,5
0.38804030418395996,0.009501444175839424,0.012443697080016136,0.002598776714876294,0.40754538774490356,0.012532719410955906,0.11463117599487305,0.011897856369614601,0.0027428807225078344,-3.8319565646816045e-05,7.038297917461023e-05,-1.1661713261723605e-11,0.6004332900047302,0.001455555553548038,-0.014046360738575459,0.0013183249393478036,0,0,0,0,1,0,0,0,1,0,6
0.4006938636302948,0.012090572156012058,0.012807635590434074,0.0025860145688056946,0.4190819263458252,0.015192295424640179,0.11210113763809204,0.011245273053646088,0.0025924360379576683,-3.621458381530829e-05,6.651670264545828e-05,-1.7489332898579235e-11,0.5864542126655579,0.0030441973358392715,-0.013927501626312733,0.0017749404069036245,0,0,0,0,0,1,0,0,1,0,12
0.4136359393596649,0.01471632532775402,0.013039743527770042,0.0026598928961902857,0.42998242378234863,0.01770525798201561,0.1089971512556076,0.010622124187648296,0.002448779297992587,-3.4209966543130577e-05,6.283470429480076e-05,-2.3315224750852792e-11,0.5725980997085571,0.005038956180214882,-0.013793566264212132,0.002174033084884286,0,0,0,0,0,1,0,0,1,0,14
0.42649295926094055,0.017650457099080086,0.01275750994682312,0.0026162683498114347,0.4402717649936676,0.020077310502529144,0.11143915355205536,0.010021895170211792,0.002310404786840081,-3.22758533002343e-05,5.9282261645421386e-05,0.0,0.5588977336883545,0.00744624063372612,-0.013597222045063972,0.0026473160833120346,0,0,0,0,0,0,0,0,1,0,9
0.4381832778453827,0.020385241135954857,0.011347499676048756,0.0019419132731854916,0.449980765581131,0.022315582260489464,0.10863298177719116,0.009457848966121674,0.002180371666327119,-3.0459936169791035e-05,5.594691901933402e-05,0.0,0.5454795956611633,0.010449538007378578,-0.013260630890727043,0.003292122855782509,0,0,0,0,0,0,0,0,1,0,4
0.44760504364967346,0.021913662552833557,0.008355168625712395,0.0012645168462768197,0.5065457224845886,0.023011326789855957,0.2339942902326584,0.06054796651005745,0.0003976819571107626,-2.3014967155177146e-05,2.842664616764523e-05,0.0009405669989064336,0.5324378609657288,0.014088082127273083,-0.01285181287676096,0.003919048234820366,0,0,0,1,0,0,0,0,1,0,9
0.4553943872451782,0.023128308355808258,0.00739483255892992,0.0011787174735218287,0.5654988288879395,0.023226171731948853,0.2099110633134842,0.05767974257469177,6.629114068346098e-05,-2.3014967155177146e-05,2.842664616764523e-05,0.0009405669989064336,0.5209910869598389,0.01773669384419918,-0.009839675389230251,0.003297762479633093,0,0,0,1,0,0,0,0,1,0,16
0.46236714720726013,0.02381838485598564,0.006643814034759998,0.0005494321812875569,0.6198521256446838,0.02317071333527565,0.13920243084430695,0.04886573553085327,-5.659529779222794e-05,-2.0726231014123186e-05,5.3293537348508835e-05,0.0008470037719234824,0.5138879418373108,0.020481284707784653,-0.004648461006581783,0.002253540325909853,0,0,0,1,0,0,0,0,1,0,16
0.46857380867004395,0.024328462779521942,0.006454481743276119,0.0005123717710375786,0.6675456762313843,0.022995725274086,0.1072688102722168,0.04601540416479111,-0.0002546202449593693,-2.026304900937248e-05,5.7348093832843006e-05,0.0008294463041238487,0.5120768547058105,0.022848939523100853,0.0002517419634386897,0.0028895847499370575,0,0,0,1,0,0,0,0,1,0,11
0.47587963938713074,0.0247835461050272,0.007976504042744637,0.00037548074033111334,0.7082920074462891,0.02280009351670742,0.11181633919477463,0.0376066155731678,-0.00017792469589039683,-1.2393389624776319e-05,0.0001181989282486029,0.0005354236345738173,0.5151283740997314,0.02516002394258976,0.004866544157266617,0.0016410669777542353,0,0,0,1,0,0,0,0,1,0,0
0.48459964990615845,0.024992534890770912,0.00929341558367014,5.159081410965882e-05,0.7429805397987366,0.022644679993391037,0.10905522853136063,0.032648805528879166,-0.00013886275701224804,-3.4115175822080346e-06,0.00016996002523228526,0.000200935872271657,0.5211113691329956,0.026175610721111298,0.00673392228782177,0.0006366859888657928,0,0,0,1,0,0,0,0,1,0,3
0.49400049448013306,0.024976033717393875,0.009666120633482933,-2.643708467076067e-05,0.7737647294998169,0.022518431767821312,0.10921956598758698,0.02940986678004265,-0.00011978364636888728,1.6732410585973412e-06,0.00017395596660207957,-7.353581177142743e-13,0.5286285877227783,0.026699373498558998,0.008132527582347393,0.00040083410567604005,0,0,1,0,0,0,0,0,1,0,5
0.5042025446891785,0.02494203671813011,0.010635471902787685,-4.546252966974862e-05,0.8016901016235352,0.02240469492971897,0.10942462831735611,0.026776470243930817,-0.00010905807721428573,1.5234405736919143e-06,0.00015838214312680066,0.0,0.5375399589538574,0.02688499353826046,0.009386133402585983,1.800783138605766e-05,0,0,0,0,1,0,0,0,1,0,6
0.5152655839920044,0.024883441627025604,0.01144284475594759,-6.389088230207562e-05,0.8272034525871277,0.022300781682133675,0.10956969857215881,0.024530986323952675,-9.991241677198559e-05,1.3956996554043144e-06,0.00014510178880300373,0.0,0.5471540689468384,0.026792481541633606,0.009728407487273216,-0.00011639676085906103,0,0,0,0,0,1,0,0,1,0,4
0.5270907282829285,0.024813419207930565,0.01215993333607912,-7.357777940342203e-05,0.8506448864936829,0.022205304354429245,0.10967423021793365,0.02259068377315998,-9.200973727274686e-05,1.2853159887527e-06,0.0001336259301751852,0.0,0.5575030446052551,0.02666511945426464,0.010628844611346722,-0.00014573489897884429,0,0,0,1,0,0,0,0,1,0,12
0.5395480990409851,0.024732736870646477,0.01272085215896368,-8.390055882045999e-05,0.8722845911979675,0.022117167711257935,0.10975074768066406,0.02089465782046318,-8.510203042533249e-05,1.1888275821547722e-06,0.00012359459651634097,1.097245558301374e-12,0.5686935186386108,0.02651175856590271,0.011495614424347878,-0.00016384528134949505,0,0,0,1,0,0,0,0,1,0,1
0.5524795055389404,0.02464441955089569,0.013130910694599152,-8.868484292179346e-05,0.8923408389091492,0.02203548140823841,0.1098075807094574,0.019397148862481117,-7.900285709183663e-05,1.1036314617740572e-06,0.00011473723861854523,0.0,0.5806401371955872,0.026349738240242004,0.012136362493038177,-0.00017205841140821576,1,0,0,0,0,0,0,0,1,0,4
0.5657821893692017,0.024552566930651665,0.013454525731503963,-9.185969975078478e-05,0.9109920859336853,0.021959515288472176,0.10985036194324493,0.018063079565763474,-7.356932474067435e-05,1.0277319688611897e-06,0.00010684646258596331,-3.6525405096299313e-13,0.5931349396705627,0.02618146315217018,0.012635593302547932,-0.00017781948554329574,0,0,0,1,0,0,0,0,1,0,18
0.5793638229370117,0.024458980187773705,0.013693433254957199,-9.28482404560782e-05,0.9283860325813293,0.021888671442866325,0.10988294333219528,0.016865110024809837,-6.869011122034863e-05,9.595745495971642e-07,9.976056753657758e-05,1.8253337751884813e-13,0.6060980558395386,0.02601483464241028,0.013070161454379559,-0.00017314428987447172,0,0,0,1,0,0,0,0,1,0,1
0.5931591391563416,0.024367768317461014,0.013876601122319698,-9.24856067285873e-05,0.9446466565132141,0.02182244323194027,0.10990802943706512,0.01578165590763092,-6.42773084109649e-05,8.979311019174929e-07,9.335186769021675e-05,-3.649085699407306e-13,0.6193785071372986,0.025849083438515663,0.013353664427995682,-0.00017217495769727975,1,0,0,0,0,0,0,0,1,0,4
0.6071099638938904,0.024277273565530777,0.014009092003107071,-9.105442586587742e-05,0.9598784446716309,0.021760405972599983,0.10992753505706787,0.014795410446822643,-6.026041955919936e-05,8.418183483627217e-07,8.75182231538929e-05,0.0,0.6329118013381958,0.025687294080853462,0.013601326383650303,-0.00016497184697072953,0,0,0,1,0,0,0,0,1,0,17
0.6211743354797363,0.02418743632733822,0.0141099588945508,-9.205778769683093e-05,0.9741707444190979,0.021702194586396217,0.10994282364845276,0.01389235444366932,-5.6582379329483956e-05,7.904388326096523e-07,8.217659342335537e-05,-1.8232904606691608e-13,0.6466335654258728,0.025529298931360245,0.013753813691437244,-0.00016382653848268092,0,0,0,1,0,0,0,0,1,1,7
0.6353238821029663,0.02409670688211918,0.014183548279106617,-9.29844391066581e-05,0.9876004457473755,0.02164749801158905,0.10995490103960037,0.01306100469082594,-5.3196356020634994e-05,7.431383437506156e-07,7.725910109002143e-05,-9.113951184459151e-14,0.6604847311973572,0.025372955948114395,0.013896129094064236,-0.00015633768634870648,0,0,0,0,0,0,1,0,1,1,0
0.6486030220985413,0.02439814619719982,0.012005622498691082,0.0008568826015107334,1.0002336502075195,0.021596042439341545,0.1099645122885704,0.01229186449199915,-5.006371429772116e-05,6.993769261498528e-07,7.270954665727913e-05,-9.111774648597887e-14,0.6742916107177734,0.02528824657201767,0.013816745951771736,-9.105529170483351e-05,0,0,0,0,0,0,1,0,1,1,13
0.6582351922988892,0.02581561543047428,0.007250441703945398,0.0018303862307220697,1.0121281147003174,0.021547598764300346,0.10997220128774643,0.011577005498111248,-4.7152137994999066e-05,6.587038114957977e-07,6.848103657830507e-05,-1.821974374757035e-13,0.6875779628753662,0.025380054488778114,0.01353604719042778,-1.603577948117163e-05,0,0,0,0,0,0,1,0,1,1,4
