lt_dp_posx,lt_dp_posy,lt_dp_velx,lt_dp_vely,ball_posx,ball_posy,ball_posz,ball_vel_x,ball_vel_y,ball_rot_x,ball_rot_y,ball_rot_z,rt_gk_posx,rt_gk_posy,rt_gk_velx,rt_gk_vely,action_left,action_top_left,action_top,action_top_right,action_right,action_bottom_right,action_bottom,action_bottom_left,action_sprint,action_dribble,sel_action
-1.0110293626785278,-0.0,0.0,-0.0,0.019999999552965164,-0.0,0.11061639338731766,0.0,-0.0,0.0,-0.0,0.0,1.0110293626785278,0.0,-0.0,0.0,0,0,0,0,0,0,0,0,0,0,5
0.0008581235888414085,1.0608899175812425e-10,0.0032361329067498446,2.350730721190075e-10,0.019999999552965164,-0.0,0.11059734225273132,0.0,-0.0,0.0,-0.0,0.0,1.0110293626785278,0.0,-0.0,0.0,0,0,0,0,1,0,0,0,0,0,5
0.004095788113772869,-3.544020910073442e-10,0.0049343896098434925,-2.4426119460407847e-10,0.019999999552965164,-0.0,0.10930104553699493,0.0,-0.0,0.0,-0.0,0.0,1.0097103118896484,-1.0457737106839282e-11,-0.0033988673239946365,-2.4800456827067663e-11,0,0,0,0,1,0,0,0,0,0,13
0.008506884798407555,-1.6562009541587486e-09,0.006507073994725943,-2.878157157049088e-10,0.0226728655397892,3.203089529724146e-11,0.12250946462154388,0.008819825015962124,1.0592583754576168e-10,9.142659502733852e-13,-1.8786762666422874e-05,2.0893169464485106e-13,1.005424976348877,-3.3514201830397994e-11,-0.0050032841973006725,-1.9171242718329928e-11,0,0,0,0,1,0,0,0,1,0,0
0.015811625868082047,-1.7564065757369463e-09,0.007932238280773163,8.40276251357075e-11,0.031164444983005524,1.3470694004702466e-10,0.11370010673999786,0.008204934187233448,9.9735220082664e-11,1.3954309712946311e-12,-4.8674159188522026e-05,5.208482313668507e-19,0.9995788931846619,-4.254566490780043e-11,-0.0065179429948329926,7.943672304146221e-13,0,0,0,0,1,0,0,0,1,0,16
0.02444927766919136,-2.223494277586724e-09,0.00918643455952406,-5.30506860663138e-10,0.03914539888501167,2.3171842222780015e-10,0.11427255719900131,0.007788564078509808,9.467283901276602e-11,1.3225514433612418e-12,-4.6071221731835976e-05,-2.604016525599157e-19,0.9922854900360107,1.22039267580476e-10,-0.007902874611318111,1.4006340531835804e-10,0,0,0,0,1,0,0,0,1,0,13
0.033788248896598816,-3.5133727038783036e-09,0.009951071813702583,-2.5038790485432116e-10,0.04669920355081558,3.235376133670087e-10,0.11035674065351486,0.007359822280704975,8.946133417397917e-11,1.2497756735757592e-12,-4.3536085286177695e-05,-1.7358730243837085e-19,0.9837011694908142,2.1653594195480963e-10,-0.009114601649343967,5.3879494615882706e-11,0,0,0,0,1,0,0,0,1,0,16
0.04189756512641907,-7.270739121878478e-09,0.009685607627034187,-1.377468417107508e-10,0.05382099747657776,4.101056716443452e-10,0.10942528396844864,0.006930423900485039,8.424186348499063e-11,1.1768509344117772e-12,-4.099572106497362e-05,-2.603614050532362e-19,0.9743693470954895,3.6400382708023926e-10,-0.009437869302928448,2.0265086830839607e-10,0,0,0,0,1,0,0,0,1,0,5
0.05160771682858467,-8.332277978695402e-09,0.01050952635705471,-7.845207816714606e-11,0.06648774445056915,2.3542213966720738e-05,0.14592403173446655,0.014017065055668354,2.9260807423270307e-05,3.8005208580216276e-07,-4.279303175280802e-05,-2.460218162525507e-08,0.9644050598144531,5.285005766353379e-10,-0.010371208190917969,1.2318865372229482e-10,0,0,0,0,1,0,0,0,1,0,13
0.062283873558044434,3.0996334317023866e-06,0.010763458907604218,6.492790816992056e-06,0.08031841367483139,5.2502429753076285e-05,0.1152229979634285,0.013379339128732681,2.841870991687756e-05,3.9252552141988417e-07,-6.901827873662114e-05,-4.158809741028335e-09,0.9536177515983582,3.841156370754106e-08,-0.010990395210683346,2.519524571198417e-07,0,0,0,0,1,0,0,0,1,0,18
0.07349324971437454,1.3915588169766124e-05,0.011549495160579681,1.4640925655839965e-05,0.09335747361183167,8.024700218811631e-05,0.10899363458156586,0.01277842652052641,2.719345866353251e-05,3.799218291078432e-07,-7.559487130492926e-05,0.0,0.9426805973052979,9.703306886876817e-07,-0.011172715574502945,1.5352513855759753e-06,0,0,0,0,1,0,0,0,1,0,0
0.08540928363800049,3.234524047002196e-05,0.012209135107696056,2.0203991880407557e-05,0.10575751960277557,0.00010663519788067788,0.11389151960611343,0.012090763077139854,2.573006167949643e-05,3.594377631088719e-07,-7.151907630031928e-05,0.0,0.9311493039131165,3.141295565001201e-06,-0.011804524809122086,2.7092323762190063e-06,0,0,0,0,1,0,0,0,1,0,16
0.09793233126401901,5.5099801102187485e-05,0.01275793556123972,2.5400764570804313e-05,0.1174817681312561,0.00013158528599888086,0.11149943619966507,0.011420640163123608,2.4303983082063496e-05,3.395139742679021e-07,-6.755475624231622e-05,-9.109470041354997e-14,0.9190320372581482,6.214238965185359e-06,-0.012362704612314701,3.3406602142349584e-06,0,0,0,0,1,0,0,0,1,0,16
0.11092948913574219,8.429386798525229e-05,0.013175519183278084,3.231366281397641e-05,0.12854592502117157,0.00015513061953242868,0.11083129048347473,0.01077461987733841,2.292920180479996e-05,3.2031235264184943e-07,-6.373412907123566e-05,9.107871520776939e-14,0.9064158201217651,1.000875545287272e-05,-0.012806584127247334,4.173726210865425e-06,0,0,0,0,1,0,0,0,1,0,16
0.12328720092773438,-7.395559077849612e-05,0.01340499147772789,2.9650673241121694e-05,0.13898174464702606,0.00017733882123138756,0.11047385632991791,0.010163950733840466,2.1629652110277675e-05,3.021630732291669e-07,-6.012287121848203e-05,4.553223575086418e-14,0.8934142589569092,1.4586955330742057e-05,-0.013147382065653801,4.828255896427436e-06,0,0,0,0,1,0,0,0,1,0,13
0.13411468267440796,-0.0007611223263666034,0.013405167497694492,1.61726802616613e-05,0.14943012595176697,0.0001857065362855792,0.1195223405957222,0.01562848687171936,-0.00010541358642512932,-1.1818870149227223e-07,-4.609050665749237e-05,-5.417411941266437e-08,0.8801179528236389,1.9778884961851873e-05,-0.013407538644969463,5.5027408052410465e-06,0,0,0,0,1,0,0,0,1,0,5
0.1475178599357605,-0.0007523623062297702,0.013386063277721405,2.691477675398346e-06,0.16477245092391968,8.274447463918477e-05,0.1508752405643463,0.01524806022644043,-0.00010229884355794638,-2.5365093847540265e-07,-5.070263796369545e-05,-1.7512171268663224e-07,0.8665978312492371,2.5640245439717546e-05,-0.013604585081338882,6.149569799163146e-06,0,0,0,0,1,0,0,0,1,0,18
0.16096316277980804,-0.0007399374735541642,0.013568121008574963,2.9766228180960752e-05,0.17973347008228302,-1.7082322301575914e-05,0.12316951900720596,0.014485649764537811,-9.551493712933734e-05,-1.159676230599871e-06,-8.022446854738519e-05,-1.6451929241156904e-07,0.852908194065094,2.6435765903443098e-05,-0.013753245584666729,-4.435785740497522e-06,0,0,0,0,1,0,0,0,1,0,16
0.1746547520160675,-0.0006806825986132026,0.013782872818410397,8.296925807371736e-05,0.193884938955307,-0.00011033682676497847,0.11392621695995331,0.013826455920934677,-9.111042163567618e-05,-1.272612848879362e-06,-8.177568088285625e-05,1.8232483123097054e-13,0.839091420173645,1.5833144061616622e-05,-0.01386404037475586,-1.554992559249513e-05,0,0,0,0,1,0,0,0,1,0,0
0.18852929770946503,-0.00057939876569435,0.013942577876150608,0.0001006153688649647,0.20732033252716064,-0.00019887022790499032,0.11453941464424133,0.013102599419653416,-8.634047844680026e-05,-1.2061296956744627e-06,-7.750367512926459e-05,1.8228142248648965e-13,0.8251792788505554,-3.3814933431131067e-06,-0.013947486877441406,-1.9713075744220987e-05,0,0,0,0,1,0,0,0,1,0,16
0.2025400549173355,-0.0004923852393403649,0.014061085879802704,7.59001195547171e-05,0.22002650797367096,-0.0002825985138770193,0.11015138030052185,0.012381335720419884,-8.158770651789382e-05,-1.1398013839425403e-06,-7.324148464249447e-05,-1.8224046674942401e-13,0.8111956715583801,-2.2852093024994247e-05,-0.014009896665811539,-1.926770892168861e-05,0,0,0,0,1,0,0,0,1,0,13
0.21644426882266998,-0.0003545209183357656,0.014141044579446316,5.271988266031258e-05,0.23201744258403778,-0.00036161355092190206,0.10926578938961029,0.011680003255605698,-7.696620741626248e-05,-1.0752272601166624e-06,-6.909210787853226e-05,0.0,0.7971584796905518,-4.189143146504648e-05,-0.014057580381631851,-1.8990180251421407e-05,0,0,0,0,1,0,0,0,1,0,16
0.22823400795459747,0.0005379747599363327,0.014141101390123367,3.075264612562023e-05,0.2433270514011383,-0.00043613911839202046,0.11069923639297485,0.011012671515345573,-7.256880053319037e-05,-1.0137600838788785e-06,-6.51423106319271e-05,-3.6433803565251444e-13,0.7830811142921448,-6.11496070632711e-05,-0.0140926418825984,-1.94756703422172e-05,0,0,0,0,1,0,0,0,1,0,16
0.2416669726371765,0.0007105697877705097,0.013533234596252441,8.408639587287325e-06,0.2583116888999939,-0.0003309572930447757,0.15297743678092957,0.015326823107898235,0.00012386112939566374,1.113603289581988e-07,-5.391307786339894e-05,1.3700368128866103e-07,0.7689741849899292,-8.088739559752867e-05,-0.014117886312305927,-1.995085767703131e-05,0,0,0,0,1,0,0,0,1,0,16
0.25508570671081543,0.0007058445480652153,0.013516930863261223,-2.157058952434454e-05,0.27345943450927734,-0.00020891294116154313,0.11552142351865768,0.014714795164763927,0.00011639331933110952,1.2044843060721178e-06,-7.784998160786927e-05,2.942312562481675e-07,0.7548447251319885,-9.414915984962136e-05,-0.01413752045482397,-4.9786767704063095e-06,0,0,0,0,1,0,0,0,1,0,5
0.26873353123664856,0.0006483199540525675,0.01374465599656105,-8.791194704826921e-05,0.2878066599369049,-9.56709700403735e-05,0.11044134199619293,0.014065565541386604,0.00011100481788162142,1.5508811657127808e-06,-8.321067434735596e-05,3.6467991170255343e-13,0.7406988739967346,-8.875230560079217e-05,-0.014151545241475105,1.3891355592932086e-05,0,0,0,0,1,0,0,0,1,0,14
0.28257521986961365,0.0005296996678225696,0.013913827948272228,-0.00012857688125222921,0.3014516830444336,1.2014941603410989e-05,0.10653568804264069,0.013319198973476887,0.00010511452273931354,1.4685381302115275e-06,-7.879268378019333e-05,3.645885676695215e-13,0.7265408635139465,-6.640000356128439e-05,-0.014162063598632812,2.5062659915420227e-05,0,0,0,0,0,0,0,0,1,0,7
0.29656144976615906,0.0004162605619058013,0.01404004916548729,-0.00010017911699833348,0.31436166167259216,0.00011389988503651693,0.11323007941246033,0.012580136768519878,9.928188228514045e-05,1.3869546364730923e-06,-7.441540219588205e-05,-3.645029970130581e-13,0.7123737931251526,-4.1566927393432707e-05,-0.014170478098094463,2.4644567020004615e-05,0,0,0,0,0,0,1,0,1,0,7
0.30986806750297546,0.000979273347184062,0.013836730271577835,3.625345561886206e-05,0.3265482783317566,0.00021007625036872923,0.11170315742492676,0.011869749054312706,9.367555321659893e-05,1.3086233821013593e-06,-7.021264173090458e-05,0.0,0.6982000470161438,-1.715421058179345e-05,-0.014176789671182632,2.4222519641625695e-05,0,0,0,0,0,0,1,0,1,0,6
0.3226596713066101,0.002000463893637061,0.013319534249603748,0.00028818240389227867,0.3389859199523926,0.0013393232366070151,0.13362781703472137,0.014310182072222233,0.0035225138999521732,1.736240301397629e-05,-5.2101655455771834e-05,2.518484507163521e-06,0.6840208172798157,1.1845456356240902e-05,-0.01418099645525217,3.290841050329618e-05,0,0,0,0,0,1,0,0,1,0,12
0.3353827893733978,0.0029459642246365547,0.012370417825877666,0.0017564583104103804,0.35318422317504883,0.0048327879048883915,0.14246565103530884,0.014118491671979427,0.003473884891718626,1.7769369151210412e-05,-5.251701804809272e-05,2.782564251901931e-06,0.6698379516601562,4.9531929107615724e-05,-0.014184502884745598,4.159603122388944e-05,0,0,0,0,0,1,0,0,1,0,12
0.3474459946155548,0.005346163176000118,0.011742816306650639,0.002658923389390111,0.3669215738773346,0.008191416040062904,0.12691552937030792,0.013358423486351967,0.003247601445764303,4.5368942664936185e-05,-7.90199264883995e-05,1.1666979882196671e-11,0.6556552052497864,0.00020063479314558208,-0.014176789671182632,0.00034948528627865016,0,0,0,0,0,1,0,0,1,0,12
0.3592969477176666,0.008020543493330479,0.012069940567016602,0.002706307452172041,0.37996652722358704,0.011362808756530285,0.1183551624417305,0.01273481547832489,0.0030959940049797297,4.3249739974271506e-05,-7.532883319072425e-05,0.0,0.6415022015571594,0.0008288069511763752,-0.014127002097666264,0.0008559309062547982,0,0,0,0,0,1,0,0,1,0,12
0.37161144614219666,0.010739864781498909,0.012500145472586155,0.002722770208492875,0.3923397660255432,0.014370894990861416,0.11496146768331528,0.012065739370882511,0.002933333395048976,4.0978731703944504e-05,-7.137338980101049e-05,0.0,0.6274206638336182,0.0019557885825634003,-0.014044958166778088,0.0013172929175198078,0,0,0,0,0,1,0,0,1,0,5
0.3842983841896057,0.013466641306877136,0.01281710248440504,0.0027473748195916414,0.40403345227241516,0.017213772982358932,0.11188136041164398,0.01138863991945982,0.0027687211986631155,3.867724444717169e-05,-6.73648391966708e-05,0.0,0.6134135127067566,0.003432067111134529,-0.01397483516484499,0.0016061384230852127,0,0,0,0,1,0,0,0,1,0,18
0.3972334861755371,0.016259988769888878,0.01302080973982811,0.002830964047461748,0.41506829857826233,0.019896483048796654,0.1110362783074379,0.01074746623635292,0.0026128434110432863,3.65008891094476e-05,-6.357427628245205e-05,0.0,0.5994844436645508,0.005196331534534693,-0.013889986090362072,0.0018933778628706932,0,0,0,0,1,0,0,0,1,0,5
0.41022658348083496,0.01926467753946781,0.013024107553064823,0.0028600110672414303,0.42547696828842163,0.02242695540189743,0.10828690975904465,0.010137684643268585,0.0024645982775837183,3.443069363129325e-05,-5.996857362333685e-05,0.0,0.5856598615646362,0.00727987801656127,-0.01376341376453638,0.0022520432248711586,0,0,0,0,1,0,0,0,1,0,5
0.4222468435764313,0.02241665869951248,0.011615759693086147,0.0021900346037000418,0.43529731035232544,0.024814406409859657,0.11130557954311371,0.00956602580845356,0.0023256223648786545,3.248848224757239e-05,-5.6585744459880516e-05,2.9136426344528177e-12,0.5719807147979736,0.009737527929246426,-0.013606688939034939,0.002625242341309786,0,0,0,0,1,0,0,0,1,0,6
0.4324130117893219,0.0244652908295393,0.008675631135702133,0.0013072524452582002,0.47739410400390625,0.02668038010597229,0.3386687934398651,0.06304048001766205,0.001482875202782452,-5.179047093406552e-07,2.908210262830835e-06,0.0008877018699422479,0.5587390065193176,0.012488710694015026,-0.01232483796775341,0.0026941157411783934,0,0,0,0,0,1,0,0,1,0,9
0.440436989068985,0.02578774094581604,0.007356615737080574,0.0012755393981933594,0.5386984944343567,0.027954934164881706,0.6313925981521606,0.0599324107170105,0.0011088347528129816,-5.179047093406552e-07,2.908210262830835e-06,0.0008877018699422479,0.5486694574356079,0.01501662191003561,-0.007873773574829102,0.0024503925815224648,0,0,0,0,0,1,0,0,1,0,5
0.4475553631782532,0.02675601653754711,0.006880129221826792,0.0006610126583836973,0.5970632433891296,0.02887260727584362,0.8213074803352356,0.05712335556745529,0.0007658424437977374,-5.179047093406552e-07,2.908210262830835e-06,0.0008877018699422479,0.5439466834068298,0.017699778079986572,-0.0022474457509815693,0.0032607163302600384,0,0,0,0,1,0,0,0,1,0,0
0.45390045642852783,0.02736562490463257,0.006115787196904421,0.0005875763017684221,0.6527628898620605,0.02946377359330654,0.9134083390235901,0.054570265114307404,0.00045260891783982515,-5.179047093406552e-07,2.908210262830835e-06,0.0008877018699422479,0.5442219376564026,0.020678143948316574,0.0027025446761399508,0.0026034966576844454,0,0,0,0,1,0,0,0,1,0,7
0.46073001623153687,0.027934206649661064,0.007527715992182493,0.0005116303218528628,0.7060334086418152,0.029757274314761162,0.9119576215744019,0.052237704396247864,0.00016737946134526283,-5.179047093406552e-07,2.908210262830835e-06,0.0008877018699422479,0.5487951040267944,0.022691011428833008,0.005630535073578358,0.0016553549794480205,0,0,0,0,0,0,1,0,1,0,2
0.46904218196868896,0.02829459309577942,0.008921763859689236,0.00019769348728004843,0.7570786476135254,0.02978002093732357,0.8206364512443542,0.050096213817596436,-9.184851660393178e-05,-5.179047093406552e-07,2.908210262830835e-06,0.0008877018699422479,0.5553110837936401,0.024182233959436417,0.0072170705534517765,0.0013979142531752586,0,1,0,0,0,0,0,0,1,0,9
0.4783271551132202,0.0283327829092741,0.009335489943623543,-5.218971182330279e-06,0.8060758113861084,0.029556863009929657,0.6426611542701721,0.0481211356818676,-0.0003271698660682887,-5.179047093406552e-07,2.908210262830835e-06,0.0008877018699422479,0.5633492469787598,0.025340339168906212,0.008672475814819336,0.0009341103141196072,0,1,0,0,0,0,0,0,1,0,1
0.4882488250732422,0.028320858255028725,0.010373312048614025,-1.9050670744036324e-05,0.853179395198822,0.029110554605722427,0.38087600469589233,0.04629158228635788,-0.0005406676791608334,-5.179047093406552e-07,2.908210262830835e-06,0.0008877018699422479,0.5725249648094177,0.025945408269762993,0.00931550469249487,0.0003924780467059463,1,0,0,0,0,0,0,0,1,0,18
0.4991089105606079,0.02829095907509327,0.011240384541451931,-3.727429066202603e-05,0.8976757526397705,0.028475474566221237,0.13273119926452637,0.03693700581789017,-0.000611304072663188,-1.4348886452353327e-06,-1.9307930415379815e-05,0.000807948294095695,0.582122266292572,0.02629202790558338,0.010004464536905289,0.0003150205302517861,1,0,0,0,0,0,0,0,1,0,16
0.510786771774292,0.028249666094779968,0.012007530778646469,-4.568738950183615e-05,0.9339065551757812,0.027802789583802223,0.2903854548931122,0.035760290920734406,-0.0007227537571452558,-1.464062847844616e-06,-2.0007319108117372e-05,0.0008049948955886066,0.5926034450531006,0.026555344462394714,0.010848045349121094,0.00021845530136488378,1,0,0,0,0,0,0,0,1,0,10
0.5231770277023315,0.028205787762999535,0.012624325230717659,-5.349569255486131e-05,0.969105064868927,0.02702288143336773,0.3250122666358948,0.0347437784075737,-0.0008251189137808979,-1.464062847844616e-06,-2.0007319108117372e-05,0.0008049948955886066,0.6035027503967285,0.02673070691525936,0.01087889913469553,0.00014698677114211023,1,0,0,0,0,0,0,0,1,0,8
0.5360898971557617,0.02815595455467701,0.013091016560792923,-5.67250135645736e-05,1.0033046007156372,0.02614607848227024,0.24138174951076508,0.033758603036403656,-0.0009176999446935952,-1.464062847844616e-06,-2.0007319108117372e-05,0.0008049948955886066,0.6147709488868713,0.026846710592508316,0.011566106230020523,9.160293120658025e-05,0,0,0,0,0,0,0,1,1,0,18
