lt_dp_posx,lt_dp_posy,lt_dp_velx,lt_dp_vely,ball_posx,ball_posy,ball_posz,ball_vel_x,ball_vel_y,ball_rot_x,ball_rot_y,ball_rot_z,rt_gk_posx,rt_gk_posy,rt_gk_velx,rt_gk_vely,action_left,action_top_left,action_top,action_top_right,action_right,action_bottom_right,action_bottom,action_bottom_left,action_sprint,action_dribble,sel_action
-1.0110293626785278,-0.0,0.0,-0.0,0.019999999552965164,-0.0,0.11061639338731766,0.0,-0.0,0.0,-0.0,0.0,1.0110293626785278,0.0,-0.0,0.0,0,0,0,0,0,0,0,0,0,0,5
0.0,-0.0,0.0,-0.0,0.019999999552965164,-0.0,0.11059734225273132,0.0,-0.0,0.0,-0.0,0.0,1.0110293626785278,0.0,-0.0,0.0,0,0,0,0,1,0,0,0,0,0,5
0.0011738373432308435,1.365092205940499e-10,0.0034112127032130957,2.39630232323762e-10,0.019999999552965164,-0.0,0.10930104553699493,0.0,-0.0,0.0,-0.0,0.0,1.0081888437271118,-2.067098402169787e-11,-0.004046103451400995,-2.511372360070041e-11,0,0,0,0,1,0,0,0,0,0,5
0.0043547023087739944,-9.86146164727586e-10,0.005103932693600655,-2.4386179187096957e-10,0.019999999552965164,-0.0,0.11075475811958313,0.0,-0.0,0.0,-0.0,0.0,1.0032682418823242,-4.086615421061701e-11,-0.005623172502964735,-1.397205094677556e-11,0,0,0,0,1,0,0,0,0,0,13
0.008538313210010529,-3.4487599442911687e-09,0.006663426756858826,-3.276859894540962e-10,0.02272215113043785,-2.3309990049291684e-10,0.12259592860937119,0.008982313796877861,-7.687930292377132e-10,-3.2497197207520534e-12,-1.9073037037742324e-05,-1.7971087942422748e-12,0.9968275427818298,2.1922880177882575e-10,-0.0070915501564741135,6.434835442270526e-10,0,0,0,0,1,0,0,0,1,0,5
0.01598997972905636,-3.612249388496025e-09,0.008070972748100758,4.450241390674403e-12,0.031374312937259674,-9.72534941467984e-10,0.11363767087459564,0.008361052721738815,-7.136949364827672e-10,-1.0005305611793247e-11,-4.9616064643487334e-05,-1.3889735604582173e-18,0.9889967441558838,7.399791890350116e-10,-0.008409163914620876,3.944582993575807e-10,0,0,0,0,1,0,0,0,1,0,16
0.02475564181804657,-4.1785144233585925e-09,0.009305556304752827,-6.498780402708348e-10,0.0395062118768692,-1.6666720226155007e-09,0.11435648053884506,0.007935215719044209,-6.77347788968774e-10,-9.462338898535982e-12,-4.693866867455654e-05,0.0,0.9799808859825134,9.37249278187835e-10,-0.009335489943623543,2.595350843959121e-11,0,0,0,0,1,0,0,0,1,0,0
0.03422880917787552,-5.656146662147421e-09,0.010056390427052975,-9.431174730067937e-10,0.047203946858644485,-2.3237483048887952e-09,0.1102297380566597,0.007500995881855488,-6.402831043139656e-10,-8.944764200158328e-12,-4.4371186959324405e-05,6.943669941366533e-19,0.9704952239990234,1.134707217076425e-09,-0.00983055867254734,1.555034712108494e-10,0,0,0,0,1,0,0,0,1,0,13
0.04252032935619354,-9.385171750864174e-09,0.009685594588518143,-5.134114244853549e-10,0.05446362867951393,-2.9434337189826465e-09,0.109385184943676,0.007065778598189354,-6.031334875977734e-10,-8.425721925719998e-12,-4.179640382062644e-05,6.943132273968374e-19,0.9601738452911377,1.21742382841461e-09,-0.010699383914470673,1.936228954946273e-11,0,0,0,0,1,0,0,0,1,0,5
0.052255768328905106,-1.0591519661318216e-08,0.010509438812732697,-2.9240362908744544e-10,0.06715775281190872,2.35394763876684e-05,0.14591574668884277,0.014017853885889053,2.926178785855882e-05,3.8007601688150316e-07,-4.3104701035190374e-05,-2.6781245665574716e-08,0.9492757320404053,1.3563474965394562e-07,-0.010805971920490265,3.811679221144004e-07,0,0,0,0,1,0,0,0,1,0,5
0.0629318580031395,3.095602096436778e-06,0.010763371363282204,6.489148290711455e-06,0.08098926395177841,5.250025060377084e-05,0.11522719264030457,0.013381634838879108,2.8418646252248436e-05,3.926429599232506e-07,-6.93571928422898e-05,-4.703124556471039e-09,0.9381436109542847,8.662258323965943e-07,-0.011441286653280258,1.0027774806076195e-06,0,0,0,0,1,0,0,0,1,0,16
0.07414115965366364,1.390538727719104e-05,0.011549451388418674,1.4632626516686287e-05,0.09403202682733536,8.024516864679754e-05,0.1090254858136177,0.012782463803887367,2.7194204449187964e-05,3.7993231671862304e-07,-7.561878737760708e-05,-1.3669726700409057e-13,0.9263702630996704,2.2144406557345064e-06,-0.012035930529236794,1.565204684084165e-06,0,0,0,0,1,0,0,0,1,0,13
0.086057148873806,3.232464587199502e-05,0.012209135107696056,2.019254316110164e-05,0.10643591731786728,0.00010663393914001063,0.1138937920331955,0.01209445483982563,2.573049277998507e-05,3.5944390219810884e-07,-7.154093327699229e-05,4.5556186454480743e-14,0.9140385389328003,4.2465126171009615e-06,-0.012554140761494637,2.5346266738779377e-06,0,0,0,0,1,0,0,0,1,0,16
0.09858018904924393,5.506602246896364e-05,0.012757848016917706,2.5385836124769412e-05,0.11816375702619553,0.00013158445653971285,0.11149988323450089,0.011424110271036625,2.4304352336912416e-05,3.3951917544072785e-07,-6.757528171874583e-05,0.0,0.9012559056282043,7.4783156378543936e-06,-0.01295384205877781,3.7932038594590267e-06,0,0,0,0,1,0,0,0,1,0,0
0.1115773469209671,8.424271800322458e-05,0.01317543163895607,3.229427966289222e-05,0.1292312741279602,0.00015513013931922615,0.11083120852708817,0.010777880437672138,2.2929527403903194e-05,3.20317013802196e-07,-6.37534394627437e-05,-4.553940164959795e-14,0.8881267309188843,1.1668616025417577e-05,-0.013260280713438988,4.456583155842964e-06,0,0,0,0,1,0,0,0,1,0,5
0.12393274903297424,-3.774984725168906e-05,0.013405021280050278,2.9632419682457112e-05,0.1396702080965042,0.00017733861750457436,0.1104738712310791,0.010167013853788376,2.1629935872624628e-05,3.0216705226848717e-07,-6.014098471496254e-05,9.106454604062772e-14,0.8747334480285645,1.650463127589319e-05,-0.013492387719452381,5.136547770234756e-06,0,0,0,0,1,0,0,0,1,0,0
0.1347058266401291,-0.0005900631076656282,0.013405091129243374,1.6163730833795853e-05,0.15012049674987793,0.00018761139654088765,0.11951500177383423,0.015620813705027103,-8.63657405716367e-05,-7.771787835508803e-08,-4.608444942277856e-05,-3.952071381263522e-08,0.8611396551132202,2.1834324797964655e-05,-0.013669097796082497,5.092682840768248e-06,0,0,0,0,1,0,0,0,1,0,5
0.1481090635061264,-0.000581308442633599,0.013386151753365993,2.6901409455604153e-06,0.16545510292053223,0.00010327236668672413,0.15080110728740692,0.015240326523780823,-8.379464270547032e-05,-1.9096195558176987e-07,-5.070621409686282e-05,-1.4107281742781197e-07,0.8473947644233704,2.6122697818209417e-05,-0.013801630586385727,3.6433818877412705e-06,0,0,0,0,1,0,0,0,1,0,5
0.16155435144901276,-0.0005709065590053797,0.013568121008574963,2.4579339878982864e-05,0.18040777742862701,2.1525529518839903e-05,0.12318050861358643,0.01447726134210825,-7.817826553946361e-05,-9.489441481491667e-07,-8.028083539102226e-05,-1.342305750995365e-07,0.8335364460945129,2.9008169804001227e-05,-0.01390050444751978,2.2614372028328944e-06,0,0,0,0,1,0,0,0,1,0,13
0.17524607479572296,-0.0005222234758548439,0.013783223927021027,6.806675810366869e-05,0.19455170631408691,-5.480584877659567e-05,0.11392311751842499,0.013819475658237934,-7.457856554538012e-05,-1.0416989653094788e-06,-8.173442620318383e-05,3.646487951002031e-13,0.8195932507514954,2.711194974835962e-05,-0.01397483516484499,-5.311045242706314e-06,0,0,0,0,1,0,0,0,1,0,5
0.18912088871002197,-0.0004391910624690354,0.01394275389611721,8.247418736573309e-05,0.20798024535179138,-0.00012727476132567972,0.11454202234745026,0.013095904141664505,-7.067373371683061e-05,-9.872736654870096e-07,-7.746403571218252e-05,1.8228102946320213e-13,0.8055864572525024,1.760517989168875e-05,-0.014030232094228268,-1.2947110917593818e-05,0,0,0,0,1,0,0,0,1,0,0
0.20313189923763275,-0.00036786068812943995,0.014061436988413334,6.222527008503675e-05,0.22068002820014954,-0.00019581078959163278,0.1101468876004219,0.012375143356621265,-6.678407225990668e-05,-9.329905878985301e-07,-7.320485019590706e-05,0.0,0.7915317416191101,2.092775048367912e-06,-0.014072306454181671,-1.5898058336460963e-05,0,0,0,0,1,0,0,0,1,0,13
0.21702361106872559,-0.0002629689406603575,0.01414115447551012,4.32297310908325e-05,0.2326650172472,-0.00026048917789012194,0.10926461964845657,0.011674229055643082,-6.30014983471483e-05,-8.801385433798714e-07,-6.905793998157606e-05,9.110124628416635e-14,0.7774415016174316,-1.3697985195904039e-05,-0.014103160239756107,-1.5701307347626425e-05,0,0,0,0,1,0,0,0,1,0,16
0.2286699265241623,0.0003760610707104206,0.014141268096864223,2.521718488424085e-05,0.24396909773349762,-0.00032149298931472003,0.11069917678833008,0.011007270775735378,-5.940216942690313e-05,-8.298267744066834e-07,-6.511035462608561e-05,-9.108436661159347e-14,0.7633248567581177,-2.92352051474154e-05,-0.014126300811767578,-1.5153320418903604e-05,0,0,0,0,1,0,0,0,1,0,5
0.24207691848278046,0.0005007869331166148,0.013533059507608414,6.89535181663814e-06,0.25893691182136536,-0.00024680301430635154,0.1528368592262268,0.015308675356209278,8.880909444997087e-05,4.7495575472567e-08,-5.3893330914434046e-05,9.04842423210539e-08,0.7491887807846069,-4.333148172008805e-05,-0.014143130742013454,-1.3229932847025339e-05,0,0,0,0,1,0,0,0,1,0,16
0.25549566745758057,0.0004976638010703027,0.013516930863261223,-1.5294188415282406e-05,0.27406561374664307,-0.00015931989764794707,0.11552910506725311,0.014694527722895145,8.333870209753513e-05,8.598714202889823e-07,-7.794852717779577e-05,2.1064150246274949e-07,0.7350380420684814,-5.549961861106567e-05,-0.014156453311443329,-1.1298358003841713e-05,0,0,0,0,1,0,0,0,1,0,18
0.26914364099502563,0.00045653179404325783,0.013745006173849106,-6.296676292549819e-05,0.2883944511413574,-7.823270425433293e-05,0.11054892838001251,0.01404853630810976,7.949095743242651e-05,1.1105914836662123e-06,-8.310990233439952e-05,-1.8233887164910423e-13,0.720876157283783,-6.205722456797957e-05,-0.014166271314024925,-1.1918923519260716e-06,0,0,0,0,1,0,0,0,1,0,16
0.2829858958721161,0.00037149369018152356,0.013914354145526886,-9.221519576385617e-05,0.30202314257621765,-1.11725148599362e-06,0.10648469626903534,0.013303094543516636,7.52730411477387e-05,1.051627009474032e-06,-7.869736145948991e-05,3.6458667031571967e-13,0.706706166267395,-5.6561104429420084e-05,-0.014173283241689205,1.09698321466567e-05,0,0,0,0,1,0,0,0,1,0,7
0.2969726324081421,0.0002900623658206314,0.01404040027409792,-7.198499952210113e-05,0.31491777300834656,7.184431160567328e-05,0.11322280019521713,0.012565288692712784,7.109833677532151e-05,9.932339253282407e-07,-7.432755955960602e-05,1.8225067180237253e-13,0.6925303339958191,-4.010568227386102e-05,-0.014178192242980003,1.8308759536012076e-05,0,0,0,0,0,0,1,0,1,0,7
0.3107241690158844,0.0007540513179264963,0.013905662111938,-6.11525829299353e-05,0.3270900845527649,0.0001407191011821851,0.11170130968093872,0.01185588724911213,6.708431465085596e-05,9.371505029776017e-07,-7.013061986071989e-05,-2.73318016439858e-13,0.678350031375885,-2.1747420760220848e-05,-0.014181697741150856,1.839855030993931e-05,0,0,0,0,0,0,1,0,1,0,7
0.3238060474395752,0.002139035379514098,0.013444468379020691,0.00031937536550685763,0.33890968561172485,0.0005631453823298216,0.11983073502779007,0.014560643583536148,0.003637860296294093,1.3662021046911832e-05,-4.8024518036982045e-05,-3.116941797998152e-07,0.6641663312911987,-3.3001208521454828e-06,-0.014184502884745598,1.848703141149599e-05,0,0,0,0,0,0,1,0,1,0,12
0.33671844005584717,0.0028405101038515568,0.012385143898427486,0.0014539809199050069,0.35321876406669617,0.004126107320189476,0.15066979825496674,0.014222477562725544,0.003540735226124525,1.7347661923849955e-05,-5.1784576498903334e-05,2.545551978982985e-06,0.6499806642532349,3.975361687480472e-05,-0.014186606742441654,6.31547809462063e-05,0,0,0,0,0,0,1,0,1,0,12
0.34889447689056396,0.005079022143036127,0.011816094629466534,0.002703580539673567,0.3671802580356598,0.007588631007820368,0.1233045682311058,0.013538342900574207,0.0033305524848401546,4.2753159505082294e-05,-7.656874367967248e-05,2.8491222110460512e-06,0.6357935070991516,0.00012747940490953624,-0.014188009314239025,0.00010783022298710421,0,0,0,0,0,0,1,0,1,0,2
0.3606759011745453,0.007770147640258074,0.011959496885538101,0.0027196472510695457,0.38041257858276367,0.010842938907444477,0.11390005797147751,0.012931582517921925,0.0031803171150386333,4.442212957656011e-05,-7.648314203834161e-05,0.0,0.6216113567352295,0.0003859252028632909,-0.014168374240398407,0.0005125566967763007,0,1,0,0,0,0,0,0,1,0,12
0.3728911876678467,0.01050877571105957,0.012410388328135014,0.002744309138506651,0.39297744631767273,0.01393306814134121,0.1145709976553917,0.012252876535058022,0.0030134005937725306,4.2095558455912396e-05,-7.247743633342907e-05,0.0,0.6074862480163574,0.0012521790340542793,-0.014080019667744637,0.001155041391029954,0,1,0,0,0,0,0,0,1,0,12
0.38550323247909546,0.013251105323433876,0.012756445445120335,0.0027508256025612354,0.4048600494861603,0.016855401918292046,0.11010248959064484,0.011578820645809174,0.002847627503797412,3.9782105886843055e-05,-6.849424971733242e-05,5.830321468669464e-12,0.5934858322143555,0.0027511604130268097,-0.013935565948486328,0.0017456496134400368,0,1,0,0,0,0,0,0,1,0,12
0.39838674664497375,0.01604742929339409,0.012975229881703854,0.0028351848013699055,0.4160737991333008,0.0196132343262434,0.10925101488828659,0.010922969318926334,0.002686331979930401,3.7528410757659e-05,-6.46139815216884e-05,-5.829268491519546e-12,0.5796206593513489,0.004717277362942696,-0.013803384266793728,0.00214592763222754,0,1,0,0,0,0,0,0,1,0,5
0.41131332516670227,0.019045138731598854,0.01298242062330246,0.0028672649059444666,0.42665037512779236,0.022214386612176895,0.11069868505001068,0.010298924520611763,0.002532858634367585,3.538314558682032e-05,-6.0920378018636256e-05,-5.8283230672251385e-12,0.5659025311470032,0.007081417366862297,-0.0136442044749856,0.0025419883895665407,0,0,0,0,1,0,0,0,1,0,5
0.42320749163627625,0.022151993587613106,0.01160971075296402,0.002203167648985982,0.4366244375705719,0.024667372927069664,0.11053500324487686,0.009713979437947273,0.0023890004958957434,3.337398447911255e-05,-5.7461136748315766e-05,-2.913744332616597e-12,0.5523985028266907,0.009917475283145905,-0.013365465216338634,0.003106813644990325,0,0,0,0,1,0,0,0,1,0,6
0.4333464503288269,0.024194739758968353,0.008720159530639648,0.0013317788252606988,0.47885653376579285,0.026493066921830177,0.3621710538864136,0.06316036731004715,0.0014192742528393865,7.066466423566453e-06,4.405837444210192e-06,0.00043905185884796083,0.5392268300056458,0.01335242111235857,-0.013003629632294178,0.0037009636871516705,0,0,0,0,0,1,0,0,1,0,16
0.44137251377105713,0.025527572259306908,0.007353109307587147,0.0012838669354096055,0.5402633547782898,0.027797995135188103,0.6970134377479553,0.0600220263004303,0.0012135374126955867,7.066466423566453e-06,4.405837444210192e-06,0.00043905185884796083,0.5266642570495605,0.017222534865140915,-0.011706002056598663,0.003670177422463894,0,0,0,0,0,1,0,0,1,0,3
0.4484882652759552,0.026503892615437508,0.006878726650029421,0.0006687983404844999,0.5987051725387573,0.028904983773827553,0.9301209449768066,0.057191431522369385,0.0010218715760856867,7.066466423566453e-06,4.405837444210192e-06,0.00043905185884796083,0.5169280767440796,0.020151732489466667,-0.007818025536835194,0.0022171358577907085,0,0,1,0,0,0,0,0,1,0,5
0.45483171939849854,0.027120672166347504,0.00611438462510705,0.000594477925915271,0.6544646620750427,0.029827669262886047,1.0664836168289185,0.0546245202422142,0.0008434500778093934,7.066466423566453e-06,4.405837444210192e-06,0.00043905185884796083,0.5120463371276855,0.021467041224241257,-0.0023224775213748217,0.0005966168246231973,0,0,0,0,1,0,0,0,1,0,18
0.4616578221321106,0.027706505730748177,0.00752245681360364,0.0005432293401099741,0.7077849507331848,0.030578792095184326,1.1103272438049316,0.052284855395555496,0.0006773524801246822,7.066466423566453e-06,4.405837444210192e-06,0.00043905185884796083,0.5130259990692139,0.02172728255391121,0.003030720865353942,0.00036847934825345874,0,0,0,0,1,0,0,0,1,0,11
0.46996378898620605,0.02812441997230053,0.008916153572499752,0.00028045554063282907,0.7588761448860168,0.031170140951871872,1.0652737617492676,0.05014215037226677,0.0005226182984188199,7.066466423566453e-06,4.405837444210192e-06,0.00043905185884796083,0.5168964266777039,0.022224094718694687,0.004566066432744265,0.0005570182111114264,0,0,0,0,1,0,0,0,1,0,12
0.47924649715423584,0.028267383575439453,0.009334087371826172,0.0001042938674800098,0.8079209327697754,0.03161255270242691,0.9344677925109863,0.04817090556025505,0.00037828844506293535,7.066466423566453e-06,4.405837444210192e-06,0.00043905185884796083,0.5223498344421387,0.022574808448553085,0.006141382269561291,0.0003355114022269845,0,0,0,0,1,0,0,0,1,0,8
0.4891669452190399,0.028371820226311684,0.01037225965410471,0.00010258272959617898,0.855078399181366,0.031915921717882156,0.7206743955612183,0.04634953290224075,0.00024343101540580392,7.066466423566453e-06,4.405837444210192e-06,0.00043905185884796083,0.5292880535125732,0.022918177768588066,0.00756733538582921,0.00034254134516231716,0,0,0,0,0,0,0,1,1,0,18
0.5000262260437012,0.028469214215874672,0.011239332146942616,9.44548228289932e-05,0.9004883170127869,0.0320892296731472,0.42635658383369446,0.044659655541181564,0.00011715951404767111,7.066466423566453e-06,4.405837444210192e-06,0.00043905185884796083,0.5375620126724243,0.023244153708219528,0.00882604531943798,0.0003052955726161599,0,0,0,0,0,0,0,1,1,0,5
0.5117034316062927,0.028565309941768646,0.012007180601358414,9.62515186984092e-05,0.9435287117958069,0.03214910998940468,0.13453242182731628,0.03570273891091347,8.341782086063176e-05,6.4950504565786105e-06,-1.4642830137745477e-05,0.000403794227167964,0.5469450354576111,0.0235495176166296,0.009818287566304207,0.0003065646451432258,0,0,0,0,1,0,0,0,1,0,15
0.5240411758422852,0.028660818934440613,0.012584100477397442,9.465897892368957e-05,0.9786447286605835,0.032200273126363754,0.3138074278831482,0.034674786031246185,2.4916073016356677e-05,6.488040071417345e-06,-1.487459576310357e-05,0.0004032897704746574,0.5572934150695801,0.023845940828323364,0.01076243631541729,0.0002860601816792041,0,0,0,0,1,0,0,0,0,0,3
0.5368526577949524,0.028759067878127098,0.013021700084209442,9.777836385183036e-05,1.0127949714660645,0.03219381347298622,0.3761463463306427,0.03372664749622345,-3.186200774507597e-05,6.488040071417345e-06,-1.487459576310357e-05,0.0004032897704746574,0.5686393976211548,0.024110447615385056,0.011627878062427044,0.00027125945780426264,0,0,1,0,0,0,0,0,0,0,5
