lt_dp_posx,lt_dp_posy,lt_dp_velx,lt_dp_vely,ball_posx,ball_posy,ball_posz,ball_vel_x,ball_vel_y,ball_rot_x,ball_rot_y,ball_rot_z,rt_gk_posx,rt_gk_posy,rt_gk_velx,rt_gk_vely,action_left,action_top_left,action_top,action_top_right,action_right,action_bottom_right,action_bottom,action_bottom_left,action_sprint,action_dribble,sel_action
-1.0110293626785278,-0.0,0.0,-0.0,0.019999999552965164,-0.0,0.11061639338731766,-0.0,0.0,0.0,-0.0,0.0,1.0110293626785278,0.0,-0.0,0.0,0,0,0,0,0,0,0,0,0,0,5
0.0003232249873690307,3.611415333448775e-11,0.0019679905381053686,1.662530529911166e-11,0.019999999552965164,-0.0,0.11059734225273132,-0.0,0.0,0.0,-0.0,0.0,1.0110293626785278,0.0,-0.0,0.0,0,0,0,0,1,0,0,0,0,0,5
0.003518223762512207,-4.471794046168043e-10,0.00461391219869256,-1.6609701114500552e-10,0.019999999552965164,-0.0,0.10930104553699493,-0.0,0.0,0.0,-0.0,0.0,1.0106345415115356,-3.18595080872619e-11,-0.001967654563486576,-1.5577120149323775e-10,0,0,0,0,1,0,0,0,0,0,13
0.0067827049642801285,-4.065444869638668e-09,0.006209578365087509,-3.939983339584785e-10,0.019999999552965164,-0.0,0.11075475811958313,0.009301895275712013,-9.81753456308354e-10,-1.3323461257874758e-12,-9.537270670989528e-06,-1.9264115042744168e-13,1.0068784952163696,-2.618094074868793e-10,-0.004527849145233631,-2.1977741848644428e-10,0,0,0,0,1,0,0,0,1,0,5
0.013608737848699093,-4.626344640712432e-09,0.007666833233088255,-1.3539068477452787e-10,0.028729340061545372,-9.237723364030614e-10,0.11672445386648178,0.008388200774788857,-8.890849723108829e-10,4.264985500185281e-12,1.4521090633934364e-05,-4.8596057733441e-12,1.0014904737472534,-4.1535502814937786e-10,-0.006076167803257704,-8.247565130847789e-11,0,0,0,0,1,0,0,0,1,0,13
0.021998634561896324,-4.736094183499517e-09,0.008955181576311588,-1.4703134543214702e-10,0.0367124043405056,-1.7711865307745711e-09,0.11083060503005981,0.007774220779538155,-8.254595340595472e-10,1.1531882219972811e-11,4.5988213969394565e-05,1.3888051258059862e-18,0.9946169853210449,1.5303824180135095e-11,-0.007505276706069708,5.767758493036013e-10,0,0,0,0,1,0,0,0,1,0,13
0.03128376230597496,-5.227688504305661e-09,0.009851339273154736,-2.586571512530611e-10,0.04424729198217392,-2.5712347806461366e-09,0.11303327977657318,0.007341973949223757,-7.795642464891728e-10,1.0890295609744527e-11,4.342960528447293e-05,0.0,0.986401379108429,4.218171367753598e-10,-0.008770297281444073,2.4661528374991804e-10,0,0,0,0,1,0,0,0,1,0,5
0.039300594478845596,-7.460957185401185e-09,0.009585152380168438,-1.4680764937047286e-10,0.051356177777051926,-3.3260494358700043e-09,0.11132436990737915,0.006917912513017654,-7.345377639467188e-10,1.0261196406458062e-11,4.09208114433568e-05,2.0828866909325204e-18,0.9771802425384521,7.543925484299052e-10,-0.009335489943623543,8.587155431172278e-10,0,0,0,0,1,0,0,0,1,0,0
0.048777446150779724,-8.318142619145874e-09,0.010424151085317135,-8.550311153543433e-11,0.06319747865200043,1.9806911950581707e-05,0.14544066786766052,0.013863112777471542,2.7952337404713035e-05,2.853884097930859e-07,8.174259164661635e-06,3.596867941269011e-07,0.9674903154373169,1.444509956094464e-09,-0.010107545182108879,5.477859277291941e-10,0,0,0,0,1,0,0,0,1,0,16
0.059428174048662186,2.257829237350961e-06,0.010675542056560516,5.6656449487491045e-06,0.07693091034889221,4.744628313346766e-05,0.11182162165641785,0.013442620635032654,2.6796406018547714e-05,2.3698630968738144e-07,1.3421218682196923e-05,4.073845047969371e-07,0.9569175243377686,1.7767209925523275e-09,-0.01093008928000927,1.52661300267809e-10,0,0,0,0,1,0,0,0,1,0,0
0.07055892050266266,1.1475821338535752e-05,0.011478145606815815,1.2568523743539117e-05,0.08951878547668457,7.154946069931611e-05,0.12184842675924301,0.012235984206199646,2.3131804482545704e-05,-1.340862212373395e-07,5.2926559874322265e-05,3.332993117055594e-07,0.9460111856460571,4.981784513802268e-07,-0.010957437567412853,9.776967999641784e-07,0,0,0,0,1,0,0,0,1,0,18
0.08240897953510284,2.7949152354267426e-05,0.01214584894478321,1.834825161495246e-05,0.10134448856115341,9.373483044328168e-05,0.11328307539224625,0.011542637832462788,2.1620586267090403e-05,-3.020498411387962e-07,6.828126061009243e-05,9.109785137611376e-14,0.9346734285354614,2.122965497619589e-06,-0.011628516018390656,2.154612957383506e-06,0,0,0,0,1,0,0,0,1,0,0
0.09487715363502502,4.8418052756460384e-05,0.012709463015198708,2.2747610273654573e-05,0.11253603547811508,0.00011469778110040352,0.11222716420888901,0.010908451862633228,2.0432697056094185e-05,-2.8544289421006397e-07,6.45270774839446e-05,4.5540980519011634e-14,0.9227253198623657,4.701920715888264e-06,-0.012204927392303944,2.8045717499480816e-06,0,0,0,0,1,0,0,0,1,0,0
0.10783255100250244,7.45961006032303e-05,0.013138792477548122,2.9016324333497323e-05,0.12310614436864853,0.0001344967313343659,0.11061712354421616,0.010296527296304703,1.9286491806269623e-05,-2.6942581143885036e-07,6.090627357480116e-05,4.553374685764208e-14,0.9102458953857422,7.84106487117242e-06,-0.012685270980000496,3.442273055043188e-06,0,0,0,0,1,0,0,0,1,0,16
0.12106192111968994,-0.0015573311829939485,0.013239067979156971,1.906436045828741e-05,0.1330789178609848,0.00015317683573812246,0.11057806015014648,0.009713254868984222,1.819395947677549e-05,-2.5416656512788904e-07,5.7456774811726063e-05,4.552724842087075e-14,0.8973493576049805,1.1635782357188873e-05,-0.013054819777607918,3.951255621359451e-06,0,0,0,0,1,0,0,0,1,0,16
0.13430096209049225,-0.002248994540423155,0.013239067979156971,7.151131285354495e-06,0.14688079059123993,-2.3716376745142043e-05,0.15487340092658997,0.015494382940232754,-0.0002585174806881696,-6.124692220055294e-08,1.0371490134275518e-05,-7.978151188581251e-07,0.8841332197189331,1.3989243598189205e-05,-0.01333671435713768,6.644307291026053e-07,0,0,0,0,1,0,0,0,1,0,5
0.14758895337581635,-0.0022397974971681833,0.013399036601185799,2.9517132134060375e-05,0.1622679978609085,-0.0002804386313073337,0.133361354470253,0.015299688093364239,-0.00025526570971123874,-6.124692220055294e-08,1.0371490134275518e-05,-7.978151188581251e-07,0.8706738948822021,1.2508656254794914e-05,-0.0135505897924304,-3.1912836675473955e-06,0,0,0,0,1,0,0,0,1,0,16
0.16113540530204773,-0.002138732001185417,0.013655073940753937,0.00016751329530961812,0.17667743563652039,-0.0005194824771024287,0.12949678301811218,0.013872935436666012,-0.00022936855384614319,1.5779086197653669e-06,4.6477176510961726e-05,-1.8851172853828757e-06,0.8570301532745361,3.368900024725008e-06,-0.013712574727833271,-1.7956283045350574e-05,0,0,0,0,1,0,0,0,1,0,13
0.1748981922864914,-0.001893499051220715,0.013842477463185787,0.00029482730315066874,0.19008246064186096,-0.0007406729273498058,0.11954514682292938,0.013008125126361847,-0.00021437455143313855,2.9947946131869685e-06,7.694737723795697e-05,3.645518674259829e-13,0.8432478308677673,-2.6931142201647162e-05,-0.013833887875080109,-3.9994472899707034e-05,0,0,0,0,1,0,0,0,1,0,5
0.18882404267787933,-0.001626532175578177,0.013987807556986809,0.00023839541245251894,0.20272517204284668,-0.0009490253869444132,0.11305642873048782,0.012332653626799583,-0.00020324270008131862,2.839350599970203e-06,7.29534585843794e-05,7.289510791860798e-13,0.8293615579605103,-7.72900675656274e-05,-0.013925047591328621,-5.454297206597403e-05,0,0,0,0,1,0,0,0,1,0,5
0.20287373661994934,-0.0014230048982426524,0.014095447026193142,0.00017573923105373979,0.2146746665239334,-0.0011459528468549252,0.11263247579336166,0.011641700752079487,-0.00019185572455171496,2.680164698176668e-06,6.886339542688802e-05,-3.644015698998221e-13,0.8153972625732422,-0.0001311246451223269,-0.013993768021464348,-5.3241350542521104e-05,0,0,0,0,1,0,0,0,1,0,18
0.21697726845741272,-0.0012826782185584307,0.014121797867119312,0.00011324595106998459,0.22595572471618652,-0.0013318649725988507,0.10997554659843445,0.01098864246159792,-0.00018109324446413666,2.529871380829718e-06,6.50018046144396e-05,7.286713550255786e-13,0.8013747930526733,-0.00018361207912676036,-0.014044256880879402,-5.1860632083844393e-05,0,0,0,0,1,0,0,0,1,0,16
0.23101142048835754,-0.0012053726240992546,0.013827050104737282,4.9278994993073866e-05,0.23934535682201385,-0.0014098640531301498,0.1489134579896927,0.015875892713665962,2.157586277462542e-05,8.989527486846782e-07,1.2277479072508868e-05,-9.624475296732271e-07,0.7873087525367737,-0.0002362387313041836,-0.014082123525440693,-5.353032611310482e-05,0,0,0,0,1,0,0,0,1,0,5
0.2444782555103302,-0.0007210586336441338,0.013312587514519691,5.217973011895083e-06,0.25510933995246887,-0.0013884406071156263,0.14991647005081177,0.015672532841563225,2.1320780433597974e-05,8.989527486846782e-07,1.2277479072508868e-05,-9.624475296732271e-07,0.7732104063034058,-0.0002908636524807662,-0.014110172167420387,-5.5516851716674864e-05,0,0,0,0,1,0,0,0,1,0,5
0.2577905058860779,0.0010149494046345353,0.01331257913261652,2.8457652661018074e-06,0.2703489661216736,-0.0013445076765492558,0.13528884947299957,0.015916716307401657,0.0002661647740751505,4.045680555009312e-07,-7.784921081110951e-07,1.8110119981429307e-07,0.7590875625610352,-0.0003446682239882648,-0.014131911098957062,-4.816697764908895e-05,0,0,0,0,1,0,0,0,1,0,13
0.27110302448272705,0.0010164912091568112,0.013312522321939468,4.7412785875167174e-07,0.2861524820327759,-0.0010802551405504346,0.17414525151252747,0.015711896121501923,0.00026271300157532096,4.045680555009312e-07,-7.784921081110951e-07,1.8110119981429307e-07,0.7449465394020081,-0.0003836497198790312,-0.014148038811981678,-3.1458650482818484e-05,0,0,0,0,1,0,0,0,1,0,0
0.28454819321632385,0.0009882637532427907,0.013567769899964333,-7.276169344549999e-05,0.301740437746048,-0.0008196192793548107,0.1152200698852539,0.015382504090666771,0.0002570875221863389,3.152789815885626e-07,1.2732598406728357e-06,3.6035410744261753e-07,0.7307921648025513,-0.00040578696643933654,-0.01415925845503807,-1.3590180060418788e-05,0,0,0,0,1,0,0,0,1,0,6
0.29823794960975647,0.0008396594203077257,0.013779542408883572,-0.00020962333655916154,0.3159903883934021,-0.000582842854782939,0.13555479049682617,0.013996797613799572,0.00023232541570905596,-9.926856137099094e-07,3.1288498576032e-05,1.909007551148534e-06,0.7166275382041931,-0.00040399658610112965,-0.014168374240398407,1.4379798813024536e-05,0,0,0,0,0,1,0,0,1,0,0
0.312107652425766,0.0005828877328895032,0.01393801998347044,-0.0002551667857915163,0.32952404022216797,-0.0003586143138818443,0.12166457623243332,0.013023744337260723,0.0002153377135982737,-2.6228829028696055e-06,6.836216198280454e-05,7.775646508889622e-07,0.7024555802345276,-0.00037422016612254083,-0.014174685813486576,4.237740358803421e-05,0,0,0,0,0,1,0,0,1,0,6
0.32580164074897766,0.0007484935922548175,0.013893187046051025,-0.00021514865511562675,0.34218865633010864,-0.00014925803407095373,0.11578278243541718,0.01235992182046175,0.00020431623852346092,-2.8542999643832445e-06,7.311353692784905e-05,-1.0934354550268255e-12,0.688278317451477,-0.00032457735505886376,-0.014179594814777374,5.003742262488231e-05,0,0,0,0,0,1,0,0,1,0,6
0.33872392773628235,0.001887930789962411,0.013500720262527466,0.00016552630404476076,0.35417523980140686,4.888750481768511e-05,0.11158435791730881,0.01477891020476818,0.0035128332674503326,8.690756658324972e-06,9.261942068405915e-06,1.0325982657377608e-05,0.6740970015525818,-0.00027512514498084784,-0.014182399027049541,4.897264079772867e-05,0,0,0,0,0,1,0,0,1,0,12
0.35168325901031494,0.002410975517705083,0.012463681399822235,0.0010440652258694172,0.3684733211994171,0.0034286624286323786,0.15605111420154572,0.014190606772899628,0.0033526034094393253,3.6200576687406283e-06,1.6110187061713077e-05,1.747997521306388e-05,0.6599128246307373,-0.00020220412989147007,-0.014183100312948227,0.00017058175581041723,0,0,0,0,0,1,0,0,1,0,12
0.36396220326423645,0.004346654284745455,0.01192899327725172,0.0025816296692937613,0.3824957311153412,0.006738266441971064,0.10035084933042526,0.013621393591165543,0.0031998034100979567,-1.919096575875301e-06,2.3516959117841907e-05,2.286582821398042e-05,0.645739734172821,0.0001926022523548454,-0.014159959740936756,0.0005781677318736911,0,0,0,0,0,1,0,0,1,0,1
0.3757980763912201,0.00690508633852005,0.01197878085076809,0.0025793055538088083,0.39535319805145264,0.009720047935843468,0.12494635581970215,0.012613387778401375,0.002918327460065484,-2.4586197469034232e-05,5.355821122066118e-05,2.2447125957114622e-05,0.6316056847572327,0.0009944839403033257,-0.014108769595623016,0.0009847002802416682,1,0,0,0,0,0,0,0,1,0,12
0.38804030418395996,0.009501444175839424,0.012443697080016136,0.002598776714876294,0.40754538774490356,0.012532719410955906,0.11463117599487305,0.011897856369614601,0.0027428807225078344,-3.8319565646816045e-05,7.038297917461023e-05,-1.1661713261723605e-11,0.6175287365913391,0.0021544171031564474,-0.014049866236746311,0.0012944563059136271,1,0,0,0,0,0,0,0,1,0,6
0.4006938636302948,0.012090572156012058,0.012807635590434074,0.0025860145688056946,0.4190819263458252,0.015192295424640179,0.11210113763809204,0.011245273053646088,0.0025924360379576683,-3.621458381530829e-05,6.651670264545828e-05,-1.7489332898579235e-11,0.6035165190696716,0.0036127858329564333,-0.013979041948914528,0.001592249725945294,0,0,0,0,0,1,0,0,1,0,18
0.4136359393596649,0.01471632532775402,0.013039743527770042,0.0026598928961902857,0.42998242378234863,0.01770525798201561,0.1089971512556076,0.010622124187648296,0.002448779297992587,-3.4209966543130577e-05,6.283470429480076e-05,-2.3315224750852792e-11,0.5895885229110718,0.005381059367209673,-0.013878065161406994,0.0019316859543323517,0,0,0,0,0,1,0,0,1,0,5
0.42649295926094055,0.017650457099080086,0.01275750994682312,0.0026162683498114347,0.4402717649936676,0.020077310502529144,0.11143915355205536,0.010021895170211792,0.002310404786840081,-3.22758533002343e-05,5.9282261645421386e-05,0.0,0.5757843255996704,0.0075218575075268745,-0.01374027319252491,0.002311327029019594,0,0,0,0,1,0,0,0,1,0,6
0.4381832778453827,0.020385241135954857,0.011347499676048756,0.0019419132731854916,0.449980765581131,0.022315582260489464,0.10863298177719116,0.009457848966121674,0.002180371666327119,-3.0459936169791035e-05,5.594691901933402e-05,0.0,0.5621321201324463,0.010042708367109299,-0.013566367328166962,0.002713095163926482,0,0,0,0,0,1,0,0,1,0,7
0.44760504364967346,0.021913662552833557,0.008355168625712395,0.0012645168462768197,0.50469571352005,0.021364886313676834,0.32296836376190186,0.0586114302277565,-0.0013626986183226109,-1.644511030463036e-05,2.4302926249220036e-05,0.0007318200077861547,0.548744261264801,0.013102361001074314,-0.013231529854238033,0.0033408545423299074,0,0,0,0,0,0,1,0,1,0,4
0.4553943872451782,0.023128308355808258,0.00739483255892992,0.0011787174735218287,0.5618182420730591,0.019911691546440125,0.4050714373588562,0.05593465641140938,-0.0015272737946361303,-1.644511030463036e-05,2.4302926249220036e-05,0.0007318200077861547,0.5357288718223572,0.01678052730858326,-0.012828322127461433,0.003951303195208311,0,0,0,1,0,0,0,0,1,0,4
0.46236714720726013,0.02381838485598564,0.006643814034759998,0.0005494321812875569,0.6163687109947205,0.01829412579536438,0.33547112345695496,0.053443409502506256,-0.0016912334831431508,-1.644511030463036e-05,2.4302926249220036e-05,0.0007318200077861547,0.5238282680511475,0.020685633644461632,-0.010557735338807106,0.003581697354093194,0,0,0,1,0,0,0,0,1,0,0
0.46857404708862305,0.024327261373400688,0.006456234958022833,0.000504357973113656,0.6685164570808411,0.016513610258698463,0.12331325560808182,0.05110962316393852,-0.0018531829118728638,-1.644511030463036e-05,2.4302926249220036e-05,0.0007318200077861547,0.5156891345977783,0.023564690724015236,-0.005934869404882193,0.002178735099732876,0,0,0,1,0,0,0,0,1,0,18
0.47588682174682617,0.024726733565330505,0.007986672222614288,0.00026927608996629715,0.71268230676651,0.014971049502491951,0.19960908591747284,0.04284588247537613,-0.0015430162893608212,-1.2850425264332443e-05,4.684330997406505e-05,0.000650786270853132,0.5127584338188171,0.024754442274570465,-0.0002748825936578214,0.0005797620979137719,0,0,0,1,0,0,0,0,1,0,1
0.48450830578804016,0.02474810741841793,0.009212272241711617,-0.00021536120038945228,0.75470370054245,0.013378944247961044,0.13732685148715973,0.041347749531269073,-0.0016324524767696857,-1.2850425264332443e-05,4.684330997406505e-05,0.000650786270853132,0.5157658457756042,0.02501045912504196,0.004139975178986788,6.849344208603725e-05,1,0,0,0,0,0,0,0,1,0,3
0.4937439560890198,0.024441948160529137,0.00958328042179346,-0.00033322590752504766,0.792522668838501,0.011903050355613232,0.13463306427001953,0.03650614991784096,-0.0014447723515331745,-7.957734851515852e-06,7.271613139891997e-05,0.0005435189232230186,0.5211043953895569,0.024935156106948853,0.005695594474673271,-0.00016140549269039184,0,0,1,0,0,0,0,0,1,0,12
0.5038230419158936,0.024077124893665314,0.01057082787156105,-0.00039388108416460454,0.8265247941017151,0.010562797077000141,0.11373468488454819,0.03186440095305443,-0.0012418834958225489,3.631472509368905e-07,0.0001120848028222099,0.0003595991584006697,0.5281079411506653,0.02465706691145897,0.007435426115989685,-0.0003139287291560322,0,0,1,0,0,0,0,0,1,0,6
0.5147864818572998,0.023655176162719727,0.011364440433681011,-0.00044174661161378026,0.856243371963501,0.009421362541615963,0.10956089943647385,0.0282638780772686,-0.0010777905117720366,1.3302221304911654e-05,0.00016227657033596188,4.8670408432371914e-05,0.5365148782730103,0.024294842034578323,0.008700309321284294,-0.0003905633057001978,0,0,0,0,0,1,0,0,1,0,5
0.5265598893165588,0.02319839969277382,0.012121189385652542,-0.0004750008520204574,0.8831122517585754,0.008397659286856651,0.10948386043310165,0.02579343318939209,-0.0009827278554439545,1.372787755826721e-05,0.00015256831829901785,-1.1736872758405514e-11,0.5460662841796875,0.02386431396007538,0.009709983132779598,-0.00044436947791837156,0,0,0,0,1,0,0,0,1,0,7
0.5389752388000488,0.02270984649658203,0.012677906081080437,-0.0005068695172667503,0.9077188372612,0.007460150867700577,0.1096155121922493,0.02368210442364216,-0.0009022861486300826,1.2604305084096268e-05,0.00014008126163389534,2.9304544901798124e-12,0.5563521385192871,0.023401280865073204,0.010453796945512295,-0.0004775698180310428,0,0,0,0,0,0,1,0,1,0,6
0.551864743232727,0.022201472893357277,0.013095309026539326,-0.0005215100827626884,0.9303721785545349,0.00659705838188529,0.10970764607191086,0.02184894308447838,-0.0008324430091306567,1.1628726497292519e-05,0.00012923892063554376,0.0,0.5674371719360352,0.02290363423526287,0.011223999783396721,-0.0005105259479023516,0,0,0,0,0,1,0,0,1,0,8
0.5651389360427856,0.02167554944753647,0.013422392308712006,-0.000538475054781884,0.9513195157051086,0.005798966158181429,0.10977547615766525,0.020239852368831635,-0.0007711373036727309,1.0772378118417691e-05,0.00011972158245043829,-2.925021769933922e-12,0.5793425440788269,0.02237577550113201,0.012049444951117039,-0.0005397535860538483,0,0,0,0,0,0,0,1,1,0,4
0.5786536335945129,0.021135926246643066,0.013659337535500526,-0.0005461238324642181,0.9707613587379456,0.0050582317635416985,0.10982613265514374,0.01881384290754795,-0.000716806564014405,1.0013455721491482e-05,0.00011128709593322128,5.8460484717026695e-12,0.5918704867362976,0.02182879112660885,0.012561176903545856,-0.000559672131203115,0,0,0,1,0,0,0,0,1,0,12
0.5921359062194824,0.020574169233441353,0.01374121755361557,-0.0005620659794658422,0.9888628125190735,0.004368566907942295,0.10986444354057312,0.017539285123348236,-0.000668246007990092,9.335121831099968e-06,0.00010374826524639502,2.921364105484825e-12,0.6053316593170166,0.021291587501764297,0.013420062139630318,-0.0005530435009859502,0,0,0,1,0,0,0,0,1,0,18
0.6058585047721863,0.020007841289043427,0.013823249377310276,-0.0005684386123903096,1.0057611465454102,0.003724739421159029,0.10989375412464142,0.016391385346651077,-0.000624511216301471,8.724190593056846e-06,9.695848711999133e-05,0.0,0.6190513372421265,0.020735379308462143,0.013584098778665066,-0.0005756414029747248,0,0,0,1,0,0,0,0,1,0,18
