lt_dp_posx,lt_dp_posy,lt_dp_velx,lt_dp_vely,ball_posx,ball_posy,ball_posz,ball_vel_x,ball_vel_y,ball_rot_x,ball_rot_y,ball_rot_z,rt_gk_posx,rt_gk_posy,rt_gk_velx,rt_gk_vely,action_left,action_top_left,action_top,action_top_right,action_right,action_bottom_right,action_bottom,action_bottom_left,action_sprint,action_dribble,sel_action
-1.0110293626785278,-0.0,0.0,-0.0,0.019999999552965164,-0.0,0.11061639338731766,-0.0,0.0,0.0,-0.0,0.0,1.0110293626785278,0.0,-0.0,0.0,0,0,0,0,0,0,0,0,0,0,5
0.0011741208145394921,7.735240920014874e-11,0.0034112120047211647,2.5561334299206706e-11,0.019999999552965164,-0.0,0.11059734225273132,-0.0,0.0,0.0,-0.0,0.0,1.0110293626785278,0.0,-0.0,0.0,0,0,0,0,1,0,0,0,0,0,5
0.004422922618687153,-8.490598224497603e-10,0.005096871871501207,-3.511485824336802e-10,0.019999999552965164,-0.0,0.10930104553699493,-0.0,0.0,0.0,-0.0,0.0,1.0110293626785278,0.0,-0.0,0.0,0,0,0,0,1,0,0,0,0,0,13
0.009172579273581505,-2.248098374124652e-09,0.006656940560787916,-3.111293167545881e-10,0.02351834625005722,-2.3498894496931655e-10,0.1237609013915062,0.008640825748443604,-5.774550837500669e-10,8.578172894235792e-13,2.8631586701521883e-06,-2.160265672943029e-12,1.0081888437271118,-1.945957422977429e-10,-0.004046103451400995,-2.3721311026569936e-10,0,0,0,0,1,0,0,0,1,0,5
0.016618236899375916,-2.3979764840476037e-09,0.008066108450293541,-6.756445403155453e-11,0.03173869848251343,-7.851597705332836e-10,0.11614876240491867,0.007883042097091675,-5.281650672372962e-10,7.136320180622935e-12,4.499864735407755e-05,-3.712325585825127e-13,1.0032682418823242,-3.875705867351087e-10,-0.005623172502964735,-1.3646882235374136e-10,0,0,0,0,1,0,0,0,1,0,13
0.025379417464137077,-2.5590771723926764e-09,0.009301392361521721,-1.6886948783767508e-10,0.03938759118318558,-1.2976458796387647e-09,0.11215836554765701,0.007456739898771048,-4.996117408673229e-10,6.979599190271024e-12,4.410948167787865e-05,1.3887229247326137e-18,0.9968275427818298,-1.6876142150401563e-10,-0.0070915501564741135,6.399004104373773e-10,0,0,0,0,1,0,0,0,1,0,5
0.034123267978429794,-3.4658411696142366e-09,0.00938898604363203,-2.1288948381936734e-10,0.04660476744174957,-1.781206515616418e-09,0.10997506976127625,0.007023810409009457,-4.706049439029414e-10,6.574312275131611e-12,4.154816269874573e-05,-6.9430821261437375e-19,0.9889967441558838,3.4175498542232674e-10,-0.008409163914620876,3.7801892172062423e-10,0,0,0,0,1,0,0,0,1,0,5
0.04200782999396324,-4.873198733434947e-09,0.009879701770842075,-1.2068802901499254e-10,0.05416184291243553,2.9176910629757913e-06,0.11805255711078644,0.014280873350799084,2.919882899732329e-05,3.387698939150141e-07,1.9754040749830892e-06,2.8654977768383105e-07,0.9799808859825134,5.1393689304291e-10,-0.009335489943623543,-5.9206229328923055e-12,0,0,0,0,1,0,0,0,1,0,18
0.052374325692653656,7.600381479733187e-08,0.010675586760044098,8.096020565062645e-07,0.06805383414030075,3.095910506090149e-05,0.14388057589530945,0.013800008222460747,2.78262778010685e-05,2.8579501076819724e-07,7.81202379585011e-06,3.571963418380619e-07,0.9704952239990234,2.3191925890841958e-07,-0.00983055867254734,3.9628230297239497e-07,0,0,0,0,1,0,0,0,1,0,13
0.0631360337138176,5.079401944385609e-06,0.011016691103577614,8.292555321531836e-06,0.08140779286623001,5.743060683016665e-05,0.12316214293241501,0.012638581916689873,2.420726559648756e-05,-2.3475928756511166e-08,4.119111326872371e-05,4.415138903368643e-07,0.9601738452911377,9.045196520673926e-07,-0.010699383914470673,9.086409136216389e-07,0,0,0,0,1,0,0,0,1,0,18
0.07457146793603897,1.738605715218e-05,0.011754298582673073,1.580894968356006e-05,0.09365328401327133,8.060479012783617e-05,0.11358226090669632,0.011888263747096062,2.227019467682112e-05,-3.127945547021227e-07,7.048631960060447e-05,-9.110760241940255e-14,0.9492757320404053,2.127224433934316e-06,-0.010805971920490265,1.5262975239238585e-06,0,0,0,0,1,0,0,0,1,0,13
0.08668049424886703,3.562166239134967e-05,0.012389439158141613,1.9674327631946653e-05,0.10521049052476883,0.00010225542064290494,0.11358392238616943,0.011278527788817883,2.1128564185346477e-05,-2.95163374630647e-07,6.671601295238361e-05,-9.109112254638077e-14,0.9381436109542847,4.09426684200298e-06,-0.011441286653280258,2.3158920612331713e-06,0,0,0,0,1,0,0,0,1,0,18
0.09935958683490753,5.8172412536805496e-05,0.012895552441477776,2.5244913558708504e-05,0.11614431440830231,0.00012273821630515158,0.11179264634847641,0.010653635486960411,1.9957918993895873e-05,-2.7880747666131356e-07,6.301909888861701e-05,0.0,0.9263702630996704,6.841773938504048e-06,-0.012035930529236794,2.9950069801998325e-06,0,0,0,0,1,0,0,0,1,0,13
0.11246998608112335,-0.00041433333535678685,0.013238980434834957,2.6232888558297418e-05,0.12646575272083282,0.00014207376807462424,0.11068522185087204,0.010052826255559921,1.883240111055784e-05,-2.6308561018595356e-07,5.946546298218891e-05,0.0,0.9140385389328003,1.0096934602188412e-05,-0.012554140761494637,3.5167174701200565e-06,0,0,0,0,1,0,0,0,1,0,18
0.12570899724960327,-0.0022550132125616074,0.013238980434834957,1.4309534890344366e-05,0.13684134185314178,0.00013202668924350291,0.1198347881436348,0.015870558097958565,-0.00026511034229770303,-2.4892960936995223e-07,6.190531166794244e-06,-4.6713086021554773e-07,0.9012559056282043,1.396117568219779e-05,-0.01295384205877781,4.141614226682577e-06,0,0,0,0,1,0,0,0,1,0,16
0.13894805312156677,-0.0022472627460956573,0.013239067979156971,2.384898834861815e-06,0.15235882997512817,-0.00012678543862421066,0.15824943780899048,0.01542055793106556,-0.0002571671502664685,-6.148716380494079e-08,1.03487554952153e-05,-7.976235565365641e-07,0.8881267309188843,1.294342837354634e-05,-0.013260280713438988,-9.889830835163593e-06,0,0,0,0,1,0,0,0,1,0,5
0.1523285061120987,-0.002216427819803357,0.013511145487427711,7.768745126668364e-05,0.16754749417304993,-0.0003798691323027015,0.11589499562978745,0.014445397071540356,-0.00023942781263031065,1.0323091146346997e-06,3.448934148764238e-05,-1.8853313576983055e-06,0.8747334480285645,-1.0977822967106476e-05,-0.013493089005351067,-3.51171001966577e-05,0,0,0,0,1,0,0,0,1,0,5
0.16596972942352295,-0.002056879922747612,0.013737117871642113,0.0002258844906464219,0.18146640062332153,-0.0006099596503190696,0.11777903139591217,0.013579584658145905,-0.00022412821999751031,1.8981190805789083e-06,5.347800106392242e-05,-1.7050655287675909e-06,0.8611401319503784,-5.713059726986103e-05,-0.013668396510183811,-5.025404243497178e-05,0,0,0,0,1,0,0,0,1,0,16
0.17980265617370605,-0.001779136247932911,0.013905588537454605,0.00027752164169214666,0.194536030292511,-0.0008253127452917397,0.11214467138051987,0.012757774442434311,-0.00021016367827542126,2.9361351607803954e-06,7.547071436420083e-05,3.6452316317346634e-13,0.8473958969116211,-0.00010835189459612593,-0.013800228014588356,-5.197938662604429e-05,0,0,0,0,1,0,0,0,1,0,16
0.19378255307674408,-0.0015371241606771946,0.014034789986908436,0.00021278181520756334,0.20690259337425232,-0.0010290318168699741,0.11327112466096878,0.01205158606171608,-0.00019853038247674704,2.773394953692332e-06,7.128762808861211e-05,3.644448837766129e-13,0.8335380554199219,-0.00016118491475936025,-0.013899803161621094,-5.351751678972505e-05,0,0,0,0,1,0,0,0,1,0,18
0.20786720514297485,-0.0013585687847808003,0.014121775515377522,0.00015106430510059,0.21858397126197815,-0.0012214635498821735,0.11138110607862473,0.011379918083548546,-0.00018746576097328216,2.618803819132154e-06,6.73140020808205e-05,3.6437468168594445e-13,0.8195955157279968,-0.00021400929836090654,-0.013974133878946304,-5.224162669037469e-05,0,0,0,0,1,0,0,0,1,0,13
0.22194206714630127,-0.0012456751428544521,0.014121596701443195,8.811557927401736e-05,0.2296079397201538,-0.001403065980412066,0.11085900664329529,0.010735458694398403,-0.00017684942577034235,2.470520030328771e-06,6.350246985675767e-05,7.286222948772736e-13,0.8055891990661621,-0.0002655081625562161,-0.014030232094228268,-5.0880513299489394e-05,0,0,0,0,1,0,0,0,1,0,16
0.23579001426696777,-0.0011935691582038999,0.013533059507608414,2.4125265554175712e-05,0.24499648809432983,-0.001401251764036715,0.161333829164505,0.015794480219483376,2.1269004719215445e-05,8.98811151728296e-07,1.228343626280548e-05,-9.631065722714993e-07,0.7915350198745728,-0.00031588374986313283,-0.014072306454181671,-5.0241065764566883e-05,0,0,0,0,1,0,0,0,1,0,16
0.24912448227405548,-1.0798618859553244e-05,0.01331253070384264,4.269574674253818e-06,0.2606728971004486,-0.0013801298337057233,0.12239395827054977,0.015528498217463493,2.0794212105101906e-05,8.826061730360379e-07,1.336816876573721e-05,-9.210077109855774e-07,0.7774453163146973,-0.0003660427173599601,-0.014103160239756107,-5.008688458474353e-05,0,0,0,0,1,0,0,0,1,0,16
0.2624369263648987,0.001015615533106029,0.013312522321939468,1.8982938172484864e-06,0.27601611614227295,-0.0012386535527184606,0.16264554858207703,0.015834003686904907,0.0002647642104420811,4.049070696510171e-07,-7.755405704301666e-07,1.8019264302893134e-07,0.7633291482925415,-0.00041541282553225756,-0.014126300811767578,-4.578408334054984e-05,0,0,0,0,1,0,0,0,1,0,18
0.2757681608200073,0.0010143655817955732,0.01340525969862938,-1.1444127267168369e-05,0.291738361120224,-0.000975765404291451,0.16224001348018646,0.015631595626473427,0.00026137562235817313,4.049070696510171e-07,-7.755405704301666e-07,1.8019264302893134e-07,0.749193012714386,-0.0004497515328694135,-0.014143130742013454,-2.496479282854125e-05,0,0,0,0,1,0,0,0,1,0,7
0.2893202304840088,0.0009451787918806076,0.013660508207976818,-0.00012819989933632314,0.30688297748565674,-0.000723015982657671,0.12772521376609802,0.014215442351996899,0.00023610646894667298,-8.709401413398155e-07,2.8506770831882022e-05,1.8575916556073935e-06,0.735042154788971,-0.00046324075083248317,-0.014155752956867218,-4.093808911420638e-06,0,0,0,0,0,0,1,0,1,0,18
0.3030884265899658,0.000742544827517122,0.013847561553120613,-0.000261671346379444,0.32086890935897827,-0.0004908895934931934,0.12039799988269806,0.013780029490590096,0.0002285571681568399,-1.1529825769684976e-06,3.4959008189616725e-05,1.9426845483394573e-06,0.7208802700042725,-0.00045576185220852494,-0.014166271314024925,1.698259984550532e-05,0,0,0,0,0,0,1,0,1,0,18
0.3170175850391388,0.00048678298480808735,0.01399061270058155,-0.00022998319764155895,0.3339919149875641,-0.0002737969043664634,0.11646071076393127,0.01277538575232029,0.00021118154108989984,-2.950475163743249e-06,7.55775545258075e-05,-3.6452525026264837e-13,0.7067103385925293,-0.0004271530488040298,-0.014173283241689205,3.8123624108266085e-05,0,0,0,0,0,0,1,0,1,0,6
0.33032700419425964,0.0011492628837004304,0.013769307173788548,-2.535692829042091e-06,0.34638717770576477,-6.889894575579092e-05,0.11196405440568924,0.012087318114936352,0.00019980753131676465,-2.791179895211826e-06,7.14975394657813e-05,3.644487055892709e-13,0.6925342082977295,-0.00037924066418781877,-0.014178893528878689,5.189650255488232e-05,0,0,0,0,0,1,0,0,1,0,12
0.343313992023468,0.0020512540359050035,0.013251515105366707,0.0001677610562182963,0.3592540919780731,0.0014105371665209532,0.1414707750082016,0.014295564033091068,0.003377904649823904,3.6201536204316653e-06,1.611020888958592e-05,1.747986789268907e-05,0.6783535480499268,-0.00032585894223302603,-0.014182399027049541,5.459644671645947e-05,0,0,0,0,0,1,0,0,1,0,12
0.3559684753417969,0.00301060127094388,0.012411089614033699,0.0017083754064515233,0.3734533190727234,0.004765286576002836,0.1457274705171585,0.014120439067482948,0.003336042631417513,3.6201536204316653e-06,1.611020888958592e-05,1.747986789268907e-05,0.6641695499420166,-0.0002697783929761499,-0.014185204170644283,5.729416443500668e-05,0,0,0,0,0,1,0,0,1,0,12
0.3680117130279541,0.005369669757783413,0.011754386126995087,0.002543920651078224,0.38703393936157227,0.007950102910399437,0.12847749888896942,0.012907412834465504,0.002994310576468706,-1.965367300726939e-05,4.709641507361084e-05,2.5936087695299648e-05,0.6499926447868347,4.4046901166439056e-05,-0.014164167456328869,0.0005236216238699853,0,0,0,0,0,1,0,0,1,0,14
0.37996119260787964,0.00794141460210085,0.012176177464425564,0.0025966735556721687,0.39963972568511963,0.010866355150938034,0.11383721977472305,0.012260674498975277,0.0028264792636036873,-3.967566954088397e-05,7.276597170857713e-05,-5.831552688656538e-12,0.6358563899993896,0.0008236205321736634,-0.01410736795514822,0.0009887107880786061,0,0,0,0,0,0,0,0,1,0,12
0.39238008856773376,0.010539185255765915,0.012602525763213634,0.0025922530330717564,0.4115583300590515,0.013614018447697163,0.1145234927535057,0.011627142317593098,0.00268046697601676,-3.7444791814778e-05,6.877637497382239e-05,0.0,0.6217905282974243,0.002034905133768916,-0.014035141095519066,0.0013596490025520325,0,0,0,0,0,0,0,0,1,0,12
0.40516528487205505,0.013131649233400822,0.01291036605834961,0.0026141058187931776,0.42283886671066284,0.016214579343795776,0.11012726277112961,0.01099580992013216,0.002534921746701002,-3.541342812241055e-05,6.50453002890572e-05,5.829382115907222e-12,0.6077969670295715,0.00356406532227993,-0.013957303948700428,0.0016675932565703988,0,0,0,0,0,0,0,0,1,0,5
0.4181925058364868,0.015787426382303238,0.013112671673297882,0.0026890821754932404,0.4334915280342102,0.01867038942873478,0.1092800721526146,0.010379001498222351,0.0023927262518554926,-3.3426615118514746e-05,6.139602919574827e-05,5.828441895783243e-12,0.593890905380249,0.005403258837759495,-0.013856327161192894,0.0019943316001445055,0,0,0,0,1,0,0,0,1,0,1
0.43065521121025085,0.018854252994060516,0.012128796428442001,0.0023676990531384945,0.44354450702667236,0.020987944677472115,0.1111873909831047,0.009792421944439411,0.0022574986796826124,-3.1536805181531236e-05,5.792493175249547e-05,-8.741396495537401e-12,0.580115795135498,0.007621320895850658,-0.013704159297049046,0.002400441560894251,1,0,0,0,0,0,0,0,1,0,8
0.4416506290435791,0.02115151658654213,0.009950820356607437,0.0015507617499679327,0.47041964530944824,0.022658495232462883,0.16328486800193787,0.0667383223772049,0.0003864312602672726,3.320297309983289e-06,4.3892592657357454e-05,0.0008657490834593773,0.5665085911750793,0.010242851451039314,-0.013523592613637447,0.0028016178403049707,0,0,0,0,0,0,0,1,1,0,5
0.4502468705177307,0.02241796813905239,0.008052587509155273,0.0012386073358356953,0.5352462530136108,0.022866014391183853,0.19904343783855438,0.06329979002475739,6.513191328849643e-05,3.320297309983289e-06,4.3892592657357454e-05,0.0008657490834593773,0.5541377067565918,0.012973089702427387,-0.01082069706171751,0.0025626146234571934,0,0,0,0,1,0,0,0,1,0,11
0.4575752913951874,0.023478055372834206,0.0068994127213954926,0.0005705647636204958,0.5948675870895386,0.022768419235944748,0.1346472054719925,0.053610362112522125,-0.00021980571909807622,3.367167664691806e-06,6.891837256262079e-05,0.0007952217129059136,0.5460489392280579,0.015294580720365047,-0.005594421643763781,0.0021604259964078665,0,0,0,0,1,0,0,0,1,0,18
0.4641679525375366,0.0240232702344656,0.00613261666148901,0.0005072098574601114,0.6456923484802246,0.022434936836361885,0.1175222173333168,0.046517953276634216,-0.00040188798448070884,3.7574570797005435e-06,9.931647218763828e-05,0.000686779385432601,0.5434502363204956,0.017782583832740784,-0.0004424768267199397,0.0030099633149802685,0,0,0,0,1,0,0,0,1,0,1
0.47063592076301575,0.024525543674826622,0.0070841871201992035,0.0004793753323610872,0.6877222061157227,0.021999679505825043,0.10897868126630783,0.03885205462574959,-0.0004461755743250251,4.952818017045502e-06,0.00016529222193639725,0.00037854135734960437,0.5459456443786621,0.020283415913581848,0.004502605181187391,0.0019061508355662227,1,0,0,0,0,0,0,0,1,0,16
0.47853392362594604,0.024885686114430428,0.008532931096851826,0.00023328515817411244,0.7237607836723328,0.021560776978731155,0.10875581204891205,0.03406297788023949,-0.0004251027712598443,5.9396647884568665e-06,0.00020152033539488912,-8.856537898893624e-12,0.5517133474349976,0.021536096930503845,0.006580703426152468,0.0008224870543926954,1,0,0,0,0,0,0,0,1,0,4
0.487657368183136,0.02491696923971176,0.009334788657724857,-7.634527719346806e-05,0.7559024095535278,0.02115965262055397,0.1091080754995346,0.030666979029774666,-0.00038272113306447864,5.346130365069257e-06,0.0001813899289118126,0.0,0.5590938925743103,0.02225511521100998,0.008010162971913815,0.0006056288257241249,0,0,0,1,0,0,0,0,1,0,2
0.497295618057251,0.024829072877764702,0.010080548003315926,-9.856155520537868e-05,0.7849723696708679,0.02079685963690281,0.109346404671669,0.027836838737130165,-0.0003474012191873044,4.852839083469007e-06,0.00016465304361190647,-1.4690873300846063e-12,0.5678014755249023,0.02266123704612255,0.00924433022737503,0.0002294778823852539,0,1,0,0,0,0,0,0,1,0,18
0.507891058921814,0.024714592844247818,0.01098969392478466,-0.00012773646449204534,0.811458945274353,0.020466310903429985,0.10951398313045502,0.025438733398914337,-0.00031747319735586643,4.434831680555362e-06,0.0001504702668171376,4.400343804611406e-12,0.5771414041519165,0.022725220769643784,0.009437519125640392,1.723971581668593e-05,0,1,0,0,0,0,0,0,1,0,14
0.5193321108818054,0.024576902389526367,0.01179505791515112,-0.00014382116205524653,0.8357394933700562,0.020163292065262794,0.10963387787342072,0.023377716541290283,-0.00029175187228247523,4.075563538208371e-06,0.0001382806512992829,2.9299388436265783e-12,0.5871047377586365,0.022720376029610634,0.010369455441832542,-2.7420988772064447e-05,0,0,0,0,0,0,0,0,1,0,15
0.5314945578575134,0.024424679577350616,0.012438086792826653,-0.0001591643667779863,0.8581113815307617,0.01988409459590912,0.10972107201814651,0.02158461883664131,-0.00026937422808259726,3.7629870348609984e-06,0.00012767517182510346,-7.317601385947725e-13,0.5978902578353882,0.02266278862953186,0.01098969392478466,-7.564656698377803e-05,0,0,0,0,0,0,0,0,0,0,0
0.5442150235176086,0.024258224293589592,0.012931402772665024,-0.00017062899132724851,0.8788127303123474,0.019625741988420486,0.10978544503450394,0.020007913932204247,-0.0002496971283107996,3.4881304600276053e-06,0.00011834945325972512,7.311716336555474e-13,0.6088264584541321,0.022577863186597824,0.01117201428860426,-9.502520697424188e-05,0,0,0,0,0,0,0,0,0,0,5
0.5573608875274658,0.024083981290459633,0.013305159285664558,-0.00017707428196445107,0.8980376720428467,0.019385816529393196,0.10983363538980484,0.01860840804874897,-0.0002322314539924264,3.244158961024368e-06,0.00011007165448972955,7.306872121248809e-13,0.6203558444976807,0.022471491247415543,0.01180242095142603,-0.00011578701378311962,0,0,0,0,1,0,0,0,0,0,16
0.5708410739898682,0.02391011267900467,0.013593733310699463,-0.0001787206274457276,0.9159461259841919,0.019162321463227272,0.10987015813589096,0.01735578291118145,-0.0002165988553315401,3.0257888283813372e-06,0.00010266251774737611,2.1908512330692798e-12,0.6324701309204102,0.022349078208208084,0.012359198182821274,-0.00012675255129579455,0,0,0,0,1,0,0,0,0,0,16
0.5845668315887451,0.02373705990612507,0.013807428069412708,-0.0001789825182640925,0.9326713681221008,0.01895359344780445,0.1098981574177742,0.016226228326559067,-0.00020250200759619474,2.828868218784919e-06,9.598121687304229e-05,0.0,0.6450831294059753,0.022216327488422394,0.012803077697753906,-0.00013758977001998574,0,0,0,0,1,0,0,0,0,0,8
0.5984664559364319,0.023560423403978348,0.013960096053779125,-0.00018269139400217682,0.9483256340026855,0.018758226186037064,0.10991983860731125,0.015200760215520859,-0.00018970428209286183,2.6500938474782743e-06,8.991555660031736e-05,0.0,0.6580815315246582,0.02207377180457115,0.013143875636160374,-0.00014541822019964457,0,0,0,0,0,0,0,1,0,0,6
0.6124956011772156,0.0233826395124197,0.014075225219130516,-0.0001820115721784532,0.9630044102668762,0.018575036898255348,0.10993677377700806,0.014264073222875595,-0.00017801451031118631,2.486798621248454e-06,8.437504584435374e-05,7.294096967050412e-13,0.6713749170303345,0.02192557230591774,0.01340403314679861,-0.00015042330778669566,0,0,0,0,0,1,0,0,0,0,6
0.6266200542449951,0.023203380405902863,0.014158214442431927,-0.00018513797840569168,0.9767894148826599,0.018403002992272377,0.10995011031627655,0.013403679244220257,-0.00016727691399864852,2.336802026547957e-06,7.928576087579131e-05,0.0,0.6848921775817871,0.021772734820842743,0.01360177993774414,-0.0001547154097352177,0,0,0,0,0,1,0,0,0,0,14
0.6408137679100037,0.02302188239991665,0.01421935111284256,-0.0001839303586166352,0.9897510409355164,0.018241239711642265,0.10996069759130478,0.012609302066266537,-0.00015736318891867995,2.198313495682669e-06,7.458694017259404e-05,3.6450624961957556e-13,0.6985790133476257,0.021616587415337563,0.013750441372394562,-0.0001573248882777989,0,0,0,0,0,0,0,0,0,0,4
0.655058741569519,0.022841110825538635,0.014263356104493141,-0.00018658711633179337,1.0019506216049194,0.018088990822434425,0.10996914654970169,0.011872390285134315,-0.00014816659677308053,2.0698421394627076e-06,7.022800855338573e-05,0.0,0.7123929858207703,0.021458005532622337,0.013861235231161118,-0.0001595493667991832,0,0,0,1,0,0,0,0,0,0,6
0.6693410873413086,0.022657979279756546,0.01429600641131401,-0.00018913634994532913,1.013441562652588,0.017945587635040283,0.10997592657804489,0.011185781098902225,-0.00013959773059468716,1.95013967640989e-06,6.616660539293662e-05,-5.465327626227867e-13,0.7263028025627136,0.021297458559274673,0.01394538301974535,-0.00016123199020512402,0,0,0,0,0,1,0,0,0,0,13
