lt_dp_posx,lt_dp_posy,lt_dp_velx,lt_dp_vely,ball_posx,ball_posy,ball_posz,ball_vel_x,ball_vel_y,ball_rot_x,ball_rot_y,ball_rot_z,rt_gk_posx,rt_gk_posy,rt_gk_velx,rt_gk_vely,action_left,action_top_left,action_top,action_top_right,action_right,action_bottom_right,action_bottom,action_bottom_left,action_sprint,action_dribble,sel_action
-1.0110293626785278,-0.0,0.0,-0.0,0.019999999552965164,-0.0,0.11061639338731766,0.0,-0.0,0.0,-0.0,0.0,1.0110293626785278,0.0,-0.0,0.0,0,0,0,0,0,0,0,0,0,0,5
0.0015069420915096998,1.6727272345029576e-10,0.003586255246773362,2.424576095449993e-10,0.019999999552965164,-0.0,0.11059734225273132,0.0,-0.0,0.0,-0.0,0.0,1.0109632015228271,-5.891762772103348e-13,-0.0006619621999561787,-5.891763205784217e-12,0,0,0,0,1,0,0,0,0,0,5
0.004762208089232445,-6.74800715305679e-10,0.0052583664655685425,-3.190705200051269e-10,0.019999999552965164,-0.0,0.10930104553699493,0.0,-0.0,0.0,-0.0,0.0,1.007768154144287,-2.2851207037710708e-11,-0.004207386635243893,-2.400060532259385e-11,0,0,0,0,1,0,0,0,0,0,13
0.009853105992078781,-1.7050819645092474e-09,0.006805261597037315,-2.233076085156327e-10,0.02441572956740856,5.551662948799496e-11,0.12515734136104584,0.008686966262757778,1.0956515555937685e-10,1.0162499097451927e-12,-2.3294936909223907e-05,2.4404480172823817e-13,1.0026906728744507,-4.072896186979591e-11,-0.005775339435786009,-1.0720451436296852e-11,0,0,0,0,1,0,0,0,1,0,0
0.017438050359487534,-1.7865569024166916e-09,0.00819813646376133,-2.8658331263642367e-10,0.0327858068048954,1.616625028288965e-10,0.11810864508152008,0.008115350268781185,1.0323047278104625e-10,1.4421125968736015e-12,-4.8004716518335044e-05,-3.4722428741228317e-19,0.9961044192314148,4.521879051755384e-11,-0.007231095340102911,1.6949028291968204e-10,0,0,0,0,1,0,0,0,1,0,5
0.026320859789848328,-2.3068911225720967e-09,0.009414422325789928,-4.715436929814132e-10,0.0406792014837265,2.6206964376385145e-10,0.11456679552793503,0.007701075170189142,9.796075756129952e-11,1.368510231351816e-12,-4.555463237920776e-05,8.679911190369798e-20,0.9881436228752136,1.7949240704862035e-10,-0.008531177416443825,1.0002801364983327e-10,0,0,0,0,1,0,0,0,1,0,18
0.035477615892887115,-4.2532088961877434e-09,0.009781286120414734,-2.3058382980778447e-10,0.04814177006483078,3.5699643241571266e-10,0.11179496347904205,0.007265619933605194,9.242160509126407e-11,1.2910890889381021e-12,-4.297744817449711e-05,-1.735843685321357e-19,0.9790472984313965,2.515371244626863e-10,-0.009335489943623543,2.543519839193209e-10,0,0,0,0,1,0,0,0,1,0,13
0.04355791211128235,-8.049775068741383e-09,0.009783407673239708,-1.2367387669520724e-10,0.055173974484205246,4.464488778666009e-10,0.11102653294801712,0.014519360847771168,2.9955957870697603e-05,3.727342345882789e-07,-3.368022953509353e-05,-3.83517466673311e-08,0.9695028066635132,4.5670317527779503e-10,-0.009924523532390594,1.7329040979952026e-10,0,0,0,0,1,0,0,0,1,0,18
0.05371503904461861,-8.462105682838228e-09,0.010675586760044098,-6.379245742760276e-11,0.06926606595516205,2.9384240406216122e-05,0.1442793905735016,0.013984810560941696,2.9193230147939175e-05,3.800513468377176e-07,-4.278338383301161e-05,-2.453305469884981e-08,0.9590960144996643,5.754409726499432e-10,-0.010777922347187996,7.258967732459709e-11,0,0,0,0,1,0,0,0,1,0,13
0.06444263458251953,4.605452886607964e-06,0.01093398965895176,7.952848136483226e-06,0.08294986188411713,5.814212272525765e-05,0.12247231602668762,0.01322369184345007,2.8132324587204494e-05,3.931641003873665e-07,-7.490111602237448e-05,-1.4883946297672423e-09,0.9481951594352722,3.531813490553759e-07,-0.01080527063459158,8.776730737736216e-07,0,0,0,0,1,0,0,0,1,0,18
0.07580429315567017,1.713478377496358e-05,0.011687594465911388,1.6478810721309856e-05,0.09587041288614273,8.563810115447268e-05,0.11547597497701645,0.01263141818344593,2.688082167878747e-05,3.7550913134509756e-07,-7.4716292147059e-05,1.3669076179105566e-13,0.9369930624961853,1.9213966879760846e-06,-0.011505099013447762,2.1223149815341458e-06,0,0,0,0,1,0,0,0,1,0,5
0.08784979581832886,3.649198333732784e-05,0.012330885976552963,2.0923591364407912e-05,0.10813553631305695,0.00011173942766617984,0.11361419409513474,0.011960387229919434,2.5452793124713935e-05,3.555768444130081e-07,-7.075034955050796e-05,0.0,0.9251608848571777,4.671525402955012e-06,-0.012094132602214813,3.0629587399744196e-06,0,0,0,0,1,0,0,0,1,0,0
0.10047826915979385,6.038516221451573e-05,0.012850936502218246,2.6768839234136976e-05,0.1197257786989212,0.00013640453107655048,0.11140701919794083,0.011291095055639744,2.402848440397065e-05,3.3567656032573723e-07,-6.679067882942036e-05,4.554571712725268e-14,0.9127786755561829,8.072359378274996e-06,-0.012599019333720207,3.730846401595045e-06,0,0,0,0,1,0,0,0,1,0,18
0.11347614973783493,9.081879397854209e-05,0.013245782814919949,3.2591116905678064e-05,0.13066142797470093,0.00015967660874594003,0.10943201929330826,0.010650033131241798,2.2664249627268873e-05,3.166194915138476e-07,-6.29988280707039e-05,-4.5537880378424683e-14,0.899957001209259,1.2227953448018525e-05,-0.012988903559744358,4.495385837799404e-06,0,0,0,0,1,0,0,0,1,0,16
0.12544023990631104,-0.00021071231458336115,0.01340507809072733,2.695513285289053e-05,0.1409759521484375,0.00018162683409173042,0.11077039688825607,0.010045470669865608,2.1377682060119696e-05,2.9863898021176283e-07,-5.9421199694043025e-05,-4.553090082693931e-14,0.8867981433868408,1.7005993868224323e-05,-0.013286225497722626,5.047008016845211e-06,0,0,0,0,1,0,0,0,1,0,5
0.13677868247032166,-0.0007642204873263836,0.013405084609985352,1.3477886568580288e-05,0.1524999588727951,0.00016474706353619695,0.13431943953037262,0.01541098952293396,-0.00010408704110886902,-2.4687568611625466e-07,-5.040091127739288e-05,-1.693451565643045e-07,0.8733821511268616,2.2419324523070827e-05,-0.01351272314786911,5.701900136045879e-06,0,0,0,0,1,0,0,0,1,0,16
0.1501665860414505,-0.0007579402299597859,0.01334442850202322,2.165659225283889e-06,0.16779574751853943,6.148403190309182e-05,0.14442460238933563,0.015209349803626537,-0.00010268074402119964,-2.5581331897228665e-07,-5.070242696092464e-05,-1.7629554349696264e-07,0.8597712516784668,2.714336005738005e-05,-0.013683823868632317,1.4498721156996908e-06,0,0,0,0,1,0,0,0,1,0,0
0.16366727650165558,-0.0007382116746157408,0.01361650601029396,4.062170773977414e-05,0.18259155750274658,-3.750810355995782e-05,0.1264744997024536,0.014362858608365059,-9.524170309305191e-05,-1.3074989055894548e-06,-8.431527385255322e-05,-2.6709608746955382e-08,0.8460135459899902,2.2257685486692935e-05,-0.013812148943543434,-9.88978808891261e-06,0,0,0,0,1,0,0,0,1,0,16
0.17740003764629364,-0.0006679408252239227,0.013818810693919659,9.36888245632872e-05,0.196607768535614,-0.00013044690422248095,0.11853640526533127,0.013678597286343575,-9.070015948964283e-05,-1.2670421938310028e-06,-8.091141353361309e-05,-5.469475783739797e-13,0.8321455717086792,6.5430340328020975e-06,-0.01390891894698143,-1.9610230083344504e-05,0,0,0,0,1,0,0,0,1,0,0
0.1913052648305893,-0.0005647183861583471,0.013969224877655506,9.641862561693415e-05,0.2098999172449112,-0.00021858450782019645,0.11482895910739899,0.012961987406015396,-8.594844985054806e-05,-1.2007027407889836e-06,-7.667510362807661e-05,0.0,0.818195104598999,-1.3058301192359067e-05,-0.013981145806610584,-1.9589537259889767e-05,0,0,0,0,1,0,0,0,1,0,13
0.20533882081508636,-0.00048212919500656426,0.01408089604228735,7.162360998336226e-05,0.22246092557907104,-0.00030187409720383584,0.11187004297971725,0.012233158573508263,-8.111572969937697e-05,-1.133134674091707e-06,-7.236030069179833e-05,1.822322674704946e-13,0.8041828274726868,-3.2623738661641255e-05,-0.014035842381417751,-1.9542289010132663e-05,0,0,0,0,1,0,0,0,1,0,5
0.21883311867713928,-0.00019063001673202962,0.014141342602670193,4.862854984821752e-05,0.2343134731054306,-0.00038046613917686045,0.11102617532014847,0.011543527245521545,-7.654297951376066e-05,-1.0692905334508396e-06,-6.828325422247872e-05,-3.6439140550445503e-13,0.7901240587234497,-5.2195682656019926e-05,-0.01407651323825121,-1.9638429876067676e-05,0,0,0,0,1,0,0,0,1,0,16
0.23063071072101593,0.0007112660096026957,0.01412139367312193,2.6486777642276138e-05,0.24596939980983734,-0.00043441460002213717,0.11940385401248932,0.01566682755947113,0.00012951392272952944,-8.950302543553335e-08,-4.9248348659602925e-05,-4.2652750664728956e-08,0.7760308980941772,-7.191897020675242e-05,-0.01410596538335085,-1.9790993974311277e-05,0,0,0,0,1,0,0,0,1,0,5
0.24434766173362732,0.0007252970826812088,0.013386151753365993,4.184712906862842e-06,0.26135340332984924,-0.0003081336908508092,0.15070177614688873,0.015289329923689365,0.00012545243953354657,1.159750624424305e-07,-5.391394006437622e-05,1.398159099608165e-07,0.7619118690490723,-9.061886521521956e-05,-0.014128404669463634,-1.4083691894484218e-05,0,0,0,0,1,0,0,0,1,0,0
0.2577929198741913,0.0007132086320780218,0.013568121008574963,-3.427489718887955e-05,0.2763596177101135,-0.00018592493142932653,0.12326239049434662,0.014547287486493587,0.0001166055299108848,1.5070169183672988e-06,-8.362768858205527e-05,1.0888895474181481e-07,0.7477735280990601,-9.404464071849361e-05,-0.014145934954285622,5.3014091463410296e-06,0,0,0,0,1,0,0,0,1,0,18
0.27148428559303284,0.0006411784561350942,0.013782522641122341,-0.00010239646508125588,0.290578156709671,-7.198587263701484e-05,0.11392202228307724,0.013893184252083302,0.00011133191583212465,1.5550615444226423e-06,-8.217031427193433e-05,0.0,0.7336211204528809,-7.80630434746854e-05,-0.0141578558832407,2.472444248269312e-05,0,0,0,0,1,0,0,0,1,0,18
0.2853582799434662,0.0005151727236807346,0.013942052610218525,-0.00012561002222355455,0.30407750606536865,3.6189758247928694e-05,0.11455562710762024,0.013164171017706394,0.000105490064015612,1.4736382354385569e-06,-7.786783680785447e-05,-3.6457008202248065e-13,0.7194583415985107,-5.160891669220291e-05,-0.014166271314024925,2.6239233193336986e-05,0,0,0,0,1,0,0,0,1,0,6
0.29936864972114563,0.0004059085331391543,0.014060735702514648,-9.590661647962406e-05,0.3168431222438812,0.00013848571688868105,0.11013070493936539,0.012438845820724964,9.967770893126726e-05,1.392523813592561e-06,-7.358173752436414e-05,-1.822436515933057e-13,0.7052876949310303,-2.5634046323830262e-05,-0.01417398452758789,2.5757921321201138e-05,0,0,0,0,0,1,0,0,1,0,6
0.31241273880004883,0.0012317766668274999,0.013778229244053364,0.00023161052376963198,0.3288893699645996,0.00023501727264374495,0.10925760865211487,0.011733615770936012,9.402641444467008e-05,1.3135609151504468e-06,-6.940926687093452e-05,0.0,0.6911109685897827,3.624916757871688e-07,-0.014178893528878689,2.69565025519114e-05,0,0,0,0,0,1,0,0,1,0,6
0.325310617685318,0.0020722097251564264,0.013208039104938507,0.0002844588889274746,0.3418286144733429,0.002048106398433447,0.14391805231571198,0.014261217787861824,0.0035077345091849566,1.777004035830032e-05,-5.252194750937633e-05,2.7843184398079757e-06,0.6769297122955322,2.8903225029353052e-05,-0.014183100312948227,2.9836828616680577e-05,0,0,0,0,0,1,0,0,1,0,12
0.3378640413284302,0.003337133675813675,0.012393558397889137,0.0019227346638217568,0.3559933602809906,0.005532034207135439,0.1315336674451828,0.01408359780907631,0.0034641926176846027,1.777004035830032e-05,-5.252194750937633e-05,2.7843184398079757e-06,0.6627455353736877,6.526985816890374e-05,-0.014185204170644283,8.217596769100055e-05,0,0,0,0,0,1,0,0,1,0,12
0.3497864007949829,0.00588705250993371,0.01165691576898098,0.0026381362695246935,0.36957216262817383,0.008842594921588898,0.126028910279274,0.0132673978805542,0.003224299056455493,4.5045384467812255e-05,-7.848485984141007e-05,-1.166663553958669e-11,0.6485710144042969,0.000420965749071911,-0.014159959740936756,0.0005793601740151644,0,0,0,0,0,1,0,0,1,0,12
0.36173057556152344,0.00857385341078043,0.012164256535470486,0.002712824149057269,0.38248950242996216,0.011981808580458164,0.11855366826057434,0.012612945400178432,0.003065250813961029,4.2822095565497875e-05,-7.461114000761881e-05,5.832107800168851e-12,0.6344448924064636,0.001273100613616407,-0.0140926418825984,0.0010749654611572623,0,0,0,0,0,1,0,0,1,0,12
0.37412887811660767,0.01129381638020277,0.012574827298521996,0.002720616990700364,0.39472949504852295,0.014956415630877018,0.11109712719917297,0.011935307644307613,0.0029005692340433598,4.052212898386642e-05,-7.060376810841262e-05,-1.166184076389909e-11,0.6203937530517578,0.002558101899921894,-0.014023220166563988,0.001414768979884684,0,0,0,0,0,1,0,0,1,0,18
0.3868758976459503,0.014026589691638947,0.012864435091614723,0.002762218937277794,0.4062895178794861,0.017765797674655914,0.11251485347747803,0.011261572130024433,0.0027368348091840744,3.823328734142706e-05,-6.66158230160363e-05,0.0,0.6064087748527527,0.0041229682974517345,-0.013951694592833519,0.0016874673310667276,0,0,0,0,0,1,0,0,1,0,12
0.39985042810440063,0.016835128888487816,0.013054819777607918,0.0028451806865632534,0.4171980917453766,0.020416846498847008,0.10795048624277115,0.0106229018419981,0.0025816219858825207,3.606557220336981e-05,-6.283890979830176e-05,0.0,0.5925030708312988,0.005965390242636204,-0.013859832659363747,0.001986984396353364,0,0,0,0,0,1,0,0,1,0,5
0.4127614498138428,0.019938085228204727,0.012886705808341503,0.0028283291030675173,0.4274872839450836,0.022917365655303,0.11134260147809982,0.01002171915024519,0.00243552029132843,3.40237129421439e-05,-5.928126483922824e-05,-1.4569803696851125e-11,0.5787153244018555,0.008152239955961704,-0.013725196942687035,0.0023498418740928173,0,0,0,0,1,0,0,0,1,0,5
0.4245213568210602,0.022963780909776688,0.011616425588726997,0.0021887770853936672,0.4371958374977112,0.02527676708996296,0.10855652391910553,0.00945727713406086,0.0022983464878052473,3.210806971765123e-05,-5.594355025095865e-05,-2.913569125545523e-12,0.5650743842124939,0.010699886828660965,-0.013568471185863018,0.0027088671922683716,0,0,0,0,1,0,0,0,1,0,6
0.43407726287841797,0.0247212965041399,0.00823070015758276,0.0012858061818405986,0.4885347783565521,0.024961626157164574,0.5642300248146057,0.060715436935424805,-0.0012179187033325434,2.0394716557348147e-05,8.822883614811872e-07,0.0024395661894232035,0.5516457557678223,0.013685234822332859,-0.013299548998475075,0.0032248394563794136,0,0,0,0,0,1,0,0,1,0,17
0.44192346930503845,0.026046939194202423,0.007356966380029917,0.0012747409055009484,0.5475977063179016,0.023358700796961784,1.0221481323242188,0.05775265023112297,-0.0019110195571556687,2.0394716557348147e-05,8.822883614811872e-07,0.0024395661894232035,0.538521945476532,0.017198357731103897,-0.012972424738109112,0.0037470501847565174,0,0,0,0,0,1,0,0,1,1,7
0.4489467442035675,0.02689155749976635,0.0068804798647761345,0.0006602711509913206,0.6038430333137512,0.021088341251015663,1.3666375875473022,0.055047716945409775,-0.00255726370960474,2.0394716557348147e-05,8.822883614811872e-07,0.0024395661894232035,0.526110053062439,0.021042097359895706,-0.011354334652423859,0.0036348423454910517,0,0,0,0,0,0,1,0,1,1,16
0.45511913299560547,0.027502190321683884,0.005915936082601547,0.0007506763213314116,0.6575076580047607,0.018197719007730484,1.6040709018707275,0.052563779056072235,-0.0031563511583954096,2.0394716557348147e-05,8.822883614811872e-07,0.0024395661894232035,0.5169720649719238,0.024073999375104904,-0.007043866440653801,0.002414857968688011,0,0,0,0,0,0,1,0,1,1,11
0.45942386984825134,0.028865337371826172,0.0029343015048652887,0.0019068067194893956,0.7087956666946411,0.014733436517417431,1.7399402856826782,0.05027088150382042,-0.0037094673607498407,2.0394716557348147e-05,8.822883614811872e-07,0.0024395661894232035,0.5128734707832336,0.02552722580730915,-0.0015588367823511362,0.000714143505319953,0,0,0,0,0,0,1,0,1,1,5
0.4610632359981537,0.03167852386832237,0.0008071170304901898,0.0034446921199560165,0.7578840851783752,0.010740353725850582,1.77901029586792,0.04814435914158821,-0.004218749236315489,2.0394716557348147e-05,8.822883614811872e-07,0.0024395661894232035,0.5145728588104248,0.025966603308916092,0.003477054415270686,0.00022877917217556387,0,0,0,0,1,0,0,0,1,1,15
0.46246370673179626,0.03491409495472908,0.0024120162706822157,0.00237957201898098,0.8049277663230896,0.006260851863771677,1.7254436016082764,0.04616362228989601,-0.00468689389526844,2.0394716557348147e-05,8.822883614811872e-07,0.0024395661894232035,0.5189481973648071,0.026039686053991318,0.005093041807413101,-5.877759394934401e-05,0,0,0,0,1,0,0,0,0,1,13
0.4665619432926178,0.0361759252846241,0.005142559297382832,0.00045420671813189983,0.8500626683235168,0.0013344426406547427,1.5829044580459595,0.04431125894188881,-0.005116882734000683,2.0394716557348147e-05,8.822883614811872e-07,0.0024395661894232035,0.5248711705207825,0.02580554597079754,0.006588767748326063,-0.00032072432804852724,0,0,0,0,1,0,0,0,1,1,4
0.47264981269836426,0.035964205861091614,0.006324085872620344,-0.0011119383852928877,0.8934087753295898,-0.00400240533053875,1.3546479940414429,0.042572446167469025,-0.005511786323040724,2.0394716557348147e-05,8.822883614811872e-07,0.0024395661894232035,0.5322213172912598,0.025401653721928596,0.007947403006255627,-0.00047652344801463187,0,0,0,1,0,0,0,0,1,1,8
0.4791398048400879,0.03386985883116722,0.006375588476657867,-0.0028236014768481255,0.9350724816322327,-0.009716278873383999,1.0435923337936401,0.04093436896800995,-0.005874631926417351,2.0394716557348147e-05,8.822883614811872e-07,0.0024395661894232035,0.5408305525779724,0.024825775995850563,0.00911916047334671,-0.0006543106865137815,0,0,0,0,0,0,0,1,1,1,18
0.4865472912788391,0.032248739153146744,0.0069291358813643456,-0.0029723388142883778,0.9751483201980591,-0.015776727348566055,0.6523821353912354,0.03938590735197067,-0.006208320148289204,2.0394716557348147e-05,8.822883614811872e-07,0.0024395661894232035,0.5503041744232178,0.024117205291986465,0.009855101816356182,-0.0007581197423860431,0,0,0,0,0,0,0,1,1,0,18
0.49445879459381104,0.030784957110881805,0.008122770115733147,-0.002385188592597842,1.0137202739715576,-0.022156111896038055,0.1834397166967392,0.037917353212833405,-0.00651557557284832,2.0394716557348147e-05,8.822883614811872e-07,0.0024395661894232035,0.560631513595581,0.023289628326892853,0.010690268129110336,-0.000883175409398973,0,0,0,0,0,0,0,1,1,0,18
