lt_dp_posx,lt_dp_posy,lt_dp_velx,lt_dp_vely,ball_posx,ball_posy,ball_posz,ball_vel_x,ball_vel_y,ball_rot_x,ball_rot_y,ball_rot_z,rt_gk_posx,rt_gk_posy,rt_gk_velx,rt_gk_vely,action_left,action_top_left,action_top,action_top_right,action_right,action_bottom_right,action_bottom,action_bottom_left,action_sprint,action_dribble,sel_action
-1.0110293626785278,-0.0,0.0,-0.0,0.019999999552965164,-0.0,0.11061639338731766,0.0,-0.0,0.0,-0.0,0.0,1.0110293626785278,0.0,-0.0,0.0,0,0,0,0,0,0,0,0,0,0,5
0.0011741208145394921,1.364561103001094e-10,0.0034112120047211647,2.39630232323762e-10,0.019999999552965164,-0.0,0.11059734225273132,0.0,-0.0,0.0,-0.0,0.0,1.0097103118896484,-1.053061197270333e-11,-0.0033988673239946365,-2.5076950932456654e-11,0,0,0,0,1,0,0,0,0,0,5
0.004355048295110464,-9.983348592257357e-10,0.005103932693600655,-2.578988689272421e-10,0.019999999552965164,-0.0,0.10930104553699493,0.0,-0.0,0.0,-0.0,0.0,1.005424976348877,-3.4275877275335986e-11,-0.0050032841973006725,-2.029609813547495e-11,0,0,0,0,1,0,0,0,0,0,13
0.008538314141333103,-3.462048869806722e-09,0.006663437932729721,-2.9444008342593975e-10,0.022722704336047173,-5.369803560140163e-11,0.12282465398311615,0.008984892629086971,-1.7676360375418199e-10,-1.5230929039690422e-13,-1.8995540813193657e-05,-4.546411803887235e-13,0.9995788931846619,-4.5175412022313566e-11,-0.0065179429948329926,-1.7381629989488001e-12,0,0,0,0,1,0,0,0,1,0,18
0.01598997786641121,-3.5634126760442086e-09,0.008070972748100758,7.850647215645878e-11,0.031380198895931244,-2.2271184896283103e-10,0.1136370524764061,0.008366111665964127,-1.622822987101813e-10,-2.278670524838433e-12,-4.9652790039544925e-05,0.0,0.9922854900360107,5.628588706230175e-10,-0.007902874611318111,5.113587331351255e-10,0,0,0,0,1,0,0,0,1,0,13
0.02475563809275627,-4.040080714418082e-09,0.009305556304752827,-5.076573050821764e-10,0.039517030119895935,-3.8054925877162304e-10,0.11435746401548386,0.00794003251940012,-1.5401990793861842e-10,-2.151610703840512e-12,-4.696716132457368e-05,1.7360614664670058e-19,0.9837011694908142,8.961936193152553e-10,-0.009114601649343967,1.7492440829158795e-10,0,0,0,0,1,0,0,0,1,0,16
0.034479111433029175,-5.169040750985232e-09,0.010254036635160446,-2.804458332228421e-10,0.04721947759389877,-5.299605754238712e-10,0.1102282926440239,0.007505617570132017,-1.4559321803719882e-10,-2.033939639975446e-12,-4.439852273208089e-05,3.471838331104505e-19,0.9743693470954895,1.0608923739496845e-09,-0.009437869302928448,1.9645571280868523e-10,0,0,0,0,1,0,0,0,1,0,0
0.042502839118242264,-1.4973132067552797e-08,0.009685560129582882,-1.5893855676019086e-10,0.05448368564248085,-6.708709143765645e-10,0.10938470810651779,0.007070214953273535,-1.3714732127745322e-10,-1.9159352923625583e-12,-4.1822637285804376e-05,-1.7357843609618005e-19,0.9644050598144531,1.2141908589669015e-09,-0.010371208190917969,1.0701232261434157e-10,0,0,0,0,1,0,0,0,1,0,5
0.051580291241407394,-1.9610800094937986e-08,0.010337285697460175,-9.285331531438956e-11,0.06574800610542297,1.7677570212981664e-05,0.14239628612995148,0.014027789235115051,2.9305814678082243e-05,3.805136259416031e-07,-4.348843503976241e-05,-2.4706105605787343e-08,0.9536177515983582,2.0936518296821305e-08,-0.010990395210683346,1.3104583729273145e-07,0,0,0,0,1,0,0,0,1,0,13
0.062205880880355835,1.8252670770380064e-06,0.010675542056560516,5.271378540783189e-06,0.07965981960296631,4.676334356190637e-05,0.11350950598716736,0.013696781359612942,2.8752991056535393e-05,3.833103789929737e-07,-4.824214556720108e-05,-1.9500236092540035e-08,0.9426805973052979,5.052413598605199e-07,-0.011172715574502945,7.977543532433629e-07,0,0,0,0,1,0,0,0,1,0,5
0.07325635105371475,1.1081955562985968e-05,0.011405261233448982,1.27171279018512e-05,0.09280692040920258,7.47152153053321e-05,0.11875072121620178,0.012887864373624325,2.7437166863819584e-05,3.833222592675156e-07,-7.624142017448321e-05,-1.3670177999563354e-13,0.9311493039131165,1.6332699033227982e-06,-0.011804524809122086,1.407676791131962e-06,0,0,0,0,1,0,0,0,1,0,16
0.08503962308168411,2.833636972354725e-05,0.012080897577106953,1.9670513211167417e-05,0.10532154142856598,0.0001013577712001279,0.10667920857667923,0.012209479697048664,2.5992945666075684e-05,3.631366780609824e-07,-7.222659041872248e-05,4.555775854763085e-14,0.9190320372581482,3.354610271344427e-06,-0.012362704612314701,2.089554072881583e-06,0,0,0,0,1,0,0,0,1,0,18
0.09745142608880997,5.010229142499156e-05,0.012659587897360325,2.4107441277010366e-05,0.11715810000896454,0.00012655678438022733,0.1103602945804596,0.011535903438925743,2.455895628372673e-05,3.430909316648467e-07,-6.823955482104793e-05,9.109766841699715e-14,0.9064158201217651,6.1349119278020225e-06,-0.012806584127247334,3.3636576972639887e-06,0,0,0,0,1,0,0,0,1,0,18
0.11036387085914612,7.793957047397271e-05,0.013101013377308846,3.095455394941382e-05,0.1283315122127533,0.00015034402895253152,0.11027603596448898,0.01088267844170332,2.3168278858065605e-05,3.2365736046813254e-07,-6.437434058170766e-05,9.108134439803767e-14,0.8934142589569092,1.0106270565302111e-05,-0.013147382065653801,4.287864612706471e-06,0,0,0,0,1,0,0,0,1,0,13
0.12327875196933746,-5.0688424380496144e-05,0.013404903002083302,3.237801502109505e-05,0.13887085020542145,0.00017278136510867625,0.10931514203548431,0.010264716111123562,2.185269295296166e-05,3.052818158266746e-07,-6.0719474276993424e-05,-9.106676865508131e-14,0.8801179528236389,1.4759443729417399e-05,-0.013407538644969463,4.966255346516846e-06,0,0,0,0,1,0,0,0,1,0,16
0.1362370103597641,-0.001863190089352429,0.013405032455921173,1.888682891149074e-05,0.1488126963376999,0.00019394667469896376,0.11076347529888153,0.009682689793407917,2.0613608285202645e-05,2.87965036704918e-07,-5.727525058318861e-05,-2.2763458191977712e-14,0.8665978312492371,2.008779665629845e-05,-0.013604585081338882,5.619643161480781e-06,0,0,0,0,1,0,0,0,1,0,5
0.14956115186214447,-0.0021843460854142904,0.013405084609985352,5.395432253862964e-06,0.16382825374603271,-3.665814801934175e-05,0.1548154056072235,0.015509046614170074,-0.0002565655158832669,-7.443182425959094e-07,-5.069772669230588e-05,-4.4432985646380985e-07,0.852908194065094,2.249208409921266e-05,-0.013753245584666729,-7.403373842862493e-07,0,0,0,0,1,0,0,0,1,0,0
0.1629745215177536,-0.0021672723814845085,0.013516930863261223,5.011674147681333e-05,0.1791805624961853,-0.00029038896900601685,0.10312295705080032,0.01503717340528965,-0.0002472722844686359,-1.2437046734703472e-06,-5.777960177510977e-05,-7.273511073435657e-07,0.839091420173645,1.8043256204691716e-05,-0.01386404037475586,-7.424470823025331e-06,0,0,0,0,1,0,0,0,1,0,5
0.17662137746810913,-0.00204299995675683,0.013742552138864994,0.0001869810512289405,0.19365909695625305,-0.0005257088341750205,0.12097139656543732,0.014247585088014603,-0.00023149399203248322,-3.2342600206902716e-06,-8.428723231190816e-05,1.4588116955746577e-12,0.8251792788505554,4.246689513820456e-06,-0.013947486877441406,-2.185298035328742e-05,0,0,0,0,1,0,0,0,1,0,5
0.19045907258987427,-0.001792776514776051,0.013909094035625458,0.000270199408987537,0.20749416947364807,-0.0007504999521188438,0.1172947958111763,0.013526659458875656,-0.00021978050062898546,-3.070468210353283e-06,-8.001864625839517e-05,0.0,0.8111957311630249,-2.845931339834351e-05,-0.014009896665811539,-4.16058610426262e-05,0,0,0,0,1,0,0,0,1,0,13
0.2044418603181839,-0.001556189963594079,0.01403742004185915,0.00020714574202429503,0.22061023116111755,-0.0009636091417632997,0.11216963082551956,0.012777877040207386,-0.00020761429914273322,-2.9003044801356737e-06,-7.558405923191458e-05,-3.6452538578791993e-13,0.7971588969230652,-8.037334191612899e-05,-0.014056879095733166,-5.741397399106063e-05,0,0,0,0,1,0,0,0,1,0,5
0.21853359043598175,-0.001383286784403026,0.014131911098957062,0.0001453397999284789,0.23298245668411255,-0.0011646327329799533,0.10966363549232483,0.012046403251588345,-0.00019572940072976053,-2.7343396595824743e-06,-7.125888805603608e-05,3.6444436878058095e-13,0.7830821871757507,-0.00013757613487541676,-0.014091940596699715,-5.702345515601337e-05,0,0,0,0,1,0,0,0,1,0,0
0.23267342150211334,0.0002387855784036219,0.014139799401164055,8.918209641706198e-05,0.24464379251003265,-0.0013541057705879211,0.11078713089227676,0.011353492736816406,-0.00018447097681928426,-2.576986389613012e-06,-6.715817289659753e-05,7.287439965711351e-13,0.7689757347106934,-0.0001943665265571326,-0.014117185026407242,-5.659455564455129e-05,0,0,0,0,1,0,0,0,1,0,0
0.2466457337141037,0.0009378171525895596,0.013680142350494862,3.2355659641325474e-05,0.2590639889240265,-0.0012319751549512148,0.15332436561584473,0.015699828043580055,0.00025076529709622264,-6.786268436087539e-09,-5.4323791118804365e-05,1.861410368064753e-07,0.7548474073410034,-0.0002485146978870034,-0.014136819168925285,-5.125348980072886e-05,0,0,0,0,1,0,0,0,1,0,0
0.26007771492004395,0.0009414833621121943,0.013462760485708714,-2.354864773224108e-05,0.27464839816093445,-0.000983075238764286,0.12300873547792435,0.015453727915883064,0.00024649928673170507,9.274705092821023e-08,-5.5394899391103536e-05,2.6273227149431477e-07,0.7407025098800659,-0.00029614349477924407,-0.01415084395557642,-4.46589219791349e-05,0,0,0,0,1,0,0,0,1,0,5
0.27367857098579407,0.0008470263564959168,0.013702581636607647,-0.00015944776532705873,0.289473295211792,-0.000751993793528527,0.1273992657661438,0.014534699730575085,0.0002254369464935735,3.1495442271989305e-06,-8.598327985964715e-05,-7.294795735350579e-13,0.7265452146530151,-0.0003345159057062119,-0.014162063598632812,-2.7449730623629875e-05,0,0,0,0,1,0,0,0,1,0,0
0.2874821722507477,0.0006123152561485767,0.013878240250051022,-0.00028263902640901506,0.30362942814826965,-0.0005324285593815148,0.11555494368076324,0.013822130858898163,0.00021438479598145932,2.9950490443297895e-06,-8.176551637006924e-05,-3.646494456215066e-13,0.7123786807060242,-0.0003437503764871508,-0.014169776812195778,5.6748290262476075e-06,0,0,0,0,1,0,0,0,1,0,6
0.301268070936203,0.0006478824652731419,0.013900184072554111,-0.00024468512856401503,0.3170199990272522,-0.0003247365530114621,0.11249549686908722,0.013039037585258484,0.00020223879255354404,2.8252025003894232e-06,-7.712868682574481e-05,0.0,0.6982052326202393,-0.0003198416670784354,-0.014176088385283947,3.88312510040123e-05,0,0,0,0,0,1,0,0,1,0,5
0.3144055902957916,0.0017395380418747663,0.013536825776100159,0.0001320610026596114,0.3296448886394501,-0.00012892029189970344,0.10983729362487793,0.012290985323488712,0.0001906363177113235,2.663188752194401e-06,-7.270566857187077e-05,0.0,0.6840265989303589,-0.0002800377260427922,-0.014180295169353485,4.0598755731480196e-05,0,0,0,0,1,0,0,0,1,0,6
0.3274235725402832,0.002244052244350314,0.012577631510794163,0.0008109065820463002,0.3438728451728821,0.002929824637249112,0.15245528519153595,0.014353986829519272,0.003352564526721835,1.7479222151450813e-05,-5.441985558718443e-05,2.3932773274282226e-06,0.6698442101478577,-0.00023846815747674555,-0.014183801598846912,4.2363590182503685e-05,0,0,0,0,0,1,0,0,1,0,12
0.33976131677627563,0.003974792547523975,0.0120247108861804,0.0024649337865412235,0.3580580949783325,0.006237572059035301,0.1155802309513092,0.013792404904961586,0.003186082234606147,3.7920352042419836e-05,-7.498375634895638e-05,4.0818376874085516e-06,0.6556609869003296,-0.00010287584882462397,-0.014178893528878689,0.00030771008459851146,0,0,0,0,0,1,0,0,1,0,12
0.3516048192977905,0.0065086460672318935,0.011939511634409428,0.0025483695790171623,0.371515691280365,0.009343622252345085,0.11115763336420059,0.013199294917285442,0.0030463056173175573,4.256081592757255e-05,-7.808587542967871e-05,5.8331907012987294e-12,0.6414998173713684,0.00044719266588799655,-0.014141728170216084,0.0007481942302547395,0,0,0,0,0,1,0,0,1,0,6
0.36381053924560547,0.009083189070224762,0.012408985756337643,0.002584652742370963,0.3843211829662323,0.012299040332436562,0.10618650913238525,0.012498235329985619,0.0028845060151070356,4.0298928070114926e-05,-7.393600390059873e-05,1.1663806205597371e-11,0.6273928284645081,0.00143209018278867,-0.01407791581004858,0.0011547758476808667,0,0,0,0,0,1,0,0,1,0,9
0.37643173336982727,0.01166547928005457,0.012780287303030491,0.002577323466539383,0.3964364230632782,0.015095147304236889,0.11318293958902359,0.01180634368211031,0.0027248216792941093,3.806538006756455e-05,-6.983815546846017e-05,0.0,0.6133459806442261,0.00273873726837337,-0.014019012451171875,0.001430730801075697,0,0,0,0,0,1,0,0,1,0,12
0.3893505334854126,0.014283772557973862,0.013018355704843998,0.0026551445480436087,0.40787360072135925,0.017734769731760025,0.11169116944074631,0.011140088550746441,0.0025710538029670715,3.591695713112131e-05,-6.589648546651006e-05,-5.829609798363444e-12,0.5993651747703552,0.004320648033171892,-0.013947486877441406,0.0017053915653377771,0,0,0,0,0,1,0,0,1,0,12
0.40246590971946716,0.016982819885015488,0.013186651282012463,0.0027326447889208794,0.41866254806518555,0.02022477239370346,0.10876810550689697,0.010507291182875633,0.002425008686259389,3.387762262718752e-05,-6.215493340278044e-05,-2.9143163576828e-12,0.585472047328949,0.006202210672199726,-0.013842652551829815,0.002035783836618066,0,0,0,0,0,1,0,0,1,0,5
0.4151186943054199,0.02012725919485092,0.012372476048767567,0.0025279095862060785,0.42883968353271484,0.022573595866560936,0.11124712228775024,0.009913148358464241,0.0022878851741552353,3.1961273634806275e-05,-5.863904516445473e-05,0.0,0.5716984272003174,0.008426276966929436,-0.013713977299630642,0.002377633471041918,0,0,0,0,1,0,0,0,1,0,14
0.4262661933898926,0.022634543478488922,0.010230611078441143,0.0016547561390325427,0.44953128695487976,0.02444198541343212,0.1616635024547577,0.06465180963277817,0.0004022731154691428,4.581690973282093e-06,-4.58198155683931e-06,0.001251540845260024,0.5580734610557556,0.0110088512301445,-0.013529553078114986,0.002789975143969059,0,0,0,0,0,0,0,0,1,0,17
0.4349830448627472,0.02393471822142601,0.008374802768230438,0.0012873177183791995,0.5123702883720398,0.024597108364105225,0.3415890038013458,0.06140494346618652,-4.24325953645166e-05,4.581690973282093e-06,-4.58198155683931e-06,0.001251540845260024,0.5446921586990356,0.014082985930144787,-0.013252917677164078,0.003305034711956978,0,0,0,0,0,0,0,0,1,1,5
0.4424207806587219,0.025078289210796356,0.007059995085000992,0.0007891198620200157,0.5721328854560852,0.024324798956513405,0.4064040184020996,0.058460529893636703,-0.0004556226485874504,4.581690973282093e-06,-4.58198155683931e-06,0.001251540845260024,0.5316129326820374,0.017665982246398926,-0.012930351309478283,0.0038085514679551125,0,0,0,0,1,0,0,0,1,1,17
0.44908714294433594,0.025644784793257713,0.006129811983555555,0.0005209560040384531,0.6290957927703857,0.023656735196709633,0.3622197210788727,0.05577315390110016,-0.0008371744188480079,4.581690973282093e-06,-4.58198155683931e-06,0.001251540845260024,0.5203611850738525,0.021023381501436234,-0.009588634595274925,0.0029108598828315735,0,0,0,0,1,0,0,0,1,1,18
0.4554581940174103,0.026159660890698433,0.006929565686732531,0.0004886154783889651,0.6834952235221863,0.022624149918556213,0.2144283950328827,0.053305916488170624,-0.0011879432713612914,4.581690973282093e-06,-4.58198155683931e-06,0.001251540845260024,0.513481616973877,0.02314772643148899,-0.004495242144912481,0.0014079815009608865,0,0,0,0,1,0,0,0,1,0,11
0.4632149636745453,0.026509813964366913,0.008402502164244652,0.0002028554299613461,0.7324654459953308,0.021368518471717834,0.16776812076568604,0.04500174522399902,-0.0012705492554232478,2.6552324925432913e-06,-2.6977824745699763e-05,0.0011458194348961115,0.512260913848877,0.023919450119137764,0.0016461400082334876,0.0006228542770259082,0,0,0,0,1,0,0,0,1,0,12
0.4722577631473541,0.02645229361951351,0.009328828193247318,-0.0002267257950734347,0.7765723466873169,0.019976207986474037,0.1747291535139084,0.04338472709059715,-0.0014889128506183624,2.6552324925432913e-06,-2.6977824745699763e-05,0.0011458194348961115,0.515781819820404,0.024424318224191666,0.00434693181887269,0.00038215419044718146,0,0,0,0,1,0,0,0,1,0,5
0.48181480169296265,0.026208193972706795,0.009972558356821537,-0.0002627167268656194,0.8177798390388489,0.018440723419189453,0.13127416372299194,0.037615224719047546,-0.0014733084244653583,-8.298288776131812e-07,-5.563515514950268e-05,0.0009776039514690638,0.5210186839103699,0.02463340386748314,0.005942232441157103,2.3499629605794325e-05,0,0,0,0,1,0,0,0,1,0,2
0.49231112003326416,0.025918548926711082,0.010897832922637463,-0.0003119119501207024,0.8541572093963623,0.01693180948495865,0.11503249406814575,0.034085944294929504,-0.0014644815819337964,-4.569332304527052e-06,-8.278356835944578e-05,0.0007940125651657581,0.5277678966522217,0.024629412218928337,0.007386768702417612,-3.499277590890415e-05,0,1,0,0,0,0,0,0,1,0,6
0.5036073327064514,0.02559022419154644,0.01166940201073885,-0.0003426020557526499,0.885791540145874,0.015537177212536335,0.10907520353794098,0.02974005974829197,-0.001330154249444604,-1.1463770533737261e-05,-0.00012943029287271202,0.00041991667239926755,0.5360992550849915,0.02452557533979416,0.008837845176458359,-0.00014690204989165068,0,0,0,0,0,1,0,0,1,0,12
0.5156058669090271,0.02523382380604744,0.012321931309998035,-0.0003722222172655165,0.9137635827064514,0.014278348535299301,0.10947120934724808,0.026732509955763817,-0.0012048933422192931,-1.6831172615638934e-05,-0.0001581216638442129,0.0,0.5456510186195374,0.024317163974046707,0.009631222113966942,-0.0002188260987168178,0,0,0,0,0,1,0,0,1,0,15
0.528161346912384,0.02485092543065548,0.012790219858288765,-0.0003929127415176481,0.9392343759536743,0.013130328617990017,0.10956910252571106,0.024489562958478928,-0.0011037989752367139,-1.5419240298797376e-05,-0.00014485688006971031,-5.863710125092458e-12,0.5559866428375244,0.024066288024187088,0.010543711483478546,-0.0002575097023509443,0,0,0,0,0,1,0,0,0,0,6
0.5411472320556641,0.024452364072203636,0.013199505396187305,-0.00040695632924325764,0.9626356363296509,0.0120755759999156,0.10967351496219635,0.02255166508257389,-0.0010164539562538266,-1.41992077260511e-05,-0.00013339520955923945,0.0,0.5671591758728027,0.023775676265358925,0.011471590027213097,-0.00030273644370026886,0,0,0,0,0,1,0,0,0,0,18
0.554494321346283,0.02404102310538292,0.013501523993909359,-0.000417442963225767,0.9842376708984375,0.011101922951638699,0.10975021868944168,0.020857904106378555,-0.0009401126299053431,-1.3132852473063394e-05,-0.00012337722000665963,2.9259331502801134e-12,0.5791329145431519,0.023449013009667397,0.012116517871618271,-0.0003324540739413351,0,0,0,0,0,1,0,0,0,0,13
0.5680863857269287,0.023621119558811188,0.01370932999998331,-0.00042492221109569073,1.0042582750320435,0.010199547745287418,0.10980718582868576,0.01936250925064087,-0.0008727123495191336,-1.2191370842629112e-05,-0.00011453242041170597,5.8475503085519964e-12,0.5916421413421631,0.023092690855264664,0.012616435065865517,-0.00036409927997738123,0,0,0,0,0,1,0,0,1,0,6
