lt_dp_posx,lt_dp_posy,lt_dp_velx,lt_dp_vely,ball_posx,ball_posy,ball_posz,ball_vel_x,ball_vel_y,ball_rot_x,ball_rot_y,ball_rot_z,rt_gk_posx,rt_gk_posy,rt_gk_velx,rt_gk_vely,action_left,action_top_left,action_top,action_top_right,action_right,action_bottom_right,action_bottom,action_bottom_left,action_sprint,action_dribble,sel_action
-1.0110293626785278,-0.0,0.0,-0.0,0.019999999552965164,-0.0,0.11061639338731766,-0.0,0.0,0.0,-0.0,0.0,1.0110293626785278,0.0,-0.0,0.0,0,0,0,0,0,0,0,0,0,0,5
4.2432238842593506e-05,1.1435171386187104e-11,0.0006617647595703602,5.902638187255116e-12,0.019999999552965164,-0.0,0.11059734225273132,-0.0,0.0,0.0,-0.0,0.0,1.0100501775741577,-7.528704049075685e-11,-0.003236181568354368,-2.3501611767784425e-10,0,0,0,0,1,0,0,0,0,0,5
0.003006343962624669,1.519210868217158e-10,0.004283255431801081,2.4557503600086683e-11,0.019999999552965164,-0.0,0.10930104553699493,-0.0,0.0,0.0,-0.0,0.0,1.0059254169464111,-3.033686080122777e-10,-0.00484480569139123,-2.0306796522095993e-10,0,0,0,0,1,0,0,0,0,0,5
0.005976468790322542,-3.3696587742326756e-09,0.005899906158447266,-4.061201375193946e-10,0.019999999552965164,-0.0,0.11075475811958313,-0.0,0.0,0.0,-0.0,0.0,1.0002306699752808,-4.257901808912834e-10,-0.0063720871694386005,-4.051920951542165e-11,0,0,0,0,1,0,0,0,0,0,13
0.01208920031785965,-4.593852853673752e-09,0.0073885549791157246,-2.0980049642016496e-10,0.027032172307372093,-7.443552441088741e-10,0.12263628840446472,0.008516501635313034,-9.026289715663438e-10,3.3428318706868465e-12,1.0543466487433761e-05,-4.577760913393458e-12,0.9930757880210876,1.3043745250573835e-10,-0.0077724456787109375,5.391655455433408e-10,0,0,0,0,1,0,0,0,1,0,5
0.020219670608639717,-4.707123135716529e-09,0.00871203001588583,-1.5276328813040863e-10,0.035118091851472855,-1.6028715021931816e-09,0.11659227311611176,0.007836710661649704,-8.325730105340767e-10,1.1631228098718527e-11,4.635773439076729e-05,-2.7776433388364744e-18,0.9846126437187195,5.029195948580423e-10,-0.00900100264698267,2.1954070505980638e-10,0,0,0,0,1,0,0,0,1,0,18
0.029574085026979446,-4.8208845804254e-09,0.00985137652605772,-5.97535840252128e-11,0.04272056370973587,-2.4105579754518658e-09,0.10804443806409836,0.007411785889416933,-7.874290108844662e-10,1.1000459224086434e-11,4.38437273260206e-05,2.08306722310121e-18,0.975313127040863,6.672000174567927e-10,-0.009335489943623543,1.937797144968556e-10,0,0,0,0,1,0,0,0,1,0,18
0.03764845058321953,-7.215888331302267e-09,0.009381383657455444,-1.6773514521783994e-10,0.04989614710211754,-3.1728932814445443e-09,0.11133810132741928,0.006985857151448727,-7.421782077798866e-10,1.0368182874753717e-11,4.1323717596242204e-05,1.3886073262420094e-18,0.9654421806335449,8.112871485721485e-10,-0.010284255258738995,9.150532415125312e-11,0,0,0,0,1,0,0,0,1,0,18
0.04662322998046875,-8.615012703216962e-09,0.010248931124806404,-1.0084947460464733e-10,0.06034240871667862,1.421307388227433e-05,0.14029298722743988,0.013894399628043175,2.801882328640204e-05,2.854333160939859e-07,8.133003575494513e-06,3.5940200859840843e-07,0.9547167420387268,6.3186917920177166e-09,-0.011003718711435795,5.4887280498405744e-08,0,0,0,0,1,0,0,0,1,0,0
0.05721496790647507,1.2053963018843206e-06,0.01067549828439951,4.047034508403158e-06,0.07414660602807999,4.204139986541122e-05,0.12644606828689575,0.013696864247322083,2.757061338343192e-05,2.781109174065932e-07,8.929601790441666e-06,3.6752527421413106e-07,0.9437978863716125,3.5003299103664176e-07,-0.011102592572569847,5.974091550342564e-07,0,0,0,0,1,0,0,0,1,0,18
0.06819243729114532,9.047557796293404e-06,0.011330799199640751,1.0950956493616104e-05,0.08698377758264542,6.690605368930846e-05,0.12638936936855316,0.012362970039248466,2.345892607991118e-05,-9.692339375533265e-08,4.907097900286317e-05,3.781183011142275e-07,0.9323297739028931,1.2268493492229027e-06,-0.011747725307941437,1.10883070192358e-06,0,0,0,0,1,0,0,0,1,0,5
0.07990812510251999,2.430333915981464e-05,0.012014280073344707,1.793173396436032e-05,0.09894806146621704,8.939824328990653e-05,0.11752033978700638,0.01165801752358675,2.18367586057866e-05,-3.050634518331208e-07,6.896236300235614e-05,4.555041307791226e-14,0.9202682971954346,2.5898914373101434e-06,-0.012311514467000961,1.6434786402896862e-06,0,0,0,0,1,0,0,0,1,0,13
0.09226207435131073,4.392895789351314e-05,0.01260839868336916,2.1596519218292087e-05,0.11026550084352493,0.00011059705138904974,0.11176738888025284,0.011030832305550575,2.0661962480517104e-05,-2.88636215373117e-07,6.524883792735636e-05,0.0,0.9076964855194092,4.810219252249226e-06,-0.012767314910888672,2.720828888413962e-06,0,0,0,0,1,0,0,0,1,0,13
0.1051303893327713,6.885867333039641e-05,0.013062182813882828,2.7754806069424376e-05,0.12095726281404495,0.0001306239137193188,0.11096876114606857,0.010416521690785885,1.9511289792717434e-05,-2.7256916723672475e-07,6.161673809401691e-05,-4.553513599167558e-14,0.89472895860672,8.084246474027168e-06,-0.01311722956597805,3.580697239158326e-06,0,0,0,0,1,0,0,0,1,0,16
0.11833593994379044,-0.0011668783845379949,0.013238980434834957,2.1447833205456845e-05,0.13104644417762756,0.00014952203491702676,0.10908352583646774,0.009826471097767353,1.8406057279207744e-05,-2.5713231366353284e-07,5.8127105148741975e-05,2.276423915635508e-14,0.8814587593078613,1.1970816558459774e-05,-0.013384398072957993,4.1591324588807765e-06,0,0,0,0,1,0,0,0,1,0,13
0.13157497346401215,-0.0022505377419292927,0.013239067979156971,9.53246490098536e-06,0.1436956524848938,2.801639675453771e-05,0.1472119688987732,0.015533958561718464,-0.00025917438324540854,-6.126785478954844e-08,1.0369019946665503e-05,-7.978029543664888e-07,0.8679583072662354,1.6448961105197668e-05,-0.01358705386519432,4.733424702862976e-06,0,0,0,0,1,0,0,0,1,0,13
0.1448339819908142,-0.00224480452015996,0.01333785429596901,1.3209630196797661e-05,0.15912233293056488,-0.00022935237211640924,0.14561380445957184,0.015339046716690063,-0.00025590520817786455,-6.126785478954844e-08,1.0369019946665503e-05,-7.978029543664888e-07,0.8542835116386414,1.1691826330206823e-05,-0.01373992208391428,-1.609710670891218e-05,0,0,0,0,1,0,0,0,1,0,13
0.15832842886447906,-0.0021707138512283564,0.013610194437205791,0.00013720119022764266,0.1738136112689972,-0.0004734999092761427,0.12911385297775269,0.013999685645103455,-0.0002315860620001331,1.4584146583729307e-06,4.385926513350569e-05,-1.9177246031176765e-06,0.8404778838157654,-1.824602804845199e-05,-0.013854924589395523,-4.093597090104595e-05,0,0,0,0,1,0,0,0,1,0,16
0.17205318808555603,-0.0019525925163179636,0.013808993622660637,0.00028232173644937575,0.18739183247089386,-0.0006976893055252731,0.11690234392881393,0.01313749235123396,-0.00021649664267897606,3.024134912266163e-06,7.770542288199067e-05,-1.4582673176638528e-12,0.8265741467475891,-6.907883653184399e-05,-0.013940474949777126,-5.354369568522088e-05,0,0,0,0,1,0,0,0,1,0,5
0.18594971299171448,-0.0016748306807130575,0.013962037861347198,0.0002517369284760207,0.20016956329345703,-0.0009082574397325516,0.11498109251260757,0.01246606558561325,-0.00020543205027934164,2.869844820452272e-06,7.374030246865004e-05,-3.644902576375314e-13,0.81259685754776,-0.00012301147216930985,-0.01400498766452074,-5.424062692327425e-05,0,0,0,0,1,0,0,0,1,0,18
0.19997766613960266,-0.0014587113400921226,0.014076688326895237,0.0001880184281617403,0.21225759387016296,-0.0011074594222009182,0.1073337122797966,0.011778449639678001,-0.0001941005903063342,2.7116527689940995e-06,6.967558874748647e-05,-1.0932477796307682e-12,0.7985646724700928,-0.00017759478942025453,-0.014052671380341053,-5.475508442032151e-05,0,0,0,0,1,0,0,0,1,0,5
0.2140786051750183,-0.0013056289171800017,0.014122058637440205,0.00012583612988237292,0.2236698716878891,-0.0012955253478139639,0.11101735383272171,0.011116893962025642,-0.00018319861555937678,2.559207359809079e-06,6.575852603418753e-05,-3.6434830846809874e-13,0.7844913601875305,-0.0002320143103133887,-0.014089135453104973,-5.4138359701028094e-05,0,0,0,0,1,0,0,0,1,0,5
0.22815720736980438,-0.0012160988990217447,0.013973958790302277,6.225512333912775e-05,0.2360866218805313,-0.0014141725841909647,0.1366603672504425,0.015916742384433746,2.1618649043375626e-05,8.989376283352613e-07,1.2278230315132532e-05,-9.625376833355404e-07,0.7703875303268433,-0.000285794900264591,-0.014115081168711185,-5.348309423425235e-05,0,0,0,0,1,0,0,0,1,0,0
0.2417343109846115,-0.0010358867002651095,0.013312558643519878,5.693526873074006e-06,0.2518913447856903,-0.0013927222462370992,0.15771439671516418,0.015713166445493698,2.1334779376047663e-05,8.989376283352613e-07,1.2278230315132532e-05,-9.625376833355404e-07,0.7562606334686279,-0.00033579449518583715,-0.014135416597127914,-4.502543743001297e-05,0,0,0,0,1,0,0,0,1,0,13
0.2550466060638428,0.000700741249602288,0.013312578201293945,3.3214616905752337e-06,0.26723775267601013,-0.0013727350160479546,0.12169530242681503,0.014493736438453197,1.6071839127107523e-05,4.6283287247206317e-07,4.0969436668092385e-05,-1.262103381804991e-07,0.7421166300773621,-0.0003743179840967059,-0.01415084395557642,-3.319830648251809e-05,0,0,0,0,1,0,0,0,1,0,16
0.26835906505584717,0.0010163334663957357,0.013312522321939468,9.482557175033435e-07,0.2829265892505646,-0.0011328742839396,0.17423631250858307,0.015752354636788368,0.00026339030591771007,4.0460912487105816e-07,-7.777784389872977e-07,1.8099038356922392e-07,0.7279598712921143,-0.0004010660923086107,-0.014162063598632812,-2.1689567802241072e-05,0,0,0,0,1,0,0,0,1,0,18
0.2817557156085968,0.001001496217213571,0.013516930863261223,-4.7965339035727084e-05,0.29856836795806885,-0.0008713279385119677,0.134770467877388,0.015551915392279625,0.0002600568695925176,4.0460912487105816e-07,-7.777784389872977e-07,1.8099038356922392e-07,0.7137936949729919,-0.0004168660379946232,-0.014169776812195778,-1.0979357284668367e-05,0,0,0,0,1,0,0,0,1,0,0
0.2954024076461792,0.0008802315569482744,0.013742377050220966,-0.00018325219571124762,0.31310784816741943,-0.0006293781334534287,0.1370287537574768,0.014029025100171566,0.00023286649957299232,-9.92663331089716e-07,3.128904791083187e-05,1.908942067530006e-06,0.6996204853057861,-0.00042194820707663894,-0.014175387099385262,-2.5577949713806447e-07,0,0,0,0,1,0,0,0,1,0,7
0.30924004316329956,0.0006344352150335908,0.01390891894698143,-0.0002656764700077474,0.32683050632476807,-0.00040184875251725316,0.11793907731771469,0.013180725276470184,0.00021800796093884856,-2.38095913118741e-06,6.290179589996114e-05,1.1727454420906724e-06,0.6854416131973267,-0.0004116420750506222,-0.01418099645525217,1.9796174456132576e-05,0,0,0,0,0,0,1,0,1,0,6
0.323078453540802,0.0005906602018512785,0.013970520347356796,-0.00021635017765220255,0.3396287262439728,-0.00019027097732760012,0.11499188840389252,0.012490256689488888,0.00020647040219046175,-2.8842800929851364e-06,7.388158701360226e-05,7.289858820758166e-13,0.6712591648101807,-0.00038024314562790096,-0.014183801598846912,4.0893082768889144e-05,0,0,0,0,0,1,0,0,1,0,7
0.3360779285430908,0.0016543879173696041,0.01361004263162613,0.00015643560618627816,0.3517513871192932,1.0123056199518032e-05,0.1094159334897995,0.011815952137112617,0.00019532379519660026,-2.728719209699193e-06,6.989687244640663e-05,0.0,0.6570739150047302,-0.000329628266626969,-0.014186606742441654,5.5714255722705275e-05,0,0,0,0,0,0,1,0,1,0,12
0.34909817576408386,0.0022211617324501276,0.012725591659545898,0.0006778138922527432,0.36555197834968567,0.0027576819993555546,0.15521033108234406,0.014225628226995468,0.0033609725069254637,3.6201583952788496e-06,1.6110072465380654e-05,1.7479898815508932e-05,0.6428866386413574,-0.00026921657263301313,-0.014188009314239025,6.425479659810662e-05,0,0,0,0,0,0,1,0,1,0,12
0.36148619651794434,0.0038358664605766535,0.012148127891123295,0.0023421382065862417,0.3796709179878235,0.00609296141192317,0.11946146190166473,0.013959401287138462,0.0032939258962869644,2.3928982955112588e-06,1.7755039152689278e-05,1.8869544874178246e-05,0.6286979913711548,-0.00019485184748191386,-0.01418871060013771,0.00012692277960013598,0,0,0,0,0,0,1,0,1,0,16
0.3733261525630951,0.006389925722032785,0.011874647811055183,0.0025645610876381397,0.39274340867996216,0.009134906344115734,0.13028563559055328,0.012716414406895638,0.002944840583950281,-2.2740408894605935e-05,5.1151644584024325e-05,2.3988857719814405e-05,0.6145249605178833,0.00023429009888786823,-0.014152947813272476,0.0006762079428881407,0,0,0,0,0,0,1,0,1,0,5
0.38547444343566895,0.00898160133510828,0.012358146719634533,0.002600359497591853,0.40507832169532776,0.011982722207903862,0.11858461052179337,0.01201594341546297,0.0027701035141944885,-3.869883585139178e-05,7.10796084604226e-05,-1.1662115717570032e-11,0.6004154682159424,0.001211589085869491,-0.014066696166992188,0.0012231464497745037,0,0,0,0,1,0,0,0,1,0,12
0.3980538845062256,0.01157401129603386,0.012745576910674572,0.0025825637858361006,0.4167446792125702,0.01467223186045885,0.11102479696273804,0.011379615403711796,0.0026234076358377934,-3.66499662050046e-05,6.731638859491795e-05,-5.82999534065598e-12,0.5864107012748718,0.002700795652344823,-0.01395414862781763,0.0016838775482028723,0,0,0,0,1,0,0,0,1,0,6
0.41094836592674255,0.0141851045191288,0.01299942284822464,0.002644564025104046,0.4277704358100891,0.017214061692357063,0.11248774081468582,0.010743947699666023,0.0024768623989075422,-3.460153311607428e-05,6.355395453283563e-05,-1.1657982738888517e-11,0.5725285410881042,0.004616931546479464,-0.013818460516631603,0.0021055482793599367,0,0,0,0,0,1,0,0,1,0,5
0.42390066385269165,0.01703007146716118,0.01294135395437479,0.002654012758284807,0.4381802976131439,0.01961388811469078,0.10797764360904694,0.010139071382582188,0.002337417099624872,-3.2653948437655345e-05,5.9976755437674e-05,5.8280906142793576e-12,0.5588045716285706,0.006966181565076113,-0.01362211536616087,0.0025919820182025433,0,0,0,0,1,0,0,0,1,0,7
0.43584805727005005,0.019895389676094055,0.011680723167955875,0.002037148689851165,0.4480023682117462,0.02187822200357914,0.1113424226641655,0.00956772081553936,0.0022057006135582924,-3.0813185730949044e-05,5.6595727073727176e-05,2.91364371865499e-12,0.5453551411628723,0.009909795597195625,-0.013297094963490963,0.0032290031667798758,0,0,0,0,0,0,1,0,1,0,6
0.44586050510406494,0.02166915126144886,0.008467365987598896,0.0011533356737345457,0.49306151270866394,0.022203834727406502,0.3168620467185974,0.059457890689373016,-0.000594559998717159,1.0717855730035808e-05,3.0971561500336975e-05,0.0012454085517674685,0.5322695970535278,0.013481325469911098,-0.012901951558887959,0.0038489627186208963,0,0,0,0,0,1,0,0,1,0,12
0.45383331179618835,0.022892365232110023,0.00739483255892992,0.0011787317926064134,0.5510072112083435,0.02139326184988022,0.45650357007980347,0.05673636496067047,-0.0009807621827349067,1.0717855730035808e-05,3.0971561500336975e-05,0.0012454085517674685,0.5207757949829102,0.017066454514861107,-0.00988209992647171,0.003242792095988989,0,0,0,0,0,1,0,0,1,0,1
0.4609307050704956,0.023706208914518356,0.0068994127213954926,0.0005705790244974196,0.6063272953033447,0.020220240578055382,0.4248688817024231,0.05418439581990242,-0.001324003329500556,1.0717855730035808e-05,3.0971561500336975e-05,0.0012454085517674685,0.5136367082595825,0.019770435988903046,-0.004680016543716192,0.00222196988761425,1,0,0,0,0,0,0,0,1,0,13
0.46721673011779785,0.02422608621418476,0.00613261666148901,0.0005072098574601114,0.659175455570221,0.018726728856563568,0.2325219213962555,0.05177465081214905,-0.0016262298449873924,1.0717855730035808e-05,3.0971561500336975e-05,0.0012454085517674685,0.5117655396461487,0.021992158144712448,6.170833512442186e-05,0.0027406159788370132,1,0,0,0,0,0,0,0,1,0,6
0.4742223024368286,0.024662135168910027,0.007697414141148329,0.0003211806179024279,0.7059644460678101,0.017052263021469116,0.19089631736278534,0.04235880821943283,-0.0016842016484588385,1.2102129403501749e-05,5.43823407497257e-05,0.0011263658525422215,0.5146353840827942,0.024325111880898476,0.004691586829721928,0.0017288769595324993,0,0,0,0,0,1,0,0,1,0,0
0.4826842248439789,0.0247434601187706,0.009047634899616241,-0.00016232997586484998,0.7475404739379883,0.015266486443579197,0.21496085822582245,0.040932364761829376,-0.0018644386436790228,1.2102129403501749e-05,5.43823407497257e-05,0.0011263658525422215,0.5204771757125854,0.025461172685027122,0.006617868784815073,0.0007669035694561899,0,0,0,0,0,1,0,0,1,0,18
0.49199387431144714,0.02439754083752632,0.009428753517568111,-0.00038825723459012806,0.7870537638664246,0.013342257589101791,0.13018755614757538,0.03634393587708473,-0.00188297254499048,1.4226109669834841e-05,7.719679706497118e-05,0.0009730264428071678,0.5279020071029663,0.02605772763490677,0.008058197796344757,0.00040978906326927245,0,0,0,0,0,1,0,0,1,0,18
0.5019965171813965,0.02397557534277439,0.010444136336445808,-0.0004509134159889072,0.8226245045661926,0.011413445696234703,0.11860436946153641,0.03489409014582634,-0.0019605469424277544,1.4501008990919217e-05,7.990066660568118e-05,0.0009525177883915603,0.5366458296775818,0.026159994304180145,0.009263613261282444,-0.00016526742547284812,0,0,0,0,0,1,0,0,1,0,10
0.5129154920578003,0.023495271801948547,0.011306499131023884,-0.0005007081781513989,0.8545934557914734,0.009547458961606026,0.11372844129800797,0.030029626563191414,-0.0017951738554984331,2.1010120690334588e-05,0.00013961856893729419,0.0004053364973515272,0.5461035966873169,0.025803662836551666,0.009610616602003574,-0.00039881683187559247,0,0,0,0,0,1,0,0,1,0,1
0.5246523022651672,0.022979022935032845,0.01205144077539444,-0.0005411967285908759,0.8829989433288574,0.007835835218429565,0.10992758721113205,0.027204185724258423,-0.0016414666315540671,2.292913995916024e-05,0.0001609076134627685,-1.1747661003702614e-11,0.5563337206840515,0.025354783982038498,0.010528137907385826,-0.00048380691441707313,1,0,0,0,0,0,0,0,1,0,17
0.5370359420776367,0.02242252230644226,0.012628845870494843,-0.0005805502296425402,0.9089011549949646,0.006272932514548302,0.10954620689153671,0.024890871718525887,-0.0015018839621916413,2.0980129193048924e-05,0.00014723031199537218,-2.3460549475329273e-11,0.5674180388450623,0.024822978302836418,0.011395382694900036,-0.0005589266074821353,1,0,0,0,0,0,0,0,1,1,16
0.5488115549087524,0.021891724318265915,0.010116741992533207,-0.0004607900627888739,0.9326722621917725,0.004838609602302313,0.10965399444103241,0.022897690534591675,-0.0013816176215186715,1.930028884089552e-05,0.00013544182002078742,-5.858280440612651e-12,0.5791045427322388,0.024244297295808792,0.01186748780310154,-0.0006017473642714322,1,0,0,0,0,0,0,0,1,1,3
0.5566281676292419,0.021545181050896645,0.00663269218057394,-0.00029920204542577267,0.9545952677726746,0.0035158093087375164,0.10973581671714783,0.021159639582037926,-0.0012767455773428082,1.7835409380495548e-05,0.00012516196875367314,-5.8527765967042455e-12,0.5908716320991516,0.023635322228074074,0.012196778319776058,-0.0006470077787525952,0,0,1,0,0,0,0,0,1,1,17
0.562443196773529,0.021298851817846298,0.0050164032727479935,-0.0002202906325692311,0.9748972654342651,0.0022908130194991827,0.1097964271903038,0.01962825283408165,-0.001184343476779759,1.654470725043211e-05,0.0001161042891908437,-5.8482940712423215e-12,0.6035893559455872,0.022952664643526077,0.012890731915831566,-0.0006958200829103589,0,0,1,0,0,0,0,0,1,1,8
0.5675384402275085,0.02083825133740902,0.0031934971921145916,-0.00036361385718919337,0.9937639236450195,0.00115242600440979,0.10984192043542862,0.01826656423509121,-0.0011021809186786413,1.539699951536022e-05,0.00010805013153003529,5.844594339748932e-12,0.6166560053825378,0.02224118448793888,0.013197870925068855,-0.0007235404918901622,0,0,0,0,0,0,0,1,1,1,12
0.5713006258010864,0.020190928131341934,0.0015893460949882865,0.00010017501335823908,1.0113484859466553,9.139659960055724e-05,0.10987649112939835,0.017045848071575165,-0.001028524711728096,1.4368096344696824e-05,0.00010082967492053285,-2.920753482821281e-12,0.6299884915351868,0.02150562033057213,0.013432081788778305,-0.0007434039725922048,0,0,0,0,0,0,0,1,1,1,10
