lt_dp_posx,lt_dp_posy,lt_dp_velx,lt_dp_vely,ball_posx,ball_posy,ball_posz,ball_vel_x,ball_vel_y,ball_rot_x,ball_rot_y,ball_rot_z,rt_gk_posx,rt_gk_posy,rt_gk_velx,rt_gk_vely,action_left,action_top_left,action_top,action_top_right,action_right,action_bottom_right,action_bottom,action_bottom_left,action_sprint,action_dribble,sel_action
-1.0110293626785278,-0.0,0.0,-0.0,0.019999999552965164,-0.0,0.11061639338731766,-0.0,0.0,0.0,-0.0,0.0,1.0110293626785278,0.0,-0.0,0.0,0,0,0,0,0,0,0,0,0,0,5
0.0,-0.0,0.0,-0.0,0.019999999552965164,-0.0,0.11059734225273132,-0.0,0.0,0.0,-0.0,0.0,1.0110293626785278,0.0,-0.0,0.0,0,0,0,0,1,0,0,0,0,0,5
0.0008584571187384427,6.31864074951416e-11,0.0032361329067498446,2.5075197127022442e-11,0.019999999552965164,-0.0,0.10930104553699493,-0.0,0.0,0.0,-0.0,0.0,1.0089819431304932,-1.4662690506206388e-10,-0.003723537316545844,-2.399299370292596e-10,0,0,0,0,1,0,0,0,0,0,5
0.004070135299116373,-1.1033407520955052e-09,0.0049414923414587975,-2.770934315332596e-10,0.019999999552965164,-0.0,0.11075475811958313,-0.0,0.0,0.0,-0.0,0.0,1.0043776035308838,-3.568936812747836e-10,-0.005314630456268787,-1.64072269659421e-10,0,0,0,0,1,0,0,0,0,0,13
0.007871970534324646,-4.405483977620861e-09,0.006513637024909258,-3.710970974957206e-10,0.021814193576574326,-1.919535225214375e-10,0.11905936896800995,0.009004201740026474,-9.530071176655497e-10,2.920990543626295e-13,-2.5668914531706832e-06,-2.272282622478583e-12,0.9982317090034485,-2.9340169183100784e-10,-0.006807551719248295,6.665606955280623e-10,0,0,0,0,1,0,0,0,1,0,18
0.015182881616055965,-4.637022765763277e-09,0.007938067428767681,-8.555410546673414e-11,0.03035673499107361,-1.098009905220465e-09,0.10534955561161041,0.00817275419831276,-8.683166408118836e-10,6.0634010833060525e-12,2.2233871277421713e-05,-4.865467403969426e-12,0.9906662106513977,2.754304284646736e-10,-0.008160226047039032,4.512039908366461e-10,0,0,0,0,1,0,0,0,1,0,18
0.023825105279684067,-4.767021888341105e-09,0.009190707467496395,-1.3697155909486725e-10,0.03821047022938728,-1.933115889585224e-09,0.11269862204790115,0.007662375457584858,-8.147729713137153e-10,1.1381846853897315e-11,4.532364982878789e-05,0.0,0.9818469882011414,5.453975604474692e-10,-0.009317257441580296,1.0606295008930289e-10,0,0,0,0,1,0,0,0,1,0,0
0.03296341001987457,-5.7231801520174486e-09,0.009851382113993168,-2.371023377634174e-10,0.04564186930656433,-2.7233273414140058e-09,0.11210299283266068,0.007240790408104658,-7.699436088692835e-10,1.0756078319684725e-11,4.283177986508235e-05,6.94334423900034e-19,0.9724517464637756,7.19746318100789e-10,-0.009637720882892609,1.7415734132608662e-10,0,0,0,0,1,0,0,0,1,0,13
0.040885716676712036,-8.154317221453766e-09,0.009685585275292397,-1.2715165031984554e-10,0.052648138254880905,-3.468333398259915e-09,0.11100589483976364,0.006817336194217205,-7.249161826372585e-10,1.0126965238610453e-11,4.032659489894286e-05,1.3885677249701834e-18,0.9623057246208191,8.289031683261783e-10,-0.010538101196289062,4.824636176681274e-11,0,0,0,0,1,0,0,0,1,0,18
0.050809651613235474,-8.651723781838427e-09,0.010593323037028313,-7.154383335761239e-11,0.06588450074195862,2.538750777603127e-05,0.14662382006645203,0.013831733725965023,2.7887346732313745e-05,2.854333160939859e-07,8.133003575494513e-06,3.5940200859840843e-07,0.9514368772506714,5.5016563749177294e-08,-0.010879600420594215,2.1507484859739634e-07,0,0,0,0,1,0,0,0,1,0,0
0.061511363834142685,3.511102477204986e-06,0.010849535465240479,6.5499230004206765e-06,0.0794624388217926,5.255355790723115e-05,0.11541591584682465,0.012867785058915615,2.484861579432618e-05,2.920202923917259e-08,3.572785499272868e-05,4.6688651877957454e-07,0.9404253959655762,5.636109676743217e-07,-0.011310156434774399,7.466146598744672e-07,0,0,0,0,1,0,0,0,1,0,16
0.07279764115810394,1.4273947272158694e-05,0.011619224213063717,1.448333296139026e-05,0.09186188131570816,7.611839100718498e-05,0.11319675296545029,0.01208172645419836,2.2745614842278883e-05,-1.856381999232326e-07,5.814373434986919e-05,2.56864552738989e-07,0.9287715554237366,1.5983273442543577e-06,-0.011916019953787327,1.2575500250022742e-06,0,0,0,0,1,0,0,0,1,0,13
0.0847788006067276,3.170457057422027e-05,0.01227075606584549,1.8925651602330618e-05,0.10355120897293091,9.802042768569663e-05,0.11222615838050842,0.011410308070480824,2.137276533176191e-05,-2.985634068863874e-07,6.749296153429896e-05,-4.5547218069635215e-14,0.9165447354316711,3.1643573947803816e-06,-0.012460877187550068,1.957274434971623e-06,0,0,0,0,1,0,0,0,1,0,0
0.09735527634620667,5.315264206728898e-05,0.012805094011127949,2.3973423594725318e-05,0.11461616307497025,0.00011874631309183314,0.10859900712966919,0.010783788748085499,2.0199226128170267e-05,-2.821870168645546e-07,6.379093247232959e-05,0.0,0.9038431644439697,5.740919732488692e-06,-0.01288231648504734,3.08167795992631e-06,0,0,0,0,1,0,0,0,1,0,0
0.11039263755083084,-8.298049942823127e-05,0.01320716179907322,2.8767084586434066e-05,0.1250637322664261,0.00013831577962264419,0.10880786925554276,0.010176208801567554,1.9061151760979556e-05,-2.662842746303795e-07,6.019599095452577e-05,6.829857046673077e-14,0.8907760381698608,9.273957402911037e-06,-0.013204882852733135,3.7727477320004255e-06,0,0,0,0,1,0,0,0,1,0,5
0.123631551861763,-0.0019212791230529547,0.013239067979156971,1.6684309230186045e-05,0.1349201649427414,0.0001567779399920255,0.11073844879865646,0.00959957204759121,1.7981052224058658e-05,-2.511893626433448e-07,5.6783639593049884e-05,4.552602191716312e-14,0.8774299025535583,1.3381325516093057e-05,-0.013451716862618923,4.379527581477305e-06,0,0,0,0,1,0,0,0,1,0,18
0.1368706077337265,-0.0022479163017123938,0.013239067979156971,4.76623245049268e-06,0.14988969266414642,-7.532312156399712e-05,0.15853874385356903,0.015455832704901695,-0.00025785554316826165,-6.126785478954844e-08,1.0369019946665503e-05,-7.978029543664888e-07,0.8638719320297241,1.781674836820457e-05,-0.013637542724609375,3.1050167308421806e-06,0,0,0,0,1,0,0,0,1,0,18
0.1501993089914322,-0.002230672398582101,0.013456800021231174,5.137335756444372e-05,0.16522149741649628,-0.0003310824395157397,0.11716939508914948,0.015123102813959122,-0.00025209851446561515,4.855416335658447e-08,1.2795473594451323e-05,-9.663740456744563e-07,0.8501538634300232,1.3196592590247747e-05,-0.01377778872847557,-1.1178934073541313e-05,0,0,0,0,1,0,0,0,1,0,16
0.1637946218252182,-0.002100772922858596,0.013697322458028793,0.00019704112492036074,0.17935000360012054,-0.0005650188541039824,0.12572547793388367,0.013744492083787918,-0.0002271047414978966,1.7067466160369804e-06,4.9295384087599814e-05,-1.8289413219463313e-06,0.8363156914710999,-5.455567134049488e-06,-0.013882973231375217,-2.4782901164144278e-05,0,0,0,0,1,0,0,0,1,0,16
0.17759345471858978,-0.0018355009378865361,0.013875084929168224,0.0002877938386518508,0.19258323311805725,-0.0007832400733605027,0.11795040965080261,0.012886748649179935,-0.0002123645826941356,2.9668187835341087e-06,7.623204874107614e-05,1.4581516332920486e-12,0.8223870992660522,-3.681073212646879e-05,-0.013962212949991226,-3.6356726923258975e-05,0,0,0,0,1,0,0,0,1,0,16
0.19154727458953857,-0.001580764539539814,0.014012175612151623,0.00022536223696079105,0.205088272690773,-0.0009893141686916351,0.10695590823888779,0.012190422974526882,-0.00020088962628506124,2.8065267088095425e-06,7.21133328625001e-05,0.0,0.8083911538124084,-7.92672362877056e-05,-0.014021116308867931,-4.745333717437461e-05,0,0,0,0,1,0,0,0,1,0,5
0.20561762154102325,-0.0013896425953134894,0.014113328419625759,0.0001634537911741063,0.21690158545970917,-0.0011839887592941523,0.11112890392541885,0.011512037366628647,-0.0001897103211376816,2.650270744197769e-06,6.80983648635447e-05,0.0,0.7943452000617981,-0.00013177166692912579,-0.014064592309296131,-5.4312371503328905e-05,0,0,0,0,1,0,0,0,1,0,13
0.21971632540225983,-0.0012624298688024282,0.014122012071311474,0.00010066614777315408,0.2280525267124176,-0.0013677484821528196,0.11018563061952591,0.010860622860491276,-0.00017897547513712198,2.5002634629345266e-06,6.424394086934626e-05,-3.643232091878057e-13,0.7802618145942688,-0.00018632892169989645,-0.014096848666667938,-5.4752188589191064e-05,0,0,0,0,1,0,0,0,1,0,0
0.23367328941822052,-0.001197651494294405,0.013679967261850834,3.656666376627982e-05,0.24243292212486267,-0.0014055587816983461,0.1571343094110489,0.015835141763091087,2.148743260477204e-05,8.989376283352613e-07,1.2278230315132532e-05,-9.625376833355404e-07,0.7661502957344055,-0.00024130826932378113,-0.014122093096375465,-5.5161031923489645e-05,0,0,0,0,1,0,0,0,1,0,18
0.24705924093723297,-0.0003781621635425836,0.013312590308487415,4.744130364997545e-06,0.25815626978874207,-0.0013842073967680335,0.13814039528369904,0.015631891787052155,2.1261284928186797e-05,8.989376283352613e-07,1.2278230315132532e-05,-9.625376833355404e-07,0.7520177960395813,-0.00029669623472727835,-0.014140325598418713,-5.557277472689748e-05,0,0,0,0,1,0,0,0,1,0,0
0.2603715658187866,0.001015408313833177,0.013312522321939468,2.3724217044218676e-06,0.27344459295272827,-0.0012914232211187482,0.15094290673732758,0.0158751979470253,0.00026546051958575845,4.0460912487105816e-07,-7.777784389872977e-07,1.8099038356922392e-07,0.7378697395324707,-0.00035248856875114143,-0.014153649099171162,-5.5969812819967046e-05,0,0,0,0,1,0,0,0,1,0,13
0.2736872732639313,0.0010162886464968324,0.013344252482056618,-1.8706660966927302e-06,0.2892073392868042,-0.001027856138534844,0.17014317214488983,0.015671642497181892,0.00026204143068753183,4.0460912487105816e-07,-7.777784389872977e-07,1.8099038356922392e-07,0.7237098217010498,-0.00039952289080247283,-0.014164167456328869,-3.0216739105526358e-05,0,0,0,0,1,0,0,0,1,0,7
0.28718751668930054,0.0009696039487607777,0.013615629635751247,-0.00010001959162764251,0.30462515354156494,-0.000770231825299561,0.11693178117275238,0.014495953917503357,0.00024104746989905834,-6.417307645278925e-07,2.324438901268877e-05,1.7091239215005771e-06,0.7095411419868469,-0.00040597256156615913,-0.014171880669891834,1.3003313142689876e-05,0,0,0,0,0,0,1,0,1,0,16
0.30091768503189087,0.0007937816553749144,0.01381425280123949,-0.000235696803429164,0.318700909614563,-0.0005365453544072807,0.13001012802124023,0.01394007820636034,0.00023135286755859852,-1.017768113342754e-06,3.186332105542533e-05,1.9165418052580208e-06,0.6953662037849426,-0.00037043681368231773,-0.014176789671182632,4.7880675992928445e-05,0,0,0,0,0,0,1,0,1,0,0
0.314817875623703,0.0005336359026841819,0.013965018093585968,-0.00024291967565659434,0.33202800154685974,-0.00031591474544256926,0.12117227911949158,0.01289663277566433,0.0002131980290869251,-2.8381480206007836e-06,7.316975097637624e-05,3.304809013116028e-07,0.6811867952346802,-0.00032180489506572485,-0.01418099645525217,4.9245798436459154e-05,0,0,0,0,0,0,1,0,1,0,6
0.32833051681518555,0.0009286199347116053,0.013805284164845943,-0.0001605366269359365,0.3445596694946289,-0.00010876003943849355,0.11239105463027954,0.012229600921273232,0.00020216163829900324,-2.8242750431672903e-06,7.234455551952124e-05,-3.6446426389044606e-13,0.6670037508010864,-0.0002718096075113863,-0.014184502884745598,5.060824696556665e-05,0,0,0,0,0,1,0,0,1,0,12
0.3412551283836365,0.002017847029492259,0.013368270359933376,0.0001692476071184501,0.35699036717414856,0.0007347505888901651,0.128550723195076,0.014405917376279831,0.003407899057492614,4.592069672071375e-06,1.479921138525242e-05,1.6261019482044503e-05,0.6528183817863464,-0.00021739929798059165,-0.014186606742441654,5.875486749573611e-05,0,0,0,0,0,1,0,0,1,0,12
0.35408419370651245,0.0026797393802553415,0.012407583184540272,0.0014420885127037764,0.37122467160224915,0.004097894765436649,0.15288688242435455,0.01415556762367487,0.0033442992717027664,3.6201583952788496e-06,1.6110072465380654e-05,1.7479898815508932e-05,0.6386311650276184,-0.00015323053230531514,-0.014188009314239025,6.859825953142717e-05,0,0,0,0,0,1,0,0,1,0,12
0.3662535846233368,0.004860169719904661,0.01184169016778469,0.0025627787690609694,0.38504207134246826,0.007349487394094467,0.12132281810045242,0.013078269548714161,0.003039842937141657,-1.667886863288004e-05,4.316298145567998e-05,2.709334876271896e-05,0.6244440078735352,-2.2446132788900286e-05,-0.014182399027049541,0.00030551786767318845,0,0,0,0,0,1,0,0,1,0,18
0.37812766432762146,0.007422609254717827,0.012079407460987568,0.002589950105175376,0.3977731168270111,0.010298190638422966,0.11544486880302429,0.012467466294765472,0.002880722749978304,-2.771408253465779e-05,5.7602141168899834e-05,1.9192322724848054e-05,0.6102883815765381,0.0006002975278533995,-0.014125599525868893,0.0008819535723887384,0,0,0,0,0,1,0,0,1,0,12
0.3904600143432617,0.010020792484283447,0.012525039725005627,0.002595924772322178,0.4098235070705414,0.013076664879918098,0.10648500919342041,0.011762847192585468,0.0027117556892335415,-3.788523099501617e-05,6.958522862987593e-05,0.0,0.5962194204330444,0.0017977969255298376,-0.014014103449881077,0.001454993267543614,0,0,0,0,0,1,0,0,1,0,18
0.4031819701194763,0.012609802186489105,0.01286057848483324,0.00259958952665329,0.42123064398765564,0.01570640504360199,0.11318568885326385,0.011119981296360493,0.002563551999628544,-3.581251439754851e-05,6.577819294761866e-05,-1.1659155411958277e-11,0.5822651386260986,0.0034755305387079716,-0.013901205733418465,0.0018594830762594938,0,0,0,0,0,1,0,0,1,0,14
0.4161677956581116,0.01525052823126316,0.013076908886432648,0.002674751216545701,0.43200692534446716,0.018190715461969376,0.11169163882732391,0.010499090887606144,0.002420413540676236,-3.381259739398956e-05,6.210490391822532e-05,8.742930858451903e-12,0.5684388875961304,0.005555799230933189,-0.013760608620941639,0.002260299399495125,0,0,0,0,0,0,0,0,1,0,5
0.42886480689048767,0.018265755847096443,0.012461386620998383,0.0025556304026395082,0.4421776235103607,0.020535413175821304,0.10880304127931595,0.009906935505568981,0.0022839014418423176,-3.19062928610947e-05,5.860350574948825e-05,-2.913879641047723e-12,0.554792582988739,0.00808726903051138,-0.013521138578653336,0.002807000884786248,0,0,0,0,1,0,0,0,1,0,4
0.44022056460380554,0.020831219851970673,0.010659083724021912,0.0017490392783656716,0.45718705654144287,0.022668026387691498,0.14161399006843567,0.06347337365150452,0.0013569265138357878,-2.9035663828835823e-05,5.142922600498423e-05,0.001995533239096403,0.541458010673523,0.0112441536039114,-0.013171223923563957,0.0034406566992402077,0,0,0,1,0,0,0,0,1,0,6
0.44919919967651367,0.022167159244418144,0.008381464518606663,0.0012685664696618915,0.5189984440803528,0.023629728704690933,0.31650790572166443,0.06047318875789642,0.0006411983049474657,-2.9035663828835823e-05,5.142922600498423e-05,0.001995533239096403,0.5285745859146118,0.01498112827539444,-0.01233220100402832,0.0037632063031196594,0,0,0,0,0,1,0,0,1,0,18
0.45677462220191956,0.023343591019511223,0.007229342125356197,0.00097601895686239,0.5778809785842896,0.023887138813734055,0.2664681077003479,0.05759715661406517,-5.303649231791496e-05,-2.9035663828835823e-05,5.142922600498423e-05,0.001995533239096403,0.5180164575576782,0.01810338720679283,-0.008804657496511936,0.0024846866726875305,0,0,0,0,0,1,0,0,1,0,16
0.4635371267795563,0.023921767249703407,0.006132967304438353,0.0005072098574601114,0.6321179270744324,0.023568281903862953,0.1523740291595459,0.04868282005190849,-0.00035148102324455976,-2.605212648632005e-05,7.178236410254613e-05,0.0018302339594811201,0.5120351910591125,0.019717754796147346,-0.0034970396663993597,0.0009055770933628082,0,0,0,0,0,1,0,0,1,0,2
0.46983039379119873,0.024427998811006546,0.006772840861231089,0.0004963726387359202,0.6797734498977661,0.02296251244843006,0.14169611036777496,0.04680316150188446,-0.0008120771963149309,-2.605212648632005e-05,7.178236410254613e-05,0.0018302339594811201,0.511889636516571,0.01998353749513626,0.002723230980336666,0.0001551146706333384,0,1,0,0,0,0,0,0,1,0,12
0.47743773460388184,0.024825645610690117,0.00826120376586914,0.00028670119354501367,0.7223672270774841,0.02214771695435047,0.12606781721115112,0.040269821882247925,-0.000849793606903404,-1.952940147020854e-05,0.00010236137313768268,0.0015101076569408178,0.5154571533203125,0.020281676203012466,0.00425822613760829,0.00039377567009069026,0,1,0,0,0,0,0,0,1,0,3
0.4863876402378082,0.02489587292075157,0.009333737194538116,-0.00010706020839279518,0.7592472434043884,0.021350206807255745,0.10754489153623581,0.03441805765032768,-0.0007481007487513125,-2.7143942133989185e-06,0.00016273633809760213,0.0006747129955329001,0.5205854773521423,0.02050301618874073,0.005823724437505007,0.00013890163972973824,0,0,1,0,0,0,0,0,1,0,4
0.495829313993454,0.024781735613942146,0.009842651896178722,-0.00012723692634608597,0.7915059924125671,0.02064977027475834,0.10907872021198273,0.030720559880137444,-0.0006648130365647376,9.28661393118091e-06,0.00018170720431953669,1.472144281478016e-11,0.5274890661239624,0.020610326901078224,0.007436833344399929,0.00010336398554500192,0,0,0,1,0,0,0,0,1,0,12
0.506178081035614,0.02463960275053978,0.010790872387588024,-0.00016060401685535908,0.8206242918968201,0.020019633695483208,0.10934203863143921,0.02788115106523037,-0.0006033664685674012,8.428422006545588e-06,0.00016491532733198255,5.87652843053732e-12,0.5358148813247681,0.020669270306825638,0.008732972666621208,4.669038753490895e-05,0,0,0,1,0,0,0,0,1,0,8
0.5173730850219727,0.024470368400216103,0.011582087725400925,-0.00017940606630872935,0.8471511602401733,0.019445575773715973,0.10951101779937744,0.025475941598415375,-0.000551316246856004,7.70143378758803e-06,0.00015069061191752553,-2.933631202545195e-12,0.5453317761421204,0.020669301971793175,0.009778366424143314,3.5825526083499426e-06,0,0,0,0,0,0,0,1,1,0,7
0.5293141603469849,0.024284055456519127,0.012267343699932098,-0.00019868332310579717,0.8714656829833984,0.018919389694929123,0.1096317321062088,0.023409396409988403,-0.0005065946606919169,7.076783731463365e-06,0.0001384684001095593,1.4649962016069495e-12,0.5557479858398438,0.020646817982196808,0.010668457485735416,-1.8280345102539286e-05,0,0,0,0,0,0,1,0,1,0,2
0.5418583750724792,0.02407839335501194,0.012782990001142025,-0.0002137347182724625,0.8938666582107544,0.018434617668390274,0.10971949994564056,0.021611923351883888,-0.00046769625623710454,6.5334425016772e-06,0.00012783706188201904,0.0,0.5670087933540344,0.02059648372232914,0.011546924710273743,-5.001555473427288e-05,0,1,0,0,0,0,0,0,1,0,11
0.554856538772583,0.023861955851316452,0.013190937228500843,-0.0002236580039607361,0.9145933985710144,0.017986077815294266,0.10978428274393082,0.02003168873488903,-0.00043349910993129015,6.055760877643479e-06,0.00011849044676637277,0.0,0.5790128707885742,0.02052377164363861,0.012177721597254276,-6.657809717580676e-05,0,1,0,0,0,0,0,0,1,0,13
0.5682083964347839,0.02363581396639347,0.013498304411768913,-0.00023263556067831814,0.9338405728340149,0.017569556832313538,0.1098327562212944,0.018629323691129684,-0.0004031510034110397,5.6318363022000995e-06,0.00011019568046322092,-1.4613883020375695e-12,0.5915518999099731,0.020432716235518456,0.012668274343013763,-8.617326966486871e-05,0,1,0,0,0,0,0,0,1,0,18
0.5818197727203369,0.023403875529766083,0.013719826005399227,-0.0002359410864301026,0.9517685770988464,0.017181582748889923,0.10986948758363724,0.017374355345964432,-0.0003759924729820341,5.2524601414916106e-06,0.0001027726466418244,0.0,0.6045580506324768,0.020317967981100082,0.013100164011120796,-0.00010726194886956364,0,1,0,0,0,0,0,0,1,0,10
0.5956296920776367,0.023167764768004417,0.013893724419176579,-0.00024009402841329575,0.9685113430023193,0.016819261014461517,0.10989764332771301,0.016242850571870804,-0.00035150619805790484,4.910407824354479e-06,9.607980609871447e-05,1.45989839141214e-12,0.6178667545318604,0.020193083211779594,0.013374504633247852,-0.00011808318231487647,0,1,0,0,0,0,0,0,1,0,1
0.6095869541168213,0.022928446531295776,0.014015714637935162,-0.00024172133998945355,0.9841814041137695,0.016480151563882828,0.10991943627595901,0.0152157386764884,-0.00032927884603850543,4.599908606905956e-06,9.000439604278654e-05,0.0,0.6314250230789185,0.020053938031196594,0.01361853163689375,-0.0001353617844870314,1,0,0,0,0,0,0,0,1,0,1
0.6236522793769836,0.02268691174685955,0.014112954027950764,-0.00024470456992276013,0.9988743662834167,0.016162186861038208,0.10993646085262299,0.014277677051723003,-0.0003089784877374768,4.316327704145806e-06,8.445571438642219e-05,1.4588261154635518e-12,0.6451631188392639,0.019905462861061096,0.013767188414931297,-0.00014117726823315024,1,0,0,0,0,0,0,0,1,0,15
0.6378008127212524,0.022442569956183434,0.014185328967869282,-0.0002473924832884222,1.0126723051071167,0.015863588079810143,0.10994986444711685,0.013416112400591373,-0.00029033361352048814,4.055872523167636e-06,7.935950998216867e-05,2.1876001444348647e-12,0.6590296030044556,0.01975025236606598,0.013904924504458904,-0.00015451702347490937,1,0,0,0,0,0,0,0,0,0,9
