lt_dp_posx,lt_dp_posy,lt_dp_velx,lt_dp_vely,ball_posx,ball_posy,ball_posz,ball_vel_x,ball_vel_y,ball_rot_x,ball_rot_y,ball_rot_z,rt_gk_posx,rt_gk_posy,rt_gk_velx,rt_gk_vely,action_left,action_top_left,action_top,action_top_right,action_right,action_bottom_right,action_bottom,action_bottom_left,action_sprint,action_dribble,sel_action
-1.0110293626785278,-0.0,0.0,-0.0,0.019999999552965164,-0.0,0.11061639338731766,-0.0,0.0,0.0,-0.0,0.0,1.0110293626785278,0.0,-0.0,0.0,0,0,0,0,0,0,0,0,0,0,5
0.0015069420915096998,9.174210696683005e-11,0.003586255246773362,2.5862921179675702e-11,0.019999999552965164,-0.0,0.11059734225273132,-0.0,0.0,0.0,-0.0,0.0,1.0085934400558472,-1.7055430678869499e-10,-0.003884820267558098,-2.392741005330379e-10,0,0,0,0,1,0,0,0,0,0,5
0.00464782677590847,-1.8564798587306086e-09,0.005265382118523121,-3.6326505692407807e-10,0.019999999552965164,-0.0,0.10930104553699493,-0.0,0.0,0.0,-0.0,0.0,1.0038305521011353,-3.7194536339768547e-10,-0.0054703038185834885,-1.5051691837353331e-10,0,0,0,0,1,0,0,0,0,0,13
0.00921948254108429,-4.506941930770836e-09,0.00681169331073761,-3.145188554043443e-10,0.023584002628922462,-3.7888581161382717e-10,0.12418566644191742,0.008803398348391056,-9.313531057486557e-10,1.4795921649338184e-12,2.538643002480967e-06,-3.416231490402377e-12,0.9975366592407227,-2.2835568158630082e-10,-0.006950602866709232,6.533912300099587e-10,0,0,0,0,1,0,0,0,1,0,16
0.01681027188897133,-4.655686947074855e-09,0.008202935568988323,-7.154383335761239e-11,0.03196088224649429,-1.2668261994974728e-09,0.11617855727672577,0.007993858307600021,-8.488175717857871e-10,1.1187864003281422e-11,4.438766336534172e-05,-9.97578972553037e-13,0.989837646484375,3.078417798452193e-10,-0.008285746909677982,4.0857653371695335e-10,0,0,0,0,1,0,0,0,1,0,5
0.025697490200400352,-4.791060881359499e-09,0.009418520145118237,-1.1297969504386884e-10,0.039730194956064224,-2.0918331511410315e-09,0.11511452496051788,0.007578098215162754,-8.04702249279643e-10,1.1241584919885472e-11,4.4826800149166957e-05,6.943769203040039e-19,0.9809144139289856,5.170834316281514e-10,-0.009325672872364521,3.379837729133861e-11,0,0,0,0,1,0,0,0,1,0,18
0.03457627072930336,-6.208548342101494e-09,0.009487852454185486,-2.184487174483607e-10,0.04707711562514305,-2.8719862044113142e-09,0.10721345245838165,0.007154013495892286,-7.596693829547974e-10,1.0612574187496282e-11,4.231857747072354e-05,-6.943238256484357e-19,0.971478283405304,1.2362463275295e-09,-0.00973448995500803,6.968775556615014e-10,0,0,0,0,1,0,0,0,1,0,5
0.042578261345624924,-8.580380850276015e-09,0.009879671037197113,-1.2068075705418124e-10,0.05475374311208725,2.9161358270357596e-06,0.11805135011672974,0.014280557632446289,2.9196711693657562e-05,3.38617610395886e-07,2.294853175044409e-06,2.890495522933634e-07,0.961243748664856,1.7315522349292678e-09,-0.010619443841278553,3.105343759912671e-10,0,0,0,0,1,0,0,0,1,0,18
0.052944768220186234,7.225368392482778e-08,0.010675630532205105,8.091726613201899e-07,0.0686461552977562,3.095549254794605e-05,0.14384551346302032,0.013800475746393204,2.7824196877190843e-05,2.854333160939859e-07,8.133003575494513e-06,3.5940200859840843e-07,0.9503563046455383,1.702492227195762e-07,-0.010805971920490265,5.569619361267542e-07,0,0,0,0,1,0,0,0,1,0,18
0.06370651721954346,5.073016382084461e-06,0.01101673487573862,8.288241588161327e-06,0.08200079947710037,5.742290886701085e-05,0.12317443639039993,0.012640985660254955,2.420397686364595e-05,-2.5372356660113837e-08,4.154718408244662e-05,4.404358264764596e-07,0.9392877221107483,1.3434366792353103e-06,-0.011376773938536644,1.6506397741977707e-06,0,0,0,0,1,0,0,0,1,0,18
0.07514198124408722,1.7373202354065143e-05,0.011754298582673073,1.58006096171448e-05,0.09425072371959686,8.059960964601487e-05,0.11358180642127991,0.011894912458956242,2.227987533842679e-05,-3.1288703894460923e-07,7.052048749756068e-05,-4.5553875748600633e-14,0.9275738596916199,3.6100364013691433e-06,-0.011977027170360088,2.652796638358268e-06,0,0,0,0,1,0,0,0,1,0,18
0.0872509554028511,3.55986958311405e-05,0.012389264069497585,1.9662826161948033e-05,0.10581433027982712,0.00010225950973108411,0.11358556151390076,0.011284740641713142,2.113756454491522e-05,-2.952890838514577e-07,6.675275653833523e-05,0.0,0.9152939915657043,6.454909453168511e-06,-0.012507859617471695,3.044594905077247e-06,0,0,0,0,1,0,0,0,1,0,5
0.09992998838424683,5.8135985455010086e-05,0.012895464897155762,2.5229817765648477e-05,0.11675415933132172,0.00012275102199055254,0.11179306358098984,0.010659477673470974,1.996637729462236e-05,-2.789255972857063e-07,6.305365968728438e-05,4.553798879864193e-14,0.9025512933731079,9.775373655429576e-06,-0.01291878055781126,3.5409752854320686e-06,0,0,0,0,1,0,0,0,1,0,16
0.11304035782814026,-0.00041438377229496837,0.013238980434834957,2.6214351237285882e-05,0.1270812302827835,0.00014209476648829877,0.11068510264158249,0.010058329440653324,1.8840350094251335e-05,-2.631966253829887e-07,5.949801561655477e-05,0.0,0.8894527554512024,1.3539560313802212e-05,-0.013232932426035404,3.95462575397687e-06,0,0,0,0,1,0,0,0,1,0,5
0.12627936899662018,-0.002255065366625786,0.013238980434834957,1.4298983842309099e-05,0.13746125996112823,0.0001320509472861886,0.1198311522603035,0.015866780653595924,-0.0002651473041623831,-2.488891084340139e-07,6.209288130776258e-06,-4.6717659074602125e-07,0.8760826587677002,1.7784914234653115e-05,-0.013472052291035652,4.477589300222462e-06,0,0,0,0,1,0,0,0,1,0,13
0.13951842486858368,-0.00224732025526464,0.013238980434834957,2.38311622524634e-06,0.15297502279281616,-0.00012679616338573396,0.1582086682319641,0.015416872687637806,-0.0002572021330706775,-6.126785478954844e-08,1.0369019946665503e-05,-7.978029543664888e-07,0.8625065684318542,2.1514948457479477e-05,-0.013653671368956566,-6.338786420201359e-07,0,0,0,0,1,0,0,0,1,0,16
0.1528988629579544,-0.002216503256931901,0.013511145487427711,7.76411106926389e-05,0.16815951466560364,-0.00037990426062606275,0.11589747667312622,0.014440430328249931,-0.00023943031555972993,1.0346504950575763e-06,3.4541793866083026e-05,-1.8855265579986735e-06,0.8487749099731445,6.403545739885885e-06,-0.013789709657430649,-2.6961857656715438e-05,0,0,0,0,1,0,0,0,1,0,13
0.16654008626937866,-0.0020570510532706976,0.01373694185167551,0.00022574725153390318,0.18207429349422455,-0.000610007846262306,0.11780518293380737,0.013576163910329342,-0.00022415172134060413,1.9001340660906862e-06,5.351151048671454e-05,-1.7033835320034996e-06,0.8349266648292542,-3.4218886867165565e-05,-0.013892089948058128,-5.1841190725099295e-05,0,0,0,0,1,0,0,0,1,0,13
0.18037302792072296,-0.0017794735031202435,0.013905588537454605,0.0002773594460450113,0.1951410472393036,-0.0008253909763880074,0.11213546991348267,0.012754998169839382,-0.00021019346604589373,2.9365512546064565e-06,7.545432890765369e-05,0.0,0.8209915161132812,-8.854069892549887e-05,-0.013967822305858135,-5.429064913187176e-05,0,0,0,0,1,0,0,0,1,0,18
0.19435293972492218,-0.0015375937800854445,0.014034789986908436,0.00021267308329697698,0.20750494301319122,-0.0010291392682120204,0.11327014863491058,0.012049010954797268,-0.00019855926802847534,2.773798314592568e-06,7.127239223336801e-05,3.6444463983112407e-13,0.8069908022880554,-0.00014276492584031075,-0.01402532309293747,-5.415975101641379e-05,0,0,0,0,1,0,0,0,1,0,5
0.208439439535141,-0.0013589761219918728,0.0141217689961195,0.00015101002645678818,0.21918384730815887,-0.0012215989409014583,0.1113809123635292,0.011377506889402866,-0.00018749332230072469,2.619188535391004e-06,6.729971937602386e-05,-1.093123313221367e-12,0.7929412126541138,-0.0001968411379493773,-0.014068098738789558,-5.402584429248236e-05,0,0,0,0,1,0,0,0,1,0,13
0.22253549098968506,-0.0012445359025150537,0.01412187796086073,8.808357233647257e-05,0.23020552098751068,-0.001403228146955371,0.11085903644561768,0.010733198374509811,-0.00017687560466583818,2.4708854198252084e-06,6.348908937070519e-05,3.643109305982023e-13,0.7788551449775696,-0.0002508043253328651,-0.01409965381026268,-5.390619844547473e-05,0,0,0,0,1,0,0,0,1,0,13
0.2363872528076172,-0.0011921614641323686,0.013533059507608414,2.4116352506098337e-05,0.24559386074543,-0.0014012651517987251,0.16133412718772888,0.01579444669187069,2.1435846065287478e-05,8.989372872747481e-07,1.2278234862606041e-05,-9.62519834502018e-07,0.7647415995597839,-0.0003046344791073352,-0.014124196954071522,-5.380571383284405e-05,0,0,0,0,1,0,0,0,1,0,13
0.24972181022167206,-1.0033062608272303e-05,0.013312779366970062,4.270002591511002e-06,0.2612702548503876,-0.0013799777952954173,0.12239532917737961,0.015528482384979725,2.0958230379619636e-05,8.827035458125465e-07,1.3362758181756362e-05,-9.203789090861392e-07,0.7506073117256165,-0.00035863570519723,-0.014141728170216084,-5.415841224021278e-05,0,0,0,0,1,0,0,0,1,0,18
0.2630343735218048,0.0010158231016248465,0.013312697410583496,1.8982938172484864e-06,0.2766134738922119,-0.0012384242145344615,0.16264545917510986,0.015834014862775803,0.00026476336643099785,4.0460818695464695e-07,-7.783458499943663e-07,1.8099561316375912e-07,0.7364579439163208,-0.0004129799781367183,-0.014155051670968533,-5.449395757750608e-05,0,0,0,0,1,0,0,0,1,0,0
0.276365727186203,0.0010145731503143907,0.01340525969862938,-1.1444127267168369e-05,0.29233571887016296,-0.0009755368810147047,0.16224059462547302,0.01563160866498947,0.0002613748365547508,4.0460818695464695e-07,-7.783458499943663e-07,1.8099561316375912e-07,0.7222974896430969,-0.0004554445331450552,-0.014164868742227554,-2.4293705791933462e-05,0,0,0,0,1,0,0,0,1,0,18
0.28991779685020447,0.0009453874081373215,0.013660508207976818,-0.00012819810945075005,0.3074803650379181,-0.0007227874011732638,0.1277250200510025,0.014215461909770966,0.00023610767675563693,-8.710800329936319e-07,2.8503534849733114e-05,1.8580154801384197e-06,0.7081285715103149,-0.0004559113294817507,-0.014171880669891834,1.9034629076486453e-05,0,0,0,0,1,0,0,0,1,0,5
0.3036859929561615,0.0007427565869875252,0.013847561553120613,-0.0002616668934933841,0.3214663565158844,-0.0004906599060632288,0.1203974112868309,0.013780017383396626,0.00022855801216792315,-1.1531043355716974e-06,3.495608689263463e-05,1.9430590327829123e-06,0.6939533948898315,-0.00041554923518560827,-0.014177490957081318,4.9794565711636096e-05,0,0,0,0,1,0,0,0,1,0,18
0.3176151216030121,0.00048699890612624586,0.01399061270058155,-0.00022997919586487114,0.3345893323421478,-0.00027356637292541564,0.11646097898483276,0.012775320559740067,0.00021118212316650897,-2.9504840313165914e-06,7.557716890005395e-05,-7.290503921050795e-13,0.6797735095024109,-0.0003650110156740993,-0.014181697741150856,5.114654413773678e-05,0,0,0,0,1,0,0,0,1,0,6
0.3309248089790344,0.0011496020015329123,0.013769295997917652,-2.5297752017650055e-06,0.34698450565338135,-6.866781041026115e-05,0.11196406930685043,0.012087264098227024,0.00019980820070486516,-2.7911883080378175e-06,7.149721204768866e-05,0.0,0.665590226650238,-0.00031312237842939794,-0.014184502884745598,5.2495401178020984e-05,0,0,0,0,0,1,0,0,1,0,12
0.3439120352268219,0.0020517033990472555,0.013251515105366707,0.0001677681866567582,0.3598514497280121,0.0014107779134064913,0.14147095382213593,0.014295609667897224,0.0033779272343963385,3.6201940929458942e-06,1.6110026990645565e-05,1.7480013411841355e-05,0.6514047384262085,-0.00025416386779397726,-0.014185905456542969,6.528615631395951e-05,0,0,0,0,0,1,0,0,1,0,12
0.35656651854515076,0.0030110543593764305,0.012411089614033699,0.0017083806451410055,0.3740508556365967,0.004765547811985016,0.1457281857728958,0.014120482839643955,0.0033360631205141544,3.6201940929458942e-06,1.6110026990645565e-05,1.7480013411841355e-05,0.6372173428535461,-0.0001811437396099791,-0.014188009314239025,7.934801396913826e-05,0,0,0,0,0,1,0,0,1,0,1
0.368609756231308,0.005370127037167549,0.011754386126995087,0.002543927635997534,0.38763144612312317,0.00795038789510727,0.1284773349761963,0.012907466851174831,0.0029943345580250025,-1.9653449271572754e-05,4.709598943009041e-05,2.5936551537597552e-05,0.623031497001648,-7.608849955431651e-06,-0.014178192242980003,0.0003815559612121433,1,0,0,0,0,0,0,0,1,0,4
0.38055893778800964,0.007941882126033306,0.012175826355814934,0.0025966805405914783,0.4002372920513153,0.010866659693419933,0.11383724212646484,0.012260712683200836,0.0028264960274100304,-3.967590964748524e-05,7.276620453922078e-05,-1.1663106244674815e-11,0.6088849902153015,0.000698084884788841,-0.014112276025116444,0.0009704924887046218,0,0,0,1,0,0,0,0,1,0,12
0.3929775655269623,0.010539651848375797,0.012602174654603004,0.0025922388304024935,0.4121559262275696,0.013614337891340256,0.11452346295118332,0.011627176776528358,0.00268048164434731,-3.744500281754881e-05,6.877657142467797e-05,0.0,0.5948355197906494,0.0019889636896550655,-0.013993066735565662,0.0015375467482954264,0,0,0,1,0,0,0,0,1,0,15
0.4057626724243164,0.013132095336914062,0.01291036605834961,0.002614077180624008,0.42343655228614807,0.016214914619922638,0.11012730747461319,0.010995842516422272,0.002534938044846058,-3.541365003911778e-05,6.504550401587039e-05,0.0,0.5809045433998108,0.003747424576431513,-0.013875961303710938,0.0019386981148272753,0,0,0,1,0,0,0,0,0,0,5
0.41878992319107056,0.015787849202752113,0.013112671673297882,0.002689053537324071,0.4340892434120178,0.018670739606022835,0.10928008705377579,0.010379037819802761,0.0023927423171699047,-3.342683703522198e-05,6.13962474744767e-05,2.9142209478916214e-12,0.567106306552887,0.005905024241656065,-0.013730806298553944,0.0023360743653029203,0,0,0,0,1,0,0,0,0,0,18
0.4312525987625122,0.018854621797800064,0.012128781527280807,0.0023676708806306124,0.4441421926021576,0.020988311618566513,0.1111873909831047,0.009792453609406948,0.00225751381367445,-3.153701254632324e-05,5.7925135479308665e-05,-2.9137987595656556e-12,0.5535022020339966,0.008530350401997566,-0.01346959825605154,0.0029102182015776634,0,0,0,0,1,0,0,0,0,0,12
0.4422481060028076,0.021151840686798096,0.009950820356607437,0.001550733228214085,0.4693205654621124,0.022935528308153152,0.2222701907157898,0.061314500868320465,0.0012799769174307585,-2.5661051040515304e-05,4.63669712189585e-05,0.0017939790850505233,0.5402277708053589,0.011792594566941261,-0.013103906065225601,0.0035476384218782187,0,0,0,0,1,0,0,0,0,0,9
0.45084434747695923,0.022418277338147163,0.008052587509155273,0.0012385930167511106,0.5290936231613159,0.023870045319199562,0.4468650221824646,0.058532778173685074,0.0006549540557898581,-2.5661051040515304e-05,4.63669712189585e-05,0.0017939790850505233,0.5274835824966431,0.01559243630617857,-0.012030321173369884,0.0037144958041608334,0,0,0,0,1,0,0,0,0,0,4
0.4581727385520935,0.023478347808122635,0.006899062544107437,0.000570550502743572,0.5861548185348511,0.024191459640860558,0.45883429050445557,0.05587329715490341,5.205133857089095e-05,-2.5661051040515304e-05,4.63669712189585e-05,0.0017939790850505233,0.5173211693763733,0.018614085391163826,-0.008321859873831272,0.002349250018596649,0,0,0,1,0,0,0,0,0,0,16
0.46476542949676514,0.024023549631237984,0.006132967304438353,0.0005071528139524162,0.6406111717224121,0.023923300206661224,0.2729204297065735,0.05330967903137207,-0.0005263456259854138,-2.5661051040515304e-05,4.63669712189585e-05,0.0017939790850505233,0.5118855237960815,0.020079972222447395,-0.0029129141476005316,0.0007517172489315271,0,0,0,1,0,0,0,0,0,0,7
0.4712337553501129,0.024523567408323288,0.007085239049047232,0.00047204596921801567,0.689325213432312,0.023294977843761444,0.18649427592754364,0.043148938566446304,-0.0005444728885777295,-2.198770562245045e-05,6.944443885004148e-05,0.001611113897524774,0.5123216509819031,0.020308656617999077,0.002877852413803339,0.0002245440991828218,0,0,0,0,0,0,1,0,0,0,18
0.4791336953639984,0.024863557890057564,0.008534683845937252,0.00020074502390343696,0.7316875457763672,0.022572889924049377,0.2314022332429886,0.04170685634016991,-0.0008662471082061529,-2.198770562245045e-05,6.944443885004148e-05,0.001611113897524774,0.5160446166992188,0.020657416433095932,0.004411795642226934,0.00044404034269973636,0,0,0,0,0,0,1,0,0,0,10
0.48823806643486023,0.024846302345395088,0.009299629367887974,-0.00013240289990790188,0.7722253799438477,0.021562613546848297,0.12254273146390915,0.03715601935982704,-0.0009107061196118593,-1.711146796878893e-05,8.991989307105541e-05,0.001395959174260497,0.5214249491691589,0.020854877308011055,0.0061394330114126205,0.00013260380364954472,0,0,0,0,0,0,1,0,0,0,18
0.49780234694480896,0.024704717099666595,0.01004183292388916,-0.0001585884892847389,0.8083875179290771,0.02056875266134739,0.134787917137146,0.035661984235048294,-0.0010793027468025684,-1.641181734157726e-05,9.280336962547153e-05,0.0013626322615891695,0.5285520553588867,0.020955177024006844,0.007597294170409441,0.00010044733789982274,0,0,0,0,0,0,1,0,0,0,6
0.5083305835723877,0.024529894813895226,0.01095543708652258,-0.00019445574434939772,0.8415762186050415,0.01956253871321678,0.11754555255174637,0.03151404485106468,-0.0009594455477781594,-5.598663392447634e-06,0.00012882969167549163,0.0008768959669396281,0.5370364189147949,0.02100471593439579,0.008867881260812283,3.718051812029444e-05,0,0,0,0,0,1,0,0,0,0,11
0.5196709632873535,0.024329794570803642,0.011725686490535736,-0.00021212809951975942,0.8711405992507935,0.01868176832795143,0.11332833021879196,0.028264489024877548,-0.0008338452898897231,1.1647086466837209e-05,0.00016717398830223829,-2.9390392029815526e-12,0.546675980091095,0.020991304889321327,0.009883835911750793,-8.759268894209526e-06,0,0,0,0,0,1,0,0,0,0,5
0.5317354798316956,0.02410951629281044,0.012378154322504997,-0.00023421297373715788,0.8980474472045898,0.017887981608510017,0.10961894690990448,0.025834454223513603,-0.0007621556287631392,1.0646598639141303e-05,0.0001528100110590458,2.9342940837534526e-12,0.5571936964988708,0.020949535071849823,0.01075584627687931,-4.0081733459373936e-05,0,0,0,0,1,0,0,0,0,0,4
0.5443708896636963,0.02386876381933689,0.012865278869867325,-0.00024857913376763463,0.9226923584938049,0.017160916700959206,0.10961553454399109,0.023718416690826416,-0.0006997294258326292,9.774716090760194e-06,0.00014029588783159852,0.0,0.5685531497001648,0.02087162621319294,0.011628346517682076,-7.753176760161296e-05,0,0,0,1,0,0,0,0,0,0,12
0.5574394464492798,0.02361738309264183,0.013252682983875275,-0.00025864943745546043,0.9453798532485962,0.01649160124361515,0.10970685631036758,0.021881457418203354,-0.0006455363472923636,9.017742740979884e-06,0.00012943112233188003,0.0,0.5806297659873962,0.02076629176735878,0.01224061381071806,-0.00010277173714712262,0,0,0,1,0,0,0,0,0,0,2
0.5708591341972351,0.02335703745484352,0.013552993535995483,-0.0002666693471837789,0.9663578271865845,0.015872720628976822,0.1097748801112175,0.020269203931093216,-0.0005979725974611938,8.353359589818865e-06,0.000119895237730816,-1.4625320269093245e-12,0.5932323336601257,0.020633742213249207,0.012795928865671158,-0.00014188971545081586,0,1,0,0,0,0,0,0,0,0,1
0.5845279693603516,0.02309245616197586,0.013766102492809296,-0.0002703469363041222,0.9858275055885315,0.015298333019018173,0.10982567816972733,0.018840523436665535,-0.0005558241973631084,7.764611837046687e-06,0.00011144501331727952,-7.307650144727784e-12,0.6062842011451721,0.02047453261911869,0.013138423673808575,-0.00015560389147140086,1,0,0,0,0,0,0,0,0,0,13
0.5983834266662598,0.02282155305147171,0.013927903026342392,-0.00027615492581389844,1.003954529762268,0.014763563871383667,0.10986410081386566,0.017563678324222565,-0.000518155109602958,7.23841912986245e-06,0.00010389257658971474,-2.921395113666958e-12,0.6196275949478149,0.02029924839735031,0.013404534198343754,-0.00017258687876164913,1,0,0,0,0,0,0,0,1,0,1
