lt_dp_posx,lt_dp_posy,lt_dp_velx,lt_dp_vely,ball_posx,ball_posy,ball_posz,ball_vel_x,ball_vel_y,ball_rot_x,ball_rot_y,ball_rot_z,rt_gk_posx,rt_gk_posy,rt_gk_velx,rt_gk_vely,action_left,action_top_left,action_top,action_top_right,action_right,action_bottom_right,action_bottom,action_bottom_left,action_sprint,action_dribble,sel_action
-1.0110293626785278,-0.0,0.0,-0.0,0.019999999552965164,-0.0,0.11061639338731766,-0.0,0.0,0.0,-0.0,0.0,1.0110293626785278,0.0,-0.0,0.0,0,0,0,0,0,0,0,0,0,0,5
0.0,-0.0,0.0,-0.0,0.019999999552965164,-0.0,0.11059734225273132,-0.0,0.0,0.0,-0.0,0.0,1.0110293626785278,0.0,-0.0,0.0,0,0,0,0,1,0,0,0,0,0,5
0.0011738373432308435,7.744034580259296e-11,0.0034112127032130957,2.5561308278354566e-11,0.019999999552965164,-0.0,0.10930104553699493,-0.0,0.0,0.0,-0.0,0.0,1.0093543529510498,-1.2263390303246524e-10,-0.0035601502750068903,-2.3792418035739615e-10,0,0,0,0,1,0,0,0,0,0,5
0.00442265160381794,-8.389731687152846e-10,0.0050968751311302185,-3.420025096456669e-10,0.019999999552965164,-0.0,0.11075475811958313,-0.0,0.0,0.0,-0.0,0.0,1.0049090385437012,-3.4048644459439004e-10,-0.005159658379852772,-1.7905761595660152e-10,0,0,0,0,1,0,0,0,0,0,13
0.00917257834225893,-2.2344774919247357e-09,0.006656940560787916,-3.2433725150049497e-10,0.023521598428487778,-2.365284079708374e-10,0.1245177686214447,0.008653565309941769,-5.815478654191963e-10,8.111915002564918e-13,2.5089022983593168e-06,-2.1285896222716927e-12,0.998912513256073,-3.600984788132422e-10,-0.006663799285888672,6.773818173044788e-10,0,0,0,0,1,0,0,0,1,0,0
0.016618236899375916,-2.4076329818711883e-09,0.008066108450293541,-8.788801630910115e-11,0.03175758942961693,-7.908435573078521e-10,0.11630871891975403,0.007858331315219402,-5.296175720204133e-10,7.081689835236604e-12,4.436245944816619e-05,-4.773446178260587e-13,0.9914822578430176,2.274652133316124e-10,-0.0080326022580266,4.808147768819993e-10,0,0,0,0,1,0,0,0,1,0,13
0.02537941373884678,-2.574654711651192e-09,0.009301370941102505,-1.7123570617005868e-10,0.0393972210586071,-1.3057331882393441e-09,0.11498811841011047,0.007451809477061033,-5.022312010716234e-10,7.016100807971659e-12,4.4079752115067095e-05,0.0,0.9827787280082703,5.231627353552426e-10,-0.009224695153534412,1.3286299838100035e-10,0,0,0,0,1,0,0,0,1,0,18
0.034132156521081924,-3.463002995474085e-09,0.009388974867761135,-2.1289396634482927e-10,0.04662004113197327,-1.7925310125121996e-09,0.10737019777297974,0.007032405119389296,-4.739645342866083e-10,6.621275142754124e-12,4.159919990343042e-05,1.3886183897827023e-18,0.9734154939651489,6.903611016184641e-10,-0.009538145735859871,1.8798955447874022e-10,0,0,0,0,1,0,0,0,1,0,13
0.04203260689973831,-4.8359907189876594e-09,0.009879720397293568,-1.2068911148244155e-10,0.05418930947780609,2.9174168503232067e-06,0.11805228888988495,0.014280705712735653,2.919623329944443e-05,3.3874468385874934e-07,2.015978907365934e-06,2.8685761321867176e-07,0.963359534740448,8.272346696536204e-10,-0.010455355979502201,8.52064807599362e-11,0,0,0,0,1,0,0,0,1,0,18
0.052399106323719025,7.602933749240037e-08,0.010675586760044098,8.094853001239244e-07,0.06808121502399445,3.095630745519884e-05,0.143874853849411,0.0137999402359128,2.7823760319733992e-05,2.8574416433002625e-07,7.852933777030557e-06,3.5746427329286234e-07,0.9525248408317566,6.936965490922375e-08,-0.010928686708211899,3.4098121659553726e-07,0,0,0,0,1,0,0,0,1,0,5
0.06316081434488297,5.078705271444051e-06,0.011016691103577614,8.291357517009601e-06,0.08143512904644012,5.742504799854942e-05,0.12316391617059708,0.012638741172850132,2.4204722649301402e-05,-2.3726711262384015e-08,4.123845064896159e-05,4.413427632243838e-07,0.9415563941001892,1.0283567917213077e-06,-0.011242137290537357,1.4848889122731634e-06,0,0,0,0,1,0,0,0,1,0,18
0.07459624856710434,1.7383581507601775e-05,0.011754298582673073,1.580666685185861e-05,0.09368103742599487,8.059756510192528e-05,0.11358216404914856,0.011889006942510605,2.226955803052988e-05,-3.1278011647373205e-07,7.049005944281816e-05,9.110762274819328e-14,0.9299631714820862,3.10092013933172e-06,-0.011861324310302734,2.5463048132223776e-06,0,0,0,0,1,0,0,0,1,0,5
0.0867052748799324,3.561630001058802e-05,0.012389439158141613,1.9670931578730233e-05,0.10523895174264908,0.000102247555332724,0.11358419060707092,0.011279221624135971,2.1127936634002253e-05,-2.951546491658519e-07,6.672012386843562e-05,-4.5545564661322174e-14,0.9177908301353455,5.891940872970736e-06,-0.012411790899932384,2.9752261525572976e-06,0,0,0,0,1,0,0,0,1,0,0
0.0993843674659729,5.8163168432656676e-05,0.012895552441477776,2.524073534004856e-05,0.11617346853017807,0.00012272977619431913,0.11179271340370178,0.010654293932020664,1.9957340555265546e-05,-2.787993764741259e-07,6.302300607785583e-05,0.0,0.9051313996315002,9.15436521609081e-06,-0.012844450771808624,3.4965953545906814e-06,0,0,0,0,1,0,0,0,1,0,16
0.11249476671218872,-0.0004143470723647624,0.013238980434834957,2.622875399538316e-05,0.12649552524089813,0.0001420647749910131,0.11068519949913025,0.010053449310362339,1.883185177575797e-05,-2.630779931678262e-07,5.946916280663572e-05,-2.27654978473147e-14,0.8920965194702148,1.2898238310299348e-05,-0.01317683421075344,3.922876203432679e-06,0,0,0,0,1,0,0,0,1,0,18
0.12573377788066864,-0.0022550304420292377,0.013238980434834957,1.4308394383988343e-05,0.13687163591384888,0.00013201682304497808,0.11983438581228256,0.015870139002799988,-0.00026511444593779743,-2.489134089955769e-07,6.192745786393061e-06,-4.67152801775228e-07,0.8787750601768494,1.7112695786636323e-05,-0.013429276645183563,4.456353508430766e-06,0,0,0,0,1,0,0,0,1,0,18
0.13897283375263214,-0.0022472809068858624,0.013239067979156971,2.38311622524634e-06,0.15238872170448303,-0.00012679917563218623,0.15824487805366516,0.015420145355165005,-0.0002571709919720888,-6.145269537682907e-08,1.0351108358008787e-05,-7.976562415024091e-07,0.8652356863021851,2.1715804905397817e-05,-0.013621414080262184,3.647308631116175e-06,0,0,0,0,1,0,0,0,1,0,0
0.15235328674316406,-0.0022164478432387114,0.013511145487427711,7.768210343783721e-05,0.167576864361763,-0.0003798856632784009,0.11589527875185013,0.014444848522543907,-0.00023942813277244568,1.032533987199713e-06,3.449430732871406e-05,-1.8853394294637837e-06,0.8515316843986511,1.1814980098279193e-05,-0.013765166513621807,-2.1972473405185156e-05,0,0,0,0,1,0,0,0,1,0,13
0.16599449515342712,-0.0020569106563925743,0.01373694185167551,0.00022586845443584025,0.1814953088760376,-0.0006099775200709701,0.11778201162815094,0.013579203747212887,-0.00022413079568650573,1.898345090012299e-06,5.348171544028446e-05,-1.7048748759407317e-06,0.8377041816711426,-2.408490763627924e-05,-0.013873156160116196,-4.7191093472065404e-05,0,0,0,0,1,0,0,0,1,0,16
0.17982743680477142,-0.001779185957275331,0.013905588537454605,0.0002775020548142493,0.19456462562084198,-0.0008253338164649904,0.1121436133980751,0.012757467105984688,-0.00021016695245634764,2.936182227131212e-06,7.546893175458536e-05,0.0,0.8237839341163635,-7.79104811954312e-05,-0.013955200091004372,-5.43207825103309e-05,0,0,0,0,1,0,0,0,1,0,5
0.19380734860897064,-0.0015371895860880613,0.014034789986908436,0.00021276755433063954,0.20693086087703705,-0.0010290559148415923,0.11327101290225983,0.012051300145685673,-0.000198533438378945,2.7734383820643416e-06,7.128595461836085e-05,7.288897133431171e-13,0.8097943663597107,-0.0001318599097430706,-0.014015506021678448,-5.363426680560224e-05,0,0,0,0,1,0,0,0,1,0,18
0.20789217948913574,-0.0013586280401796103,0.014121698215603828,0.0001510560978204012,0.218611940741539,-0.0012214905582368374,0.11138108372688293,0.011379649862647057,-0.0001874686568044126,2.6188445190200582e-06,6.731242319801822e-05,-3.6437468168594445e-13,0.7957527041435242,-0.00018515955889597535,-0.014061085879802704,-5.325527672539465e-05,0,0,0,0,1,0,0,0,1,0,0
0.2219693511724472,-0.001245570252649486,0.014121674932539463,8.811054431134835e-05,0.22963565587997437,-0.0014030957827344537,0.11085901409387589,0.010735207237303257,-0.00017685210332274437,2.4705575469852192e-06,6.35010001133196e-05,7.286221864570563e-13,0.7816720604896545,-0.00023866606352385134,-0.014094745740294456,-5.370656435843557e-05,0,0,0,0,1,0,0,0,1,0,13
0.23581770062446594,-0.0011934363283216953,0.013533059507608414,2.4124374249367975e-05,0.2450241893529892,-0.001401265966705978,0.161333829164505,0.015794476494193077,2.1286312403390184e-05,8.988234299067699e-07,1.2282899660931434e-05,-9.630429076423752e-07,0.7675626873970032,-0.00029260595329105854,-0.014119990170001984,-5.4126776376506314e-05,0,0,0,0,1,0,0,0,1,0,16
0.2491522878408432,-1.0731955626397394e-05,0.013312707655131817,4.2698598008428235e-06,0.26070061326026917,-0.0013801270397379994,0.12239403277635574,0.015528500080108643,2.0811223294003867e-05,8.826152679830557e-07,1.3367628525884356e-05,-9.209391578224313e-07,0.7534313201904297,-0.00034151741419918835,-0.014138923026621342,-4.365028871688992e-05,0,0,0,0,1,0,0,0,1,0,0
0.26246488094329834,0.0010156246135011315,0.013312697410583496,1.8982938172484864e-06,0.2760438323020935,-0.0012386427260935307,0.16264566779136658,0.015834026038646698,0.00026476397761143744,4.0487330466021376e-07,-7.757118396511942e-07,1.8028219983534655e-07,0.7392839789390564,-0.0003787228197325021,-0.014152947813272476,-3.1926985684549436e-05,0,0,0,0,1,0,0,0,1,0,16
0.27579623460769653,0.0010143746621906757,0.01340525969862938,-1.1444127267168369e-05,0.29176610708236694,-0.0009757546940818429,0.16224044561386108,0.015631617978215218,0.000261375360423699,4.0487330466021376e-07,-7.757118396511942e-07,1.8028219983534655e-07,0.7251249551773071,-0.00040120462654158473,-0.014163466170430183,-1.0228506653220393e-05,0,0,0,0,1,0,0,0,1,0,18
0.289348304271698,0.0009451876976527274,0.013660508207976818,-0.00012819989933632314,0.3069107234477997,-0.000723005214240402,0.12772513926029205,0.01421547681093216,0.00023610671632923186,-8.709523058314517e-07,2.850646706065163e-05,1.8576369029688067e-06,0.7109571099281311,-0.0003940101305488497,-0.014171179383993149,2.1454285160871223e-05,0,0,0,0,1,0,0,0,1,0,6
0.30311647057533264,0.0007425531512126327,0.013847210444509983,-0.00026167178293690085,0.320896714925766,-0.0004908785922452807,0.12039768695831299,0.013780053704977036,0.00022855722636450082,-1.1529945140864584e-06,3.4958782634930685e-05,1.9427257029747125e-06,0.6967827081680298,-0.0003554420836735517,-0.014177490957081318,4.991643800167367e-05,0,0,0,0,0,1,0,0,1,0,7
0.3170456290245056,0.000486790289869532,0.01399061270058155,-0.00022998453641775995,0.3340197205543518,-0.0002737858158070594,0.11646080762147903,0.012775406241416931,0.00021118170116096735,-2.950477210106328e-06,7.557767094112933e-05,-7.290505005252967e-13,0.682603120803833,-0.00030594682903029025,-0.01418099645525217,4.914977034786716e-05,0,0,0,0,0,0,1,0,1,0,6
0.33035531640052795,0.0011493887286633253,0.013769297860562801,-2.535621433708002e-06,0.3464149832725525,-6.88876534695737e-05,0.11196406185626984,0.012087337672710419,0.00019980772049166262,-2.7911826236959314e-06,7.149765588110313e-05,3.644487055892709e-13,0.6684199571609497,-0.00025722041027620435,-0.014184502884745598,4.8379311920143664e-05,0,0,0,0,0,1,0,0,1,0,12
0.34334254264831543,0.002051485003903508,0.013251515105366707,0.00016776283155195415,0.3592819273471832,0.0014105550944805145,0.1414709836244583,0.014295610599219799,0.003377920249477029,3.620198185672052e-06,1.6110165233840235e-05,1.7479998859926127e-05,0.6542342305183411,-0.00020293935085646808,-0.014186606742441654,6.342373671941459e-05,0,0,0,0,0,1,0,0,1,0,12
0.3559970259666443,0.0030108324717730284,0.012411089614033699,0.0017083788989111781,0.3734813332557678,0.004765320103615522,0.1457282155752182,0.014120488427579403,0.003336057998239994,3.620198185672052e-06,1.6110165233840235e-05,1.7479998859926127e-05,0.6400468349456787,-0.00012751162284985185,-0.014188009314239025,8.524954319000244e-05,0,0,0,0,0,1,0,0,1,0,18
0.3680402338504791,0.00536990026012063,0.011754386126995087,0.002543920651078224,0.3870619535446167,0.007950155064463615,0.1284773349761963,0.01290747057646513,0.0029943292029201984,-1.9653403796837665e-05,4.7096062189666554e-05,2.593648423498962e-05,0.625859260559082,4.952045856043696e-06,-0.014183100312948227,0.00028311533969826996,0,0,0,0,0,1,0,0,1,0,12
0.37998974323272705,0.007941649295389652,0.012176177464425564,0.0025966735556721687,0.39966779947280884,0.010866421274840832,0.11383723467588425,0.01226071361452341,0.0028264906723052263,-3.9675840525887907e-05,7.276620453922078e-05,0.0,0.6117031574249268,0.000622380874119699,-0.014124196954071522,0.000890585477463901,0,0,0,0,0,1,0,0,1,0,15
0.3924086093902588,0.010539417155086994,0.012602525763213634,0.002592245815321803,0.4115864038467407,0.013614094816148281,0.11452347040176392,0.011627190746366978,0.002680479781702161,-3.744498098967597e-05,6.877666601212695e-05,-5.83040083226849e-12,0.5976395010948181,0.0018454007804393768,-0.01400498766452074,0.001494240714237094,0,0,0,0,0,1,0,0,0,0,12
0.4051938056945801,0.01313187275081873,0.01291036605834961,0.002614091383293271,0.4228670597076416,0.01621466688811779,0.11012730002403259,0.010995849967002869,0.002534933853894472,-3.5413599107414484e-05,6.504554039565846e-05,5.829382115907222e-12,0.583701491355896,0.003579524112865329,-0.013884025625884533,0.001913547981530428,0,0,0,0,0,1,0,0,0,0,14
0.41822102665901184,0.015787644311785698,0.013112671673297882,0.002689067739993334,0.43351972103118896,0.01867048814892769,0.10928008705377579,0.01037904154509306,0.0023927383590489626,-3.342678246553987e-05,6.139626202639192e-05,5.828441895783243e-12,0.5698937773704529,0.005711013451218605,-0.013741675764322281,0.002309188013896346,0,0,0,0,0,0,0,0,0,0,6
0.4306837320327759,0.018854456022381783,0.012128796428442001,0.0023676694836467505,0.44357267022132874,0.02098805084824562,0.1111873909831047,0.009792455472052097,0.0022575100883841515,-3.1536957976641133e-05,5.792513911728747e-05,-5.827597519131311e-12,0.5562620759010315,0.008276158943772316,-0.013507463969290257,0.00283474987372756,0,0,0,0,0,1,0,0,0,0,6
0.4416791796684265,0.0211517084389925,0.009950820356607437,0.001550747430883348,0.4700063169002533,0.023063667118549347,0.1952899694442749,0.06544247269630432,0.0017213146202266216,-1.5479859939659946e-05,2.8202184694237076e-05,0.0012085111811757088,0.5429472923278809,0.011467923410236835,-0.01314597949385643,0.003481239313259721,0,0,0,0,0,1,0,0,0,0,6
0.45027539134025574,0.022418154403567314,0.008052237331867218,0.0012386073358356953,0.5336335301399231,0.024513591080904007,0.3588470220565796,0.06218409538269043,0.0012313815532252192,-1.5479859939659946e-05,2.8202184694237076e-05,0.0012085111811757088,0.5300548076629639,0.015281490050256252,-0.01250680722296238,0.0039648497477173805,0,0,0,0,0,1,0,0,0,0,11
0.4576038122177124,0.023478232324123383,0.0068994127213954926,0.000570550502743572,0.5941465497016907,0.025486720725893974,0.3510679602622986,0.05918033793568611,0.0007655353983864188,-1.5479859939659946e-05,2.8202184694237076e-05,0.0012085111811757088,0.5192489624023438,0.018670467659831047,-0.009112147614359856,0.002821951871737838,0,0,0,0,0,1,0,0,0,0,0
0.46419647336006165,0.02402344159781933,0.00613261666148901,0.0005071813357062638,0.651774525642395,0.026007656008005142,0.18267789483070374,0.05638662353157997,0.0003245678381063044,-1.5479859939659946e-05,2.8202184694237076e-05,0.0012085111811757088,0.5128781795501709,0.02062023989856243,-0.003959852270781994,0.0011998357949778438,0,0,0,0,0,1,0,0,0,0,8
0.47066402435302734,0.024529581889510155,0.007082083728164434,0.0004920377396047115,0.7020394802093506,0.02620597742497921,0.18469703197479248,0.047316789627075195,9.285033593187109e-05,-1.4360319255501963e-05,4.981812526239082e-05,0.0011133733205497265,0.5121180415153503,0.02090490609407425,0.002031817100942135,-0.00019576845807023346,0,0,0,0,0,0,0,1,0,0,15
0.47855865955352783,0.024924729019403458,0.008529074490070343,0.00028983826632611454,0.7483680248260498,0.02614174783229828,0.13092482089996338,0.04552169889211655,-0.00019082982908003032,-1.4360319255501963e-05,4.981812526239082e-05,0.0011133733205497265,0.5155101418495178,0.020874474197626114,0.004097994416952133,0.00010774466500151902,0,0,0,0,0,0,0,1,0,0,14
0.48765745759010315,0.025043442845344543,0.009295429103076458,2.6682209863793105e-05,0.7894598245620728,0.025924766436219215,0.12847135961055756,0.03946920856833458,-0.0002734623849391937,-1.1744451512640808e-05,7.840411853976548e-05,0.0009490459924563766,0.5205806493759155,0.020975584164261818,0.005992112681269646,8.873440674506128e-05,0,0,0,0,0,0,0,0,0,0,6
0.49721774458885193,0.025064589455723763,0.010041493922472,1.5192344108072575e-05,0.8256042003631592,0.025648893788456917,0.10261116921901703,0.03370487317442894,-0.00027134406263940036,-6.465639671660028e-06,0.00012242066441103816,0.0006309888558462262,0.527567982673645,0.021072987467050552,0.007449378725141287,0.00011591280053835362,0,0,0,0,0,1,0,0,0,0,10
0.5077436566352844,0.02507302723824978,0.010957629419863224,-9.962187732526218e-07,0.8569356799125671,0.02540215104818344,0.10910597443580627,0.029767891392111778,-0.000234426639508456,2.2938766051083803e-06,0.0001728162169456482,6.79047079756856e-05,0.535926342010498,0.021194390952587128,0.008737126365303993,0.00014457895304076374,0,0,0,0,0,1,0,0,0,0,7
0.5191081166267395,0.025073304772377014,0.01175075676292181,-3.863247002300341e-06,0.8851823210716248,0.025180330500006676,0.10940256714820862,0.027074536308646202,-0.00021261700021568686,2.9700581762881484e-06,0.00016014493303373456,-7.341656037447575e-13,0.5454328656196594,0.02132628671824932,0.00970384106040001,0.00013952881272416562,0,0,0,0,0,0,1,0,0,0,15
0.531222939491272,0.025068622082471848,0.012404209934175014,-1.1345417078700848e-05,0.9109694957733154,0.024977821856737137,0.10955442488193512,0.024786658585071564,-0.00019465028890408576,2.719110852922313e-06,0.00014661389286629856,0.0,0.5558059215545654,0.021453119814395905,0.010606837458908558,0.000137618524604477,0,0,0,0,0,0,1,0,0,0,10
0.5439064502716064,0.025057796388864517,0.012902302667498589,-1.401507506670896e-05,0.9346473813056946,0.024791879579424858,0.10966314375400543,0.022812746465206146,-0.00017914909403771162,2.502593133613118e-06,0.00013493932783603668,-7.322500895565187e-13,0.5670225024223328,0.021571261808276176,0.011509653180837631,0.00012211491412017494,0,0,0,0,0,0,1,0,0,0,1
0.557024359703064,0.025045135989785194,0.013283191248774529,-1.7836267943494022e-05,0.9564939737319946,0.02462032064795494,0.10974257439374924,0.021089643239974976,-0.0001656175882089883,2.3135817173169926e-06,0.0001247478066943586,-7.315705116348048e-13,0.5790097713470459,0.02167915739119053,0.012148294597864151,0.00011766077659558505,1,0,0,0,0,0,0,0,0,0,18
0.5704682469367981,0.025028102099895477,0.013569502159953117,-2.234146995760966e-05,0.976732611656189,0.02446138672530651,0.10980147868394852,0.019569996744394302,-0.00015368376625701785,2.1468836166604888e-06,0.00011575949611142278,0.0,0.5915362238883972,0.021779006347060204,0.012645685113966465,0.00010772014502435923,1,0,0,0,0,0,0,0,0,0,7
0.5841553807258606,0.0250108502805233,0.01378130167722702,-2.0978133761673234e-05,0.9955462217330933,0.02431364171206951,0.10984573513269424,0.01821758598089218,-0.00014306332741398364,1.998529569391394e-06,0.00010776023555081338,-7.305583004865723e-13,0.6045358777046204,0.021863965317606926,0.013092521578073502,9.30007008719258e-05,0,0,0,0,0,0,1,0,0,0,5
0.5980254411697388,0.024991421028971672,0.013940717093646526,-2.281860179209616e-05,1.013085961341858,0.02417590282857418,0.10987940430641174,0.017004285007715225,-0.00013353524263948202,1.865432750491891e-06,0.00010058363113785163,1.0952635283098533e-12,0.6178460121154785,0.021942727267742157,0.013369560241699219,8.658929436933249e-05,0,0,0,0,1,0,0,0,0,0,12
