lt_dp_posx,lt_dp_posy,lt_dp_velx,lt_dp_vely,ball_posx,ball_posy,ball_posz,ball_vel_x,ball_vel_y,ball_rot_x,ball_rot_y,ball_rot_z,rt_gk_posx,rt_gk_posy,rt_gk_velx,rt_gk_vely,action_left,action_top_left,action_top,action_top_right,action_right,action_bottom_right,action_bottom,action_bottom_left,action_sprint,action_dribble,sel_action
-1.0110293626785278,-0.0,0.0,-0.0,0.019999999552965164,-0.0,0.11061639338731766,-0.0,0.0,0.0,-0.0,0.0,1.0110293626785278,0.0,-0.0,0.0,0,0,0,0,0,0,0,0,0,0,5
0.00015037840057630092,2.3500980675383865e-11,0.0013189289020374417,1.1476692859946347e-11,0.019999999552965164,-0.0,0.11059734225273132,-0.0,0.0,0.0,-0.0,0.0,1.0110293626785278,0.0,-0.0,0.0,0,0,0,0,1,0,0,0,0,0,5
0.0031691715121269226,-1.4729044373051892e-10,0.004441720433533192,-1.5998294355945575e-10,0.019999999552965164,-0.0,0.10930104553699493,-0.0,0.0,0.0,-0.0,0.0,1.0085934400558472,-1.705427882248145e-10,-0.003884820267558098,-2.392465947576028e-10,0,0,0,0,1,0,0,0,0,0,13
0.006755347363650799,-1.9727848243888957e-09,0.006048678886145353,-3.8464093021772783e-10,0.019999999552965164,-0.0,0.11075475811958313,0.009132358245551586,-6.102525151874261e-10,-9.59495612302963e-13,-9.290648449677974e-06,-1.3514365950102747e-13,1.0038305521011353,-3.71874198101807e-10,-0.0054703038185834885,-1.5042554701860666e-10,0,0,0,0,1,0,0,0,1,0,18
0.013472572900354862,-2.37383379619871e-09,0.0075225005857646465,-1.3983243729587258e-10,0.028564196079969406,-5.73483871502134e-10,0.11566279828548431,0.008220103569328785,-5.511436307337192e-10,2.7343413991354204e-12,1.540233461128082e-05,-3.048026457966313e-12,0.9975366592407227,-2.281826810834886e-10,-0.006950602866709232,6.534583429917973e-10,0,0,0,0,1,0,0,0,1,0,18
0.021728597581386566,-2.4931621211976562e-09,0.008830099366605282,-1.7714442412941622e-10,0.03639110177755356,-1.098855562098322e-09,0.11137876659631729,0.007626119069755077,-5.119860091440387e-10,7.1525793100823964e-12,4.511214137892239e-05,1.3887662483171962e-18,0.989837646484375,3.082408217558452e-10,-0.008285746909677982,4.0895600794677023e-10,0,0,0,0,1,0,0,0,1,0,0
0.030884457752108574,-2.8915978500521078e-09,0.009742104448378086,-2.557867528896196e-10,0.04378143325448036,-1.5950123444241626e-09,0.11308388411998749,0.007199582643806934,-4.833501376921845e-10,6.7522693165955605e-12,4.258733315509744e-05,0.0,0.9809144139289856,5.180773032797958e-10,-0.009325672872364521,3.456926411793404e-11,0,0,0,0,1,0,0,0,1,0,16
0.03871670365333557,-4.315660273590538e-09,0.009488384239375591,-1.456915837971806e-10,0.05075136199593544,-2.0629438157726554e-09,0.11133387684822083,0.0067814127542078495,-4.5527595582406377e-10,6.360022317825065e-12,4.0113383874995634e-05,1.0414196674212259e-18,0.971478283405304,1.2424906659092017e-09,-0.00973448995500803,7.06426472874e-10,0,0,0,0,1,0,0,0,1,0,13
0.0481535941362381,-4.8779331685011584e-09,0.010424151085317135,-8.550311153543433e-11,0.06255174428224564,1.9807825083262287e-05,0.14545662701129913,0.013862494379281998,2.7951748052146286e-05,2.8574416433002625e-07,7.852865564927924e-06,3.574637617020926e-07,0.961243748664856,1.7545970232291097e-09,-0.010619443841278553,3.337629894684113e-10,0,0,0,0,1,0,0,0,1,0,18
0.05880432575941086,2.2622923552262364e-06,0.010675586760044098,5.6682042668398935e-06,0.0762847363948822,4.744746911455877e-05,0.1118934229016304,0.013442620635032654,2.679966200958006e-05,2.377745857984337e-07,1.3073053196421824e-05,4.052881195093505e-07,0.9503563046455383,1.7181749001338176e-07,-0.010805971920490265,5.620288447971689e-07,0,0,0,0,1,0,0,0,1,0,0
0.06993506848812103,1.1484446986287367e-05,0.011478145606815815,1.257419899047818e-05,0.08886968344449997,7.155008643167093e-05,0.12182199954986572,0.01223134994506836,2.3126956875785254e-05,-1.3186331671022344e-07,5.258679448161274e-05,3.3605005000936217e-07,0.9392877221107483,1.355680865344766e-06,-0.011376773938536644,1.6656616708132788e-06,0,0,0,0,1,0,0,0,1,0,18
0.08178512752056122,2.796519038383849e-05,0.01214584894478321,1.8356384316575713e-05,0.10068909823894501,9.37250952119939e-05,0.11328832805156708,0.011536143720149994,2.1609197574434802e-05,-3.0189087851795193e-07,6.824287993367761e-05,9.109768196952431e-14,0.9275738596916199,3.643025593191851e-06,-0.011977027170360088,2.678106056919205e-06,0,0,0,0,1,0,0,0,1,0,0
0.094253309071064,4.844326031161472e-05,0.012709463015198708,2.2758025806979276e-05,0.11187440156936646,0.00011467708827694878,0.11222796887159348,0.010902363806962967,2.0422017769305967e-05,-2.8529396445264865e-07,6.449109059758484e-05,4.5540909368244065e-14,0.9152939915657043,6.539201876876177e-06,-0.012507859617471695,3.12667748403328e-06,0,0,0,0,1,0,0,0,1,0,13
0.10720869898796082,7.463372458005324e-05,0.013138792477548122,2.9030472433078103e-05,0.12243863940238953,0.0001344657503068447,0.11061705648899078,0.010290814563632011,1.9276472812634893e-05,-2.692860903152905e-07,6.087252404540777e-05,-2.2766841241569045e-14,0.9025512933731079,9.987700650526676e-06,-0.01291878055781126,3.706247525769868e-06,0,0,0,0,1,0,0,0,1,0,18
0.12043807655572891,-0.0015572881093248725,0.013239067979156971,1.9073913790634833e-05,0.13240589201450348,0.0001531361194793135,0.11057811975479126,0.009707863442599773,1.8184513464802876e-05,-2.540348020829697e-07,5.742492066929117e-05,0.0,0.8894527554512024,1.3857190424459986e-05,-0.013232932426035404,3.8958751247264445e-06,0,0,0,0,1,0,0,0,1,0,0
0.13367711007595062,-0.0022489482071250677,0.013239067979156971,7.15291389496997e-06,0.14620883762836456,-2.373446841374971e-05,0.15489958226680756,0.01549815945327282,-0.00025848159566521645,-6.145284459080358e-08,1.035109926306177e-05,-7.976559572853148e-07,0.8760826587677002,1.7744638171279803e-05,-0.013472052291035652,3.878148163494188e-06,0,0,0,0,1,0,0,0,1,0,18
0.1469651162624359,-0.0022397455759346485,0.013399124145507812,2.953495641122572e-05,0.1615997850894928,-0.0002804206742439419,0.13342636823654175,0.015303369611501694,-0.0002552294754423201,-6.145284459080358e-08,1.035109926306177e-05,-7.976559572853148e-07,0.8625065684318542,2.0631536244763993e-05,-0.013653671368956566,-1.5403445559059037e-06,0,0,0,0,1,0,0,0,1,0,0
0.1605115532875061,-0.0021386186126619577,0.013655073940753937,0.00016761489678174257,0.17601393163204193,-0.0005194554687477648,0.12947969138622284,0.013877090066671371,-0.00022935426386538893,1.5755190361232962e-06,4.6431094233412296e-05,-1.8863327113649575e-06,0.8487749099731445,4.76319564768346e-06,-0.013789709657430649,-2.759604285529349e-05,0,0,0,0,1,0,0,0,1,0,16
0.17427434027194977,-0.0018932361854240298,0.013842477463185787,0.00029500556411221623,0.18942224979400635,-0.0007406195509247482,0.11955031007528305,0.013010967522859573,-0.00021434301743283868,2.9943535082566086e-06,7.69641701481305e-05,0.0,0.8349267244338989,-3.635138273239136e-05,-0.013891388662159443,-5.22163936693687e-05,0,0,0,0,1,0,0,0,1,0,13
0.1882001906633377,-0.0016261148266494274,0.013987807556986809,0.00023852552112657577,0.20206771790981293,-0.0009489418589510024,0.1130528375506401,0.012335369363427162,-0.00020321320334915072,2.8389374620019225e-06,7.296949479496107e-05,0.0,0.8209909200668335,-9.048736683325842e-05,-0.01396852359175682,-5.356931796995923e-05,0,0,0,0,1,0,0,0,1,0,16
0.20224988460540771,-0.0014224890619516373,0.014095447026193142,0.00017581319843884557,0.214019775390625,-0.0011458405060693622,0.11263199150562286,0.011644234880805016,-0.0001918274792842567,2.679770204849774e-06,6.887839845148847e-05,-7.28803736110839e-13,0.8069897294044495,-0.00014333223225548863,-0.014026024378836155,-5.224084816290997e-05,0,0,0,0,1,0,0,0,1,0,0
0.21633881330490112,-0.0012832075590267777,0.01412188820540905,0.00011328830441925675,0.2253032624721527,-0.0013317250413820148,0.109975166618824,0.010991007089614868,-0.00018106619245372713,2.5294925762864295e-06,6.501578900497407e-05,3.643358943532238e-13,0.7929396629333496,-0.00019525075913406909,-0.014068098738789558,-5.231425893725827e-05,0,0,0,0,1,0,0,0,1,0,18
0.2303602546453476,-0.0012068294454365969,0.013827050104737282,4.9296821089228615e-05,0.23869405686855316,-0.0014097971143200994,0.14891332387924194,0.015875929966568947,2.140471406164579e-05,8.988235435936076e-07,1.228290238941554e-05,-9.630431350160507e-07,0.7788530588150024,-0.00024839595425873995,-0.014100355096161366,-5.3820866014575586e-05,0,0,0,0,1,0,0,0,1,0,0
0.24382716417312622,-0.0007222496788017452,0.013312682509422302,5.2188283916621e-06,0.25445806980133057,-0.0013885432854294777,0.14991557598114014,0.015672573819756508,2.1151829059817828e-05,8.988235435936076e-07,1.228290238941554e-05,-9.630431350160507e-07,0.7647392749786377,-0.00030289203277789056,-0.014123495668172836,-5.389104626374319e-05,0,0,0,0,1,0,0,0,1,0,16
0.2571396827697754,0.0010147233260795474,0.013312676921486855,2.8466208732425002e-06,0.26969772577285767,-0.001344757154583931,0.13528916239738464,0.015916766598820686,0.00026616515242494643,4.048735320338892e-07,-7.757137154840166e-07,1.8028180193141452e-07,0.7506055235862732,-0.00034983950899913907,-0.014141728170216084,-4.12589251936879e-05,0,0,0,0,1,0,0,0,1,0,16
0.2704523801803589,0.0010162651306018233,0.013312697410583496,4.7412785875167174e-07,0.28550130128860474,-0.0010805045021697879,0.1741456836462021,0.015711940824985504,0.0002627132926136255,4.048735320338892e-07,-7.757137154840166e-07,1.8028180193141452e-07,0.7364563941955566,-0.000384130806196481,-0.014155051670968533,-2.8585809559444897e-05,0,0,0,0,1,0,0,0,1,0,7
0.2838975489139557,0.00098803685978055,0.013567769899964333,-7.276436372194439e-05,0.30108925700187683,-0.0008198682917281985,0.11522019654512405,0.015382549725472927,0.00025708775501698256,3.1557920010527596e-07,1.2759451237798203e-06,3.5955881116933597e-07,0.7222961187362671,-0.0004006375966127962,-0.014164167456328869,-3.147335519315675e-06,0,0,0,0,0,0,1,0,1,0,16
0.2975873053073883,0.0008394285687245429,0.013779542408883572,-0.00020962867711205035,0.31533917784690857,-0.0005830927402712405,0.13555492460727692,0.013996867462992668,0.00023232442617882043,-9.924939377015107e-07,3.129048127448186e-05,1.908578269649297e-06,0.7081273198127747,-0.0003867770719807595,-0.014171880669891834,2.778059570118785e-05,0,0,0,0,0,0,1,0,1,0,16
0.3114570379257202,0.000582649779971689,0.01393801998347044,-0.0002551739162299782,0.3288729190826416,-0.000358865421731025,0.12166455388069153,0.01302383653819561,0.00021533628751058131,-2.623293084980105e-06,6.83734833728522e-05,7.766690828248102e-07,0.693952202796936,-0.00034391667577438056,-0.014177490957081318,4.902076398138888e-05,0,0,0,0,0,0,1,0,1,0,6
0.3251512050628662,0.0007483274093829095,0.013893436640501022,-0.00021515686239581555,0.34153756499290466,-0.00014951021876186132,0.11578286439180374,0.012360021471977234,0.00020431526354514062,-2.8542865493363934e-06,7.31141262804158e-05,-3.6447854825406856e-13,0.6797723174095154,-0.000295675010420382,-0.014181697741150856,4.760350566357374e-05,0,0,0,0,0,1,0,0,1,0,6
0.3380739688873291,0.0018879780545830727,0.013500984758138657,0.00016552038141526282,0.35352426767349243,4.863433423452079e-05,0.1115843802690506,0.014778982847929,0.0035128488671034575,8.690808499522973e-06,9.262037565349601e-06,1.0326093615731224e-05,0.665588915348053,-0.0002488530590198934,-0.014185204170644283,4.618201273842715e-05,0,0,0,0,0,1,0,0,1,0,12
0.3510333299636841,0.0024110355880111456,0.012463681399822235,0.0010440598707646132,0.36782243847846985,0.0034284242428839207,0.1560518443584442,0.014190679416060448,0.003352618310600519,3.6201984130457276e-06,1.6110161595861427e-05,1.7480009773862548e-05,0.6514080762863159,-3.2588490284979343e-05,-0.01417398452758789,0.0003864588506985456,0,0,0,0,0,1,0,0,1,0,12
0.3633122444152832,0.004346709232777357,0.01192864216864109,0.0025816296692937613,0.38184496760368347,0.006738047581166029,0.10035223513841629,0.013621499761939049,0.0031998290214687586,-1.9181720745109487e-06,2.351588409510441e-05,2.2865320715936832e-05,0.6372507214546204,0.0005616750568151474,-0.014139624312520027,0.0007641515112482011,0,0,0,0,0,1,0,0,1,0,9
0.37514832615852356,0.006905127316713333,0.011979131028056145,0.002579284133389592,0.3947024941444397,0.0097198486328125,0.12494590878486633,0.012613466940820217,0.0029183432925492525,-2.458589369780384e-05,5.355796020012349e-05,2.2447662558988668e-05,0.6231383085250854,0.0015171581180766225,-0.014090538024902344,0.0010878025786951184,0,0,0,0,0,1,0,0,1,0,12
0.3873908519744873,0.009501464664936066,0.012444047257304192,0.002598755294457078,0.4068946838378906,0.012532532215118408,0.11463134735822678,0.0118979187682271,0.0027428921312093735,-3.831971844192594e-05,7.038335024844855e-05,-5.830857498223541e-12,0.6090760231018066,0.0027533951215445995,-0.014037244021892548,0.0013575260527431965,0,0,0,0,0,1,0,0,1,0,14
0.4000445604324341,0.012090587057173252,0.012807635590434074,0.0025860073510557413,0.41843122243881226,0.015192123129963875,0.11210115253925323,0.011245334520936012,0.002592448377981782,-3.6214762076269835e-05,6.651706644333899e-05,-1.165955526571949e-11,0.5950753688812256,0.004259614739567041,-0.01396712101995945,0.0016349140787497163,0,0,0,0,0,0,0,0,1,0,5
0.4129866361618042,0.014716343954205513,0.013039743527770042,0.0026598928961902857,0.42933186888694763,0.017705099657177925,0.10899712145328522,0.01062218938022852,0.002448792103677988,-3.421014116611332e-05,6.283509719651192e-05,-1.7486418563139594e-11,0.5811660885810852,0.006089912727475166,-0.013858430087566376,0.0019897434394806623,0,0,0,0,1,0,0,0,1,0,14
0.42584365606307983,0.017650512978434563,0.01275753416121006,0.002616284182295203,0.439621239900589,0.020077165216207504,0.11143915355205536,0.010021953843533993,0.002310417126864195,-3.2276024285238236e-05,5.9282614529365674e-05,-5.827922346102188e-12,0.5673771500587463,0.008273407816886902,-0.013728702440857887,0.0023415214382112026,0,0,0,0,0,0,0,0,1,0,7
0.4375339150428772,0.02038535103201866,0.011347521096467972,0.0019419321324676275,0.44933027029037476,0.02231544815003872,0.10863298177719116,0.009457907639443874,0.002180383773520589,-3.046010351681616e-05,5.594725371338427e-05,-2.9135693423859577e-12,0.5537701845169067,0.01089208759367466,-0.013473454862833023,0.0029023040551692247,0,0,0,0,0,0,1,0,1,0,5
0.44695568084716797,0.021913791075348854,0.00835481844842434,0.0012645168462768197,0.5067159533500671,0.023993419483304024,0.366353839635849,0.061506349593400955,0.001477928482927382,-3.407089707252453e-06,4.6076940634520724e-05,0.00082354003097862,0.5404913425445557,0.014146537519991398,-0.013108814135193825,0.003539945464581251,0,0,0,0,1,0,0,0,1,0,18
0.45474502444267273,0.023128442466259003,0.0073944819159805775,0.0011787317926064134,0.566618800163269,0.025279974564909935,0.4423823654651642,0.05861441045999527,0.0011337974574416876,-3.407089707252453e-06,4.6076940634520724e-05,0.00082354003097862,0.5277434587478638,0.017940703779459,-0.012028217315673828,0.0037166776601225138,0,0,0,0,1,0,0,0,1,0,18
0.461717814207077,0.023818524554371834,0.006643814034759998,0.0005494321812875569,0.6237092614173889,0.02623632736504078,0.3137779235839844,0.055862411856651306,0.0008149235509335995,-3.407089707252453e-06,4.6076940634520724e-05,0.00082354003097862,0.5176128149032593,0.020998740568757057,-0.008263307623565197,0.0024162554182112217,0,0,0,0,1,0,0,0,1,0,13
0.4679242968559265,0.024328993633389473,0.006453780457377434,0.0005149384960532188,0.6760334968566895,0.02687438763678074,0.16420824825763702,0.04630453884601593,0.0004839006869588047,-3.6515605188469635e-06,6.602096982533112e-05,0.0007642082637175918,0.5122378468513489,0.02253146469593048,-0.0028648797888308764,0.0007976185297593474,0,0,0,0,1,0,0,0,1,0,18
0.4752272665500641,0.024801960214972496,0.007972296327352524,0.0004096179618500173,0.7214362621307373,0.02724662981927395,0.20429056882858276,0.04465634375810623,0.0002830888843163848,-3.6515605188469635e-06,6.602096982533112e-05,0.0007642082637175918,0.5126671195030212,0.0226637814193964,0.002866983413696289,1.8038248526863754e-05,0,0,0,0,1,0,0,0,1,0,2
0.483900249004364,0.02507331594824791,0.009234427474439144,0.00013945625687483698,0.7641389966011047,0.02743072248995304,0.13598139584064484,0.039410918951034546,0.00011717482993844897,-3.3222422644030303e-06,8.999364217743278e-05,0.0006639278144575655,0.51659095287323,0.02282814122736454,0.004677377175539732,0.0002882086264435202,0,1,0,0,0,0,0,0,1,0,16
0.49317842721939087,0.0251554436981678,0.00961351953446865,7.560690573882312e-05,0.8023912906646729,0.027481606230139732,0.11841896176338196,0.036013104021549225,1.0155961717828177e-05,-2.613979631860275e-06,0.00011588446795940399,0.0005312113207764924,0.5224689245223999,0.022942155599594116,0.006460730917751789,9.515604324406013e-05,0,1,0,0,0,0,0,0,1,0,4
0.5033000707626343,0.025228075683116913,0.010603667236864567,6.736096111126244e-05,0.8358900547027588,0.027466407045722008,0.10999190807342529,0.031579673290252686,-2.611672243801877e-05,-7.613232355652144e-07,0.00016456874436698854,0.0002005077840294689,0.5299533605575562,0.023047102615237236,0.007869475521147251,0.00011867224384332076,0,0,0,1,0,0,0,0,1,0,1
0.514301598072052,0.025292526930570602,0.011395413428544998,6.318516534520313e-05,0.8657110333442688,0.027439862489700317,0.10929974168539047,0.028522660955786705,-2.5447929147048853e-05,3.554802106009447e-07,0.0001687090116320178,1.8372326229809666e-13,0.5387162566184998,0.023172296583652496,0.009080571122467518,0.000141901895403862,1,0,0,0,0,0,0,0,1,0,10
0.5260634422302246,0.025356512516736984,0.012118935585021973,6.085764107410796e-05,0.8928258419036865,0.027415666729211807,0.10947632789611816,0.026023540645837784,-2.3218213755171746e-05,3.2433808883070014e-07,0.00015392911154776812,9.170774897945475e-14,0.5484983325004578,0.02330295369029045,0.009929864667356014,0.00013781349116470665,1,0,0,0,0,0,0,0,1,0,1
0.5384604930877686,0.025416294112801552,0.012682070024311543,5.5423046433134004e-05,0.9176459908485413,0.0273935254663229,0.10960671305656433,0.023883068934082985,-2.1308474970282987e-05,2.9766380293949624e-07,0.00014126967289485037,-1.8317491349683496e-13,0.5590978860855103,0.023434549570083618,0.010792041197419167,0.00013938143092673272,1,0,0,0,0,0,0,0,1,0,1
0.5513280034065247,0.02547527849674225,0.013090717606246471,5.725103983422741e-05,0.9404869675636292,0.027373144403100014,0.10970119386911392,0.02202637493610382,-1.9651935872389004e-05,2.745251777014346e-07,0.00013028820103500038,0.0,0.5705305337905884,0.02356383390724659,0.01168233435600996,0.00013499698252417147,1,0,0,0,0,0,0,0,1,0,16
0.5645867586135864,0.025533625856041908,0.013423957861959934,5.6486947869416326e-05,0.9616007804870605,0.027354305610060692,0.10977069288492203,0.020397992804646492,-1.8199092664872296e-05,2.542314234688092e-07,0.00012065691407769918,-1.371211900535324e-13,0.5826771259307861,0.023690909147262573,0.012283062562346458,0.00013367351493798196,1,0,0,0,0,0,0,0,1,0,0
0.5781251788139343,0.025592036545276642,0.013657400384545326,5.744958980358206e-05,0.9811916351318359,0.027336828410625458,0.10982253402471542,0.018955955281853676,-1.6912506907829084e-05,2.36259666053229e-07,0.00011212759272893891,0.0,0.5953319668769836,0.023814449086785316,0.01284094713628292,0.0001229627087013796,1,0,0,0,0,0,0,0,1,0,18
0.5918797254562378,0.02565024234354496,0.013849329203367233,5.659565795212984e-05,0.9994275569915771,0.027320561930537224,0.10986170917749405,0.01766790635883808,-1.5763311239425093e-05,2.2020680034984252e-07,0.00010450898844283074,9.129770371782073e-14,0.608431875705719,0.023930996656417847,0.01317201554775238,0.00012220960343256593,1,0,0,0,0,0,0,0,1,0,1
