lt_dp_posx,lt_dp_posy,lt_dp_velx,lt_dp_vely,ball_posx,ball_posy,ball_posz,ball_vel_x,ball_vel_y,ball_rot_x,ball_rot_y,ball_rot_z,rt_gk_posx,rt_gk_posy,rt_gk_velx,rt_gk_vely,action_left,action_top_left,action_top,action_top_right,action_right,action_bottom_right,action_bottom,action_bottom_left,action_sprint,action_dribble,sel_action
-1.0110293626785278,-0.0,0.0,-0.0,0.019999999552965164,-0.0,0.11061639338731766,-0.0,0.0,0.0,-0.0,0.0,1.0110293626785278,0.0,-0.0,0.0,0,0,0,0,0,0,0,0,0,0,5
0.0,-0.0,0.0,-0.0,0.019999999552965164,-0.0,0.11059734225273132,-0.0,0.0,0.0,-0.0,0.0,1.010831356048584,-1.6283261197735932e-11,-0.0013190157478675246,-1.0749903051054943e-10,0,0,0,0,1,0,0,0,0,0,5
0.00032308624940924346,3.615717447669198e-11,0.0019679905381053686,1.6625298360217755e-11,0.019999999552965164,-0.0,0.10930104553699493,-0.0,0.0,0.0,-0.0,0.0,1.007331371307373,-2.399091758586991e-10,-0.004367968533188105,-2.2594515147744687e-10,0,0,0,0,1,0,0,0,0,0,5
0.003517754143103957,-4.4129966347838945e-10,0.00461391219869256,-1.5669146535834955e-10,0.019999999552965164,-0.0,0.11075475811958313,-0.0,0.0,0.0,-0.0,0.0,1.0020980834960938,-4.074588721980632e-10,-0.0059268055483698845,-1.0296197922032846e-10,0,0,0,0,1,0,0,0,0,0,13
0.006782666780054569,-4.028840372427567e-09,0.006209590006619692,-3.971326323348734e-10,0.019999999552965164,-0.0,0.11053141206502914,0.009301592595875263,-9.824338009778444e-10,-1.3329711683399137e-12,-9.536828656564467e-06,-1.9272257401059534e-13,0.9953674674034119,-3.858842065329604e-11,-0.007369237951934338,6.152517939561619e-10,0,0,0,0,1,0,0,0,1,0,5
0.013608739711344242,-4.606135917128995e-09,0.007666833233088255,-1.6548507009161995e-10,0.028724046424031258,-9.239055631660165e-10,0.11649638414382935,0.008379608392715454,-8.888570990350786e-10,4.3357786978781565e-12,1.4811776054557413e-05,-4.8763311097377304e-12,0.9872784614562988,4.303232215008279e-10,-0.008651789277791977,3.2936800509197894e-10,0,0,0,0,1,0,0,0,1,0,18
0.021998636424541473,-4.733373248910766e-09,0.008955181576311588,-1.5050247159642538e-10,0.03670034185051918,-1.7712383781898211e-09,0.1108342632651329,0.007768489886075258,-8.254645855743092e-10,1.1531954210997064e-11,4.5954315282870084e-05,0.0,0.9781137704849243,6.13938788696089e-10,-0.009335489943623543,2.3679685989819177e-10,0,0,0,0,1,0,0,0,1,0,0
0.03128108009696007,-5.236657774077003e-09,0.009851337410509586,-2.586511560487281e-10,0.044229645282030106,-2.571286961128294e-09,0.11303352564573288,0.007336480543017387,-7.795601386639817e-10,1.0890240965955034e-11,4.339710721978918e-05,-2.777385258485358e-18,0.968501091003418,7.893262710112481e-10,-0.010017086751759052,1.2786539882458925e-10,0,0,0,0,1,0,0,0,1,0,18
0.03928247466683388,-7.526324452555855e-09,0.009585121646523476,-1.4680384685661352e-10,0.05133315175771713,-3.326092290478755e-09,0.11132440716028214,0.006912638898938894,-7.345238306477597e-10,1.0261005586875704e-11,4.08896230510436e-05,0.0,0.9580104947090149,8.440378396201709e-10,-0.010855057276785374,-7.575439407714324e-12,0,0,0,0,1,0,0,0,1,0,16
0.04875368997454643,-8.404120954708105e-09,0.010424151085317135,-8.550311153543433e-11,0.06317287683486938,1.980688284675125e-05,0.14544127881526947,0.013863089494407177,2.795229920593556e-05,2.854024501175445e-07,8.161829100572504e-06,3.5960084687758354e-07,0.9471069574356079,1.5789908269780994e-09,-0.010882405564188957,7.596279716359788e-10,0,0,0,0,1,0,0,0,1,0,13
0.05940442159771919,2.257786036352627e-06,0.010675586760044098,5.6657531786186155e-06,0.07690628618001938,4.7446239477721974e-05,0.1118243932723999,0.013442622497677803,2.6796515157911927e-05,2.3701809936937934e-07,1.3407649930741172e-05,4.0730273553890584e-07,0.9358362555503845,2.081522065822128e-09,-0.01156821008771658,3.0024341346468475e-10,0,0,0,0,1,0,0,0,1,0,0
0.07053516805171967,1.147595321526751e-05,0.011478145606815815,1.256876112165628e-05,0.08949404209852219,7.15493515599519e-05,0.12184744328260422,0.012235801666975021,2.3131568013923243e-05,-1.339994781801579e-07,5.291341585689224e-05,3.3340521099489706e-07,0.9239458441734314,4.550842547246248e-08,-0.012150231748819351,2.1046068354735326e-07,0,0,0,0,1,0,0,0,1,0,0
0.08238522708415985,2.7949581635766663e-05,0.01214584894478321,1.834850263549015e-05,0.10131950676441193,9.373435023007914e-05,0.11328329145908356,0.011542401276528835,2.162018972740043e-05,-3.020444410140044e-07,6.827987817814574e-05,9.109784459985018e-14,0.911514401435852,9.603389798940043e-07,-0.012642495334148407,1.6079274018920842e-06,0,0,0,0,1,0,0,0,1,0,16
0.09485340118408203,4.841870759264566e-05,0.012709463015198708,2.2747888579033315e-05,0.11251083016395569,0.00011469692981336266,0.1122271865606308,0.010908231139183044,2.043231506831944e-05,-2.8543763619381934e-07,6.452578963944688e-05,4.5540980519011634e-14,0.8986548185348511,3.4585652883833973e-06,-0.013021862134337425,3.21920038004464e-06,0,0,0,0,1,0,0,0,1,0,16
0.10780879855155945,7.45971265132539e-05,0.013138792477548122,2.9016824555583298e-05,0.12308074533939362,0.00013449553807731718,0.11061712354421616,0.010296326130628586,1.9286138922325335e-05,-2.694210650133755e-07,6.090510942158289e-05,-4.553374685764208e-14,0.8854668736457825,6.927242338861106e-06,-0.013312171213328838,3.74316346096748e-06,0,0,0,0,1,0,0,0,1,0,0
0.12103816866874695,-0.0015573296695947647,0.013239067979156971,1.906564284581691e-05,0.13305331766605377,0.00015317529323510826,0.11057806015014648,0.009713064879179,1.819362660171464e-05,-2.5416198923267075e-07,5.7455661590211093e-05,-2.2763620822303585e-14,0.8720289468765259,1.1026314496120904e-05,-0.013532358221709728,4.380071004561614e-06,0,0,0,0,1,0,0,0,1,0,13
0.13427720963954926,-0.0022489926777780056,0.013239067979156971,7.149349130486371e-06,0.1468552201986313,-2.3717051590210758e-05,0.15487439930438995,0.01549452729523182,-0.00025851611280813813,-6.1245572169355e-08,1.0370954441896174e-05,-7.97824554865656e-07,0.8584014177322388,1.3535868674807716e-05,-0.013698549941182137,-1.984254595299717e-06,0,0,0,0,1,0,0,0,1,0,13
0.14756521582603455,-0.0022397954016923904,0.013399211689829826,2.9517132134060375e-05,0.162242591381073,-0.0002804379619192332,0.13336381316184998,0.015299826860427856,-0.0002552643418312073,-6.1245572169355e-08,1.0370954441896174e-05,-7.97824554865656e-07,0.8446311354637146,4.268735210644081e-06,-0.013824069872498512,-1.4987706890678965e-05,0,0,0,0,1,0,0,0,1,0,13
0.16111165285110474,-0.0021387278102338314,0.013655073940753937,0.00016751686052884907,0.1766522377729416,-0.0005194815457798541,0.12949620187282562,0.013873097486793995,-0.00022936805908102542,1.5777980024722638e-06,4.6475000999635085e-05,-1.8851662844099337e-06,0.8307538032531738,-1.7590109564480372e-05,-0.013917334377765656,-2.7567650249693543e-05,0,0,0,0,1,0,0,0,1,0,13
0.1748744398355484,-0.001893489621579647,0.013842477463185787,0.0002948326582554728,0.19005738198757172,-0.0007406710647046566,0.11954529583454132,0.013008235953748226,-0.00021437337272800505,2.994776878040284e-06,7.694802479818463e-05,1.0936557649082745e-12,0.8167964816093445,-5.233188494457863e-05,-0.013987457379698753,-4.062349034938961e-05,0,0,0,0,1,0,0,0,1,0,18
0.18880029022693634,-0.0016265184385702014,0.013987807556986809,0.0002383989776717499,0.2027001976966858,-0.0009490224183537066,0.11305633187294006,0.01233275979757309,-0.00020324165234342217,2.839335820681299e-06,7.2954069764819e-05,0.0,0.8027791380882263,-0.00010016629676101729,-0.014039347879588604,-5.374109969125129e-05,0,0,0,0,1,0,0,0,1,0,5
0.20284996926784515,-0.001422988367266953,0.01409527100622654,0.00017574102093931288,0.2146497368812561,-0.0011459490051493049,0.11263246089220047,0.011641810648143291,-0.00019185489509254694,2.680153329492896e-06,6.886404298711568e-05,-3.644015970048764e-13,0.7887169122695923,-0.00015604711370542645,-0.014079318381845951,-5.5573666031705216e-05,0,0,0,0,1,0,0,0,1,0,16
0.21695296466350555,-0.0012827024329453707,0.014121786691248417,0.00011324710067128763,0.22593088448047638,-0.0013318603159859776,0.10997552424669266,0.010988745838403702,-0.0001810923859011382,2.5298593300249195e-06,6.500243034679443e-05,7.286713550255786e-13,0.774621307849884,-0.000211057486012578,-0.014108069241046906,-5.4543863370781764e-05,0,0,0,0,1,0,0,0,1,0,0
0.23098665475845337,-0.0012054328108206391,0.013827050104737282,4.9278994993073866e-05,0.2393205761909485,-0.0014098623069003224,0.1489134430885315,0.015875892713665962,2.1568892407231033e-05,8.989474622467242e-07,1.2277810128580313e-05,-9.624698122934205e-07,0.7605006694793701,-0.0002651513204909861,-0.01413050852715969,-5.401024827733636e-05,0,0,0,0,1,0,0,0,1,0,0
0.24445347487926483,-0.0007211080519482493,0.013312393799424171,5.218686055741273e-06,0.2550845742225647,-0.001388445496559143,0.1499163806438446,0.015672532841563225,2.131389919668436e-05,8.989474622467242e-07,1.2277810128580313e-05,-9.624698122934205e-07,0.7463613748550415,-0.0003192942822352052,-0.014145934954285622,-5.424887058325112e-05,0,0,0,0,1,0,0,0,1,0,16
0.2577657699584961,0.0010149396257475019,0.013312561437487602,2.8463357466534944e-06,0.2703242003917694,-0.0013445186195895076,0.13528886437416077,0.015916721895337105,0.00026616474497132003,4.0457160821461e-07,-7.778881467856991e-07,1.810869179053043e-07,0.732208251953125,-0.0003736667276825756,-0.0141578558832407,-5.4471674957312644e-05,0,0,0,0,1,0,0,0,1,0,13
0.27107828855514526,0.0010164814302697778,0.013312522321939468,4.7412785875167174e-07,0.2861277163028717,-0.0010802662000060081,0.17414522171020508,0.015711896121501923,0.00026271294336766005,4.0457160821461e-07,-7.778881467856991e-07,1.810869179053043e-07,0.7180451154708862,-0.0004164379497524351,-0.014167673885822296,-3.31925148202572e-05,0,0,0,0,1,0,0,0,1,0,5
0.28452345728874207,0.0009882538579404354,0.013567769899964333,-7.276169344549999e-05,0.3017156720161438,-0.0008196306298486888,0.11521993577480316,0.015382492914795876,0.0002570872602518648,3.1527969213129836e-07,1.2739145631712745e-06,3.603444440614112e-07,0.7038741111755371,-0.0004379120946396142,-0.01417398452758789,-1.188305213872809e-05,0,0,0,0,1,0,0,0,1,0,5
0.2982132136821747,0.0008396491757594049,0.013779542408883572,-0.00020962422422599047,0.31596559286117554,-0.0005828543216921389,0.13555482029914856,0.013996792957186699,0.00023232516832649708,-9.92687432699313e-07,3.128899697912857e-05,1.908988224386121e-06,0.6896973848342896,-0.000437433976912871,-0.014178893528878689,1.1248504961258732e-05,0,0,0,0,1,0,0,0,1,0,16
0.3120829463005066,0.0005828766152262688,0.01393801998347044,-0.00025516768801026046,0.3294992446899414,-0.00035862604272551835,0.12166457623243332,0.013023747131228447,0.00021533743711188436,-2.6228797196381493e-06,6.836227112216875e-05,7.775562949063897e-07,0.6755163669586182,-0.0004127987485844642,-0.014183100312948227,3.558989192242734e-05,0,0,0,0,1,0,0,0,1,0,6
0.32577693462371826,0.0007484968518838286,0.013893104158341885,-0.00021515079424716532,0.3421638607978821,-0.00014926999574527144,0.11578278243541718,0.01235992182046175,0.0002043160202447325,-2.8542970085254638e-06,7.311353692784905e-05,-7.289569880879199e-13,0.6613321900367737,-0.000364512437954545,-0.014185905456542969,5.530362614081241e-05,0,0,0,0,0,1,0,0,1,0,7
0.3386993408203125,0.001887975842691958,0.013500639237463474,0.00016552608576603234,0.3541504740715027,4.887531395070255e-05,0.11158435791730881,0.0147789241746068,0.003512835828587413,8.690764843777288e-06,9.26191933103837e-06,1.0325990842829924e-05,0.6471454501152039,-0.00030856698867864907,-0.01418730802834034,5.647023135679774e-05,0,0,0,0,0,0,1,0,1,0,12
0.3516586720943451,0.0024110223166644573,0.012463681399822235,0.001044063363224268,0.36844852566719055,0.0034286517184227705,0.15605123341083527,0.014190621674060822,0.003352605039253831,3.6201518014422618e-06,1.6110056094476022e-05,1.7479889720561914e-05,0.6329569816589355,-0.0002514559018891305,-0.01418871060013771,5.7635275879874825e-05,0,0,0,0,0,0,1,0,1,0,12
0.3639376163482666,0.004346699453890324,0.01192864216864109,0.0025816368870437145,0.3824709355831146,0.006738259457051754,0.10035105794668198,0.013621417805552483,0.0031998089980334044,-1.91882418221212e-06,2.351659168198239e-05,2.286564813402947e-05,0.618773341178894,-1.0821210707945284e-05,-0.01417258195579052,0.0004639746621251106,0,0,0,0,0,0,1,0,1,0,12
0.37577348947525024,0.00690512964501977,0.01197878085076809,0.0025793055538088083,0.3953284025192261,0.00972004421055317,0.12494631856679916,0.012613404542207718,0.0029183304868638515,-2.4587014195276424e-05,5.3559291700366884e-05,2.2446431103162467e-05,0.604630172252655,0.0007318088319152594,-0.014112977311015129,0.0009703017421998084,0,0,0,0,0,0,1,0,1,0,7
0.3880157172679901,0.009501487016677856,0.012443697080016136,0.002598776714876294,0.407520592212677,0.012532717548310757,0.11463122814893723,0.011897871270775795,0.002742883050814271,-3.8319602026604116e-05,7.03830664861016e-05,-5.830856630861803e-12,0.5905683040618896,0.0019700867123901844,-0.014019012451171875,0.0014369104756042361,0,0,0,0,0,0,1,0,1,0,5
0.40066930651664734,0.012090614065527916,0.012807635590434074,0.0025860073510557413,0.419057160615921,0.015192298218607903,0.11210114508867264,0.011245299130678177,0.0025924404617398977,-3.6214649298926815e-05,6.651685544056818e-05,-1.165955526571949e-11,0.5766090154647827,0.00363173708319664,-0.013906113803386688,0.0018450346542522311,0,0,0,0,1,0,0,0,1,0,5
0.41361135244369507,0.014716367237269878,0.013039743527770042,0.002659878693521023,0.42995768785476685,0.017705263569951057,0.10899712890386581,0.01062215119600296,0.002448783256113529,-3.421002111281268e-05,6.283486436586827e-05,-1.7486418563139594e-11,0.5627780556678772,0.00569953816011548,-0.013765166513621807,0.002249447861686349,0,0,0,0,1,0,0,0,1,0,14
0.4264684021472931,0.01765049621462822,0.012757517397403717,0.0026162550784647465,0.4402470588684082,0.020077316090464592,0.11143915355205536,0.010021919384598732,0.0023104092106223106,-3.2275911507895216e-05,5.9282414440531284e-05,-2.913961173051094e-12,0.5491539835929871,0.00828129518777132,-0.013499049469828606,0.00285188271664083,0,0,0,0,0,0,0,0,1,0,12
0.43815869092941284,0.02038528211414814,0.011347505263984203,0.0019419011659920216,0.44995608925819397,0.02231559343636036,0.10863298177719116,0.009457872249186039,0.002180376322939992,-3.0459996196441352e-05,5.594705362454988e-05,0.0,0.5358301997184753,0.011458493769168854,-0.013170873746275902,0.0034411842934787273,0,0,0,0,0,0,0,0,1,0,6
0.4475804567337036,0.021913699805736542,0.00835481844842434,0.0012645168462768197,0.5067359805107117,0.02347959391772747,0.40706223249435425,0.06083706021308899,0.0009518172009848058,9.73766054812586e-06,2.7105441404273733e-05,0.000526623276527971,0.5234017968177795,0.014989778399467468,-0.011181481182575226,0.0033486972097307444,0,0,0,0,0,1,0,0,1,0,8
0.455369770526886,0.023128332570195198,0.0073944819159805775,0.0011787032708525658,0.5659977197647095,0.024303212761878967,0.5698286294937134,0.05800606682896614,0.0007230514893308282,9.73766054812586e-06,2.7105441404273733e-05,0.000526623276527971,0.5146555304527283,0.017910243943333626,-0.0064337956719100475,0.002571469871327281,0,0,0,0,0,0,0,1,1,0,0
0.4623425602912903,0.023818403482437134,0.006643814034759998,0.0005494179204106331,0.6225428581237793,0.0249136071652174,0.5682601928710938,0.05537770688533783,0.0005222844774834812,9.73766054812586e-06,2.7105441404273733e-05,0.000526623276527971,0.5113083720207214,0.020369254052639008,-0.0012871096841990948,0.0028731292113661766,0,0,0,0,0,0,0,1,1,0,17
0.46843647956848145,0.02431895211338997,0.005805492401123047,0.0004570449818857014,0.6765555739402771,0.025337768718600273,0.41236361861228943,0.0529194176197052,0.0003476388519629836,9.73766054812586e-06,2.7105441404273733e-05,0.000526623276527971,0.513018012046814,0.023034244775772095,0.0039275954477488995,0.0021479774732142687,0,0,0,0,0,0,0,1,1,1,3
0.4734680950641632,0.025068629533052444,0.004304156638681889,0.0008247115183621645,0.7281914353370667,0.02560066618025303,0.11134020984172821,0.05060553550720215,0.00019700799020938575,9.73766054812586e-06,2.7105441404273733e-05,0.000526623276527971,0.5184659361839294,0.024372365325689316,0.006333168596029282,0.0008327824180014431,0,0,1,0,0,0,0,0,1,1,17
0.47605806589126587,0.025718040764331818,0.0009866321925073862,0.0006088799564167857,0.7704475522041321,0.02560415118932724,0.24923785030841827,0.04092029854655266,-5.805502223665826e-05,8.75596742844209e-06,5.022541881771758e-05,0.0004859160981141031,0.5256052017211914,0.02499876357614994,0.007771744392812252,0.0005471649346873164,0,0,1,0,0,0,0,0,1,1,0
0.4750925302505493,0.026561779901385307,-0.0021520783193409443,0.0015486370539292693,0.810637891292572,0.025493457913398743,0.24046266078948975,0.03959165886044502,-0.00015136018919292837,8.75596742844209e-06,5.022541881771758e-05,0.0004859160981141031,0.5340847373008728,0.025408199056982994,0.009028350934386253,0.00028450522222556174,0,0,1,0,0,0,0,0,1,1,11
0.4723300635814667,0.028437849134206772,-0.0033522353041917086,0.001934869447723031,0.8491063714027405,0.02529442310333252,0.12326963245868683,0.03491794690489769,-0.00026304423226974905,8.105543201963883e-06,7.212398486444727e-05,0.00042664632201194763,0.543386697769165,0.02553948014974594,0.009334788657724857,6.884479080326855e-05,0,0,1,0,0,0,0,0,1,1,2
0.4682912826538086,0.02879166416823864,-0.004189154598861933,-0.001085118274204433,0.8831984400749207,0.02500012516975403,0.15912006795406342,0.03366832062602043,-0.00031776484684087336,8.034345228224993e-06,7.448405085597187e-05,0.00041932924068532884,0.55316162109375,0.025596225634217262,0.010195549577474594,4.5259603211889043e-05,0,1,0,0,0,0,0,0,1,1,18
0.46456077694892883,0.02639857493340969,-0.003290877677500248,-0.0032257521525025368,0.91535884141922,0.024655815213918686,0.1311291754245758,0.030250413343310356,-0.00036336592165753245,7.240304512379225e-06,0.00010502309305593371,0.0003082748444285244,0.5638133883476257,0.02562415599822998,0.011001965962350368,1.3803180991089903e-05,0,1,0,0,0,0,0,0,1,0,3
0.46309855580329895,0.023191897198557854,0.0007425796939060092,-0.0026309299282729626,0.944311261177063,0.024284711107611656,0.11527050286531448,0.0276047196239233,-0.00037131490535102785,6.0246375142014585e-06,0.00014282944903243333,0.0001232392678502947,0.5747221112251282,0.02562837116420269,0.011030365712940693,-3.564871121852775e-06,0,0,1,0,0,0,0,0,1,0,9
0.46684587001800537,0.021267907693982124,0.005312638822942972,-0.0013374693226069212,0.9705674648284912,0.023927725851535797,0.11070529371500015,0.025235086679458618,-0.0003434358804952353,4.797281690116506e-06,0.00014925867435522377,-2.933188414377952e-12,0.5861250162124634,0.025615600869059563,0.01168741937726736,-2.036254409176763e-05,0,0,1,0,0,0,0,0,1,0,13
0.47352975606918335,0.020543590188026428,0.007314352318644524,-0.0005370158469304442,0.9946624636650085,0.023599805310368538,0.1096506118774414,0.023203926160931587,-0.00031579285860061646,4.411409463500604e-06,0.00013725295139010996,0.0,0.5981287360191345,0.025589143857359886,0.012257520109415054,-3.0515297112287953e-05,0,0,1,0,0,0,0,0,1,0,16
