lt_dp_posx,lt_dp_posy,lt_dp_velx,lt_dp_vely,ball_posx,ball_posy,ball_posz,ball_vel_x,ball_vel_y,ball_rot_x,ball_rot_y,ball_rot_z,rt_gk_posx,rt_gk_posy,rt_gk_velx,rt_gk_vely,action_left,action_top_left,action_top,action_top_right,action_right,action_bottom_right,action_bottom,action_bottom_left,action_sprint,action_dribble,sel_action
-1.0110293626785278,-0.0,0.0,-0.0,0.019999999552965164,-0.0,0.11061639338731766,-0.0,0.0,0.0,-0.0,0.0,1.0110293626785278,0.0,-0.0,0.0,0,0,0,0,0,0,0,0,0,0,5
0.0,-0.0,0.0,-0.0,0.019999999552965164,-0.0,0.11059734225273132,-0.0,0.0,0.0,-0.0,0.0,1.0109632015228271,-5.533358059944815e-12,-0.0006619621999561787,-5.533357799736294e-11,0,0,0,0,1,0,0,0,0,0,5
0.002222317736595869,1.2160712714592847e-10,0.003935635555535555,2.5671492709378185e-11,0.019999999552965164,-0.0,0.10930104553699493,-0.0,0.0,0.0,-0.0,0.0,1.007768154144287,-2.1731465238428171e-10,-0.004207386635243893,-2.3128930715099472e-10,0,0,0,0,1,0,0,0,0,0,5
0.005271113943308592,-2.61168286996849e-09,0.00558501947671175,-3.93961613331939e-10,0.019999999552965164,-0.0,0.11075475811958313,-0.0,0.0,0.0,-0.0,0.0,1.0026906728744507,-3.971626638676895e-10,-0.005775339435786009,-1.1847492431549256e-10,0,0,0,0,1,0,0,0,0,0,13
0.01062566228210926,-4.537958897543604e-09,0.007103427313268185,-2.745618732369337e-10,0.02532658725976944,-5.631753396961869e-10,0.12591105699539185,0.00866740196943283,-9.173033443943268e-10,2.324230001168881e-12,6.172445409902139e-06,-4.037816955793083e-12,0.9961044192314148,-1.0195648492139497e-10,-0.007231095340102911,6.243874861588949e-10,0,0,0,0,1,0,0,0,1,0,5
0.01848970353603363,-4.671329989491824e-09,0.008461251854896545,-1.3846744584267157e-10,0.033568643033504486,-1.4370959977583198e-09,0.1183711439371109,0.007925158366560936,-8.413065799572905e-10,1.175375942408241e-11,4.688330227509141e-05,0.0,0.9881436228752136,3.798272529831337e-10,-0.008531177416443825,3.439128704041394e-10,0,0,0,0,1,0,0,0,1,0,18
0.027614332735538483,-4.803178299539468e-09,0.009638728573918343,-8.9973750672101e-11,0.04126875102519989,-2.2545123545825163e-09,0.1135631576180458,0.0075108353048563,-7.973233739910768e-10,1.113865857188534e-11,4.442955105332658e-05,-3.471841639826955e-18,0.9790472984313965,6.10573425152694e-10,-0.009335489943623543,9.463524408559465e-10,0,0,0,0,1,0,0,0,1,0,5
0.0361362062394619,-6.592733914345672e-09,0.009277061559259892,-1.8268427048884206e-10,0.04854263365268707,-3.02668046181509e-09,0.11264923959970474,0.007080330979079008,-7.516223754500118e-10,1.0499962010968034e-11,4.188196180621162e-05,0.0,0.9695028066635132,1.3653886909992252e-09,-0.009924523532390594,6.296522747639699e-10,0,0,0,0,1,0,0,0,1,0,18
0.04463688284158707,-8.362576409126632e-09,0.010067443363368511,-1.1342166095218431e-10,0.05761835351586342,8.605935363448225e-06,0.13116492331027985,0.013979647308588028,2.8259459213586524e-05,2.946388235613995e-07,7.150269539124565e-06,3.486559876364481e-07,0.9590960144996643,1.7815429131928795e-09,-0.010777922347187996,2.357047057532924e-10,0,0,0,0,1,0,0,0,1,0,0
0.05513431876897812,4.771491148858331e-07,0.010675542056560516,2.428010020594229e-06,0.07145800441503525,3.651119550340809e-05,0.1371128261089325,0.013769282028079033,2.7762778699980117e-05,2.8540239327412564e-07,8.161880032275803e-06,3.59601074251259e-07,0.9481951594352722,3.134632322598918e-07,-0.01080527063459158,7.756977424833167e-07,0,0,0,0,1,0,0,0,1,0,0
0.06598839163780212,6.923401542735519e-06,0.011177098378539085,9.551960829412565e-06,0.08456171303987503,6.219860370038077e-05,0.12683409452438354,0.012486622668802738,2.3782959033269435e-05,-6.468464874842539e-08,4.5711265556747094e-05,4.101131594325125e-07,0.9369930624961853,1.6994433735817438e-06,-0.011505099013447762,1.8756792314889026e-06,0,0,0,0,1,0,0,0,1,0,0
0.07756664603948593,2.0731278709718026e-05,0.011883413419127464,1.710362448648084e-05,0.09666788578033447,8.502112905262038e-05,0.11762464791536331,0.011771413497626781,2.2049158360459842e-05,-3.080205033256789e-07,6.963079795241356e-05,0.0,0.9251608848571777,4.127571173739852e-06,-0.012094132602214813,2.6928423721983563e-06,0,0,0,0,1,0,0,0,1,0,5
0.08980017900466919,3.966224903706461e-05,0.012501811608672142,2.0557608877425082e-05,0.10811037570238113,0.00010645420115906745,0.11083384603261948,0.011161785572767258,2.090725138259586e-05,-2.920785959759087e-07,6.602701614610851e-05,-9.108820197677864e-14,0.9127786755561829,7.047990948194638e-06,-0.012599019333720207,3.1382214729092084e-06,0,0,0,0,1,0,0,0,1,0,18
0.10257647931575775,6.336929072858766e-05,0.012981277890503407,2.649083580763545e-05,0.11892607063055038,0.00012671315926127136,0.10950887948274612,0.010539045557379723,1.9740780771826394e-05,-2.757803656550095e-07,6.234269676497206e-05,-4.5536565783290545e-14,0.899957001209259,1.046268516802229e-05,-0.012988903559744358,3.6350961636344437e-06,0,0,0,0,1,0,0,0,1,0,16
0.11574267596006393,-0.0007769099320285022,0.013238980434834957,2.3831877115298994e-05,0.12913401424884796,0.00014583379379473627,0.11070511490106583,0.00994198489934206,1.862240969785489e-05,-2.601488802156382e-07,5.880907701794058e-05,-1.1382436876719582e-13,0.8867981433868408,1.4310438018583227e-05,-0.013286225497722626,4.060109858983196e-06,0,0,0,0,1,0,0,0,1,0,5
0.12898170948028564,-0.0022525673266500235,0.013239067979156971,1.1915582035726402e-05,0.14064577221870422,7.988791185198352e-05,0.13553279638290405,0.015572835691273212,-0.00025984380044974387,-6.124555795850029e-08,1.037095262290677e-05,-7.978247822393314e-07,0.8733821511268616,1.86595552804647e-05,-0.01351272314786911,4.576737410388887e-06,0,0,0,0,1,0,0,0,1,0,16
0.14222414791584015,-0.0022468706592917442,0.013272990472614765,3.3474138945166487e-06,0.15611110627651215,-0.00017813892918638885,0.15389259159564972,0.015377630479633808,-0.0002565554459579289,-6.124555795850029e-08,1.037095262290677e-05,-7.978247822393314e-07,0.8597712516784668,2.0609470084309578e-05,-0.013683823868632317,-5.675358352164039e-06,0,0,0,0,1,0,0,0,1,0,0
0.15566331148147583,-0.0021966344211250544,0.013562160544097424,0.00010679284605430439,0.17106404900550842,-0.0004270473145879805,0.1245821863412857,0.014172120951116085,-0.00023464806145057082,1.291333433073305e-06,4.019035623059608e-05,-1.9321628315083217e-06,0.8460135459899902,3.7950837850075914e-07,-0.01381285022944212,-3.172364813508466e-05,0,0,0,0,1,0,0,0,1,0,13
0.1693476289510727,-0.0020076637156307697,0.013774283230304718,0.00025408618967048824,0.1848149448633194,-0.0006542748305946589,0.10572956502437592,0.013355751521885395,-0.000220304646063596,2.195471552113304e-06,5.9915942983934656e-05,-1.415122028447513e-06,0.8321458697319031,-4.471751890378073e-05,-0.013908217661082745,-5.404664989328012e-05,0,0,0,0,1,0,0,0,1,0,16
0.18321307003498077,-0.00172587507404387,0.013934689573943615,0.0002649643865879625,0.19772715866565704,-0.0008670653915032744,0.11271277070045471,0.012604418210685253,-0.000207718534511514,2.901617335737683e-06,7.455433660652488e-05,3.645056533083807e-13,0.8181960582733154,-9.880254947347566e-05,-0.013980444520711899,-5.4104159062262625e-05,0,0,0,0,1,0,0,0,1,0,5
0.197217658162117,-0.0014969655312597752,0.014056352898478508,0.00020027266873512417,0.20995213091373444,-0.0010685313027352095,0.11237543821334839,0.011916222050786018,-0.00019637716468423605,2.7434057301434223e-06,7.048925181152299e-05,3.644304367826645e-13,0.8041843175888062,-0.00015290352166630328,-0.01403443980962038,-5.4089010518509895e-05,0,0,0,0,1,0,0,0,1,0,0
0.2113141566514969,-0.0013310308568179607,0.014121884480118752,0.00013841608597431332,0.22149690985679626,-0.0012587873497977853,0.11105360090732574,0.011247793212532997,-0.00018536162679083645,2.589494670246495e-06,6.653463060501963e-05,0.0,0.790126621723175,-0.0002069545298581943,-0.014075110666453838,-5.40124747203663e-05,0,0,0,0,1,0,0,0,1,0,18
0.22541187703609467,-0.0012290445156395435,0.01412061508744955,7.54895736463368e-05,0.23294971883296967,-0.0014185470063239336,0.12036369740962982,0.016202321276068687,2.279086402268149e-05,9.56997723733366e-07,8.313650141644757e-06,-1.123041101891431e-06,0.7760343551635742,-0.0002609060029499233,-0.014105264097452164,-5.389639409258962e-05,0,0,0,0,1,0,0,0,1,0,5
0.23912864923477173,-0.0011890543391928077,0.013386151753365993,1.1926275874429848e-05,0.24880348145961761,-0.0013969831634312868,0.16152387857437134,0.015753788873553276,2.1398504031822085e-05,8.989474622467242e-07,1.2277791938686278e-05,-9.624698122934205e-07,0.7619162201881409,-0.0003140252665616572,-0.014127703383564949,-5.025688369642012e-05,0,0,0,0,1,0,0,0,1,0,18
0.2524409592151642,0.0003580134070944041,0.013312599621713161,3.7948766475892626e-06,0.2643813192844391,-0.0013759755529463291,0.10267232358455658,0.01516658253967762,1.952057209564373e-05,7.958081482684065e-07,1.912142033688724e-05,-7.102129870872886e-07,0.7477784156799316,-0.0003577808092813939,-0.014145233668386936,-3.8429756386904046e-05,0,0,0,0,1,0,0,0,1,0,5
0.2657533884048462,0.0010161487152799964,0.013312522321939468,1.4232747389542055e-06,0.2798309326171875,-0.0011855551274493337,0.17040632665157318,0.01579304225742817,0.00026407360564917326,4.0457192085341376e-07,-7.778900226185215e-07,1.810862784168421e-07,0.7336263656616211,-0.00038968821172602475,-0.014157154597342014,-2.6566756787360646e-05,0,0,0,0,1,0,0,0,1,0,6
0.2791118323802948,0.0010100186336785555,0.013462585397064686,-2.7134015908814035e-05,0.2955128252506256,-0.0009233407326973975,0.150445818901062,0.015591677278280258,0.0002607136848382652,4.0457192085341376e-07,-7.778900226185215e-07,1.810862784168421e-07,0.7194635272026062,-0.00040125084342435,-0.01416697259992361,2.2579001779376995e-06,0,0,0,0,0,1,0,0,1,0,16
0.2927126884460449,0.0009155670995824039,0.01370275765657425,-0.0001561351091368124,0.3103572726249695,-0.0006759471725672483,0.134422168135643,0.01407252624630928,0.00023360845807474107,-9.80948925644043e-07,3.1020197639008984e-05,1.9049537058890564e-06,0.7052929401397705,-0.00038208853220567107,-0.014173283241689205,3.299733725725673e-05,0,0,0,0,0,1,0,0,1,0,7
0.3065165579319,0.0006880166474729776,0.01387876644730568,-0.0002729546104092151,0.32424119114875793,-0.00044559038360603154,0.10671094805002213,0.01351979374885559,0.0002240056055597961,-1.411618541169446e-06,4.085285763721913e-05,1.927054199768463e-06,0.6911165714263916,-0.0003367199096828699,-0.014178192242980003,4.8606125346850604e-05,0,0,0,0,0,0,1,0,1,0,6
0.3204732835292816,0.00044296937994658947,0.014014454558491707,-0.0002170280204154551,0.337180495262146,-0.00023164953745435923,0.10754550993442535,0.012635787017643452,0.0002088761975755915,-2.9181883292039856e-06,7.475012534996495e-05,0.0,0.6769359111785889,-0.00028786101029254496,-0.014182399027049541,4.906532558379695e-05,0,0,0,0,0,1,0,0,1,0,6
0.3335619270801544,0.0014054644852876663,0.013691513799130917,0.0001573722984176129,0.3494381606578827,-2.902377673308365e-05,0.11276651918888092,0.011951422318816185,0.00019756329129450023,-2.7599373879638733e-06,7.069649291224778e-05,0.0,0.662752091884613,-0.00023841069196350873,-0.014184502884745598,5.0861573981819674e-05,0,0,0,0,0,1,0,0,1,0,12
0.346591591835022,0.0021017673425376415,0.013037989847362041,0.0003355185326654464,0.3627619445323944,0.0020850985310971737,0.15035369992256165,0.01426059938967228,0.0033694070298224688,3.6201577131578233e-06,1.611005063750781e-05,1.7479895177530125e-05,0.6485661268234253,-0.00017993096844293177,-0.01418730802834034,6.471299275290221e-05,0,0,0,0,0,1,0,0,1,0,3
0.35910484194755554,0.003386989003047347,0.01239776611328125,0.0019756159745156765,0.37692609429359436,0.005431527271866798,0.13458330929279327,0.014085215516388416,0.003327848156914115,3.6201577131578233e-06,1.611005063750781e-05,1.7479895177530125e-05,0.6343784928321838,-0.0001075992186088115,-0.01418871060013771,7.85654119681567e-05,0,0,1,0,0,0,0,0,1,0,0
0.37101343274116516,0.005877943243831396,0.011766658164560795,0.002545603085309267,0.3902527391910553,0.00854489579796791,0.13146384060382843,0.012800412252545357,0.0029664102476090193,-2.142487392120529e-05,4.942739906255156e-05,2.4914523237384856e-05,0.6201958656311035,0.0001399858301738277,-0.014169075526297092,0.0004958429490216076,0,0,1,0,0,0,0,0,1,0,6
0.38306403160095215,0.00846155360341072,0.012268739752471447,0.002599931787699461,0.4027262032032013,0.011427417397499084,0.11832620948553085,0.01213165745139122,0.0027967828791588545,-3.9070007915142924e-05,7.176127837738022e-05,5.831256484623015e-12,0.6060636639595032,0.0009596592281013727,-0.0140926418825984,0.0010841486509889364,0,0,0,0,0,1,0,0,1,0,12
0.3955650329589844,0.011057259514927864,0.01267580408602953,0.002587796887382865,0.41451919078826904,0.014146124012768269,0.11485911905765533,0.011504112742841244,0.0026521109975874424,-3.705006747622974e-05,6.805119483033195e-05,-1.1660396606605339e-11,0.5920373797416687,0.0023546640295535326,-0.013972731307148933,0.0016142894746735692,0,0,0,0,0,1,0,0,1,0,6
0.40840768814086914,0.013656998053193092,0.012956647202372551,0.0026291923131793737,0.42567238211631775,0.01671733893454075,0.11186166107654572,0.010865490883588791,0.0025048847310245037,-3.499173908494413e-05,6.427059997804463e-05,5.829178285898795e-12,0.5781298279762268,0.004189502913504839,-0.013850015588104725,0.002014758298173547,0,0,0,0,0,1,0,0,1,0,14
0.42141205072402954,0.016409216448664665,0.01304647047072649,0.0026754490099847317,0.43620315194129944,0.019145047292113304,0.11103268712759018,0.010258517228066921,0.0023649551440030336,-3.3037962566595525e-05,6.068205038900487e-05,0.0,0.5643600821495056,0.006422712933272123,-0.013699952512979507,0.0024112930987030268,0,0,0,0,0,0,0,0,1,0,6
0.4336228668689728,0.019390098750591278,0.011752495542168617,0.002090069931000471,0.4461400508880615,0.021435851231217384,0.10831203311681747,0.009679355658590794,0.0022314386442303658,-3.117336382274516e-05,5.7257253502029926e-05,-5.827440526656735e-12,0.5508119463920593,0.009166806936264038,-0.01340403314679861,0.003035694593563676,0,0,0,0,0,1,0,0,1,0,18
0.444185733795166,0.02143062651157379,0.009226448833942413,0.0013418032322078943,0.48008158802986145,0.023463232442736626,0.20531998574733734,0.057799793779850006,0.0017943733837455511,3.7447155136760557e-06,3.394915984245017e-05,0.0007151689496822655,0.5376109480857849,0.012552821077406406,-0.013023965060710907,0.003669906407594681,0,0,0,0,0,1,0,0,1,0,6
0.45241203904151917,0.022656871005892754,0.0073944819159805775,0.0011787317926064134,0.5364511013031006,0.02508467249572277,0.25799044966697693,0.05522302910685539,0.0014847229467704892,3.7447155136760557e-06,3.394915984245017e-05,0.0007151689496822655,0.5251527428627014,0.016331829130649567,-0.011451805010437965,0.003499191952869296,0,0,0,0,0,1,0,0,1,0,12
0.4596084952354431,0.023592324927449226,0.006899062544107437,0.0005705647636204958,0.5903255939483643,0.026413530111312866,0.13929258286952972,0.052790820598602295,0.0012057593557983637,3.7447155136760557e-06,3.394915984245017e-05,0.0007151689496822655,0.5158039927482605,0.019074412062764168,-0.00733172195032239,0.0020243762992322445,0,0,0,0,0,1,0,0,1,0,0
0.46604788303375244,0.024124855175614357,0.00613261666148901,0.0005071813357062638,0.6373085975646973,0.02736121229827404,0.15678726136684418,0.04504893720149994,0.0008251307881437242,2.1161476979614235e-06,5.8241748774889857e-05,0.0006592695135623217,0.5114724636077881,0.02021028846502304,-0.0017337938770651817,0.00044669260387308896,0,0,0,0,0,1,0,0,1,0,14
0.47274962067604065,0.02463330514729023,0.0073836129158735275,0.0004893569857813418,0.6800826191902161,0.028059029951691628,0.1235896423459053,0.03960997611284256,0.000576123537030071,4.804674063052516e-07,8.770883141551167e-05,0.0005647116922773421,0.5129449367523193,0.020470475777983665,0.0031814854592084885,0.00041237002005800605,0,0,0,0,0,0,0,0,1,0,5
0.48092183470726013,0.025037944316864014,0.008787127211689949,0.00031165528343990445,0.7164456844329834,0.028531884774565697,0.11185473203659058,0.03378446772694588,0.0004025516682304442,-2.821778252837248e-06,0.00014968607865739614,0.0002787862322293222,0.516972005367279,0.020985998213291168,0.004741724580526352,0.0004961730446666479,0,0,0,0,1,0,0,0,1,0,11
0.4901278018951416,0.02523191273212433,0.009296726435422897,0.00015235539467539638,0.7480842471122742,0.028893105685710907,0.10909669101238251,0.03011225536465645,0.0003385129093658179,-4.728613475890597e-06,0.00017810992721933872,1.471473659066247e-12,0.5227428078651428,0.021317066624760628,0.006461679469794035,0.0003330332401674241,0,0,0,0,1,0,0,0,1,0,12
0.4998721778392792,0.025389285758137703,0.010242164134979248,0.00015661022916901857,0.7766495943069458,0.029214229434728622,0.1093810424208641,0.02736978605389595,0.00030768290162086487,-4.2980291254934855e-06,0.0001618910173419863,0.0,0.5301659107208252,0.021642914041876793,0.007877734489738941,0.00033759913640096784,0,0,0,0,1,0,0,0,1,0,4
0.5106316804885864,0.02554747834801674,0.01114845834672451,0.00015520135639235377,0.8027077913284302,0.029507171362638474,0.1095389574766159,0.02503950335085392,0.0002814865147229284,-3.932140771212289e-06,0.00014810929133091122,-1.4664181327561643e-12,0.5389173626899719,0.0219521913677454,0.009261871688067913,0.00029892835300415754,0,0,0,1,0,0,0,0,1,0,8
0.5222256183624268,0.025714028626680374,0.011932839639484882,0.00016609836893621832,0.8266196250915527,0.029775982722640038,0.10965193063020706,0.023032015189528465,0.00025891896802932024,-3.6169208215142135e-06,0.00013623615086544305,2.929362048070816e-12,0.5487427711486816,0.02224455215036869,0.010065221227705479,0.0003088275552727282,0,0,0,0,0,0,0,1,1,0,10
0.5345014929771423,0.025884959846735,0.012541163712739944,0.00016740159480832517,0.8486700654029846,0.03002386912703514,0.10973432660102844,0.0212818905711174,0.00023924453125800937,-3.3421051739424e-06,0.00012588487879838794,0.0,0.5594270825386047,0.022544575855135918,0.010905208066105843,0.0003141297202091664,0,0,0,0,0,0,0,1,1,0,7
0.5473146438598633,0.02605900727212429,0.013013550080358982,0.00017318422032985836,0.8690885901451111,0.03025341033935547,0.10979531705379486,0.01974019780755043,0.00022191315656527877,-3.1000113267509732e-06,0.00011676616850309074,7.310762238643687e-13,0.5709570050239563,0.022842353209853172,0.011762689799070358,0.00031199719524011016,0,0,0,0,0,0,1,0,1,0,17
0.560529351234436,0.02623680606484413,0.013365772552788258,0.0001741397863952443,0.8880622386932373,0.030466703698039055,0.10984108597040176,0.018369581550359726,0.00020650512306019664,-2.884781679313164e-06,0.00010865922376979142,7.30608119576398e-13,0.5831528306007385,0.02314331941306591,0.01234450750052929,0.00031416292767971754,0,0,0,0,0,0,1,0,1,1,8
0.574013352394104,0.026414765045046806,0.013302137143909931,0.0001737476559355855,0.9057453870773315,0.03066549263894558,0.10987585037946701,0.01714106649160385,0.00019269445328973234,-2.6918612547888188e-06,0.0001013926521409303,1.4604350714875203e-12,0.595852792263031,0.023440800607204437,0.012866946868598461,0.0003032397071365267,0,0,0,0,0,0,0,1,1,1,15
0.5853049755096436,0.02656545862555504,0.009221458807587624,0.00012070219963788986,0.9222673773765564,0.030851228162646294,0.10990254580974579,0.016031814739108086,0.0001802246697479859,-2.517668917789706e-06,9.483141911914572e-05,1.094832449526073e-12,0.6085324883460999,0.023727936670184135,0.012836336158216,0.0003003629681188613,0,0,0,0,0,0,0,1,0,1,8
0.5923184156417847,0.026659583672881126,0.005608247127383947,7.385677599813789e-05,0.9377371072769165,0.031025130301713943,0.10992325097322464,0.015023610554635525,0.0001688907213974744,-2.3593424884893466e-06,8.886785508366302e-05,1.0944125380246694e-12,0.620754063129425,0.02400701493024826,0.012800450436770916,0.0002974001981783658,0,0,0,0,0,0,0,1,0,1,13
0.5983421206474304,0.02684110961854458,0.004944761749356985,0.0001755210687406361,0.9522470235824585,0.031188247725367546,0.10993945598602295,0.014101712964475155,0.0001585270365467295,-2.21457071347686e-06,8.341483044205233e-05,0.0,0.6329194903373718,0.024285033345222473,0.012897884473204613,0.0002967453910969198,0,0,0,0,0,0,0,1,1,1,15
0.6033415794372559,0.02722124382853508,0.0030672959983348846,0.00023248812067322433,0.9658769369125366,0.03134147450327873,0.10995223373174667,0.013254080899059772,0.00014899828238412738,-2.0814602521568304e-06,7.840101898182184e-05,0.0,0.6461864113807678,0.024585261940956116,0.01338089257478714,0.0002997913979925215,0,0,0,0,0,0,0,1,0,1,4
0.6083582639694214,0.027535365894436836,0.0048442124389112,0.00013430777471512556,0.978695273399353,0.031485576182603836,0.10996238887310028,0.012470788322389126,0.0001401927729602903,-1.95845268535777e-06,7.376774738077074e-05,0.0,0.6596823334693909,0.02488434687256813,0.013581444509327412,0.00029836545581929386,0,0,0,1,0,0,0,0,0,1,18
0.6138582229614258,0.027548879384994507,0.006145239807665348,3.67887805623468e-05,0.9907617568969727,0.03162122517824173,0.10997049510478973,0.011743554845452309,0.0001320174924330786,-1.8442476630298188e-06,6.94660484441556e-05,0.0,0.673351526260376,0.025180449709296227,0.013734312728047371,0.0002941446437034756,0,0,0,1,0,0,0,0,0,0,18
0.6205809712409973,0.027538541704416275,0.007248047739267349,1.1514352991071064e-05,1.0021283626556396,0.03174901008605957,0.10997701436281204,0.011065439321100712,0.00012439435522537678,-1.7377557242070907e-06,6.54548712191172e-05,1.8217161991147118e-13,0.6871510744094849,0.02547212690114975,0.013847911730408669,0.0002897812519222498,0,0,0,1,0,0,0,0,0,0,18
0.6284675002098083,0.02750263921916485,0.008569407276809216,4.75497217848897e-05,1.0128413438796997,0.03186944127082825,0.10998227447271347,0.01043055858463049,0.00011725724471034482,-1.6380535043936106e-06,6.16994293523021e-05,0.0,0.7010484933853149,0.025759823620319366,0.013933462090790272,0.000285959686152637,0,0,0,1,0,0,0,0,0,0,16
