lt_dp_posx,lt_dp_posy,lt_dp_velx,lt_dp_vely,ball_posx,ball_posy,ball_posz,ball_vel_x,ball_vel_y,ball_rot_x,ball_rot_y,ball_rot_z,rt_gk_posx,rt_gk_posy,rt_gk_velx,rt_gk_vely,action_left,action_top_left,action_top,action_top_right,action_right,action_bottom_right,action_bottom,action_bottom_left,action_sprint,action_dribble,sel_action
-1.0110293626785278,-0.0,0.0,-0.0,0.019999999552965164,-0.0,0.11061639338731766,0.0,-0.0,0.0,-0.0,0.0,1.0110293626785278,0.0,-0.0,0.0,0,0,0,0,0,0,0,0,0,0,5
0.0,-0.0,0.0,-0.0,0.019999999552965164,-0.0,0.11059734225273132,0.0,-0.0,0.0,-0.0,0.0,1.0110293626785278,0.0,-0.0,0.0,0,0,0,0,1,0,0,0,0,0,5
0.0,-0.0,0.0,-0.0,0.019999999552965164,-0.0,0.10930104553699493,0.0,-0.0,0.0,-0.0,0.0,1.0109632015228271,-5.900687924387249e-13,-0.0006619621999561787,-5.900687924387249e-12,0,0,0,0,1,0,0,0,0,0,5
0.0011742409551516175,1.3643361440607293e-10,0.0034112136345356703,2.3963026007933763e-10,0.019999999552965164,-0.0,0.11075475811958313,0.0,-0.0,0.0,-0.0,0.0,1.007768154144287,-2.3127210216355998e-11,-0.004207386635243893,-2.4562249803516956e-11,0,0,0,0,1,0,0,0,0,0,5
0.004355194512754679,-9.771559117410789e-10,0.005103938281536102,-2.3148706562725607e-10,0.019999999552965164,-0.0,0.11053141206502914,0.0,-0.0,0.0,-0.0,0.0,1.0026906728744507,-4.209868564863939e-11,-0.005775339435786009,-1.2325308308691607e-11,0,0,0,0,1,0,0,0,0,0,13
0.008538313210010529,-3.439343698730113e-09,0.006663426756858826,-3.542344473306258e-10,0.02272110804915428,-2.401155385634013e-10,0.12206600606441498,0.008977130055427551,-7.917650979294422e-10,-3.3805985354823376e-12,-1.925346441566944e-05,-1.8745146494053566e-12,0.9961044192314148,2.8220017989077917e-10,-0.007231095340102911,6.293954801783741e-10,0,0,0,0,1,0,0,0,1,0,18
0.015989981591701508,-3.657014246982726e-09,0.008070995099842548,-7.288332437571654e-11,0.03136187046766281,-1.0010482442979196e-09,0.11363866925239563,0.00835032295435667,-7.344803099051944e-10,-1.0293307872721869e-11,-4.953729148837738e-05,6.944848673739421e-19,0.9881436228752136,7.767370080458136e-10,-0.008531177416443825,3.636508316695597e-10,0,0,0,0,1,0,0,0,1,0,5
0.02475566230714321,-3.816629234876245e-09,0.009305577725172043,-1.575874986059489e-10,0.03948330506682396,-1.7153971576533422e-09,0.11435475945472717,0.00792497955262661,-6.970690691332493e-10,-9.737841609458453e-12,-4.6878129069227725e-05,0.0,0.9790472984313965,9.63672919240821e-10,-0.009335489943623543,2.514632946315487e-10,0,0,0,0,1,0,0,0,1,0,13
0.034221503883600235,-4.304198775173518e-09,0.010056434199213982,-2.5303861783676496e-10,0.04717102274298668,-2.3915975866373174e-09,0.11023221909999847,0.007491174153983593,-6.589126466671757e-10,-9.2050195590887e-12,-4.4313081161817536e-05,-1.388731506731469e-18,0.9695028066635132,1.1517102826985592e-09,-0.009924523532390594,1.4513770740798293e-10,0,0,0,0,1,0,0,0,1,0,18
0.04248494654893875,-5.735156793917895e-09,0.009685609489679337,-1.377486041898024e-10,0.05442111939191818,-3.0293054731345137e-09,0.10938604176044464,0.0070563675835728645,-6.206675173814347e-10,-8.670670084698351e-12,-4.174073183094151e-05,2.7772483600939804e-18,0.9590960144996643,1.2246618164013512e-09,-0.010777922347187996,1.2158270050466324e-11,0,0,0,0,1,0,0,0,1,0,5
0.05221288278698921,-6.173943134513138e-09,0.01050952635705471,-7.845207816714606e-11,0.06711333245038986,2.3539816538686864e-05,0.14591693878173828,0.014017813839018345,2.926232264144346e-05,3.8007601688150316e-07,-4.3082745833089575e-05,-2.6629042082504384e-08,0.9481951594352722,1.7902510762723978e-07,-0.01080527063459158,4.418450032517285e-07,0,0,0,0,1,0,0,0,1,0,18
0.06288903951644897,3.1001504794403445e-06,0.010763458907604218,6.489365205197828e-06,0.08094481378793716,5.2501141908578575e-05,0.11522690206766129,0.013381498865783215,2.8419235604815185e-05,3.926411125121376e-07,-6.93334877723828e-05,-4.6652202101427065e-09,0.9369930624961853,9.677645493866294e-07,-0.011505099013447762,1.0670905794540886e-06,0,0,0,0,1,0,0,0,1,0,5
0.07409841567277908,1.3910388588556089e-05,0.011549495160579681,1.4633183127443772e-05,0.09398728609085083,8.024661656236276e-05,0.10902407765388489,0.012782126665115356,2.71947355940938e-05,3.7993970636307495e-07,-7.561677193734795e-05,-1.3669725345156342e-13,0.9251608848571777,2.3620345928065944e-06,-0.012094132602214813,1.6089770724647678e-06,0,0,0,0,1,0,0,0,1,0,16
0.08601444959640503,3.233020834159106e-05,0.012209135107696056,2.019296334765386e-05,0.10639084875583649,0.00010663591092452407,0.11389370262622833,0.012094142846763134,2.5731002097018063e-05,3.594509507820476e-07,-7.153906335588545e-05,4.5556186454480743e-14,0.9127786755561829,4.482075382838957e-06,-0.012599019333720207,2.6399122816656018e-06,0,0,0,0,1,0,0,0,1,0,0
0.09853748977184296,5.5072068789741024e-05,0.012757848016917706,2.5386449124198407e-05,0.11811836808919907,0.00013158691581338644,0.1114998608827591,0.01142380852252245,2.4304825274157338e-05,3.395256840121874e-07,-6.757347728125751e-05,4.5547394252488244e-14,0.899957001209259,7.808998816472013e-06,-0.012988903559744358,3.88013950214372e-06,0,0,0,0,1,0,0,0,1,0,18
0.11153464019298553,8.424968837061897e-05,0.01317543163895607,3.229550566175021e-05,0.12918555736541748,0.00015513304970227182,0.11083120852708817,0.010777592658996582,2.2929967599338852e-05,3.2032312446972355e-07,-6.375171506078914e-05,4.553939826146616e-14,0.8867981433868408,1.2020021131320391e-05,-0.013286225497722626,4.483549673750531e-06,0,0,0,0,1,0,0,0,1,0,5
0.1238897442817688,-4.0095332224154845e-05,0.013405018486082554,2.9636057661264203e-05,0.1396242380142212,0.00017734196444507688,0.1104738712310791,0.010166743770241737,2.163035242119804e-05,3.021727934537921e-07,-6.013937672832981e-05,1.365968156728098e-13,0.8733821511268616,1.6877414964255877e-05,-0.01351272314786911,5.152199719304917e-06,0,0,0,0,1,0,0,0,1,0,5
0.13466542959213257,-0.0006011612131260335,0.013405082747340202,1.6164800399565138e-05,0.1500743329524994,0.000187491430551745,0.11951543390750885,0.015621257945895195,-8.760225318837911e-05,-8.034831466829928e-08,-4.608477320289239e-05,-4.047637958137784e-08,0.8597712516784668,2.2155323676997796e-05,-0.013683823868632317,4.9882573875947855e-06,0,0,0,0,1,0,0,0,1,0,18
0.1480685919523239,-0.0005924055585637689,0.013386151753365993,2.6901409455604153e-06,0.16540931165218353,0.00010194352944381535,0.15080535411834717,0.015240778215229511,-8.499582327203825e-05,-1.9504635417888494e-07,-5.070620682090521e-05,-1.4329451403227722e-07,0.8460135459899902,2.646141183504369e-05,-0.013812148943543434,3.766091367651825e-06,0,0,0,0,1,0,0,0,1,0,13
0.16151389479637146,-0.0005818722420372069,0.013568121008574963,2.4915329049690627e-05,0.18036244809627533,1.9023133063456044e-05,0.1231798455119133,0.014477768912911415,-7.930370338726789e-05,-9.631978628021898e-07,-8.029711898416281e-05,-1.3574313584285846e-07,0.8321455717086792,2.951774513348937e-05,-0.01390891894698143,1.931937276822282e-06,0,0,0,0,1,0,0,0,1,0,16
0.17520558834075928,-0.0005325039965100586,0.013783223927021027,6.903239409439266e-05,0.19450676441192627,-5.840642916155048e-05,0.11392323672771454,0.013819847255945206,-7.565123087260872e-05,-1.0566818673396483e-06,-8.173663809429854e-05,0.0,0.818195104598999,2.7097605197923258e-05,-0.013981145806610584,-5.986894848319935e-06,0,0,0,0,1,0,0,0,1,0,13
0.18908041715621948,-0.0004482886870391667,0.01394275389611721,8.365014946321025e-05,0.2079356610774994,-0.000131917666294612,0.11454194039106369,0.013096258975565434,-7.169023592723534e-05,-1.0014731515184394e-06,-7.74661311879754e-05,-1.8228105656825644e-13,0.8041828274726868,1.672833059274126e-05,-0.014035141095519066,-1.3962347111373674e-05,0,0,0,0,1,0,0,0,1,0,16
0.20309141278266907,-0.0003759416867978871,0.014061436988413334,6.311203469522297e-05,0.2206358015537262,-0.00020143941219430417,0.11014704406261444,0.012375476770102978,-6.774457870051265e-05,-9.464091021982313e-07,-7.320681470446289e-05,0.0,0.7901240587234497,6.705453188260435e-07,-0.01407651323825121,-1.6198830053326674e-05,0,0,0,0,1,0,0,0,1,0,5
0.21698367595672607,-0.00026906598941423,0.014141123741865158,4.384481144370511e-05,0.23262111842632294,-0.0002670480462256819,0.10926466435194016,0.011674540117383003,-6.390758790075779e-05,-8.927966632654716e-07,-6.905978807481006e-05,0.0,0.7760308980941772,-1.5394098227261566e-05,-0.01410596538335085,-1.595318826730363e-05,0,0,0,0,1,0,0,0,1,0,18
0.22863619029521942,0.0003846451290883124,0.014141228049993515,2.5576560801710002e-05,0.24392548203468323,-0.00032892925082705915,0.11069917678833008,0.011007561348378658,-6.0256475990172476e-05,-8.417611638833478e-07,-6.511207902804017e-05,9.108438016412063e-14,0.7619121074676514,-3.11230614897795e-05,-0.014127703383564949,-1.5276447811629623e-05,0,0,0,0,1,0,0,0,1,0,13
0.2420443445444107,0.0005121572758071125,0.013533234596252441,6.993385795794893e-06,0.25889408588409424,-0.00025248006568290293,0.15284356474876404,0.015309540554881096,9.084164048545063e-05,5.080564591253278e-08,-5.3893905715085566e-05,9.308212156611262e-08,0.7477743029594421,-4.548572906060144e-05,-0.014145233668386936,-1.361368595098611e-05,0,0,0,0,1,0,0,0,1,0,18
0.2554630935192108,0.0005089447950012982,0.013516930863261223,-1.5654686649213545e-05,0.2740236818790436,-0.00016299331036861986,0.11552874743938446,0.014695494435727596,8.525356679456308e-05,8.796275210443127e-07,-7.793528493493795e-05,2.1554281204316794e-07,0.7336223125457764,-5.818125282530673e-05,-0.014157154597342014,-1.1943376193812583e-05,0,0,0,0,1,0,0,0,1,0,5
0.2691110372543335,0.0004668662149924785,0.013745006173849106,-6.440919969463721e-05,0.28835341334342957,-8.004350820556283e-05,0.11054418236017227,0.014049316756427288,8.131662616506219e-05,1.136098262577434e-06,-8.311451529152691e-05,1.8233892585921285e-13,0.7194594740867615,-6.421260331990197e-05,-0.01416697259992361,-2.840199613274308e-07,0,0,0,0,1,0,0,0,1,0,18
0.2829532325267792,0.00037988589610904455,0.013914178125560284,-9.431935905013233e-05,0.30198290944099426,-1.1569726439120132e-06,0.10648694634437561,0.013303838670253754,7.70018741604872e-05,1.0757805739558535e-06,-7.870179251767695e-05,3.645867516308826e-13,0.7052888870239258,-5.746681563323364e-05,-0.014173283241689205,1.2499162039603107e-05,0,0,0,0,1,0,0,0,1,0,7
0.29693982005119324,0.00029660071595571935,0.01404004916548729,-7.361904135905206e-05,0.3148782253265381,7.348025974351913e-05,0.113223135471344,0.012565980665385723,7.27311780792661e-05,1.0160445071960567e-06,-7.433166319970042e-05,-1.8225069890742684e-13,0.6911125183105469,-3.985685543739237e-05,-0.014178192242980003,1.88762423931621e-05,0,0,0,0,0,0,1,0,1,0,6
0.3106912672519684,0.000759422779083252,0.013905331492424011,-6.253532774280757e-05,0.32705122232437134,0.0001439368206774816,0.11170138418674469,0.011856533586978912,6.862492591608316e-05,9.586726719135186e-07,-7.013446156634018e-05,0.0,0.6769317984580994,-2.1001629647798836e-05,-0.014182399027049541,1.8837807147065178e-05,0,0,0,0,0,1,0,0,1,0,7
0.32377326488494873,0.0021436449605971575,0.013444838114082813,0.0003180367639288306,0.3388715088367462,0.0005675527499988675,0.11983098089694977,0.014561885967850685,0.0036362905520945787,1.3664799553225748e-05,-4.80287017126102e-05,-3.074387109336385e-07,0.6627479195594788,-1.727729454614746e-06,-0.014184502884745598,2.3376773242489435e-05,0,0,0,0,0,0,1,0,1,0,12
0.33668583631515503,0.0028438360895961523,0.012385495007038116,0.0014527508756145835,0.3531818389892578,0.004128987435251474,0.15067175030708313,0.01422369945794344,0.003539217635989189,1.7348615074297413e-05,-5.178971332497895e-05,2.5481670036242576e-06,0.6485620141029358,4.6809869672870263e-05,-0.014186606742441654,6.912540993653238e-05,0,0,0,0,0,0,1,0,1,0,12
0.3488624095916748,0.005081136245280504,0.011816795915365219,0.002702400553971529,0.36714455485343933,0.007590041030198336,0.12330443412065506,0.01353954803198576,0.003329165279865265,4.2741623474285007e-05,-7.658058893866837e-05,2.8447143449739087e-06,0.634374737739563,0.00014110103074926883,-0.014188009314239025,0.00011488220479805022,0,0,0,0,0,0,1,0,1,0,12
0.36064448952674866,0.0077710989862680435,0.011960198171436787,0.0027184851933270693,0.3803780972957611,0.010842995718121529,0.11390013992786407,0.012932718731462955,0.003178991610184312,4.4403623178368434e-05,-7.648989412700757e-05,5.832687197809827e-12,0.6201955080032349,0.0004458198382053524,-0.014162063598632812,0.0005722054629586637,0,0,0,0,0,0,1,0,1,0,8
0.3728604316711426,0.010508601553738117,0.012411439791321754,0.002743225311860442,0.3929440379142761,0.013931836001574993,0.11457094550132751,0.012253946624696255,0.003012143075466156,4.2078008846146986e-05,-7.248376641655341e-05,1.1662938843859383e-11,0.6060786843299866,0.0013655436923727393,-0.01406950131058693,0.0012034389656037092,0,0,0,0,0,0,0,1,1,0,13
0.3854731023311615,0.013249903917312622,0.01275714673101902,0.0027498132549226284,0.40482765436172485,0.016852950677275658,0.1101025938987732,0.01157983485609293,0.0028464384377002716,3.9765480323694646e-05,-6.850022327853367e-05,1.1660647274147617e-11,0.5920871496200562,0.0029000514186918736,-0.013931358233094215,0.0017610712675377727,0,0,0,0,0,0,0,1,1,0,12
0.3983572721481323,0.016045207157731056,0.012975580990314484,0.002834143815562129,0.4160423278808594,0.019609631970524788,0.10925104469060898,0.010923919267952442,0.0026852088049054146,3.75127128791064e-05,-6.461957673309371e-05,-1.1658540452486044e-11,0.5782260298728943,0.004878219682723284,-0.013800228014588356,0.002155232010409236,0,0,0,0,0,0,0,1,1,0,5
0.4112846851348877,0.01904197223484516,0.012983206659555435,0.002866254188120365,0.42661988735198975,0.02220969647169113,0.11069868505001068,0.010299812071025372,0.002531797392293811,3.536830627126619e-05,-6.0925620346097276e-05,-1.1656649603897229e-11,0.5645103454589844,0.007248352747410536,-0.013642801903188229,0.0025452894624322653,0,0,0,0,1,0,0,0,1,0,5
0.4231801927089691,0.022148219868540764,0.0116100599989295,0.0022022139746695757,0.43659496307373047,0.024661656469106674,0.11053500324487686,0.00971481204032898,0.002387998392805457,3.3359981898684055e-05,-5.7466055295662954e-05,-5.827489966275801e-12,0.5510162711143494,0.010104184038937092,-0.013354946859180927,0.0031260070390999317,0,0,0,0,1,0,0,0,1,0,7
0.4333198368549347,0.024190282449126244,0.008720509707927704,0.0013310657814145088,0.47723886370658875,0.025386111810803413,0.3846251964569092,0.06060635298490524,-0.00042388946167193353,4.371986051410204e-06,-1.6223018974415027e-05,0.0008099795086309314,0.5378543138504028,0.013554985634982586,-0.012994513846933842,0.0037141251377761364,0,0,0,0,0,0,1,0,1,0,13
0.441346138715744,0.02552245557308197,0.0073534599505364895,0.0012832680949941278,0.5362733006477356,0.02482965774834156,0.7176574468612671,0.057786304503679276,-0.000662517617456615,4.371986051410204e-06,-1.6223018974415027e-05,0.0008099795086309314,0.5254453420639038,0.017406731843948364,-0.011322077363729477,0.0036982258316129446,0,0,0,0,0,0,1,0,1,0,7
0.4484620988368988,0.02649819105863571,0.006878376007080078,0.0006682279636152089,0.5926188826560974,0.024043483659625053,0.9031058549880981,0.055198851972818375,-0.0008848988800309598,4.371986051410204e-06,-1.6223018974415027e-05,0.0008099795086309314,0.5164341926574707,0.0206898245960474,-0.006813512183725834,0.002861079992726445,0,0,0,0,0,0,1,0,1,0,0
0.4548056721687317,0.02711445279419422,0.00611438462510705,0.0005939930560998619,0.6464878916740417,0.023043904453516006,0.9496533274650574,0.05280830338597298,-0.0010909861885011196,4.371986051410204e-06,-1.6223018974415027e-05,0.0008099795086309314,0.5127009749412537,0.02297094836831093,-0.0015938982833176851,0.0020420721266418695,0,0,0,0,0,0,1,0,1,0,2
0.4617462754249573,0.02766110934317112,0.00760367838665843,0.00045617209980264306,0.6980611085891724,0.021847009658813477,0.8651238679885864,0.05058589205145836,-0.0012812153436243534,4.371986051410204e-06,-1.6223018974415027e-05,0.0008099795086309314,0.5136651396751404,0.02547496184706688,0.0032175988890230656,0.002310720970854163,0,1,0,0,0,0,0,0,1,0,16
0.4702151119709015,0.02790447324514389,0.008997708559036255,1.7335134543827735e-05,0.7474932670593262,0.020468268543481827,0.6565739512443542,0.04850821942090988,-0.0014563301810994744,4.371986051410204e-06,-1.6223018974415027e-05,0.0008099795086309314,0.5186035633087158,0.02701868861913681,0.005945388227701187,0.0010092862648889422,0,1,0,0,0,0,0,0,1,0,2
0.47966495156288147,0.027718840166926384,0.009463181719183922,-0.0002486398443579674,0.7949181199073792,0.01892230100929737,0.3303782641887665,0.046555887907743454,-0.0016172497998923063,4.371986051410204e-06,-1.6223018974415027e-05,0.0008099795086309314,0.5254039764404297,0.027732478454709053,0.007462852168828249,0.0005853518377989531,0,1,0,0,0,0,0,0,1,0,10
0.4897530972957611,0.027452288195490837,0.010471574030816555,-0.00029875620384700596,0.8371532559394836,0.017386315390467644,0.20898699760437012,0.036701351404190063,-0.0013519079657271504,1.9475073713692836e-06,-3.690910307341255e-05,0.0007304366445168853,0.5336082577705383,0.028089307248592377,0.008775907568633556,0.00014402078522834927,0,1,0,0,0,0,0,0,1,0,4
0.5007569789886475,0.02713608369231224,0.011377591639757156,-0.00033612854895181954,0.8732882142066956,0.015991631895303726,0.35399454832077026,0.03567270189523697,-0.0014286539517343044,1.9475073713692836e-06,-3.690910307341255e-05,0.0007304366445168853,0.5428290963172913,0.027974039316177368,0.009327776730060577,-0.00023904599947854877,0,0,0,1,0,0,0,0,1,0,6
0.5125900506973267,0.026793166995048523,0.012105047702789307,-0.00037150466232560575,0.9083983302116394,0.014523832127451897,0.3581235706806183,0.03465079143643379,-0.0014989068731665611,1.9475073713692836e-06,-3.690910307341255e-05,0.0007304366445168853,0.5525095462799072,0.02770562469959259,0.010096325539052486,-0.00029733875999227166,0,0,0,0,0,1,0,0,1,0,15
0.5250829458236694,0.026412999257445335,0.012671271339058876,-0.0004092918534297496,0.9424894452095032,0.012989046052098274,0.22764849662780762,0.03363383188843727,-0.0015633095754310489,1.9475073713692836e-06,-3.690910307341255e-05,0.0007304366445168853,0.5630682706832886,0.027370307594537735,0.010913960635662079,-0.0003658983623608947,0,0,0,0,0,1,0,0,0,0,4
0.5384113192558289,0.025999104604125023,0.013380219228565693,-0.0004312157107051462,0.9741384387016296,0.011486620642244816,0.16529878973960876,0.029176075011491776,-0.0013880046317353845,-1.8207751963927876e-06,-6.0711765399901196e-05,0.000605903856921941,0.5739587545394897,0.026993177831172943,0.010940958745777607,-0.00038646053872071207,0,0,0,1,0,0,0,0,0,0,16
0.5519410371780396,0.025560656562447548,0.013581061735749245,-0.0004584801790770143,1.0029500722885132,0.010082559660077095,0.20299677550792694,0.028507515788078308,-0.0014165904140099883,-1.8207751963927876e-06,-6.0711765399901196e-05,0.000605903856921941,0.5853769779205322,0.02658200077712536,0.011712981387972832,-0.0004294763784855604,0,0,0,1,0,0,0,0,0,0,0
