lt_dp_posx,lt_dp_posy,lt_dp_velx,lt_dp_vely,ball_posx,ball_posy,ball_posz,ball_vel_x,ball_vel_y,ball_rot_x,ball_rot_y,ball_rot_z,rt_gk_posx,rt_gk_posy,rt_gk_velx,rt_gk_vely,action_left,action_top_left,action_top,action_top_right,action_right,action_bottom_right,action_bottom,action_bottom_left,action_sprint,action_dribble,sel_action
-1.0110293626785278,-0.0,0.0,-0.0,0.019999999552965164,-0.0,0.11061639338731766,0.0,-0.0,0.0,-0.0,0.0,1.0110293626785278,0.0,-0.0,0.0,0,0,0,0,0,0,0,0,0,0,5
0.0,-0.0,0.0,-0.0,0.019999999552965164,-0.0,0.11059734225273132,0.0,-0.0,0.0,-0.0,0.0,1.0110293626785278,0.0,-0.0,0.0,0,0,0,0,1,0,0,0,0,0,5
0.0,-0.0,0.0,-0.0,0.019999999552965164,-0.0,0.10930104553699493,0.0,-0.0,0.0,-0.0,0.0,1.0100501775741577,-8.022917399874707e-12,-0.003236181568354368,-2.5031638220540664e-11,0,0,0,0,1,0,0,0,0,0,5
0.002222941257059574,2.292615403076681e-10,0.003935635089874268,2.4066315607029765e-10,0.019999999552965164,-0.0,0.11075475811958313,0.0,-0.0,0.0,-0.0,0.0,1.0059254169464111,-3.224626815567788e-11,-0.00484480569139123,-2.1483743603556427e-11,0,0,0,0,1,0,0,0,0,0,5
0.005492351017892361,-9.790077637461536e-10,0.005578104872256517,-3.509905699417004e-10,0.019999999552965164,-0.0,0.11053141206502914,0.0,-0.0,0.0,-0.0,0.0,1.0002306699752808,-4.500159273002069e-11,-0.0063720871694386005,-3.904107072350005e-12,0,0,0,0,1,0,0,0,0,0,13
0.01125802006572485,-1.7745168667815392e-09,0.007097138091921806,-2.6627675064894163e-10,0.02613699994981289,-3.535414738742304e-10,0.12408395856618881,0.008579914458096027,-4.939273434700908e-10,-3.4787702232752515e-12,-2.7208972824155353e-05,-1.5394411006369735e-12,0.9930757880210876,5.137990588544028e-10,-0.0077724456787109375,5.406864955759261e-10,0,0,0,0,1,0,0,0,1,0,5
0.019116539508104324,-1.9314918553448024e-09,0.008456584066152573,-1.7845841471242352e-10,0.0343976728618145,-8.28691615328836e-10,0.11853152513504028,0.008039964362978935,-4.62318544558471e-10,-6.458654791541285e-12,-4.755981353810057e-05,-1.3888764701338189e-18,0.9846126437187195,8.890831959540435e-10,-0.00900100264698267,2.2346399730643896e-10,0,0,0,0,1,0,0,0,1,0,0
0.028236890211701393,-2.1214372480926613e-09,0.009634784422814846,-1.7957182962824447e-10,0.04220714792609215,-1.2777569002864198e-09,0.11089247465133667,0.007617080118507147,-4.380017459837404e-10,-6.11892958177207e-12,-4.5058142859488726e-05,6.943819867852558e-19,0.975313127040863,1.0577922981980237e-09,-0.009335489943623543,2.0074701623240543e-10,0,0,0,0,1,0,0,0,1,0,16
0.03707406297326088,-2.8212814306982636e-09,0.009385167621076107,-2.1207580136461956e-10,0.049582552164793015,-1.7018618736486246e-09,0.11241153627634048,0.007181420922279358,-4.12950340589191e-10,-5.7688584811921295e-12,-4.24803038185928e-05,6.943272377684625e-19,0.9654421806335449,1.2151498696155727e-09,-0.010284255258738995,1.1102230246251565e-10,0,0,0,0,1,0,0,0,1,0,13
0.045413948595523834,-3.6155236582402495e-09,0.00997435487806797,-1.177801051133187e-10,0.05803060904145241,5.9305807553755585e-06,0.1259927749633789,0.014216872863471508,2.9581326089100912e-05,3.779778694479319e-07,-4.007558527518995e-05,-2.8214852676455848e-08,0.9547167420387268,7.791919998112462e-09,-0.011003718711435795,6.533326057933664e-08,0,0,0,0,1,0,0,0,1,0,13
0.055850569158792496,2.5970192041313567e-07,0.010675542056560516,1.756026563271007e-06,0.07205856591463089,3.521114922477864e-05,0.13850748538970947,0.01395217701792717,2.9124874345143326e-05,3.8005242686267593e-07,-4.278356209397316e-05,-2.4532573306146332e-08,0.9437978863716125,4.2271221900591627e-07,-0.011102592572569847,7.219588837870106e-07,0,0,0,0,1,0,0,0,1,0,13
0.06665448099374771,6.480421234300593e-06,0.011097683571279049,9.712125574878883e-06,0.08557827025651932,6.373401993187144e-05,0.1254587471485138,0.013114516623318195,2.7909507480217144e-05,3.8989571748970775e-07,-7.758051651762798e-05,-4.55705453570026e-14,0.9323297739028931,1.4828119674348272e-06,-0.011747725307941437,1.340888502454618e-06,0,0,0,0,1,0,0,0,1,0,0
0.07816209644079208,2.064139516733121e-05,0.011819601058959961,1.788314875739161e-05,0.09837764501571655,9.097285510506481e-05,0.11673936992883682,0.012501724995672703,2.6605395760270767e-05,3.716769754191773e-07,-7.395220018224791e-05,4.556178026006441e-14,0.9202682971954346,3.119993607469951e-06,-0.012311514467000961,1.9518713543220656e-06,0,0,0,0,1,0,0,0,1,0,16
0.0903337150812149,4.081238876096904e-05,0.012446238659322262,2.1819072571815923e-05,0.11050830036401749,0.00011678857845254242,0.10918530076742172,0.011826674453914165,2.51687833952019e-05,3.51616790794651e-07,-6.996089359745383e-05,-4.5552625527970486e-14,0.9076964855194092,5.71382270209142e-06,-0.012767314910888672,3.150496695525362e-06,0,0,0,0,1,0,0,0,1,0,16
0.10306200385093689,6.594951264560223e-05,0.012938940897583961,2.8152455342933536e-05,0.12196511030197144,0.00014117023965809494,0.11094468086957932,0.011160064488649368,2.3750151740387082e-05,3.3177994396282884e-07,-6.601395580219105e-05,-1.3663221487374144e-13,0.89472895860672,9.479558684688527e-06,-0.01311722956597805,4.10776874559815e-06,0,0,0,0,1,0,0,0,1,0,18
0.1160547211766243,9.741730900714174e-05,0.013312248513102531,3.2971878681564704e-05,0.13277357816696167,0.00016417211736552417,0.1104176789522171,0.01052626222372055,2.2401329260901548e-05,3.1294331392928143e-07,-6.226605182746425e-05,9.107283341098366e-14,0.8814587593078613,1.3930668501416221e-05,-0.013384398072957993,4.756874659506138e-06,0,0,0,0,1,0,0,0,1,0,5
0.12757490575313568,-0.0003554410068318248,0.013405043631792068,2.4259732526843436e-05,0.14296850562095642,0.0001858683244790882,0.10927583277225494,0.009929600171744823,2.113155642291531e-05,2.952075988105207e-07,-5.873719055671245e-05,0.0,0.8679583072662354,1.904526652651839e-05,-0.01358705386519432,5.400793725129915e-06,0,0,0,0,1,0,0,0,1,0,0
0.1394585371017456,-0.0007588188163936138,0.013405084609985352,1.0781952369143255e-05,0.1555750072002411,0.00014416483463719487,0.1448395997285843,0.01536194235086441,-0.0001033768494380638,-2.546709652051504e-07,-5.0702357839327306e-05,-1.7567418808539514e-07,0.8542835116386414,2.3926611902425066e-05,-0.01373992208391428,4.182568773103412e-06,0,0,0,0,1,0,0,0,1,0,16
0.15284349024295807,-0.0007538688951171935,0.013405434787273407,5.902535122004338e-06,0.1708323359489441,4.1496816265862435e-05,0.13375630974769592,0.015169580467045307,-0.00010208669846178964,-2.546709652051504e-07,-5.0702357839327306e-05,-1.7567418808539514e-07,0.8404778242111206,2.725118065427523e-05,-0.013854924589395523,2.6414859348733444e-06,0,0,0,0,1,0,0,0,1,0,13
0.16639623045921326,-0.0007254168740473688,0.013662085868418217,5.147941192262806e-05,0.18544909358024597,-5.562392107094638e-05,0.12540793418884277,0.014259298332035542,-9.424285963177681e-05,-1.3166292092137155e-06,-8.435261406702921e-05,-7.294086125028687e-13,0.8265740275382996,2.789019163174089e-05,-0.013940474949777126,-2.769180809991667e-06,0,0,0,0,1,0,0,0,1,0,16
0.18016768991947174,-0.0006449236534535885,0.013852469623088837,0.00010351004311814904,0.19932405650615692,-0.00014732657291460782,0.11884315311908722,0.013546498492360115,-8.953181531978771e-05,-1.2507757674029563e-06,-8.013351907720789e-05,1.823078770194983e-13,0.8125966191291809,1.997793333430309e-05,-0.01400498766452074,-1.2131618859712034e-05,0,0,0,0,1,0,0,0,1,0,5
0.1941017359495163,-0.0005437757936306298,0.013994469307363033,9.101962496060878e-05,0.2124713808298111,-0.00023422048252541572,0.1108894795179367,0.012819277122616768,-8.472547779092565e-05,-1.183649828817579e-06,-7.583295518998057e-05,-3.6453015627747887e-13,0.7985643744468689,2.764513055808493e-06,-0.014052671380341053,-2.0583398509188555e-05,0,0,0,0,1,0,0,0,1,0,0
0.20815663039684296,-0.0004663428117055446,0.01409965381026268,6.669784488622099e-05,0.22488702833652496,-0.0003162781067658216,0.11247704178094864,0.012094788253307343,-7.993711915332824e-05,-1.11671408831171e-06,-7.154462218750268e-05,3.644495729510089e-13,0.7844910621643066,-1.7678847143542953e-05,-0.014088434167206287,-2.0326253434177488e-05,0,0,0,0,1,0,0,0,1,0,16
0.22119544446468353,-1.1747854841814842e-05,0.014141110703349113,4.406009611557238e-05,0.23660224676132202,-0.00039370640297420323,0.11059851199388504,0.01140845101326704,-7.540098886238411e-05,-1.0533253771427553e-06,-6.748345913365483e-05,0.0,0.7703871726989746,-3.785670196521096e-05,-0.014115081168711185,-2.0054572814842686e-05,0,0,0,0,1,0,0,0,1,0,16
0.23342560231685638,0.0007093491731211543,0.013974308967590332,2.1769776139990427e-05,0.24906843900680542,-0.0004071194271091372,0.1342328041791916,0.015452624298632145,0.00012594219879247248,9.934272071632222e-08,-5.3584859415423125e-05,1.272755412173865e-07,0.7562602162361145,-5.7150704378727823e-05,-0.014135416597127914,-1.8256485418532975e-05,0,0,0,0,1,0,0,0,1,0,18
0.24700602889060974,0.0007190602482296526,0.013344252482056618,1.036486310113105e-06,0.26440486311912537,-0.00028220421518199146,0.14416387677192688,0.015249431133270264,0.00012421079736668617,1.1375007602509868e-07,-5.391263039200567e-05,1.3842486623616423e-07,0.7421162724494934,-7.405511860270053e-05,-0.014150142669677734,-1.57965569087537e-05,0,0,0,0,1,0,0,0,1,0,18
0.2605065107345581,0.0006979429163038731,0.013616330921649933,-4.7491659643128514e-05,0.27924981713294983,-0.00016276349197141826,0.1266053020954132,0.014428943395614624,0.00011476853978820145,1.603313194209477e-06,-8.535241795470938e-05,-3.6472596318982975e-13,0.7279595136642456,-8.762606012169272e-05,-0.014162063598632812,-8.984979103843216e-06,0,0,0,0,1,0,0,0,1,0,5
0.27423885464668274,0.0006130036199465394,0.013818285427987576,-0.00011451880709500983,0.29333236813545227,-5.075034641777165e-05,0.11851804703474045,0.013743579387664795,0.00010931709402939305,1.5271122038029716e-06,-8.129578054649755e-05,5.46959504597877e-13,0.7137933373451233,-8.728218381293118e-05,-0.014169776812195778,7.979462679941207e-06,0,0,0,0,1,0,0,0,1,0,7
0.28814342617988586,0.0004861077759414911,0.01396887470036745,-0.00011896019714185968,0.3066866397857666,5.54704965907149e-05,0.11485642939805984,0.013022065162658691,0.0001035780951497145,1.4469889038082329e-06,-7.70304468460381e-05,3.6455352083429593e-13,0.6996201276779175,-6.996453157626092e-05,-0.014176088385283947,2.4959834263427183e-05,0,0,0,0,0,0,1,0,1,0,7
0.3020854890346527,0.0004671904898714274,0.014051437377929688,-9.224531822837889e-05,0.31930550932884216,0.00015584164066240191,0.11187362670898438,0.012289118021726608,9.774820500751957e-05,1.3654785107064527e-06,-7.269123307196423e-05,-1.8223533034163186e-13,0.6854419112205505,-4.330664887675084e-05,-0.014180295169353485,2.6656991394702345e-05,0,0,0,0,0,0,1,0,1,0,7
0.31493598222732544,0.0014805924147367477,0.013683903031051159,0.0002793997700791806,0.3312119245529175,0.00025054614525288343,0.111027792096138,0.011595790274441242,9.22334220376797e-05,1.2884819398095715e-06,-6.859236600575969e-05,1.8219841325765873e-13,0.6712598204612732,-1.6651563782943413e-05,-0.014183801598846912,2.6653260647435673e-05,0,0,0,0,0,0,1,0,1,0,12
0.3278934359550476,0.0021760580129921436,0.012900197878479958,0.0006468975334428251,0.3446713984012604,0.0027453568764030933,0.1499299556016922,0.014225984923541546,0.0034995886962860823,1.777015859261155e-05,-5.251992479315959e-05,2.783764557534596e-06,0.6570746898651123,1.5139644347073045e-05,-0.014186606742441654,4.378379890113138e-05,0,0,0,0,0,0,1,0,1,0,12
0.34030842781066895,0.003772241761907935,0.012195460498332977,0.0022969497367739677,0.3587862551212311,0.006216811016201973,0.11636681854724884,0.013946885243058205,0.0034243189729750156,2.028118797170464e-05,-5.502936619450338e-05,4.141401404922362e-06,0.6428875923156738,7.777148130116984e-05,-0.014188009314239025,7.805380300851539e-05,0,0,0,0,0,0,1,0,1,0,12
0.35212281346321106,0.006412656977772713,0.01176595687866211,0.0026611548382788897,0.37220433354377747,0.009481566958129406,0.12080530822277069,0.013163617812097073,0.003199666738510132,4.4702686864184216e-05,-7.787342474330217e-05,0.0,0.6286994814872742,0.00018078046559821814,-0.01418730802834034,0.00017337438475806266,0,0,0,0,0,0,1,0,1,0,6
0.36416518688201904,0.00911234226077795,0.012254013679921627,0.0027183140628039837,0.38498637080192566,0.01258847676217556,0.11447641998529434,0.012485895305871964,0.003034933703020215,4.239985719323158e-05,-7.386184734059498e-05,-5.831880985074367e-12,0.6145351529121399,0.0007084378157742321,-0.014135416597127914,0.0008171740919351578,0,0,0,0,0,1,0,0,1,0,6
0.37664228677749634,0.011833547614514828,0.012644950300455093,0.0027197329327464104,0.3970875144004822,0.015529891476035118,0.11210925877094269,0.011792189441621304,0.002866314724087715,4.0040340536506847e-05,-6.975151336519048e-05,-1.7492028658860903e-11,0.6004611849784851,0.0018779984675347805,-0.014013402163982391,0.0014570519560948014,0,0,0,0,0,1,0,0,1,0,12
0.38944315910339355,0.014578119851648808,0.012908262200653553,0.0027798721566796303,0.4085142910480499,0.018307387828826904,0.10899137705564499,0.011132147163152695,0.0027058785781264305,3.780177576118149e-05,-6.58518765703775e-05,-5.8295980889799814e-12,0.5865247249603271,0.003616584464907646,-0.013881220482289791,0.0019222070695832372,0,0,0,0,0,1,0,0,1,0,5
0.4024536907672882,0.017403682693839073,0.013085673563182354,0.0028608234133571386,0.419295072555542,0.02092786878347397,0.1114385575056076,0.01049888040870428,0.002551950514316559,3.565017686923966e-05,-6.210375431692228e-05,0.0,0.5727187991142273,0.0057530272752046585,-0.013740623369812965,0.0023111344780772924,0,0,0,0,1,0,0,0,1,0,5
0.4152275323867798,0.020601166412234306,0.01264702994376421,0.002776455134153366,0.42946475744247437,0.023399801924824715,0.1086067408323288,0.009905746206641197,0.0024077771231532097,3.363688301760703e-05,-5.859652083017863e-05,-5.827757113691101e-12,0.5590730309486389,0.008288007229566574,-0.013546031899750233,0.002755317371338606,0,0,0,0,1,0,0,0,1,0,5
0.42666780948638916,0.023465268313884735,0.01091480441391468,0.001978465821594,0.43906065821647644,0.025732258334755898,0.11126900464296341,0.06632954627275467,-0.0008817654452286661,-6.542077812810021e-07,-4.4608231064557913e-07,0.001710488460958004,0.5456910729408264,0.011359788477420807,-0.013238892890512943,0.003328734077513218,0,0,0,0,1,0,0,0,1,0,7
0.43572816252708435,0.024994876235723495,0.008340442553162575,0.00137783691752702,0.5019713044166565,0.02457212097942829,0.35557055473327637,0.06145942211151123,-0.0013989105354994535,-8.078698101599002e-07,-4.062369953317102e-06,0.0016936000902205706,0.5326480865478516,0.014997275546193123,-0.01287425309419632,0.0038877627812325954,0,0,0,0,0,0,1,0,1,0,6
0.44338005781173706,0.026300808414816856,0.007356966380029917,0.0012751115718856454,0.5617675185203552,0.022896191105246544,0.48275843262672424,0.05847710371017456,-0.001896400935947895,-8.078698101599002e-07,-4.062369953317102e-06,0.0016936000902205706,0.5211777091026306,0.018614603206515312,-0.00985965970903635,0.0032736638095229864,0,0,0,0,0,1,0,0,1,0,3
0.45023155212402344,0.027015535160899162,0.00637068459764123,0.0006116748554632068,0.618726372718811,0.020745515823364258,0.4990716278553009,0.05575218051671982,-0.0023525208234786987,-8.078698101599002e-07,-4.062369953317102e-06,0.0016936000902205706,0.5140566825866699,0.021339701488614082,-0.004668095614761114,0.0022302689030766487,0,0,1,0,0,0,0,0,1,0,8
0.45644500851631165,0.027599049732089043,0.006603493355214596,0.0005629644729197025,0.6730843186378479,0.018161259591579437,0.4099932312965393,0.05324788764119148,-0.0027678334154188633,-8.078698101599002e-07,-4.062369953317102e-06,0.0016936000902205706,0.5117904543876648,0.02343909628689289,-0.0017103026621043682,0.0024319549556821585,0,0,0,0,0,0,0,1,1,0,7
0.4639747440814972,0.027987517416477203,0.008195091038942337,0.00019092914590146393,0.7250449061393738,0.015183410607278347,0.22037369012832642,0.05093412473797798,-0.003143959678709507,-8.078698101599002e-07,-4.062369953317102e-06,0.0016936000902205706,0.5109037160873413,0.02590394765138626,-0.00011254759738221765,0.002255764789879322,0,0,0,0,0,0,1,0,1,0,18
0.472941517829895,0.02782035432755947,0.009357997216284275,-0.0004924335516989231,0.7713382244110107,0.012098658829927444,0.18043899536132812,0.04210595414042473,-0.002973853377625346,-4.697762051364407e-06,-2.726863203861285e-05,0.001532399677671492,0.5119008421897888,0.027628768235445023,0.001890869694761932,0.001238835509866476,0,0,0,0,0,0,1,0,1,0,4
0.48247116804122925,0.02727022022008896,0.009779892861843109,-0.0005956458044238389,0.8126397728919983,0.009002608247101307,0.21477141976356506,0.040650833398103714,-0.0031919919420033693,-4.697762051364407e-06,-2.726863203861285e-05,0.001532399677671492,0.5147066712379456,0.028297467157244682,0.0038924163673073053,-0.0002008240990107879,0,0,0,1,0,0,0,0,1,0,18
0.49275267124176025,0.02663291245698929,0.010711736977100372,-0.0006919381557963789,0.8524865508079529,0.005705021787434816,0.11297467350959778,0.03898320347070694,-0.003361542709171772,-4.98985491503845e-06,-2.8615619157790206e-05,0.0015210425481200218,0.5199708938598633,0.028066931292414665,0.005860770121216774,-0.00021198554895818233,0,0,0,1,0,0,0,0,1,0,1
0.5038747191429138,0.02591729164123535,0.0114984679967165,-0.0007516748155467212,0.8875302076339722,0.0025714277289807796,0.1451769322156906,0.03419555351138115,-0.0031469063833355904,-1.065579999703914e-05,-5.443679037853144e-05,0.0012969558592885733,0.5270178914070129,0.027747513726353645,0.007307067513465881,-0.0003476492129266262,1,0,0,0,0,0,0,0,1,0,3
0.5157423615455627,0.025140628218650818,0.012184914201498032,-0.0008189374348148704,0.9199516177177429,-0.0005009451415389776,0.12551800906658173,0.030244505032896996,-0.0029225668404251337,-1.879442970675882e-05,-8.781928772805259e-05,0.0009572327835485339,0.5353983044624329,0.027272630482912064,0.008592985570430756,-0.0005299159092828631,0,0,1,0,0,0,0,0,1,0,4
0.528205931186676,0.024300362914800644,0.012691882438957691,-0.0008653620607219636,0.948418140411377,-0.0032931158784776926,0.10990950465202332,0.02698083594441414,-0.0026683795731514692,-2.9750197427347302e-05,-0.00013069059059489518,0.00042183412006124854,0.5450682640075684,0.026659471914172173,0.00986297894269228,-0.0006388264009729028,0,0,0,1,0,0,0,0,1,0,13
0.5411114692687988,0.023427799344062805,0.013100993819534779,-0.0008983516017906368,0.9739924669265747,-0.005829027853906155,0.10962051898241043,0.02455788291990757,-0.0024360795505344868,-3.4030024835374206e-05,-0.00014526031736750156,0.0,0.5556797981262207,0.025990750640630722,0.010728113353252411,-0.0007150006131269038,0,0,0,1,0,0,0,0,1,0,18
0.5543803572654724,0.02252393774688244,0.01341747585684061,-0.0009261908708140254,0.9974502325057983,-0.008155984804034233,0.10966139286756516,0.02259942889213562,-0.0022418051958084106,-3.1316521926783025e-05,-0.00013367756037041545,0.0,0.5671209692955017,0.025258634239435196,0.011668702587485313,-0.000768474186770618,0,0,0,1,0,0,0,0,1,0,13
