lt_dp_posx,lt_dp_posy,lt_dp_velx,lt_dp_vely,ball_posx,ball_posy,ball_posz,ball_vel_x,ball_vel_y,ball_rot_x,ball_rot_y,ball_rot_z,rt_gk_posx,rt_gk_posy,rt_gk_velx,rt_gk_vely,action_left,action_top_left,action_top,action_top_right,action_right,action_bottom_right,action_bottom,action_bottom_left,action_sprint,action_dribble,sel_action
-1.0110293626785278,-0.0,0.0,-0.0,0.019999999552965164,-0.0,0.11061639338731766,0.0,-0.0,0.0,-0.0,0.0,1.0110293626785278,0.0,-0.0,0.0,0,0,0,0,0,0,0,0,0,0,5
0.0,-0.0,0.0,-0.0,0.019999999552965164,-0.0,0.11059734225273132,0.0,-0.0,0.0,-0.0,0.0,1.0110293626785278,0.0,-0.0,0.0,0,0,0,0,1,0,0,0,0,0,5
0.0018565163481980562,1.982930208921374e-10,0.00376110733486712,2.4271309961854115e-10,0.019999999552965164,-0.0,0.10930104553699493,0.0,-0.0,0.0,-0.0,0.0,1.0100501775741577,-7.998176773660326e-12,-0.003236181568354368,-2.4914844493073574e-11,0,0,0,0,1,0,0,0,0,0,5
0.0049516549333930016,-1.6119865442476566e-09,0.005425760988146067,-3.2541960792720204e-10,0.019999999552965164,-0.0,0.11075475811958313,0.0,-0.0,0.0,-0.0,0.0,1.0059254169464111,-3.1891128626782006e-11,-0.00484480569139123,-2.0930944477637325e-11,0,0,0,0,1,0,0,0,0,0,13
0.00991531927138567,-3.5129084086094053e-09,0.0069583710283041,-2.709615587459524e-10,0.02449597418308258,-3.8239178490329095e-10,0.1251547634601593,0.008843498304486275,-7.515932320956153e-10,-4.247460022588356e-12,-2.3723954654997215e-05,-2.208933123221124e-12,1.0002306699752808,-4.370153197652549e-11,-0.0063720871694386005,-2.601746509206526e-12,0,0,0,0,1,0,0,0,1,0,18
0.017643572762608528,-3.663050529567613e-09,0.008333014324307442,-3.7157985022240325e-10,0.033018819987773895,-1.105804003920241e-09,0.11791953444480896,0.008264042437076569,-7.009315905470714e-10,-9.791900797140318e-12,-4.8884285206440836e-05,0.0,0.9930757880210876,5.070777131521709e-10,-0.0077724456787109375,5.22966225879884e-10,0,0,0,0,1,0,0,0,1,0,16
0.026650449261069298,-4.290876542967226e-09,0.009529577568173409,-6.097000682103726e-10,0.04105566442012787,-1.787465064850835e-09,0.11472956836223602,0.007841192185878754,-6.650666684038242e-10,-9.290975107323352e-12,-4.638349491870031e-05,-1.3888228067915795e-18,0.9846126437187195,8.497135772778108e-10,-0.00900100264698267,1.7775042548962006e-10,0,0,0,0,1,0,0,0,1,0,16
0.035950422286987305,-6.457784973434855e-09,0.009889696724712849,-8.734132306287279e-10,0.04865556210279465,-2.432065659974114e-09,0.11181113123893738,0.007400090340524912,-6.276535402527372e-10,-8.768044450213619e-12,-4.377285949885845e-05,0.0,0.975313127040863,1.307836394737194e-09,-0.009335489943623543,7.735166951405859e-10,0,0,0,0,1,0,0,0,1,0,13
0.04417573660612106,-1.0238760062009078e-08,0.009783424437046051,-4.6097484163176716e-10,0.05581934377551079,-3.0396760664075373e-09,0.11103815585374832,0.014518647454679012,2.9956692742416635e-05,3.7271021824381023e-07,-3.3984695619437844e-05,-4.094776784313581e-08,0.9654421806335449,1.942519478603799e-09,-0.010284255258738995,4.846683610004732e-10,0,0,0,0,1,0,0,0,1,0,13
0.05433974042534828,-1.0869604771812647e-08,0.010675586760044098,-2.377836261224786e-10,0.06991203874349594,2.938166835519951e-05,0.14426317811012268,0.013985581696033478,2.9194183298386633e-05,3.800739705184242e-07,-4.308273128117435e-05,-2.6630200267163673e-08,0.9547167420387268,1.4398934489179283e-08,-0.011003718711435795,1.2204566246509785e-07,0,0,0,0,1,0,0,0,1,0,13
0.06506732851266861,4.6006225602468476e-06,0.01093398965895176,7.948670827317983e-06,0.0835971012711525,5.813992174807936e-05,0.12248319387435913,0.013226758688688278,2.8132442821515724e-05,3.9321201938946615e-07,-7.521737279603258e-05,-1.5961345578574537e-09,0.9437978863716125,7.909526402727352e-07,-0.011102592572569847,1.3513947578758234e-06,0,0,0,0,1,0,0,0,1,0,16
0.07642898708581924,1.7123371435445733e-05,0.011687506921589375,1.6470150512759574e-05,0.09652134776115417,8.563640585634857e-05,0.11547289043664932,0.012635178864002228,2.6881562007474713e-05,3.7551942000391136e-07,-7.473852747352794e-05,-4.556364373254837e-14,0.9323297739028931,2.775415168798645e-06,-0.011747725307941437,2.5101548999373335e-06,0,0,0,0,1,0,0,0,1,0,5
0.08847449719905853,3.647083212854341e-05,0.012330885976552963,2.0913677872158587e-05,0.10879004001617432,0.00011173826351296157,0.11361848562955856,0.011963832192122936,2.5453260604990646e-05,3.5558343824959593e-07,-7.077072950778529e-05,0.0,0.9202682971954346,5.680039521394065e-06,-0.012311514467000961,3.1454069358005654e-06,0,0,0,0,1,0,0,0,1,0,13
0.10110297054052353,6.035247497493401e-05,0.012850936502218246,2.6755415092338808e-05,0.1203836128115654,0.00013640380348078907,0.11140820384025574,0.011294323019683361,2.402886275376659e-05,3.356818751854007e-07,-6.680979277007282e-05,-4.554575439670236e-14,0.9076964855194092,9.23563311516773e-06,-0.012767314910888672,3.906263373210095e-06,0,0,0,0,1,0,0,0,1,0,5
0.11410405486822128,9.077373397303745e-05,0.01324573066085577,3.257347998442128e-05,0.13132236897945404,0.00015967620129231364,0.10943164676427841,0.01065305806696415,2.2664567950414494e-05,3.166239537222282e-07,-6.301674147835001e-05,-4.5537910871610784e-14,0.89472895860672,1.3531755030271597e-05,-0.01311722956597805,4.539724159258185e-06,0,0,0,0,1,0,0,0,1,0,5
0.1260513812303543,-0.00014975933299865574,0.01340507809072733,2.6941870601149276e-05,0.14163978397846222,0.0001816267176764086,0.11077038198709488,0.01004831213504076,2.137796036549844e-05,2.9864293082937365e-07,-5.94380144320894e-05,0.0,0.8814587593078613,1.8401538909529336e-05,-0.013384398072957993,5.162657544133253e-06,0,0,0,0,1,0,0,0,1,0,18
0.13734640181064606,-0.000598303391598165,0.013405084609985352,1.347075703961309e-05,0.15316346287727356,0.0001702361914794892,0.13429826498031616,0.015403494238853455,-8.594227256253362e-05,-1.8736376716788072e-07,-5.0398164603393525e-05,-1.3729358272485115e-07,0.8679583072662354,2.3905970010673627e-05,-0.01358705386519432,5.777528258477105e-06,0,0,0,0,1,0,0,0,1,0,5
0.15073427557945251,-0.0005920407129451632,0.013344252482056618,2.0199449863866903e-06,0.16845157742500305,8.497729868395254e-05,0.14434003829956055,0.01520178746432066,-8.477850497001782e-05,-1.9503607973092585e-07,-5.070621409686282e-05,-1.4328821862363839e-07,0.8542835116386414,2.6313180569559336e-05,-0.01373992208391428,-1.6734006749175023e-06,0,0,0,0,1,0,0,0,1,0,13
0.16423481702804565,-0.0005755483289249241,0.01361650601029396,3.370897684362717e-05,0.18323910236358643,3.278016720287269e-06,0.12649273872375488,0.01435503177344799,-7.858056051190943e-05,-1.0818763485076488e-06,-8.438833901891485e-05,-1.8450247551982102e-08,0.8404778242111206,1.965508454304654e-05,-0.013854924589395523,-1.0620085049595218e-05,0,0,0,0,1,0,0,0,1,0,16
0.1779676228761673,-0.0005174103425815701,0.013818986713886261,7.743345486233011e-05,0.1972481906414032,-7.340583397308365e-05,0.11852792650461197,0.01367186103016138,-7.483791705453768e-05,-1.0454534731252352e-06,-8.087157766567543e-05,1.8231545288217854e-13,0.8265740275382996,5.452037839859258e-06,-0.013940474949777126,-1.5216596693790052e-05,0,0,0,0,1,0,0,0,1,0,5
0.19187301397323608,-0.00043212983291596174,0.013969575986266136,7.965971599332988e-05,0.21053370833396912,-0.00014612899394705892,0.11483457684516907,0.012955558486282825,-7.091694715199992e-05,-9.90711669146549e-07,-7.663702854188159e-05,-1.8227289794690849e-13,0.8125966191291809,-9.963394404621795e-06,-0.01400498766452074,-1.557542236696463e-05,0,0,0,0,1,0,0,0,1,0,0
0.20590664446353912,-0.00036388973239809275,0.014081071130931377,5.918554961681366e-05,0.2230885624885559,-0.0002148525818483904,0.11187047511339188,0.012227197177708149,-6.693002069368958e-05,-9.349689662485616e-07,-7.232499774545431e-05,0.0,0.7985642552375793,-2.5723124053911306e-05,-0.014053372666239738,-1.5863370208535343e-05,0,0,0,0,1,0,0,0,1,0,16
0.21936140954494476,-0.00014858998474664986,0.014141200110316277,4.019106927444227e-05,0.23493540287017822,-0.0002797004417516291,0.11102662235498428,0.011537972837686539,-6.315732025541365e-05,-8.822950121611939e-07,-6.825035234214738e-05,0.0,0.7844904065132141,-4.147169238422066e-05,-0.014089135453104973,-1.5652680303901434e-05,0,0,0,0,1,0,0,0,1,0,18
0.23101197183132172,0.0005015332135371864,0.014121427200734615,2.1891375581617467e-05,0.24658465385437012,-0.0003255411866120994,0.11938656866550446,0.015648573637008667,9.359917748952284e-05,-1.027919367402319e-07,-4.9205078539671376e-05,-4.4420850997539674e-08,0.7703859806060791,-5.700311157852411e-05,-0.014115782454609871,-1.5430767234647647e-05,0,0,0,0,1,0,0,0,1,0,16
0.2447289377450943,0.0005131298676133156,0.013386151753365993,3.458370656517218e-06,0.26195016503334045,-0.0002343165542697534,0.15053033828735352,0.015270938165485859,9.062379103852436e-05,5.08504882645866e-08,-5.389390935306437e-05,9.310155490993566e-08,0.7562589645385742,-6.84218539390713e-05,-0.014135416597127914,-5.483830136654433e-06,0,0,0,0,1,0,0,0,1,0,16
0.25817421078681946,0.0005045909201726317,0.013568121008574963,-2.4602957637398504e-05,0.27693670988082886,-0.00014608386845793575,0.1232866495847702,0.014527590945363045,8.411585440626368e-05,1.0917041208813316e-06,-8.372056618100032e-05,7.397205337156265e-08,0.7421150207519531,-6.613071309402585e-05,-0.014150142669677734,8.656899808556773e-06,0,0,0,0,1,0,0,0,1,0,16
0.2718657851219177,0.00045265626977197826,0.013783047907054424,-7.391626422759145e-05,0.29113712906837463,-6.388429756043479e-05,0.11391452699899673,0.013876320794224739,8.032359619392082e-05,1.1219442512810929e-06,-8.207061182474717e-05,1.8232793475968928e-13,0.7279582619667053,-5.052985216025263e-05,-0.014162063598632812,1.8596596419229172e-05,0,0,0,0,1,0,0,0,1,0,13
0.2857404351234436,0.00036163412733003497,0.013942577876150608,-9.077922004507855e-05,0.3046199083328247,1.4161428225634154e-05,0.11456193029880524,0.01314800325781107,7.610766624566168e-05,1.0631824807205703e-06,-7.777219434501603e-05,7.291363693373576e-13,0.713792085647583,-3.1886294891592115e-05,-0.014169776812195778,1.868148501671385e-05,0,0,0,0,1,0,0,0,1,0,6
0.29975128173828125,0.0002825857372954488,0.014061436988413334,-6.946218491066247e-05,0.31737005710601807,8.796597103355452e-05,0.11011986434459686,0.012423880398273468,7.191607437562197e-05,1.0046858278656146e-06,-7.349314546445385e-05,3.64485622673244e-13,0.6996188163757324,-1.315942336077569e-05,-0.014176088385283947,1.8763672414934263e-05,0,0,0,0,0,1,0,0,1,0,7
0.31333598494529724,0.001003551878966391,0.01385424192994833,6.535449938382953e-05,0.3294018507003784,0.0001576126815052703,0.10925480723381042,0.01171966828405857,6.783970457036048e-05,9.477289495407604e-07,-6.932672840775922e-05,9.110243890655609e-14,0.6854406595230103,5.538468485610792e-06,-0.014180295169353485,1.862387580331415e-05,0,0,0,0,0,0,1,0,1,0,12
0.3264433443546295,0.0022067984100431204,0.013318482786417007,0.0003150419215671718,0.3417530357837677,0.0012852929066866636,0.13454368710517883,0.014371798373758793,0.0035769869573414326,1.715986945782788e-05,-5.159773354534991e-05,2.4198902792704757e-06,0.6712585091590881,2.4071310690487735e-05,-0.014183801598846912,1.8458151316735893e-05,0,0,0,0,0,0,1,0,1,0,12
0.3391593396663666,0.003188806353136897,0.012362704612314701,0.0017978785326704383,0.3560209572315216,0.00483553996309638,0.14408797025680542,0.014187278226017952,0.003530238289386034,1.73485568666365e-05,-5.1789727876894176e-05,2.5481670036242576e-06,0.6570748686790466,0.00011115310189779848,-0.01418099645525217,0.00024733610916882753,0,0,0,0,0,0,1,0,1,0,12
0.3512130379676819,0.005618635565042496,0.01172984391450882,0.002682590624317527,0.36983522772789,0.008251529186964035,0.12669360637664795,0.013428105972707272,0.0033007333986461163,4.611915210261941e-05,-7.943920354591683e-05,0.0,0.6429101228713989,0.0006101573235355318,-0.014146636240184307,0.0007047549588605762,0,0,0,0,0,0,1,0,1,0,6
0.36305147409439087,0.00831645168364048,0.012057669460773468,0.0027293080929666758,0.38294339179992676,0.011473627761006355,0.11845837533473969,0.012794103473424911,0.0031448914669454098,4.393279232317582e-05,-7.567949796793982e-05,0.0,0.62879878282547,0.00156406220048666,-0.014080720953643322,0.0011434457264840603,0,0,0,0,0,1,0,0,1,0,12
0.37535473704338074,0.01105714961886406,0.012489627115428448,0.0027425908483564854,0.39537495374679565,0.014529396779835224,0.11489231884479523,0.012122459709644318,0.0029797949828207493,4.1627816244727e-05,-7.170893513830379e-05,0.0,0.6147503852844238,0.0028633999172598124,-0.014020415022969246,0.001426704227924347,0,0,0,0,0,1,0,0,1,0,6
0.388032466173172,0.013802183791995049,0.012807986699044704,0.0027653989382088184,0.40712273120880127,0.01741708628833294,0.11187601089477539,0.011441036127507687,0.00281229498796165,3.928594378521666e-05,-6.76747877150774e-05,0.0,0.6007697582244873,0.004445268772542477,-0.013946084305644035,0.0017085963627323508,0,0,0,0,0,1,0,0,1,0,12
0.40095794200897217,0.01661456748843193,0.013010642491281033,0.002850898774340749,0.4182078540325165,0.020141903311014175,0.11103078722953796,0.010796156711876392,0.002653780160471797,3.707279029185884e-05,-6.386232416843995e-05,0.0,0.5868778228759766,0.006330782547593117,-0.013839497230947018,0.0020453305914998055,0,0,0,0,0,1,0,0,1,0,5
0.41378453373908997,0.019701294600963593,0.012844853103160858,0.0028357680421322584,0.42866191267967224,0.022711586207151413,0.1090250238776207,0.010179976001381874,0.0025023180060088634,3.49574038409628e-05,-6.021834269631654e-05,-2.9140747974387704e-12,0.5731114149093628,0.008573230355978012,-0.013703107833862305,0.00240318663418293,0,0,0,0,1,0,0,0,1,0,14
0.42542245984077454,0.022682275623083115,0.011609635315835476,0.002202204894274473,0.43852096796035767,0.025135016068816185,0.11075132340192795,0.009601675905287266,0.00236016814596951,3.297073635621928e-05,-5.6796034186845645e-05,5.827333841162963e-12,0.559499204158783,0.011184134520590305,-0.013514476828277111,0.00282044755294919,0,0,0,0,0,0,0,0,1,0,12
0.43497470021247864,0.024444492533802986,0.008227193728089333,0.0012953029945492744,0.49024003744125366,0.024036072194576263,0.5789750814437866,0.06112372875213623,-0.0021153439301997423,2.312878132215701e-05,4.057678324898006e-06,0.001803521066904068,0.5461472272872925,0.014311152510344982,-0.013210493139922619,0.003375947242602706,0,0,0,0,0,0,0,0,1,0,2
0.4428172707557678,0.025779196992516518,0.0073534599505364895,0.0012832395732402802,0.5496711730957031,0.02168133854866028,1.0633468627929688,0.05809188634157181,-0.0025472287088632584,2.312878132215701e-05,4.057678324898006e-06,0.001803521066904068,0.5331289768218994,0.017986301332712173,-0.012852865271270275,0.003917707595974207,0,1,0,0,0,0,0,0,1,0,17
0.449838250875473,0.026631928980350494,0.006878376007080078,0.0006682279636152089,0.6062288880348206,0.018907558172941208,1.4408771991729736,0.05534151941537857,-0.002955446485430002,2.312878132215701e-05,4.057678324898006e-06,0.001803521066904068,0.521642804145813,0.021571118384599686,-0.009930133819580078,0.0031449436210095882,0,1,0,0,0,0,0,0,1,1,5
0.45604515075683594,0.027233727276325226,0.00627601845189929,0.0005978431436233222,0.660172164440155,0.015739284455776215,1.7173213958740234,0.05283304303884506,-0.0033386063296347857,2.312878132215701e-05,4.057678324898006e-06,0.001803521066904068,0.5143277645111084,0.02394484542310238,-0.0049899606965482235,0.0016529166605323553,0,0,0,0,1,0,0,0,1,1,13
0.46318352222442627,0.027790987864136696,0.007821531966328621,0.0004811720282305032,0.7117244601249695,0.012201753444969654,1.897565245628357,0.05053379386663437,-0.0036965382751077414,2.312878132215701e-05,4.057678324898006e-06,0.001803521066904068,0.5125229358673096,0.024812238290905952,0.001015733228996396,0.0005638200091198087,0,0,0,0,1,0,0,0,1,1,16
0.47176593542099,0.028104808181524277,0.00917105097323656,0.00014153964002616704,0.761079728603363,0.008319885469973087,1.9857946634292603,0.048416633158922195,-0.004029891919344664,2.312878132215701e-05,4.057678324898006e-06,0.001803521066904068,0.5157826542854309,0.025202594697475433,0.004176883026957512,0.00022176350466907024,0,0,0,0,1,0,0,0,1,1,13
0.4811438322067261,0.028149060904979706,0.009590393863618374,3.0726609111297876e-05,0.8084073662757874,0.004117652773857117,1.9856294393539429,0.046458713710308075,-0.004339831881225109,2.312878132215701e-05,4.057678324898006e-06,0.001803521066904068,0.5208388566970825,0.02520657889544964,0.005748342256993055,-0.00021566044597420841,0,0,0,0,1,0,0,0,1,1,12
0.4913584887981415,0.028181135654449463,0.01060438808053732,2.3297172447200865e-05,0.8538551330566406,-0.0003823205770459026,1.9002326726913452,0.04464065656065941,-0.0046278261579573154,2.312878132215701e-05,4.057678324898006e-06,0.001803521066904068,0.5273911952972412,0.024870311841368675,0.0071928780525922775,-0.0003995222214143723,0,0,0,0,1,0,0,0,1,1,13
0.5024663209915161,0.028201362118124962,0.01146485935896635,1.562543366162572e-05,0.8975541591644287,-0.005158973392099142,1.732398271560669,0.04294585809111595,-0.00489549757912755,2.312878132215701e-05,4.057678324898006e-06,0.001803521066904068,0.5354170203208923,0.024401921778917313,0.008623364381492138,-0.0005388364079408348,0,0,0,0,1,0,0,0,1,1,1
0.5143360495567322,0.028211897239089012,0.012172089889645576,8.843253453960642e-06,0.9396194219589233,-0.010192903690040112,1.4846230745315552,0.0413600355386734,-0.005144521594047546,2.312878132215701e-05,4.057678324898006e-06,0.001803521066904068,0.5448001027107239,0.023848533630371094,0.009462378919124603,-0.0006120111211203039,1,0,0,0,0,0,0,0,1,1,13
0.5268164873123169,0.028212683275341988,0.012722654268145561,-1.324558525084285e-07,0.9801528453826904,-0.015466377139091492,1.159166932106018,0.03987080976366997,-0.005376551765948534,2.312878132215701e-05,4.057678324898006e-06,0.001803521066904068,0.5549760460853577,0.023230353370308876,0.010394325479865074,-0.0007186729344539344,1,0,0,0,0,0,0,0,1,1,12
