lt_dp_posx,lt_dp_posy,lt_dp_velx,lt_dp_vely,ball_posx,ball_posy,ball_posz,ball_vel_x,ball_vel_y,ball_rot_x,ball_rot_y,ball_rot_z,rt_gk_posx,rt_gk_posy,rt_gk_velx,rt_gk_vely,action_left,action_top_left,action_top,action_top_right,action_right,action_bottom_right,action_bottom,action_bottom_left,action_sprint,action_dribble,sel_action
-1.0110293626785278,-0.0,0.0,-0.0,0.019999999552965164,-0.0,0.11061639338731766,-0.0,0.0,0.0,-0.0,0.0,1.0110293626785278,0.0,-0.0,0.0,0,0,0,0,0,0,0,0,0,0,5
0.0,-0.0,0.0,-0.0,0.019999999552965164,-0.0,0.11059734225273132,-0.0,0.0,0.0,-0.0,0.0,1.0093543529510498,-1.2263390303246524e-10,-0.0035601502750068903,-2.3792418035739615e-10,0,0,0,0,1,0,0,0,0,0,5
0.0,-0.0,0.0,-0.0,0.019999999552965164,-0.0,0.10930104553699493,-0.0,0.0,0.0,-0.0,0.0,1.0049090385437012,-3.4048644459439004e-10,-0.005159658379852772,-1.7905761595660152e-10,0,0,0,0,1,0,0,0,0,0,5
0.0011742409551516175,1.3643361440607293e-10,0.0034112136345356703,2.3963026007933763e-10,0.019999999552965164,-0.0,0.11075475811958313,-0.0,0.0,0.0,-0.0,0.0,0.998912513256073,-3.599956166500107e-10,-0.006663799285888672,6.784102168921891e-10,0,0,0,0,1,0,0,0,0,0,5
0.004423037171363831,-4.948248477631978e-10,0.00509687140583992,-2.6709676137492977e-10,0.019999999552965164,-0.0,0.11053141206502914,-0.0,0.0,0.0,-0.0,0.0,0.9914822578430176,2.346485783455421e-10,-0.0080326022580266,4.939300635165011e-10,0,0,0,0,1,0,0,0,0,0,13
0.009172579273581505,-1.6876557928924285e-09,0.006656940560787916,-3.3095143292527496e-10,0.023520536720752716,-2.0332635575215363e-10,0.12429210543632507,0.008649522438645363,-4.998005898038116e-10,6.688117941411331e-13,2.615536232042359e-06,-1.8590905724591433e-12,0.9827787280082703,5.525261914662849e-10,-0.009224695153534412,1.6276018033334338e-10,0,0,0,0,1,0,0,0,1,0,0
0.016618236899375916,-1.8831725068224614e-09,0.008066108450293541,-1.1342336098119077e-10,0.031749386340379715,-6.79450051777053e-10,0.11630966514348984,0.007851784117519855,-4.5484810362594885e-10,6.129359172990512e-12,4.470821295399219e-05,-3.447311609349607e-13,0.9734154939651489,7.304387095175002e-10,-0.009538145735859871,1.8983177529907636e-10,0,0,0,0,1,0,0,0,1,0,13
0.025379417464137077,-2.0645987142131617e-09,0.009301392361521721,-1.8728241180099303e-10,0.039383139461278915,-1.121674975124165e-09,0.11498706787824631,0.00744605204090476,-4.3135151006623573e-10,6.025917612118015e-12,4.404568244353868e-05,0.0,0.963359534740448,8.706111942480277e-10,-0.010455355979502201,8.989895633471079e-11,0,0,0,0,1,0,0,0,1,0,13
0.03412363678216934,-2.8353506209555235e-09,0.009388971142470837,-2.12893841444739e-10,0.04660032317042351,-1.5397682018303271e-09,0.10737152397632599,0.00702687818557024,-4.070686565604831e-10,5.6867379728819945e-12,4.156647628406063e-05,3.4715431310234e-19,0.9525248408317566,9.830738445515408e-10,-0.010928686708211899,2.650944741500183e-10,0,0,0,0,1,0,0,0,1,0,16
0.042008865624666214,-3.983873675394989e-09,0.009879683144390583,-1.2068625265815314e-10,0.05416471138596535,2.9177326723583974e-06,0.11805233359336853,0.014280710369348526,2.9196276955190115e-05,3.387498566098657e-07,2.003337840505992e-06,2.867589614652388e-07,0.9415563941001892,1.1660691301429438e-09,-0.011242137290537357,1.1996528770374937e-10,0,0,0,0,1,0,0,0,1,0,16
0.05237536504864693,7.688269931804825e-08,0.010675586760044098,8.094976351458172e-07,0.06805659830570221,3.095665670116432e-05,0.14387618005275726,0.01379991415888071,2.7823793061543256e-05,2.8575780675055285e-07,7.840221769583877e-06,3.5737687653636385e-07,0.9299631714820862,1.216880374244056e-09,-0.011861324310302734,-5.365617672392631e-12,0,0,0,0,1,0,0,0,1,0,5
0.06313706934452057,5.079635229776613e-06,0.011016691103577614,8.291486665257253e-06,0.0814104676246643,5.742551002185792e-05,0.12316343933343887,0.012638636864721775,2.4204791770898737e-05,-2.3648130564879466e-08,4.12239387515001e-05,4.4138579369246145e-07,0.9177908301353455,2.8873645874227805e-07,-0.012411790899932384,7.358510742960789e-07,0,0,0,0,1,0,0,0,1,0,0
0.07457250356674194,1.738470200507436e-05,0.011754298582673073,1.5806916053406894e-05,0.09365619719028473,8.05978779681027e-05,0.11358217895030975,0.01188874151557684,2.226913784397766e-05,-3.127756542653515e-07,7.048865518299863e-05,-9.110760919566613e-14,0.9051313996315002,1.8199650639871834e-06,-0.012844450771808624,2.192120746258297e-06,0,0,0,0,1,0,0,0,1,0,16
0.08668146282434464,3.561761695891619e-05,0.012389264069497585,1.9671044356073253e-05,0.10521385818719864,0.00010224744619335979,0.11358413845300674,0.011278974823653698,2.1127556465216912e-05,-2.9514919219764124e-07,6.671863957308233e-05,-4.5545564661322174e-14,0.8920965194702148,4.6406316869251896e-06,-0.01317683421075344,3.1056085845193593e-06,0,0,0,0,1,0,0,0,1,0,0
0.09936050325632095,5.816458724439144e-05,0.012895464897155762,2.5240902687073685e-05,0.11614811420440674,0.00012272928142920136,0.11179269850254059,0.01065406110137701,1.995698403334245e-05,-2.787943458315567e-07,6.302160181803629e-05,4.553792103600615e-14,0.8787750601768494,8.074399374891073e-06,-0.013429276645183563,3.7074312331242254e-06,0,0,0,0,1,0,0,0,1,0,18
0.11247087270021439,-0.00041434523882344365,0.013238980434834957,2.622903775773011e-05,0.1264699399471283,0.0001420639455318451,0.11068520694971085,0.01005322951823473,1.8831509805750102e-05,-2.630731330555136e-07,5.946783130639233e-05,0.0,0.8652356863021851,1.2092253200535197e-05,-0.013621414080262184,4.2228612073813565e-06,0,0,0,0,1,0,0,0,1,0,16
0.1257098913192749,-0.0022550278808921576,0.013238980434834957,1.4307681340142153e-05,0.13684585690498352,0.00013201583351474255,0.1198345199227333,0.01587028056383133,-0.0002651129907462746,-2.4891824068618007e-07,6.191914962982992e-06,-4.6714416157556116e-07,0.8515316843986511,1.62859487318201e-05,-0.013765166513621807,4.163950507063419e-06,0,0,0,0,1,0,0,0,1,0,16
0.1389489471912384,-0.002247278578579426,0.013239067979156971,2.38311622524634e-06,0.15236306190490723,-0.00012679878273047507,0.1582464873790741,0.015420282259583473,-0.00025716962409205735,-6.146939313111943e-08,1.0350108823331539e-05,-7.976347546900797e-07,0.8377040028572083,2.0412866433616728e-05,-0.013873857446014881,4.095605163456639e-06,0,0,0,0,1,0,0,0,1,0,18
0.15232938528060913,-0.002216444816440344,0.013510970398783684,7.768388604745269e-05,0.16755136847496033,-0.00037988435360603034,0.11589517444372177,0.014445047825574875,-0.0002394281909801066,1.0324060895072762e-06,3.449143696343526e-05,-1.885315214167349e-06,0.8237837553024292,1.7345739252050407e-05,-0.013955200091004372,-1.380923822580371e-05,0,0,0,0,1,0,0,0,1,0,16
0.1659706085920334,-0.0020569039043039083,0.01373694185167551,0.00022587379498872906,0.18146999180316925,-0.0006099758320488036,0.11778106540441513,0.013579334132373333,-0.0002241299080196768,1.8982068468176294e-06,5.3479081543628126e-05,-1.7049742382369004e-06,0.8097941875457764,-1.060584509104956e-05,-0.014015506021678448,-3.955090869567357e-05,0,0,0,0,1,0,0,0,1,0,16
0.17980355024337769,-0.0017791722202673554,0.013905588537454605,0.0002775091852527112,0.19453935325145721,-0.0008253310224972665,0.11214391142129898,0.012757563032209873,-0.00021016578830312937,2.9361640372371767e-06,7.54694701754488e-05,3.6452316317346634e-13,0.795752763748169,-6.274251791182905e-05,-0.014060385525226593,-5.721606794395484e-05,0,0,0,0,1,0,0,0,1,0,5
0.1937834471464157,-0.001537169562652707,0.014034789986908436,0.00021277468476910144,0.20690573751926422,-0.001029052073135972,0.11327104270458221,0.012051389552652836,-0.00019853243429679424,2.7734220111597097e-06,7.128642755560577e-05,1.0933346242247843e-12,0.7816726565361023,-0.00011912874469999224,-0.014094745740294456,-5.5700107623124495e-05,0,0,0,0,1,0,0,0,1,0,18
0.20786821842193604,-0.0013586104614660144,0.014121705666184425,0.00015105921193026006,0.21858693659305573,-0.0012214856687933207,0.11138109117746353,0.01137973740696907,-0.00018746769637800753,2.618829512357479e-06,6.731288885930553e-05,0.0,0.7675636410713196,-0.00017397543706465513,-0.014119990170001984,-5.414326369646005e-05,0,0,0,0,1,0,0,0,1,0,5
0.22194457054138184,-0.0012456096010282636,0.014121751300990582,8.811261795926839e-05,0.22961072623729706,-0.0014030899619683623,0.11085901409387589,0.010735280811786652,-0.00017685111379250884,2.4705423129489645e-06,6.350137846311554e-05,3.643111474386368e-13,0.7534329295158386,-0.00022870329848956317,-0.014138923026621342,-5.546939428313635e-05,0,0,0,0,1,0,0,0,1,0,0
0.23579278588294983,-0.0011934851063415408,0.013533059507608414,2.4125265554175712e-05,0.2449992597103119,-0.0014012655010446906,0.161333829164505,0.015794480219483376,2.1280480723362416e-05,8.988188255898422e-07,1.2283054275030736e-05,-9.630628028389765e-07,0.7392862439155579,-0.00028507356182672083,-0.014152947813272476,-5.710522600566037e-05,0,0,0,0,1,0,0,0,1,0,16
0.24912723898887634,-1.075887030310696e-05,0.013312531635165215,4.269574674253818e-06,0.26067569851875305,-0.0013801322784274817,0.12239401042461395,0.015528500080108643,2.0805497115361504e-05,8.826118005345052e-07,1.3367784958973061e-05,-9.209607014781795e-07,0.7251274585723877,-0.0003408819902688265,-0.014163466170430183,-5.1424602133920416e-05,0,0,0,0,1,0,0,0,1,0,16
0.26243966817855835,0.001015616930089891,0.013312522321939468,1.8982938172484864e-06,0.2760188579559326,-0.001238650525920093,0.16264553368091583,0.01583399437367916,0.0002647642104420811,4.0488470176569535e-07,-7.756288482596574e-07,1.802521580884786e-07,0.7109596729278564,-0.00038515409687533975,-0.014171179383993149,-3.8416834286181256e-05,0,0,0,0,1,0,0,0,1,0,13
0.275770902633667,0.0010143669787794352,0.01340525969862938,-1.1444127267168369e-05,0.29174110293388367,-0.0009757623192854226,0.16223996877670288,0.01563159003853798,0.00026137568056583405,4.0488470176569535e-07,-7.756288482596574e-07,1.802521580884786e-07,0.6967850923538208,-0.00041619245894253254,-0.014177490957081318,-2.3234048057929613e-05,0,0,0,0,1,0,0,0,1,0,18
0.28932297229766846,0.0009451803052797914,0.013660508207976818,-0.00012819989933632314,0.3068857192993164,-0.0007230129558593035,0.12772521376609802,0.014215427450835705,0.00023610646894667298,-8.709562280273531e-07,2.8506714443210512e-05,1.857621668932552e-06,0.6826054453849792,-0.0004203841381240636,-0.01418099645525217,1.1391545740480069e-05,0,0,0,0,1,0,0,0,1,0,0
0.3030911684036255,0.0007425468065775931,0.013847561553120613,-0.000261670007603243,0.3208716809749603,-0.0004908863920718431,0.12039803713560104,0.013780022040009499,0.00022855729912407696,-1.1529965604495374e-06,3.49589427059982e-05,1.9427086499490542e-06,0.668422281742096,-0.00038994039641693234,-0.014184502884745598,4.603362685884349e-05,0,0,0,0,1,0,0,0,1,0,7
0.3170202970504761,0.0004867857787758112,0.01399061270058155,-0.0002299827610841021,0.33399468660354614,-0.00027379347011446953,0.11646069586277008,0.01277538575232029,0.00021118175936862826,-2.9504783469747053e-06,7.557753997389227e-05,-3.6452525026264837e-13,0.6542364954948425,-0.0003351971972733736,-0.014186606742441654,5.481323387357406e-05,0,0,0,0,0,0,1,0,1,0,7
0.3303297162055969,0.001149247749708593,0.013769361190497875,-2.5326269224024145e-06,0.3463899493217468,-6.88952422933653e-05,0.11196405440568924,0.012087319977581501,0.00019980779325123876,-2.7911833058169577e-06,7.149755401769653e-05,3.644487055892709e-13,0.6400488615036011,-0.00028165470575913787,-0.014188009314239025,5.2502306061796844e-05,0,0,0,0,0,0,1,0,1,0,12
0.3433166444301605,0.002051223535090685,0.013251865282654762,0.00016776283155195415,0.3592568635940552,0.0014105408918112516,0.14147073030471802,0.014295553788542747,0.003377904649823904,3.620145662353025e-06,1.611021980352234e-05,1.7479858797742054e-05,0.6258596181869507,-0.00022830904345028102,-0.014190113171935081,6.076501085772179e-05,0,0,0,0,0,0,1,0,1,0,12
0.3559711277484894,0.003010573098435998,0.012411089614033699,0.0017083806451410055,0.37345609068870544,0.00476528936997056,0.14572736620903015,0.014120429754257202,0.0033360417000949383,3.620145662353025e-06,1.611021980352234e-05,1.7479858797742054e-05,0.6116697192192078,-0.00014942820416763425,-0.014190113171935081,9.370319457957521e-05,0,0,0,0,0,0,1,0,1,0,0
0.3680143654346466,0.005369642749428749,0.011754386126995087,0.002543920651078224,0.38703668117523193,0.00795010570436716,0.12847751379013062,0.012907409109175205,0.002994309877976775,-1.9653696654131636e-05,4.709644053946249e-05,2.5936044039553963e-05,0.5974794626235962,-3.7608366255881265e-05,-0.014190113171935081,0.0001266424951609224,0,0,0,0,0,0,1,0,1,0,6
0.37996354699134827,0.00794139876961708,0.012175826355814934,0.0025966805405914783,0.3996424674987793,0.010866357013583183,0.11383721232414246,0.012260674498975277,0.0028264787979424,-3.967566954088397e-05,7.27659571566619e-05,-1.1663105377313077e-11,0.5833107829093933,0.0004395987489260733,-0.014135416597127914,0.0008240827592089772,0,0,0,0,0,1,0,0,1,0,12
0.3923821747303009,0.010539175011217594,0.012602174654603004,0.0025922530330717564,0.41156110167503357,0.013614020310342312,0.1145234927535057,0.011627144180238247,0.0026804665103554726,-3.7444791814778e-05,6.877638224978e-05,-5.83040083226849e-12,0.5692524313926697,0.001685492810793221,-0.013980444520711899,0.0015897488920018077,0,0,0,0,0,1,0,0,1,0,7
0.4051673114299774,0.013131625019013882,0.01291036605834961,0.002614077180624008,0.4228416383266449,0.016214581206440926,0.11012725532054901,0.010995810851454735,0.002534920582547784,-3.541341357049532e-05,6.504531484097242e-05,0.0,0.5553949475288391,0.003670127596706152,-0.013755700550973415,0.0022736142855137587,0,0,0,0,0,0,1,0,1,0,14
0.4181945323944092,0.015787381678819656,0.013112671673297882,0.002689053537324071,0.43349429965019226,0.01867039129137993,0.1092800721526146,0.010379002429544926,0.002392724622040987,-3.3426593290641904e-05,6.139602919574827e-05,5.828441895783243e-12,0.5417815446853638,0.006275557912886143,-0.013487479649484158,0.0028751399368047714,0,0,0,0,0,0,0,0,1,0,12
0.4306572377681732,0.018854152411222458,0.012128779664635658,0.002367674605920911,0.44354724884033203,0.020987944677472115,0.1111873909831047,0.009792422875761986,0.002257497515529394,-3.1536779715679586e-05,5.792494266643189e-05,-5.827597519131311e-12,0.5284940600395203,0.009464628994464874,-0.012922988273203373,0.0033550213556736708,0,0,0,0,0,0,0,0,1,0,6
0.44165271520614624,0.02115136757493019,0.009950820356607437,0.001550733228214085,0.4684986472129822,0.022799957543611526,0.17711661756038666,0.06055432930588722,0.0008183184545487165,1.2954288877153886e-06,3.772403943003155e-05,0.00203412096016109,0.5170756578445435,0.013111110776662827,-0.010638377629220486,0.004125568084418774,0,0,0,0,0,1,0,0,1,0,15
0.45024895668029785,0.02241780236363411,0.008052587509155273,0.0012385930167511106,0.5274969935417175,0.023222312331199646,0.27048197388648987,0.05774968862533569,0.00010766128252726048,1.2954288877153886e-06,3.772403943003155e-05,0.00203412096016109,0.5069862604141235,0.017772048711776733,-0.009608268737792969,0.005084361881017685,0,0,0,0,0,1,0,0,0,0,3
0.45757734775543213,0.02347787469625473,0.006899062544107437,0.000570550502743572,0.5837736129760742,0.02296786941587925,0.1787181943655014,0.05509111285209656,-0.0005415974883362651,1.2954288877153886e-06,3.772403943003155e-05,0.00203412096016109,0.4983411133289337,0.022692125290632248,-0.007685142569243908,0.004366425331681967,0,0,1,0,0,0,0,0,0,0,13
0.4641152620315552,0.024035116657614708,0.006084316875785589,0.0005175518454052508,0.6337763071060181,0.02217973582446575,0.16045795381069183,0.04666103050112724,-0.0009629807900637388,2.4420933186775073e-06,6.154560833238065e-05,0.0018511660164222121,0.49320244789123535,0.025921093299984932,-0.004496509674936533,0.0027874140068888664,0,0,1,0,0,0,0,0,1,0,16
0.4704447388648987,0.024560973048210144,0.006978664081543684,0.0004833501880057156,0.6789450645446777,0.021003101021051407,0.11812811344861984,0.0414508655667305,-0.001253776834346354,4.633159278455423e-06,8.572775550419465e-05,0.0016163965919986367,0.4901810884475708,0.02830224111676216,-0.003416977124288678,0.00223571271635592,0,0,1,0,0,0,0,0,1,0,12
0.47805824875831604,0.02484433352947235,0.008309882134199142,0.00018203494255430996,0.7175943851470947,0.01968458853662014,0.1169673353433609,0.03589813411235809,-0.0013229303294792771,8.926521331886761e-06,0.00012503209291025996,0.0011458669323474169,0.4887777268886566,0.030070355162024498,-0.0020428781863301992,0.0014516862574964762,0,0,1,0,0,0,0,0,1,0,3
0.4856635332107544,0.02389506623148918,0.008649900555610657,-0.0007536453194916248,0.7509942650794983,0.018395060673356056,0.108736552298069,0.03156102076172829,-0.0012460725847631693,1.5385257938760333e-05,0.0001740624284138903,0.00031639233930036426,0.4893082082271576,0.03217262774705887,-0.0009531192481517792,0.0010020914487540722,0,0,1,0,0,0,0,0,1,0,5
0.4948173463344574,0.02336852066218853,0.009855169802904129,-0.000546573253814131,0.7808414697647095,0.017214465886354446,0.10928380489349365,0.028551766648888588,-0.0011293701827526093,1.577609327796381e-05,0.00016888118989299983,5.8792649568206734e-12,0.48943933844566345,0.03273919224739075,-0.0002872040495276451,0.0004616325022652745,0,0,0,0,1,0,0,0,1,0,17
0.505075216293335,0.022881582379341125,0.01084810122847557,-0.0004727497580461204,0.8079810738563538,0.016140952706336975,0.10947160422801971,0.026045065373182297,-0.0010302172740921378,1.4391232980415225e-05,0.00015405644080601633,5.869377033007606e-12,0.4912160634994507,0.03305546194314957,0.00304729538038373,0.0002732545544859022,0,0,0,0,1,0,0,0,1,1,6
0.516185998916626,0.02280120737850666,0.01120210811495781,0.0006118657765910029,0.8328195810317993,0.015158465132117271,0.1096033826470375,0.023898959159851074,-0.0009453279781155288,1.3205536561144982e-05,0.00014136367826722562,0.0,0.495975136756897,0.0332375094294548,0.004921002313494682,0.00011909048771485686,0,0,0,0,0,1,0,0,1,1,4
0.526573121547699,0.024504775181412697,0.009682263247668743,0.002710904460400343,0.8556740283966064,0.014254450798034668,0.10969875752925873,0.022038061171770096,-0.0008717190939933062,1.2177374628663529e-05,0.00013035738083999604,0.0,0.5021958351135254,0.033343538641929626,0.006365880370140076,-0.00011392535816412419,0,0,0,1,0,0,0,0,1,1,4
0.5370373725891113,0.02811324968934059,0.010279695503413677,0.0034969106782227755,0.8767977356910706,0.013418898917734623,0.10976888239383698,0.020406480878591537,-0.0008071819320321083,1.1275890756223816e-05,0.0001207070890814066,0.0,0.5099809765815735,0.03349589183926582,0.008047295734286308,-6.301585381152108e-05,0,0,0,1,0,0,0,0,1,1,15
0.5470156073570251,0.030253492295742035,0.008947515860199928,0.0007843323983252048,0.896395742893219,0.012643693946301937,0.10982117801904678,0.01896199956536293,-0.0007500454667024314,1.0477774594619405e-05,0.000112163346784655,-2.9232252469341136e-12,0.5188280940055847,0.03338620439171791,0.009119679220020771,-0.000343284395057708,0,0,0,1,0,0,0,0,0,1,13
0.5561995506286621,0.029796358197927475,0.008068887516856194,-0.002146736951544881,0.9146367907524109,0.011922170408070087,0.10986067354679108,0.017672089859843254,-0.0006990229594521224,9.765051800059155e-06,0.00010453371942276135,0.0,0.5282670259475708,0.03290214762091637,0.009513185359537601,-0.0005328599945642054,0,0,0,1,0,0,0,0,1,1,1
0.5657156705856323,0.027557622641324997,0.00844353437423706,-0.0034487212542444468,0.9316606521606445,0.011248786933720112,0.10989085584878922,0.01651131361722946,-0.0006531081162393093,9.12366795091657e-06,9.766776202013716e-05,-1.4600557091473676e-12,0.538199782371521,0.03218747675418854,0.010326826944947243,-0.0006637408514507115,1,0,0,0,0,0,0,0,1,1,6
0.5752361416816711,0.02379859797656536,0.008342425338923931,-0.004641656763851643,0.9475851655006409,0.010618887841701508,0.10991416126489639,0.015459449961781502,-0.0006115015130490065,8.54246081871679e-06,9.144599607679993e-05,-4.378363123447304e-12,0.5487518906593323,0.031327906996011734,0.010763855651021004,-0.0008315261220559478,0,0,0,0,0,1,0,0,1,1,3
0.5845295786857605,0.018938016146421432,0.008207803592085838,-0.005387964192777872,0.9625100493431091,0.010028532706201077,0.1099323257803917,0.014500287361443043,-0.0005735617014579475,8.012474609131459e-06,8.577255357522517e-05,-1.4589406072129663e-12,0.5594368577003479,0.030454032123088837,0.011006194166839123,-0.0007687601028010249,0,0,1,0,0,0,0,0,1,1,5
0.5910750031471252,0.013304491527378559,0.004945484455674887,-0.005998518783599138,0.9765204191207886,0.009474348276853561,0.1099466010928154,0.013620623387396336,-0.0005387663841247559,7.526406079705339e-06,8.056926162680611e-05,-1.4584987948276784e-12,0.5705523490905762,0.029548179358243942,0.011546009220182896,-0.000778192828875035,0,0,0,0,1,0,0,0,1,1,0
0.5946369171142578,0.0070913671515882015,0.0027781466487795115,-0.006194426212459803,0.9896895885467529,0.008953433483839035,0.10995790362358093,0.012809610925614834,-0.0005066866287961602,7.078268026816659e-06,7.577200449304655e-05,2.1871738361406434e-12,0.5821239352226257,0.028635162860155106,0.012054549530148506,-0.0007847831002436578,0,0,0,0,1,0,0,0,1,1,1
0.598086416721344,0.0021426428575068712,0.0035426036920398474,-0.0040285419672727585,1.0020813941955566,0.008463273756206036,0.10996691137552261,0.012058254331350327,-0.00047696646652184427,6.663091426162282e-06,7.13275876478292e-05,0.0,0.5943232178688049,0.027795789763331413,0.012526832520961761,-0.0007648735772818327,1,0,0,0,0,0,0,0,1,1,8
0.602354884147644,-0.00043808919144794345,0.00489539559930563,-0.0014734460273757577,1.0137511491775513,0.008001678623259068,0.10997413098812103,0.011359039694070816,-0.00044930900912731886,6.276727162912721e-06,6.719159136991948e-05,-1.4574903783870496e-12,0.6069415211677551,0.026930393651127815,0.012828073464334011,-0.0008294907747767866,0,0,0,0,0,0,0,1,1,1,0
