lt_dp_posx,lt_dp_posy,lt_dp_velx,lt_dp_vely,ball_posx,ball_posy,ball_posz,ball_vel_x,ball_vel_y,ball_rot_x,ball_rot_y,ball_rot_z,rt_gk_posx,rt_gk_posy,rt_gk_velx,rt_gk_vely,action_left,action_top_left,action_top,action_top_right,action_right,action_bottom_right,action_bottom,action_bottom_left,action_sprint,action_dribble,sel_action
-1.0110293626785278,-0.0,0.0,-0.0,0.019999999552965164,-0.0,0.11061639338731766,-0.0,0.0,0.0,-0.0,0.0,1.0110293626785278,0.0,-0.0,0.0,0,0,0,0,0,0,0,0,0,0,5
0.0,-0.0,0.0,-0.0,0.019999999552965164,-0.0,0.11059734225273132,-0.0,0.0,0.0,-0.0,0.0,1.0106345415115356,-3.1861822208378854e-11,-0.001967654563486576,-1.5578560663698227e-10,0,0,0,0,1,0,0,0,0,0,5
0.0,-0.0,0.0,-0.0,0.019999999552965164,-0.0,0.10930104553699493,-0.0,0.0,0.0,-0.0,0.0,1.0068784952163696,-2.6190344337706506e-10,-0.004527849145233631,-2.1994273069481096e-10,0,0,0,0,1,0,0,0,0,0,5
0.0011742409551516175,1.3643361440607293e-10,0.0034112136345356703,2.3963026007933763e-10,0.019999999552965164,-0.0,0.11075475811958313,-0.0,0.0,0.0,-0.0,0.0,1.0014904737472534,-4.1574887976736363e-10,-0.006076167803257704,-8.290019365420065e-11,0,0,0,0,1,0,0,0,0,0,5
0.004423037171363831,-4.948248477631978e-10,0.00509687140583992,-2.6709676137492977e-10,0.019999999552965164,-0.0,0.11053141206502914,-0.0,0.0,0.0,-0.0,0.0,0.9946169853210449,2.164958316785981e-11,-0.007505276706069708,5.948411208045457e-10,0,0,0,0,1,0,0,0,0,0,13
0.009172579273581505,-1.6876557928924285e-09,0.006656940560787916,-3.3095143292527496e-10,0.023520536720752716,-2.0332635575215363e-10,0.12429210543632507,0.008649522438645363,-4.998005898038116e-10,6.688117941411331e-13,2.615536232042359e-06,-1.8590905724591433e-12,0.986401379108429,4.664973962675845e-10,-0.008770297281444073,3.029988759895019e-10,0,0,0,0,1,0,0,0,1,0,13
0.016618236899375916,-1.8831725068224614e-09,0.008066108450293541,-1.1342336098119077e-10,0.031749386340379715,-6.79450051777053e-10,0.11630966514348984,0.007851784117519855,-4.5484810362594885e-10,6.129359172990512e-12,4.470821295399219e-05,-3.447311609349607e-13,0.9771802425384521,6.514682682201567e-10,-0.009335489943623543,2.2740809235699544e-10,0,0,0,0,1,0,0,0,1,0,13
0.025379417464137077,-2.0645987142131617e-09,0.009301392361521721,-1.8728241180099303e-10,0.039383139461278915,-1.121674975124165e-09,0.11498706787824631,0.00744605204090476,-4.3135151006623573e-10,6.025917612118015e-12,4.404568244353868e-05,0.0,0.9674903154373169,8.289439690223332e-10,-0.010107545182108879,1.3503541340664782e-10,0,0,0,0,1,0,0,0,1,0,5
0.03412363678216934,-2.8353506209555235e-09,0.009388971142470837,-2.12893841444739e-10,0.04660032317042351,-1.5397682018303271e-09,0.10737152397632599,0.00702687818557024,-4.070686565604831e-10,5.6867379728819945e-12,4.156647628406063e-05,3.4715431310234e-19,0.9569175243377686,9.001070999659078e-10,-0.01093008928000927,1.8035547014183528e-11,0,0,0,0,1,0,0,0,1,0,13
0.042008865624666214,-3.983873675394989e-09,0.009879683144390583,-1.2068625265815314e-10,0.05416471138596535,2.9177326723583974e-06,0.11805233359336853,0.014280710369348526,2.9196276955190115e-05,3.387498566098657e-07,2.003337840505992e-06,2.867589614652388e-07,0.9460111856460571,1.112151148952023e-09,-0.010957437567412853,1.7870999124980358e-10,0,0,0,0,1,0,0,0,1,0,13
0.05237536504864693,7.688269931804825e-08,0.010675586760044098,8.094976351458172e-07,0.06805659830570221,3.095665670116432e-05,0.14387618005275726,0.01379991415888071,2.7823793061543256e-05,2.8575780675055285e-07,7.840221769583877e-06,3.5737687653636385e-07,0.9346734285354614,1.2136716076582843e-09,-0.011628516018390656,3.773100928916584e-11,0,0,0,0,1,0,0,0,1,0,13
0.06313706934452057,5.079635229776613e-06,0.011016691103577614,8.291486665257253e-06,0.0814104676246643,5.742551002185792e-05,0.12316343933343887,0.012638636864721775,2.4204791770898737e-05,-2.3648130564879466e-08,4.12239387515001e-05,4.4138579369246145e-07,0.9227253198623657,7.082377351252944e-08,-0.012204927392303944,2.87532373022259e-07,0,0,0,0,1,0,0,0,1,0,13
0.07457250356674194,1.738470200507436e-05,0.011754298582673073,1.5806916053406894e-05,0.09365619719028473,8.05978779681027e-05,0.11358217895030975,0.01188874151557684,2.226913784397766e-05,-3.127756542653515e-07,7.048865518299863e-05,-9.110760919566613e-14,0.9102458953857422,1.0692982641558046e-06,-0.012685270980000496,1.6667330555719673e-06,0,0,0,0,1,0,0,0,1,0,16
0.08668146282434464,3.561761695891619e-05,0.012389264069497585,1.9671044356073253e-05,0.10521385818719864,0.00010224744619335979,0.11358413845300674,0.011278974823653698,2.1127556465216912e-05,-2.9514919219764124e-07,6.671863957308233e-05,-4.5545564661322174e-14,0.8973493576049805,3.556137926352676e-06,-0.013054819777607918,3.047912514375639e-06,0,0,0,0,1,0,0,0,1,0,0
0.09936050325632095,5.816458724439144e-05,0.012895464897155762,2.5240902687073685e-05,0.11614811420440674,0.00012272928142920136,0.11179269850254059,0.01065406110137701,1.995698403334245e-05,-2.787943458315567e-07,6.302160181803629e-05,4.553792103600615e-14,0.8841332197189331,6.870946435810765e-06,-0.01333671435713768,3.5828625186695717e-06,0,0,0,0,1,0,0,0,1,0,13
0.11247087270021439,-0.00041434523882344365,0.013238980434834957,2.622903775773011e-05,0.1264699399471283,0.0001420639455318451,0.11068520694971085,0.01005322951823473,1.8831509805750102e-05,-2.630731330555136e-07,5.946783130639233e-05,0.0,0.8706738948822021,1.0785732229123823e-05,-0.0135505897924304,4.177722530585015e-06,0,0,0,0,1,0,0,0,1,0,0
0.1257098913192749,-0.0022550278808921576,0.013238980434834957,1.4307681340142153e-05,0.13684585690498352,0.00013201583351474255,0.1198345199227333,0.01587028056383133,-0.0002651129907462746,-2.4891824068618007e-07,6.191914962982992e-06,-4.6714416157556116e-07,0.8570301532745361,1.4544736586685758e-05,-0.013712574727833271,2.7568985387915745e-06,0,0,0,0,1,0,0,0,1,0,18
0.1389489471912384,-0.002247278578579426,0.013239067979156971,2.38311622524634e-06,0.15236306190490723,-0.00012679878273047507,0.1582464873790741,0.015420282259583473,-0.00025716962409205735,-6.146939313111943e-08,1.0350108823331539e-05,-7.976347546900797e-07,0.8432477116584778,1.584848178026732e-05,-0.013833887875080109,1.6140789682594914e-07,0,0,0,0,1,0,0,0,1,0,0
0.15232938528060913,-0.002216444816440344,0.013510970398783684,7.768388604745269e-05,0.16755136847496033,-0.00037988435360603034,0.11589517444372177,0.014445047825574875,-0.0002394281909801066,1.0324060895072762e-06,3.449143696343526e-05,-1.885315214167349e-06,0.8293613195419312,1.3385999409365468e-05,-0.013925047591328621,-8.570312274969183e-06,0,0,0,0,1,0,0,0,1,0,0
0.1659706085920334,-0.0020569039043039083,0.01373694185167551,0.00022587379498872906,0.18146999180316925,-0.0006099758320488036,0.11778106540441513,0.013579334132373333,-0.0002241299080196768,1.8982068468176294e-06,5.3479081543628126e-05,-1.7049742382369004e-06,0.8153970837593079,-8.029604941839352e-06,-0.013993066735565662,-3.195522731402889e-05,0,0,0,0,1,0,0,0,1,0,18
0.17980355024337769,-0.0017791722202673554,0.013905588537454605,0.0002775091852527112,0.19453935325145721,-0.0008253310224972665,0.11214391142129898,0.012757563032209873,-0.00021016578830312937,2.9361640372371767e-06,7.54694701754488e-05,3.6452316317346634e-13,0.801374614238739,-5.2923933253623545e-05,-0.014044256880879402,-5.549941852223128e-05,0,0,0,0,1,0,0,0,1,0,16
0.1937834471464157,-0.001537169562652707,0.014034789986908436,0.00021277468476910144,0.20690573751926422,-0.001029052073135972,0.11327104270458221,0.012051389552652836,-0.00019853243429679424,2.7734220111597097e-06,7.128642755560577e-05,1.0933346242247843e-12,0.7873092889785767,-0.00011007477587554604,-0.014081422239542007,-5.6436587328789756e-05,0,0,0,0,1,0,0,0,1,0,18
0.20786821842193604,-0.0013586104614660144,0.014121705666184425,0.00015105921193026006,0.21858693659305573,-0.0012214856687933207,0.11138109117746353,0.01137973740696907,-0.00018746769637800753,2.618829512357479e-06,6.731288885930553e-05,0.0,0.7732113003730774,-0.00016562129894737154,-0.014109470881521702,-5.4812342568766326e-05,0,0,0,0,1,0,0,0,1,0,16
0.22194457054138184,-0.0012456096010282636,0.014121751300990582,8.811261795926839e-05,0.22961072623729706,-0.0014030899619683623,0.11085901409387589,0.010735280811786652,-0.00017685111379250884,2.4705423129489645e-06,6.350137846311554e-05,3.643111474386368e-13,0.7590889930725098,-0.00022007829102221876,-0.014131209813058376,-5.5002841691020876e-05,0,0,0,0,1,0,0,0,1,0,0
0.23579278588294983,-0.0011934851063415408,0.013533059507608414,2.4125265554175712e-05,0.2449992597103119,-0.0014012655010446906,0.161333829164505,0.015794480219483376,2.1280480723362416e-05,8.988188255898422e-07,1.2283054275030736e-05,-9.630628028389765e-07,0.74494868516922,-0.0002761948562692851,-0.014147337526082993,-5.702545968233608e-05,0,0,0,0,1,0,0,0,1,0,16
0.24912723898887634,-1.075887030310696e-05,0.013312531635165215,4.269574674253818e-06,0.26067569851875305,-0.0013801322784274817,0.12239401042461395,0.015528500080108643,2.0805497115361504e-05,8.826118005345052e-07,1.3367784958973061e-05,-9.209607014781795e-07,0.7307949066162109,-0.0003341341216582805,-0.014158557169139385,-5.710611731046811e-05,0,0,0,0,1,0,0,0,1,0,0
0.26243966817855835,0.001015616930089891,0.013312522321939468,1.8982938172484864e-06,0.2760188579559326,-0.001238650525920093,0.16264553368091583,0.01583399437367916,0.0002647642104420811,4.0488470176569535e-07,-7.756288482596574e-07,1.802521580884786e-07,0.716630756855011,-0.00038172552012838423,-0.014168374240398407,-3.980178735218942e-05,0,0,0,0,1,0,0,0,1,0,13
0.275770902633667,0.0010143669787794352,0.01340525969862938,-1.1444127267168369e-05,0.29174110293388367,-0.0009757623192854226,0.16223996877670288,0.01563159003853798,0.00026137568056583405,4.0488470176569535e-07,-7.756288482596574e-07,1.802521580884786e-07,0.7024591565132141,-0.00041199830593541265,-0.014174685813486576,-2.2472946511697955e-05,0,0,0,0,1,0,0,0,1,0,6
0.28932297229766846,0.0009451803052797914,0.013660508207976818,-0.00012819989933632314,0.3068857192993164,-0.0007230129558593035,0.12772521376609802,0.014215427450835705,0.00023610646894667298,-8.709562280273531e-07,2.8506714443210512e-05,1.857621668932552e-06,0.6882818937301636,-0.0004213408101350069,-0.014178893528878689,3.849615040962817e-06,0,0,0,0,0,1,0,0,1,0,14
0.3030911684036255,0.0007425468065775931,0.013847561553120613,-0.000261670007603243,0.3208716809749603,-0.0004908863920718431,0.12039803713560104,0.013780022040009499,0.00022855729912407696,-1.1529965604495374e-06,3.49589427059982e-05,1.9427086499490542e-06,0.6741004586219788,-0.0004008924006484449,-0.014183100312948227,3.403159644221887e-05,0,0,0,0,0,0,0,0,1,0,7
0.3170202970504761,0.0004867857787758112,0.01399061270058155,-0.0002299827610841021,0.33399468660354614,-0.00027379347011446953,0.11646069586277008,0.01277538575232029,0.00021118175936862826,-2.9504783469747053e-06,7.557753997389227e-05,-3.6452525026264837e-13,0.6599159836769104,-0.0003521477628964931,-0.014185905456542969,5.476399383042008e-05,0,0,0,0,0,0,1,0,1,0,6
0.3303297162055969,0.001149247749708593,0.013769361190497875,-2.5326269224024145e-06,0.3463899493217468,-6.88952422933653e-05,0.11196405440568924,0.012087319977581501,0.00019980779325123876,-2.7911833058169577e-06,7.149755401769653e-05,3.644487055892709e-13,0.6457290053367615,-0.0002981213328894228,-0.01418730802834034,5.342271106201224e-05,0,0,0,0,0,1,0,0,1,0,12
0.3433166444301605,0.002051223535090685,0.013251865282654762,0.00016776283155195415,0.3592568635940552,0.0014105408918112516,0.14147073030471802,0.014295553788542747,0.003377904649823904,3.620145662353025e-06,1.611021980352234e-05,1.7479858797742054e-05,0.6315403580665588,-0.0002454374625813216,-0.014189411886036396,5.2079201850574464e-05,0,0,0,0,0,1,0,0,1,0,12
0.3559711277484894,0.003010573098435998,0.012411089614033699,0.0017083806451410055,0.37345609068870544,0.00476528936997056,0.14572736620903015,0.014120429754257202,0.0033360417000949383,3.620145662353025e-06,1.611021980352234e-05,1.7479858797742054e-05,0.6173566579818726,1.134163767346763e-06,-0.01417398452758789,0.00044114008778706193,0,0,0,0,0,1,0,0,1,0,7
0.3680143654346466,0.005369642749428749,0.011754386126995087,0.002543920651078224,0.38703668117523193,0.00795010570436716,0.12847751379013062,0.012907409109175205,0.002994309877976775,-1.9653696654131636e-05,4.709644053946249e-05,2.5936044039553963e-05,0.6032053232192993,0.0006797332316637039,-0.014127703383564949,0.0008726724190637469,0,0,0,0,0,0,1,0,1,0,7
0.37996354699134827,0.00794139876961708,0.012175826355814934,0.0025966805405914783,0.3996424674987793,0.010866357013583183,0.11383721232414246,0.012260674498975277,0.0028264787979424,-3.967566954088397e-05,7.27659571566619e-05,-1.1663105377313077e-11,0.589116096496582,0.0017826765542849898,-0.014055476523935795,0.001281569479033351,0,0,0,0,0,0,1,0,1,0,12
0.3923821747303009,0.010539175011217594,0.012602174654603004,0.0025922530330717564,0.41156110167503357,0.013614020310342312,0.1145234927535057,0.011627144180238247,0.0026804665103554726,-3.7444791814778e-05,6.877638224978e-05,-5.83040083226849e-12,0.5751116275787354,0.003276626579463482,-0.013959407806396484,0.0016673222417011857,0,0,0,0,0,0,1,0,1,0,10
0.4051673114299774,0.013131625019013882,0.01291036605834961,0.002614077180624008,0.4228416383266449,0.016214581206440926,0.11012725532054901,0.010995810851454735,0.002534920582547784,-3.541341357049532e-05,6.504531484097242e-05,0.0,0.5612170100212097,0.0051564304158091545,-0.013833186589181423,0.0020669158548116684,0,0,0,0,0,0,1,0,1,0,14
0.4181945323944092,0.015787381678819656,0.013112671673297882,0.002689053537324071,0.43349429965019226,0.01867039129137993,0.1092800721526146,0.010379002429544926,0.002392724622040987,-3.3426593290641904e-05,6.139602919574827e-05,5.828441895783243e-12,0.5475003719329834,0.00752375740557909,-0.013613700866699219,0.002611809875816107,0,0,0,0,0,0,0,0,1,0,11
0.4306572377681732,0.018854152411222458,0.012128779664635658,0.002367674605920911,0.44354724884033203,0.020987944677472115,0.1111873909831047,0.009792422875761986,0.002257497515529394,-3.1536779715679586e-05,5.792494266643189e-05,-5.827597519131311e-12,0.5340309143066406,0.010430805385112762,-0.01334407739341259,0.0031469969544559717,0,0,0,0,0,0,0,0,1,0,6
0.44165271520614624,0.02115136757493019,0.009950820356607437,0.001550733228214085,0.4682465195655823,0.02271423302590847,0.268260657787323,0.05974426865577698,0.0005441719549708068,-1.29178615679848e-05,5.2788400353165343e-05,0.0018783772829920053,0.5216181874275208,0.013634259812533855,-0.010993901640176773,0.0032011116854846478,0,0,0,0,0,1,0,0,1,0,3
0.45024895668029785,0.02241780236363411,0.008052587509155273,0.0012385930167511106,0.5265833139419556,0.02291920967400074,0.6338649988174438,0.05719814822077751,-6.755610957043245e-05,-1.29178615679848e-05,5.2788400353165343e-05,0.0018783772829920053,0.5117515325546265,0.017440931871533394,-0.009426299482584,0.0042223758064210415,0,0,1,0,0,0,0,0,1,0,8
0.45757734775543213,0.02347787469625473,0.006899062544107437,0.000570550502743572,0.5824159979820251,0.022531218826770782,0.7689192891120911,0.05472468212246895,-0.0006448547937907279,-1.29178615679848e-05,5.2788400353165343e-05,0.0018783772829920053,0.5027682185173035,0.022084709256887436,-0.008876183070242405,0.00487397750839591,0,0,0,0,0,0,0,1,1,0,6
0.4641425907611847,0.024029769003391266,0.006087038666009903,0.0005182537133805454,0.6358055472373962,0.02158559300005436,0.6893853545188904,0.05230392515659332,-0.0011862886603921652,-1.29178615679848e-05,5.2788400353165343e-05,0.0018783772829920053,0.4955733120441437,0.026216953992843628,-0.005275401286780834,0.003204713575541973,0,0,0,0,0,1,0,0,1,0,13
0.4704727530479431,0.024553386494517326,0.006981241051107645,0.00047292292583733797,0.6867973804473877,0.02011841908097267,0.41026198863983154,0.04992373660206795,-0.0016915993764996529,-1.29178615679848e-05,5.2788400353165343e-05,0.0018783772829920053,0.4922122061252594,0.02882113866508007,-0.004216955974698067,0.002780021633952856,0,0,0,0,0,1,0,0,1,0,3
0.4781493842601776,0.024869276210665703,0.008359899744391441,0.0001231480564456433,0.733035683631897,0.01835699938237667,0.19205515086650848,0.03972547873854637,-0.001505233347415924,-9.387240424985066e-06,7.131657184800133e-05,0.0017112375935539603,0.49023932218551636,0.030866120010614395,-0.002297435188665986,0.0017824500100687146,0,0,1,0,0,0,0,0,1,0,16
0.48607489466667175,0.02436954155564308,0.008464156650006771,-0.0006688425200991333,0.7721264958381653,0.01670435629785061,0.3357013463973999,0.03855854645371437,-0.001770719070918858,-9.387240424985066e-06,7.131657184800133e-05,0.0017112375935539603,0.4896920621395111,0.032646872103214264,-0.0015931911766529083,0.0014103061985224485,0,0,1,0,0,0,0,0,1,0,5
0.49493157863616943,0.023854047060012817,0.009708224795758724,-0.0005728732794523239,0.8100047707557678,0.014795379713177681,0.28873854875564575,0.03731018304824829,-0.002019680105149746,-9.387240424985066e-06,7.131657184800133e-05,0.0017112375935539603,0.48977014422416687,0.03338136523962021,-0.000560844549909234,0.000744983262848109,0,0,0,0,1,0,0,0,1,0,10
0.5049163699150085,0.02331954799592495,0.010697607882320881,-0.0005469077732414007,0.8462378978729248,0.012686962261795998,0.1269088238477707,0.032785359770059586,-0.0018770401366055012,-3.2544066925765947e-06,9.18846417334862e-05,0.001441350905224681,0.490850567817688,0.033768072724342346,0.0016169275622814894,0.0002931640774477273,0,0,0,0,1,0,0,0,1,0,13
0.5154787302017212,0.022815926000475883,0.010739483870565891,-0.0005050040199421346,0.8783893585205078,0.010753550566732883,0.19391696155071259,0.031776539981365204,-0.0019914398435503244,-2.7593844151851954e-06,9.352967026643455e-05,0.0014168110210448503,0.4949207603931427,0.033819396048784256,0.004390208516269922,-1.371711550746113e-05,0,0,0,0,1,0,0,0,1,0,14
0.5265450477600098,0.022311652079224586,0.011517542414367199,-0.0005154390819370747,0.9094821214675903,0.008718462660908699,0.1198488250374794,0.02939852885901928,-0.0019155663903802633,5.049138962931465e-06,0.00011450491729192436,0.0010605162242427468,0.5005403161048889,0.03367302939295769,0.005822688341140747,-0.0002138510753866285,0,0,0,0,0,0,0,0,1,0,18
0.5384003520011902,0.021791348233819008,0.012198966927826405,-0.0005311515415087342,0.9381247162818909,0.006808850914239883,0.11755119264125824,0.028130775317549706,-0.001913443673402071,7.732132871751674e-06,0.00012128662638133392,0.0009278751094825566,0.5073387622833252,0.03333621472120285,0.007205500267446041,-0.00038386532105505466,0,0,0,0,0,0,0,0,1,0,18
0.5509102940559387,0.021249447017908096,0.01274277176707983,-0.0005491898045875132,0.9647426605224609,0.005016781855374575,0.11376672983169556,0.02562665566802025,-0.0017225132323801517,2.4060876967268996e-05,0.00015157443704083562,-1.1735626359588025e-11,0.5152683258056641,0.032895542681217194,0.00849576573818922,-0.0004877028986811638,0,0,0,0,0,0,0,0,1,0,17
0.5638899803161621,0.020693708211183548,0.013156497851014137,-0.0005603692261502147,0.9892308712005615,0.0033707909751683474,0.10892687737941742,0.023586193099617958,-0.0015853623626753688,2.2147809431771748e-05,0.00013952289009466767,-1.17211752456714e-11,0.5243263840675354,0.03235430642962456,0.009294467978179455,-0.000566671893466264,0,0,0,0,0,0,0,0,1,1,18
0.5750466585159302,0.020218443125486374,0.009208216331899166,-0.00039236395969055593,1.011795997619629,0.001854059170000255,0.10918133705854416,0.021765701472759247,-0.0014629962388426065,2.0437784769455902e-05,0.00012875038373749703,0.0,0.5338963270187378,0.03176836669445038,0.009971506893634796,-0.0006125018699094653,0,0,0,0,0,0,0,0,1,0,18
