lt_dp_posx,lt_dp_posy,lt_dp_velx,lt_dp_vely,ball_posx,ball_posy,ball_posz,ball_vel_x,ball_vel_y,ball_rot_x,ball_rot_y,ball_rot_z,rt_gk_posx,rt_gk_posy,rt_gk_velx,rt_gk_vely,action_left,action_top_left,action_top,action_top_right,action_right,action_bottom_right,action_bottom,action_bottom_left,action_sprint,action_dribble,sel_action
-1.0110293626785278,-0.0,0.0,-0.0,0.019999999552965164,-0.0,0.11061639338731766,-0.0,0.0,0.0,-0.0,0.0,1.0110293626785278,0.0,-0.0,0.0,0,0,0,0,0,0,0,0,0,0,5
0.0,-0.0,0.0,-0.0,0.019999999552965164,-0.0,0.11059734225273132,-0.0,0.0,0.0,-0.0,0.0,1.0110293626785278,0.0,-0.0,0.0,0,0,0,0,1,0,0,0,0,0,5
4.241273563820869e-05,1.1441222969033049e-11,0.0006617647595703602,5.902629513637736e-12,0.019999999552965164,-0.0,0.10930104553699493,-0.0,0.0,0.0,-0.0,0.0,1.0110293626785278,0.0,-0.0,0.0,0,0,0,0,1,0,0,0,0,0,5
0.003006112528964877,1.519928627402578e-10,0.004283254500478506,2.455746196672326e-11,0.019999999552965164,-0.0,0.11075475811958313,-0.0,0.0,0.0,-0.0,0.0,1.0081888437271118,-1.9418572305696102e-10,-0.004046103451400995,-2.3631410717150914e-10,0,0,0,0,1,0,0,0,0,0,5
0.005976419895887375,-3.335942633242439e-09,0.005899912212044001,-4.0283978930411024e-10,0.019999999552965164,-0.0,0.11053141206502914,-0.0,0.0,0.0,-0.0,0.0,1.0032682418823242,-3.853151686605827e-10,-0.005623172502964735,-1.3369805262897216e-10,0,0,0,0,1,0,0,0,0,0,13
0.01208920031785965,-4.567149325396258e-09,0.007388565689325333,-2.3666513193632e-10,0.027043690904974937,-7.464242002264143e-10,0.12339748442173004,0.008541037328541279,-9.062132710901949e-10,3.165869476295935e-12,9.764514288690407e-06,-4.503728119609196e-12,0.9968275427818298,-1.6442613937073247e-10,-0.0070915501564741135,6.395377560863835e-10,0,0,0,0,1,0,0,0,1,0,16
0.020219657570123672,-4.706699918699542e-09,0.00871200766414404,-1.5976672762541e-10,0.03515337407588959,-1.6084203968702582e-09,0.11658526211977005,0.007856030017137527,-8.355862113340606e-10,1.167331856177789e-11,4.647200694307685e-05,1.3888268392970657e-18,0.9889967441558838,3.450545960070883e-10,-0.008409163914620876,3.7635478067343797e-10,0,0,0,0,1,0,0,0,1,0,5
0.02957405149936676,-4.8246446837652e-09,0.009851332753896713,-6.344568620475499e-11,0.04277469217777252,-2.4190416336722365e-09,0.10804859548807144,0.007430294528603554,-7.903038778955818e-10,1.1040613735746607e-11,4.3953197746304795e-05,-6.943580502462801e-19,0.9799808859825134,5.146977843928369e-10,-0.009335489943623543,-9.146112686653218e-12,0,0,0,0,1,0,0,0,1,0,5
0.03769775107502937,-7.0189694056921326e-09,0.009381312876939774,-1.677382677200967e-10,0.049968358129262924,-3.1841775882668344e-09,0.11133904755115509,0.007003610488027334,-7.449207917176182e-10,1.0406486436465023e-11,4.142869875067845e-05,-1.3886115655426487e-18,0.9704952239990234,1.3012939614753805e-09,-0.00983055867254734,6.664491181140875e-10,0,0,0,0,1,0,0,0,1,0,16
0.046701423823833466,-8.300626852530968e-09,0.01024884358048439,-1.0085627472067316e-10,0.060423411428928375,1.4213128451956436e-05,0.14029178023338318,0.013894477859139442,2.8018954253639095e-05,2.853884950582142e-07,8.174314643838443e-06,3.5968724887425196e-07,0.9601738452911377,1.7571660793080923e-09,-0.010699383914470673,2.716007141412291e-10,0,0,0,0,1,0,0,0,1,0,5
0.05729321017861366,1.2056464129273081e-06,0.010675586760044098,4.04682032240089e-06,0.07422768324613571,4.204155629849993e-05,0.1264386922121048,0.013696878217160702,2.7570509701035917e-05,2.7805009494841215e-07,8.972260729933623e-06,3.6781787571271707e-07,0.9492757320404053,2.3695278628110827e-07,-0.010805971920490265,6.679396733488829e-07,0,0,0,0,1,0,0,0,1,0,0
0.06827076524496078,9.047485946211964e-06,0.011330842971801758,1.0950497198791709e-05,0.08706510066986084,6.690617010463029e-05,0.12639231979846954,0.012363479472696781,2.3459364456357434e-05,-9.719367710658844e-08,4.9115191359305754e-05,3.7784417372677126e-07,0.9381436109542847,1.5187164308372303e-06,-0.011441286653280258,1.759900101205858e-06,0,0,0,0,1,0,0,0,1,0,13
0.07998651266098022,2.4302562451339327e-05,0.012014280073344707,1.793093906599097e-05,0.09903013706207275,8.939954568631947e-05,0.11751991510391235,0.011658850125968456,2.18382465391187e-05,-3.0508408599416725e-07,6.896725244587287e-05,4.5550423242307625e-14,0.9263702630996704,3.875961283483775e-06,-0.012035930529236794,2.6776604045153363e-06,0,0,0,0,1,0,0,0,1,0,18
0.09234046190977097,4.392753180582076e-05,0.01260839868336916,2.1595851649180986e-05,0.11034836620092392,0.00011059979442507029,0.11176735907793045,0.01103160809725523,2.0663363102357835e-05,-2.88655627400658e-07,6.525339267682284e-05,0.0,0.9140385389328003,6.781235697417287e-06,-0.012554140761494637,3.1337026484834496e-06,0,0,0,0,1,0,0,0,1,0,18
0.10520878434181213,6.88562067807652e-05,0.013062270358204842,2.775341272354126e-05,0.12104087322950363,0.00013062800280749798,0.11096873879432678,0.010417248122394085,1.9512603103066795e-05,-2.7258738555246964e-07,6.162100908113644e-05,0.0,0.9012559056282043,1.021807656798046e-05,-0.01295384205877781,3.6787171211472014e-06,0,0,0,0,1,0,0,0,1,0,0
0.11841432750225067,-0.0011668828083202243,0.013238980434834957,2.1448546249303035e-05,0.13113075494766235,0.00014952743367757648,0.10908352583646774,0.00982715841382742,1.840729601099156e-05,-2.571494519543194e-07,5.813113966723904e-05,4.552848847710553e-14,0.8881267309188843,1.4128358088782988e-05,-0.013260280713438988,4.1193479773937725e-06,0,0,0,0,1,0,0,0,1,0,18
0.13165336847305298,-0.0022505433298647404,0.013238980434834957,9.53246490098536e-06,0.14378005266189575,2.8020092941005714e-05,0.14720965921878815,0.01553349383175373,-0.00025917895254679024,-6.124694351683502e-08,1.03714810393285e-05,-7.978154599186382e-07,0.8747334480285645,1.8549373635323718e-05,-0.013492387719452381,4.659648766391911e-06,0,0,0,0,1,0,0,0,1,0,5
0.14491237699985504,-0.002244810340926051,0.01333785429596901,1.3207847587182187e-05,0.15920622646808624,-0.00022935336164664477,0.14560677111148834,0.015338599681854248,-0.00025590992299839854,-6.124694351683502e-08,1.03714810393285e-05,-7.978154599186382e-07,0.8611396551132202,2.164904071833007e-05,-0.013669097796082497,-3.0095450256339973e-06,0,0,0,0,1,0,0,0,1,0,13
0.1584068089723587,-0.0021707252599298954,0.013610019348561764,0.00013718871923629194,0.1738969385623932,-0.00047350279055535793,0.12911537289619446,0.013999149203300476,-0.00023158753174357116,1.458725705560937e-06,4.386553700896911e-05,-1.9176081877958495e-06,0.8473948240280151,3.9648425627092365e-06,-0.013800929300487041,-2.9422704756143503e-05,0,0,0,0,1,0,0,0,1,0,16
0.17213158309459686,-0.0019526202231645584,0.013809168711304665,0.0002823003742378205,0.18747469782829285,-0.0006976953009143472,0.11690200865268707,0.013137148693203926,-0.00021650073176715523,3.0241931199270766e-06,7.770342199364677e-05,-1.093700434037781e-12,0.8335366249084473,-3.9187052607303485e-05,-0.01390050444751978,-5.442499968921766e-05,0,0,0,0,1,0,0,0,1,0,13
0.18602795898914337,-0.0016748751513659954,0.013961861841380596,0.0002517244720365852,0.20025207102298737,-0.000908267218619585,0.11498134583234787,0.01246572844684124,-0.00020543579012155533,2.869898253266001e-06,7.37383306841366e-05,-3.644902034274228e-13,0.8195933699607849,-9.325359860667959e-05,-0.01397483516484499,-5.376120680011809e-05,0,0,0,0,1,0,0,0,1,0,16
0.2000558078289032,-0.0014587660552933812,0.01407651323825121,0.00018800952238962054,0.21233978867530823,-0.001107473042793572,0.10733341425657272,0.011778132058680058,-0.0001941042282851413,2.711704837565776e-06,6.967374793021008e-05,-3.644158813684989e-13,0.8055866360664368,-0.00014661236491519958,-0.014030232094228268,-5.3018990001874045e-05,0,0,0,0,1,0,0,0,1,0,5
0.21415798366069794,-0.0013055858435109258,0.014122053049504757,0.00012583087664097548,0.2237517386674881,-0.0012955424608662724,0.11101736128330231,0.011116599664092064,-0.00018320207891520113,2.5592573820176767e-06,6.57568234601058e-05,7.286965085159802e-13,0.7915323376655579,-0.0001995300262933597,-0.014072306454181671,-5.3176067012827843e-05,0,0,0,0,1,0,0,0,1,0,16
0.22823882102966309,-0.0012158802710473537,0.013973958790302277,6.225334072951227e-05,0.2361682653427124,-0.0014141842257231474,0.1366603821516037,0.01591673493385315,2.1644036678480916e-05,8.989547382043384e-07,1.2277506357349921e-05,-9.624525318940869e-07,0.7774426937103271,-0.00025312573416158557,-0.014103160239756107,-5.3934272727929056e-05,0,0,0,0,1,0,0,0,1,0,16
0.2418159395456314,-0.0010356814600527287,0.01331257726997137,5.692813829227816e-06,0.25197291374206543,-0.0013927083928138018,0.15771448612213135,0.0157131589949131,2.1359845050028525e-05,8.989547382043384e-07,1.2277506357349921e-05,-9.624525318940869e-07,0.7633266448974609,-0.0003070893289986998,-0.014125599525868893,-5.2168325055390596e-05,0,0,0,0,1,0,0,0,1,0,0
0.2551282048225403,0.0007008041720837355,0.013312598690390587,3.3214616905752337e-06,0.26731935143470764,-0.0013726969482377172,0.12169528752565384,0.014493726193904877,1.609471109986771e-05,4.6273788711914676e-07,4.0967697714222595e-05,-1.26034052527757e-07,0.7491911053657532,-0.0003527771041262895,-0.014143130742013454,-4.037840335513465e-05,0,0,0,0,1,0,0,0,1,0,13
0.2684406638145447,0.0010163704864680767,0.013312522321939468,9.482557175033435e-07,0.2830081880092621,-0.0011328340042382479,0.17423634231090546,0.015752354636788368,0.0002633901603985578,4.045696471166593e-07,-7.784909143992991e-07,1.8109751920292183e-07,0.7350407838821411,-0.00038665300235152245,-0.014155752956867218,-2.8550606657518074e-05,0,0,0,0,1,0,0,0,1,0,6
0.2818373143672943,0.0010015333537012339,0.013516930863261223,-4.7964447730919346e-05,0.29864999651908875,-0.0008712877170182765,0.13477066159248352,0.015551920980215073,0.00026005672407336533,4.045696471166593e-07,-7.784909143992991e-07,1.8109751920292183e-07,0.7208794951438904,-0.0004016981110908091,-0.01416557002812624,-1.1666040791169507e-06,0,0,0,0,0,1,0,0,1,0,6
0.2954840064048767,0.0008802689844742417,0.013742377050220966,-0.00018325219571124762,0.31318947672843933,-0.0006293377373367548,0.13702869415283203,0.014029022306203842,0.00023286655778065324,-9.92648210740299e-07,3.1287687306758016e-05,1.9089857232756913e-06,0.7067099809646606,-0.00038565261638723314,-0.014171880669891834,3.013296372955665e-05,0,0,0,0,0,1,0,0,1,0,16
0.30932164192199707,0.0006344734574668109,0.01390891894698143,-0.0002656755968928337,0.32691213488578796,-0.00040180838550440967,0.1179390624165535,0.013180705718696117,0.00021800785907544196,-2.380953901592875e-06,6.290128658292815e-05,1.1727767059710459e-06,0.692534327507019,-0.0003414824022911489,-0.014178192242980003,4.8699705075705424e-05,0,0,0,0,0,1,0,0,1,0,6
0.3231600522994995,0.0005906957667320967,0.01397055946290493,-0.00021634867880493402,0.3397103548049927,-0.00019023061031475663,0.11499188840389252,0.012490235269069672,0.00020647035853471607,-2.8842791834904347e-06,7.388147059828043e-05,7.289858820758166e-13,0.678354024887085,-0.0002930935297627002,-0.014182399027049541,4.813378109247424e-05,0,0,0,0,0,1,0,0,1,0,6
0.33615946769714355,0.0016544031677767634,0.013610436581075191,0.00015643666847608984,0.3518329858779907,1.0163327715417836e-05,0.1094159260392189,0.011815926060080528,0.00019532369333319366,-2.728718072830816e-06,6.989671965129673e-05,0.0,0.6641704440116882,-0.00024527270579710603,-0.014185204170644283,4.75642918900121e-05,0,0,0,0,0,1,0,0,1,0,12
0.3491796851158142,0.0022211724426597357,0.012725591659545898,0.0006778120878152549,0.3656335771083832,0.002757722046226263,0.15521031618118286,0.014225621707737446,0.0033609725069254637,3.6201518014422618e-06,1.611002517165616e-05,1.7479878806625493e-05,0.6499841809272766,-0.00018468430789653212,-0.014186606742441654,7.124517287593335e-05,0,0,0,0,0,1,0,0,1,0,6
0.36156773567199707,0.003835879033431411,0.01214847806841135,0.0023421416990458965,0.379752516746521,0.0060930014587938786,0.11946135014295578,0.013959389179944992,0.00329392496496439,2.3928607788548106e-06,1.7755037333699875e-05,1.8869559426093474e-05,0.6357963681221008,-0.00010041328641818836,-0.01418871060013771,9.492884419159964e-05,0,0,0,0,0,1,0,0,1,0,0
0.37340766191482544,0.0063899364322423935,0.011874647811055183,0.00256455410271883,0.39282500743865967,0.009134948253631592,0.13028568029403687,0.012716412544250488,0.0029448424465954304,-2.274045800731983e-05,5.115166277391836e-05,2.3988815883058123e-05,0.6216126084327698,0.00013250584015622735,-0.014171880669891834,0.00047559154336340725,0,0,0,0,0,1,0,0,1,0,5
0.3855559825897217,0.008981609717011452,0.012358146719634533,0.0026003525126725435,0.40515992045402527,0.01198276411741972,0.11858455836772919,0.012015930376946926,0.002770102582871914,-3.8698814023518935e-05,7.107954297680408e-05,-5.831057858785016e-12,0.6074799299240112,0.0009475681581534445,-0.01409123931080103,0.0010922907385975122,0,0,0,0,1,0,0,0,1,0,12
0.39813539385795593,0.01157402154058218,0.012745576910674572,0.00258257077075541,0.4168262481689453,0.014672273769974709,0.11102482676506042,0.011379598639905453,0.002623404609039426,-3.664992982521653e-05,6.731628673151135e-05,-5.82999534065598e-12,0.5934605002403259,0.002370860194787383,-0.013959407806396484,0.00166396948043257,0,0,0,0,1,0,0,0,1,0,12
0.4110301733016968,0.014185121282935143,0.01299942284822464,0.0026445782277733088,0.42785194516181946,0.017214100807905197,0.11248774826526642,0.010743930004537106,0.002476859139278531,-3.460148582234979e-05,6.355384539347142e-05,-1.1657982738888517e-11,0.5795692801475525,0.0042585949413478374,-0.013831082731485367,0.002070252550765872,0,0,0,0,1,0,0,0,1,0,14
0.42398276925086975,0.017030149698257446,0.012941752560436726,0.002654035110026598,0.43826180696487427,0.019613925367593765,0.10797764360904694,0.010139056481420994,0.002337414538487792,-3.265391933382489e-05,5.997667176416144e-05,5.8280906142793576e-12,0.5658220052719116,0.006550386548042297,-0.01367435697466135,0.002472366439178586,0,0,0,0,0,0,0,0,1,0,6
0.435930460691452,0.019895631819963455,0.011681126430630684,0.002037107478827238,0.4480838477611542,0.021878257393836975,0.1113424226641655,0.009567704983055592,0.002205698052421212,-3.081314207520336e-05,5.6595636124257e-05,5.82728743730998e-12,0.5522955656051636,0.009340069256722927,-0.013376684859395027,0.0030872710049152374,0,0,0,0,0,1,0,0,1,0,0
0.44594287872314453,0.021669404581189156,0.008467365987598896,0.001153321354649961,0.4926014542579651,0.024204183369874954,0.4347258508205414,0.05876287817955017,0.002264546463266015,-6.4666164689697325e-06,4.816810542251915e-05,0.0009264211403205991,0.5391323566436768,0.012787857092916965,-0.01297733373939991,0.0037398063577711582,0,0,0,0,0,1,0,0,1,0,15
0.45391565561294556,0.02289259433746338,0.0073944819159805775,0.0011787174735218287,0.5499712228775024,0.02625023014843464,0.7030052542686462,0.05624597519636154,0.0018712716409936547,-6.4666164689697325e-06,4.816810542251915e-05,0.0009264211403205991,0.5266157984733582,0.01672031357884407,-0.01165656466037035,0.0037362559232860804,0,0,0,0,0,1,0,0,0,0,6
0.4610130786895752,0.02370641753077507,0.0068994127213954926,0.0005705647636204958,0.6048779487609863,0.027917522937059402,0.7568244338035583,0.053823474794626236,0.001504275482147932,-6.4666164689697325e-06,4.816810542251915e-05,0.0009264211403205991,0.5169211626052856,0.019706448540091515,-0.0077857691794633865,0.0022636931389570236,0,0,0,0,0,1,0,0,0,0,6
0.46729910373687744,0.024226274341344833,0.006132967304438353,0.0005071813357062638,0.657404363155365,0.029231805354356766,0.610638439655304,0.05147514119744301,0.001162537606433034,-6.4666164689697325e-06,4.816810542251915e-05,0.0009264211403205991,0.5120588541030884,0.021050630137324333,-0.0023133615031838417,0.0006101918406784534,0,0,0,0,0,1,0,0,0,0,7
0.4742956757545471,0.024727165699005127,0.00768023356795311,0.0004640891856979579,0.7076167464256287,0.03021765872836113,0.2779264748096466,0.049187250435352325,0.0008447813452221453,-6.4666164689697325e-06,4.816810542251915e-05,0.0009264211403205991,0.5130428671836853,0.021306760609149933,0.0030359800439327955,0.000354661897290498,0,0,0,0,0,0,1,0,0,0,3
0.482742577791214,0.025090079754590988,0.009043076075613499,0.0002535621460992843,0.7508819699287415,0.03088771365582943,0.25329864025115967,0.03941504284739494,0.0005595609545707703,-6.622911314480007e-06,6.69373621349223e-05,0.0008537853136658669,0.5169191360473633,0.02178850583732128,0.004571676254272461,0.0005415324121713638,0,0,1,0,0,0,0,0,0,0,14
0.4919656217098236,0.025260750204324722,0.009402235969901085,0.00015098221774678677,0.7896644473075867,0.03135218098759651,0.3384576439857483,0.03825479745864868,0.00038805181975476444,-6.622911314480007e-06,6.69373621349223e-05,0.0008537853136658669,0.5228915810585022,0.022102031856775284,0.006562983151525259,0.00030274191522039473,0,0,0,0,0,0,0,0,0,0,7
0.5019036531448364,0.025417406111955643,0.010426364839076996,0.00015427597099915147,0.827250599861145,0.0316501222550869,0.2411821484565735,0.03703024610877037,0.00022551573056261986,-6.622911314480007e-06,6.69373621349223e-05,0.0008537853136658669,0.5304374098777771,0.02240592986345291,0.007963786832988262,0.0003230339498259127,0,0,0,0,0,0,1,0,0,0,1
0.512762188911438,0.025573529303073883,0.011241385713219643,0.00015673779125791043,0.8622710108757019,0.0318106971681118,0.1644516885280609,0.032564569264650345,0.00013076332106720656,-5.765886726294411e-06,8.908048766897991e-05,0.0007193024503067136,0.5392627716064453,0.02271374501287937,0.009165213443338871,0.00031755794771015644,1,0,0,0,0,0,0,0,0,0,6
0.524394690990448,0.025736814364790916,0.011998593807220459,0.0001626166922505945,0.8943874835968018,0.03188956528902054,0.17426040768623352,0.031733907759189606,3.693954204209149e-05,-5.765886726294411e-06,8.908048766897991e-05,0.0007193024503067136,0.549068033695221,0.02300524152815342,0.009991195052862167,0.0003068563237320632,0,0,0,0,0,1,0,0,0,0,12
0.5366925597190857,0.02590334787964821,0.012589512392878532,0.00016379228327423334,0.9248172640800476,0.031894803047180176,0.13835233449935913,0.02887040749192238,-2.5334650217700982e-06,-3.8301436688925605e-06,0.00011702691699611023,0.0004918666672892869,0.5597020983695984,0.023301297798752785,0.010843169875442982,0.0003091716789640486,0,0,0,0,0,1,0,0,0,0,6
0.5494949817657471,0.026072869077324867,0.013022242113947868,0.00016843269986566156,0.9530656337738037,0.03187035024166107,0.1186634749174118,0.027174055576324463,-2.864016823878046e-05,-1.2838836482842453e-06,0.00014390685828402638,0.00020414264872670174,0.5711745619773865,0.02359289675951004,0.011713720858097076,0.00030254211742430925,0,0,0,0,0,1,0,0,0,0,5
0.5626969933509827,0.026243532076478004,0.013371924869716167,0.00016796137788333,0.9790782332420349,0.03184201195836067,0.10630122572183609,0.02505418285727501,-2.7272060833638534e-05,3.810291957506706e-07,0.00014821966760791838,0.0,0.5833361148834229,0.0238797664642334,0.012306862510740757,0.0002946174063254148,0,0,0,0,1,0,0,0,0,0,1
0.5761969685554504,0.026414191350340843,0.013620823621749878,0.00017038732767105103,1.0030256509780884,0.031815946102142334,0.1100306436419487,0.023075345903635025,-2.5118046323768795e-05,3.5087731475869077e-07,0.00013649064931087196,0.0,0.5960090756416321,0.024154186248779297,0.012840460054576397,0.00027431666967459023,1,0,0,0,0,0,0,0,0,0,18
