lt_dp_posx,lt_dp_posy,lt_dp_velx,lt_dp_vely,ball_posx,ball_posy,ball_posz,ball_vel_x,ball_vel_y,ball_rot_x,ball_rot_y,ball_rot_z,rt_gk_posx,rt_gk_posy,rt_gk_velx,rt_gk_vely,action_left,action_top_left,action_top,action_top_right,action_right,action_bottom_right,action_bottom,action_bottom_left,action_sprint,action_dribble,sel_action
-1.0110293626785278,-0.0,0.0,-0.0,0.019999999552965164,-0.0,0.11061639338731766,-0.0,0.0,0.0,-0.0,0.0,1.0110293626785278,0.0,-0.0,0.0,0,0,0,0,0,0,0,0,0,0,5
4.2432238842593506e-05,1.1435171386187104e-11,0.0006617647595703602,5.902638187255116e-12,0.019999999552965164,-0.0,0.11059734225273132,-0.0,0.0,0.0,-0.0,0.0,1.010373830795288,-5.178543011075121e-11,-0.0026071772444993258,-1.9923605820704182e-10,0,0,0,0,1,0,0,0,0,0,5
0.003006343962624669,1.519210868217158e-10,0.004283255431801081,2.4557503600086683e-11,0.019999999552965164,-0.0,0.10930104553699493,-0.0,0.0,0.0,-0.0,0.0,1.0064098834991455,-2.8306179622461514e-10,-0.0046870289370417595,-2.1158365337559104e-10,0,0,0,0,1,0,0,0,0,0,5
0.005976468790322542,-3.3696587742326756e-09,0.005899906158447266,-4.061201375193946e-10,0.019999999552965164,-0.0,0.11075475811958313,-0.0,0.0,0.0,-0.0,0.0,1.0008678436279297,-4.217382554294602e-10,-0.006225530058145523,-5.989382600990467e-11,0,0,0,0,1,0,0,0,0,0,13
0.01208920031785965,-4.593852853673752e-09,0.0073885549791157246,-2.0980049642016496e-10,0.027032172307372093,-7.443552441088741e-10,0.12263628840446472,0.008516501635313034,-9.026289715663438e-10,3.3428318706868465e-12,1.0543466487433761e-05,-4.577760913393458e-12,0.9938530325889587,7.63862306740748e-11,-0.007639211602509022,5.651802359452063e-10,0,0,0,0,1,0,0,0,1,0,18
0.020219670608639717,-4.707123135716529e-09,0.00871203001588583,-1.5276328813040863e-10,0.035118091851472855,-1.6028715021931816e-09,0.11659227311611176,0.007836710661649704,-8.325730105340767e-10,1.1631228098718527e-11,4.635773439076729e-05,-2.7776433388364744e-18,0.9855127334594727,4.802016007054988e-10,-0.008886702358722687,2.540190280342358e-10,0,0,0,0,1,0,0,0,1,0,0
0.029574085026979446,-4.8208845804254e-09,0.00985137652605772,-5.97535840252128e-11,0.04272056370973587,-2.4105579754518658e-09,0.10804443806409836,0.007411785889416933,-7.874290108844662e-10,1.1000459224086434e-11,4.38437273260206e-05,2.08306722310121e-18,0.9762466549873352,6.46387887659472e-10,-0.009335489943623543,2.0813377410444645e-10,0,0,0,0,1,0,0,0,1,0,13
0.03764845058321953,-7.215888331302267e-09,0.009381383657455444,-1.6773514521783994e-10,0.04989614710211754,-3.1728932814445443e-09,0.11133810132741928,0.006985857151448727,-7.421782077798866e-10,1.0368182874753717e-11,4.1323717596242204e-05,1.3886073262420094e-18,0.9664705991744995,8.00707999903949e-10,-0.010197303257882595,1.0330067357067207e-10,0,0,0,0,1,0,0,0,1,0,5
0.04662322998046875,-8.615012703216962e-09,0.010248931124806404,-1.0084947460464733e-10,0.06034240871667862,1.421307388227433e-05,0.14029298722743988,0.013894399628043175,2.801882328640204e-05,2.854333160939859e-07,8.133003575494513e-06,3.5940200859840843e-07,0.9558171629905701,8.285472308244834e-10,-0.011003718711435795,-3.351365018833263e-11,0,0,0,0,1,0,0,0,1,0,13
0.05721496790647507,1.2053963018843206e-06,0.01067549828439951,4.047034508403158e-06,0.07414660602807999,4.204139986541122e-05,0.12644606828689575,0.013696864247322083,2.757061338343192e-05,2.781109174065932e-07,8.929601790441666e-06,3.6752527421413106e-07,0.9449081420898438,2.922813848726946e-07,-0.011030365712940693,5.341614723874955e-07,0,0,0,0,1,0,0,0,1,0,13
0.06819243729114532,9.047557796293404e-06,0.011330799199640751,1.0950956493616104e-05,0.08698377758264542,6.690605368930846e-05,0.12638936936855316,0.012362970039248466,2.345892607991118e-05,-9.692339375533265e-08,4.907097900286317e-05,3.781183011142275e-07,0.9335045218467712,1.1236486443522153e-06,-0.011688821017742157,1.0755962875919067e-06,0,0,0,0,1,0,0,0,1,0,13
0.07990812510251999,2.430333915981464e-05,0.012014280073344707,1.793173396436032e-05,0.09894806146621704,8.939824328990653e-05,0.11752033978700638,0.01165801752358675,2.18367586057866e-05,-3.050634518331208e-07,6.896236300235614e-05,4.555041307791226e-14,0.9214994311332703,2.442670847813133e-06,-0.012258922681212425,1.5701273241575109e-06,0,0,0,0,1,0,0,0,1,0,18
0.09226207435131073,4.392895789351314e-05,0.01260839868336916,2.1596519218292087e-05,0.11026550084352493,0.00011059705138904974,0.11176738888025284,0.011030832305550575,2.0661962480517104e-05,-2.88636215373117e-07,6.524883792735636e-05,0.0,0.908973217010498,4.5748124648525845e-06,-0.01272664312273264,2.6357627120887628e-06,0,0,0,0,1,0,0,0,1,0,13
0.1051303893327713,6.885867333039641e-05,0.013062182813882828,2.7754806069424376e-05,0.12095726281404495,0.0001306239137193188,0.11096876114606857,0.010416521690785885,1.9511289792717434e-05,-2.7256916723672475e-07,6.161673809401691e-05,-4.553513599167558e-14,0.896040678024292,7.796525096637197e-06,-0.01308637484908104,3.5785039926850004e-06,0,0,0,0,1,0,0,0,1,0,0
0.11833593994379044,-0.0011668783845379949,0.013238980434834957,2.1447833205456845e-05,0.13104644417762756,0.00014952203491702676,0.10908352583646774,0.009826471097767353,1.8406057279207744e-05,-2.5713231366353284e-07,5.8127105148741975e-05,2.276423915635508e-14,0.8827971816062927,1.1665038073260803e-05,-0.013360556215047836,4.1399712245038245e-06,0,0,0,0,1,0,0,0,1,0,18
0.13157497346401215,-0.0022505377419292927,0.013239067979156971,9.53246490098536e-06,0.1436956524848938,2.801639675453771e-05,0.1472119688987732,0.015533958561718464,-0.00025917438324540854,-6.126785478954844e-08,1.0369019946665503e-05,-7.978029543664888e-07,0.8693169951438904,1.6129448340507224e-05,-0.013568822294473648,4.72247938887449e-06,0,0,0,0,1,0,0,0,1,0,0
0.1448339819908142,-0.00224480452015996,0.01333785429596901,1.3209630196797661e-05,0.15912233293056488,-0.00022935237211640924,0.14561380445957184,0.015339046716690063,-0.00025590520817786455,-6.126785478954844e-08,1.0369019946665503e-05,-7.978029543664888e-07,0.8556575179100037,1.3465244592225645e-05,-0.013726599514484406,-1.3497758118319325e-05,0,0,0,0,1,0,0,0,1,0,18
0.15832842886447906,-0.0021707138512283564,0.013610194437205791,0.00013720119022764266,0.1738136112689972,-0.0004734999092761427,0.12911385297775269,0.013999685645103455,-0.0002315860620001331,1.4584146583729307e-06,4.385926513350569e-05,-1.9177246031176765e-06,0.8418633937835693,-1.409763081028359e-05,-0.013844406232237816,-3.8658548874082044e-05,0,0,0,0,1,0,0,0,1,0,5
0.17205318808555603,-0.0019525925163179636,0.013808993622660637,0.00028232173644937575,0.18739183247089386,-0.0006976893055252731,0.11690234392881393,0.01313749235123396,-0.00021649664267897606,3.024134912266163e-06,7.770542288199067e-05,-1.4582673176638528e-12,0.827968180179596,-6.385774759110063e-05,-0.013932760804891586,-5.359588612918742e-05,0,0,0,0,1,0,0,0,1,0,5
0.18594971299171448,-0.0016748306807130575,0.013962037861347198,0.0002517369284760207,0.20016956329345703,-0.0009082574397325516,0.11498109251260757,0.01246606558561325,-0.00020543205027934164,2.869844820452272e-06,7.374030246865004e-05,-3.644902576375314e-13,0.8139973282814026,-0.00011769849515985698,-0.013998677022755146,-5.403030081652105e-05,0,0,0,0,1,0,0,0,1,0,5
0.19997766613960266,-0.0014587113400921226,0.014076688326895237,0.0001880184281617403,0.21225759387016296,-0.0011074594222009182,0.1073337122797966,0.011778449639678001,-0.0001941005903063342,2.7116527689940995e-06,6.967558874748647e-05,-1.0932477796307682e-12,0.7999699115753174,-0.0001719374122330919,-0.014048464596271515,-5.440149107016623e-05,0,0,0,0,1,0,0,0,1,0,18
0.2140786051750183,-0.0013056289171800017,0.014122058637440205,0.00012583612988237292,0.2236698716878891,-0.0012955253478139639,0.11101735383272171,0.011116893962025642,-0.00018319861555937678,2.559207359809079e-06,6.575852603418753e-05,-3.6434830846809874e-13,0.7859002947807312,-0.00022614799672737718,-0.01408492773771286,-5.404901457950473e-05,0,0,0,0,1,0,0,0,1,0,5
0.22815720736980438,-0.0012160988990217447,0.013973958790302277,6.225512333912775e-05,0.2360866218805313,-0.0014141725841909647,0.1366603672504425,0.015916742384433746,2.1618649043375626e-05,8.989376283352613e-07,1.2278230315132532e-05,-9.625376833355404e-07,0.7717990279197693,-0.0002799854555632919,-0.014112977311015129,-5.36593324795831e-05,0,0,0,0,1,0,0,0,1,0,18
0.2417343109846115,-0.0010358867002651095,0.013312558643519878,5.693526873074006e-06,0.2518913447856903,-0.0013927222462370992,0.15771439671516418,0.015713166445493698,2.1334779376047663e-05,8.989376283352613e-07,1.2278230315132532e-05,-9.625376833355404e-07,0.7576742172241211,-0.0003310304891783744,-0.014133312739431858,-4.642242129193619e-05,0,0,0,0,1,0,0,0,1,0,5
0.2550466060638428,0.000700741249602288,0.013312578201293945,3.3214616905752337e-06,0.26723775267601013,-0.0013727350160479546,0.12169530242681503,0.014493736438453197,1.6071839127107523e-05,4.6283287247206317e-07,4.0969436668092385e-05,-1.262103381804991e-07,0.7435317039489746,-0.0003709549200721085,-0.014148740097880363,-3.460219886619598e-05,0,0,0,0,1,0,0,0,1,0,16
0.26835906505584717,0.0010163334663957357,0.013312522321939468,9.482557175033435e-07,0.2829265892505646,-0.0011328742839396,0.17423631250858307,0.015752354636788368,0.00026339030591771007,4.0460912487105816e-07,-7.777784389872977e-07,1.8099038356922392e-07,0.7293760776519775,-0.00039907178143039346,-0.014160661026835442,-2.295999729540199e-05,0,0,0,0,1,0,0,0,1,0,7
0.2817557156085968,0.001001496217213571,0.013516930863261223,-4.7965339035727084e-05,0.29856836795806885,-0.0008713279385119677,0.134770467877388,0.015551915392279625,0.0002600568695925176,4.0460912487105816e-07,-7.777784389872977e-07,1.8099038356922392e-07,0.7152106761932373,-0.0004160910320933908,-0.014169075526297092,-1.2156210686953273e-05,0,0,0,0,0,0,1,0,1,0,18
0.2954024076461792,0.0008802315569482744,0.013742377050220966,-0.00018325219571124762,0.31310784816741943,-0.0006293781334534287,0.1370287537574768,0.014029025100171566,0.00023286649957299232,-9.92663331089716e-07,3.128904791083187e-05,1.908942067530006e-06,0.7010380029678345,-0.00042229847167618573,-0.014175387099385262,-1.3386090813582996e-06,0,0,0,0,0,0,1,0,1,0,0
0.30924004316329956,0.0006344352150335908,0.01390891894698143,-0.0002656764700077474,0.32683050632476807,-0.00040184875251725316,0.11793907731771469,0.013180725276470184,0.00021800796093884856,-2.38095913118741e-06,6.290179589996114e-05,1.1727454420906724e-06,0.6868597269058228,-0.00041407233220525086,-0.014180295169353485,1.7512429622001946e-05,0,0,0,0,0,0,1,0,1,0,6
0.323078453540802,0.0005906602018512785,0.013970520347356796,-0.00021635017765220255,0.3396287262439728,-0.00019027097732760012,0.11499188840389252,0.012490256689488888,0.00020647040219046175,-2.8842800929851364e-06,7.388158701360226e-05,7.289858820758166e-13,0.6726775169372559,-0.00038508427678607404,-0.014183100312948227,3.837851181742735e-05,0,0,0,0,0,1,0,0,1,0,7
0.3360779285430908,0.0016543879173696041,0.01361004263162613,0.00015643560618627816,0.3517513871192932,1.0123056199518032e-05,0.1094159334897995,0.011815952137112617,0.00019532379519660026,-2.728719209699193e-06,6.989687244640663e-05,0.0,0.6584925651550293,-0.00033611024264246225,-0.014185905456542969,5.571514702751301e-05,0,0,0,0,0,0,1,0,1,0,12
0.34909817576408386,0.0022211617324501276,0.012725591659545898,0.0006778138922527432,0.36555197834968567,0.0027576819993555546,0.15521033108234406,0.014225628226995468,0.0033609725069254637,3.6201583952788496e-06,1.6110072465380654e-05,1.7479898815508932e-05,0.6443054676055908,-0.0002737768227234483,-0.014188009314239025,6.774859502911568e-05,0,0,0,0,0,0,1,0,1,0,12
0.36148619651794434,0.0038358664605766535,0.012148127891123295,0.0023421382065862417,0.3796709179878235,0.00609296141192317,0.11946146190166473,0.013959401287138462,0.0032939258962869644,2.3928982955112588e-06,1.7755039152689278e-05,1.8869544874178246e-05,0.6301169991493225,-0.00019940953643526882,-0.01418871060013771,7.978270878084004e-05,0,0,0,0,0,0,1,0,1,0,1
0.3733261525630951,0.006389925722032785,0.011874647811055183,0.0025645610876381397,0.39274340867996216,0.009134906344115734,0.13028563559055328,0.012716414406895638,0.002944840583950281,-2.2740408894605935e-05,5.1151644584024325e-05,2.3988857719814405e-05,0.6159418225288391,0.00018857192480936646,-0.014156453311443329,0.000639956328086555,1,0,0,0,0,0,0,0,1,0,12
0.38547444343566895,0.00898160133510828,0.012358146719634533,0.002600359497591853,0.40507832169532776,0.011982722207903862,0.11858461052179337,0.01201594341546297,0.0027701035141944885,-3.869883585139178e-05,7.10796084604226e-05,-1.1662115717570032e-11,0.6018280386924744,0.0011356358882039785,-0.014071605168282986,0.0011978332186117768,1,0,0,0,0,0,0,0,1,0,6
0.3980538845062256,0.01157401129603386,0.012745576910674572,0.0025825637858361006,0.4167446792125702,0.01467223186045885,0.11102479696273804,0.011379615403711796,0.0026234076358377934,-3.66499662050046e-05,6.731638859491795e-05,-5.82999534065598e-12,0.5878205299377441,0.002611469477415085,-0.013956252485513687,0.001674683764576912,0,0,0,0,0,1,0,0,1,0,6
0.41094836592674255,0.0141851045191288,0.01299942284822464,0.002644564025104046,0.4277704358100891,0.017214061692357063,0.11248774081468582,0.010743947699666023,0.0024768623989075422,-3.460153311607428e-05,6.355395453283563e-05,-1.1657982738888517e-11,0.5739358067512512,0.004518413450568914,-0.0138216158375144,0.0020963652059435844,0,0,0,0,0,1,0,0,1,0,14
0.42390066385269165,0.01703007146716118,0.01294135395437479,0.002654012758284807,0.4381802976131439,0.01961388811469078,0.10797764360904694,0.010139071382582188,0.002337417099624872,-3.2653948437655345e-05,5.9976755437674e-05,5.8280906142793576e-12,0.5602055788040161,0.006851773709058762,-0.013635438866913319,0.0025612316094338894,0,0,0,0,0,0,0,0,1,0,10
0.43584805727005005,0.019895389676094055,0.011680723167955875,0.002037148689851165,0.4480023682117462,0.02187822200357914,0.1113424226641655,0.00956772081553936,0.0022057006135582924,-3.0813185730949044e-05,5.6595727073727176e-05,2.91364371865499e-12,0.5467431545257568,0.009769012220203876,-0.013309717178344727,0.00320618087425828,0,0,0,0,0,0,0,0,1,0,14
0.44586050510406494,0.02166915126144886,0.008467365987598896,0.0011533356737345457,0.4928291141986847,0.02306949906051159,0.4500434398651123,0.059185367077589035,0.0006340444087982178,-4.105504103790736e-06,4.501601870288141e-05,0.0012336036888882518,0.5336461067199707,0.01332195196300745,-0.012912118807435036,0.0038337907753884792,0,0,0,0,0,0,0,0,1,0,0
0.45383331179618835,0.022892365232110023,0.00739483255892992,0.0011787317926064134,0.5505920052528381,0.02346867136657238,0.7452470064163208,0.05661788955330849,0.00021165597718209028,-4.105504103790736e-06,4.501601870288141e-05,0.0012336036888882518,0.5218848586082458,0.01701534539461136,-0.010266724973917007,0.003375291358679533,0,0,0,0,0,0,0,0,1,0,7
0.4609307050704956,0.023706208914518356,0.0068994127213954926,0.0005705790244974196,0.6058506369590759,0.023462513461709023,0.8314850330352783,0.05416126921772957,-0.00017973827198147774,-4.105504103790736e-06,4.501601870288141e-05,0.0012336036888882518,0.5142590403556824,0.01986757479608059,-0.005219964310526848,0.002382531762123108,0,0,0,0,0,0,1,0,1,0,16
0.46721673011779785,0.02422608621418476,0.00613261666148901,0.0005072098574601114,0.6587029099464417,0.02308180369436741,0.7227212190628052,0.05179305374622345,-0.0005406290292739868,-4.105504103790736e-06,4.501601870288141e-05,0.0012336036888882518,0.5119829773902893,0.022255368530750275,-0.0002394704206380993,0.002908906200900674,0,0,0,0,0,0,1,0,1,0,13
0.47421911358833313,0.02468591183423996,0.0076918043196201324,0.0003735414647962898,0.7092280387878418,0.022356480360031128,0.4319480359554291,0.049497611820697784,-0.00087213353253901,-4.105504103790736e-06,4.501601870288141e-05,0.0012336036888882518,0.514657199382782,0.024672798812389374,0.0046347868628799915,0.0017609322676435113,0,0,0,0,0,0,1,0,1,0,14
0.4826781451702118,0.024870460852980614,0.009050790220499039,-9.839044651016593e-06,0.7557238340377808,0.02138034999370575,0.16838471591472626,0.0386965349316597,-0.0008503382559865713,-2.2308424831862794e-06,6.547096563735977e-05,0.0011168827768415213,0.5205066204071045,0.025716928765177727,0.006623127963393927,0.0005699801258742809,0,0,0,0,0,0,0,0,1,0,6
0.4919998049736023,0.02471272461116314,0.009442778304219246,-0.00019084893574472517,0.7938363552093506,0.02043476328253746,0.34705498814582825,0.037624478340148926,-0.0010213680798187852,-2.2308424831862794e-06,6.547096563735977e-05,0.0011168827768415213,0.5279159545898438,0.02618575282394886,0.00802664179354906,0.00036199126043356955,0,0,0,0,0,1,0,0,1,0,14
0.5020182132720947,0.024502374231815338,0.01046096533536911,-0.0002277239691466093,0.8308415412902832,0.019325805827975273,0.34485065937042236,0.03648962453007698,-0.001178641919977963,-2.2308424831862794e-06,6.547096563735977e-05,0.0011168827768415213,0.5366254448890686,0.02636650763452053,0.00923556461930275,2.1874049707548693e-05,0,0,0,0,0,0,0,0,1,0,12
0.5129508376121521,0.024257231503725052,0.011323719285428524,-0.0002569790231063962,0.8666808605194092,0.018066611140966415,0.1717052310705185,0.03529934957623482,-0.0013232941273599863,-2.2308424831862794e-06,6.547096563735977e-05,0.0011168827768415213,0.5461148619651794,0.026237932965159416,0.009577015414834023,-0.0001662761642364785,0,0,0,0,0,0,0,0,1,0,8
0.5247049331665039,0.02399280294775963,0.012070606462657452,-0.0002803803945425898,0.8989667892456055,0.016832277178764343,0.19583775103092194,0.030918478965759277,-0.0012102029286324978,1.4343428347274312e-06,8.855375926941633e-05,0.0009179095504805446,0.5563222169876099,0.026042087003588676,0.010507658123970032,-0.00021372396440710872,0,0,0,0,0,0,0,1,1,0,17
0.5371082425117493,0.023703884333372116,0.012650161981582642,-0.00030540951411239803,0.9294601082801819,0.015580707229673862,0.17260333895683289,0.030131416395306587,-0.001284268801100552,1.4343428347274312e-06,8.855375926941633e-05,0.0009179095504805446,0.5673869848251343,0.025796089321374893,0.01138589158654213,-0.00026291829999536276,0,0,0,0,0,0,0,1,1,1,4
0.5496610403060913,0.022921569645404816,0.011878782883286476,-0.0016044616932049394,0.9582656025886536,0.014326725155115128,0.14454291760921478,0.027617448940873146,-0.0012097515864297748,6.673380539723439e-06,0.00011439406080171466,0.0006228316342458129,0.5791842937469482,0.025442834943532944,0.011980203911662102,-0.00037485556094907224,0,0,0,1,0,0,0,0,1,1,2
0.5602436661720276,0.01999214105308056,0.009571929462254047,-0.004218552727252245,0.9853478670120239,0.013113874942064285,0.11652514338493347,0.026034628972411156,-0.001168126123957336,1.2893036910099909e-05,0.00013994354230817407,0.0002360355283599347,0.5912240147590637,0.02477259375154972,0.012326604686677456,-0.0005631533567793667,0,1,0,0,0,0,0,0,1,1,4
0.5694094300270081,0.01512095145881176,0.009139614179730415,-0.005183745175600052,1.010433316230774,0.011987630277872086,0.11622936278581619,0.02427610196173191,-0.0010899363551288843,1.5224271919578314e-05,0.0001435818412574008,1.1725904969228651e-11,0.6036525368690491,0.02403218299150467,0.012756796553730965,-0.0005508724134415388,0,0,0,1,0,0,0,0,1,1,17
