lt_dp_posx,lt_dp_posy,lt_dp_velx,lt_dp_vely,ball_posx,ball_posy,ball_posz,ball_vel_x,ball_vel_y,ball_rot_x,ball_rot_y,ball_rot_z,rt_gk_posx,rt_gk_posy,rt_gk_velx,rt_gk_vely,action_left,action_top_left,action_top,action_top_right,action_right,action_bottom_right,action_bottom,action_bottom_left,action_sprint,action_dribble,sel_action
-1.0110293626785278,-0.0,0.0,-0.0,0.019999999552965164,-0.0,0.11061639338731766,-0.0,0.0,0.0,-0.0,0.0,1.0110293626785278,0.0,-0.0,0.0,0,0,0,0,0,0,0,0,0,0,5
0.0,-0.0,0.0,-0.0,0.019999999552965164,-0.0,0.11059734225273132,-0.0,0.0,0.0,-0.0,0.0,1.0110293626785278,0.0,-0.0,0.0,0,0,0,0,1,0,0,0,0,0,5
0.0015068008797243237,9.178596077630274e-11,0.003586257342249155,2.5862914240781798e-11,0.019999999552965164,-0.0,0.10930104553699493,-0.0,0.0,0.0,-0.0,0.0,1.0081888437271118,-1.9418572305696102e-10,-0.004046103451400995,-2.3631410717150914e-10,0,0,0,0,1,0,0,0,0,0,5
0.004647698253393173,-1.8393966350060964e-09,0.0052653769962489605,-3.529589953643608e-10,0.019999999552965164,-0.0,0.11075475811958313,-0.0,0.0,0.0,-0.0,0.0,1.0032682418823242,-3.853151686605827e-10,-0.005623172502964735,-1.3369805262897216e-10,0,0,0,0,1,0,0,0,0,0,13
0.00921948254108429,-4.4786250263939564e-09,0.0068116821348667145,-3.289779004767013e-10,0.023587318137288094,-3.7949368647538506e-10,0.12494253367185593,0.008816434070467949,-9.333416262080618e-10,1.3980587521000842e-12,2.182822754548397e-06,-3.348624112373133e-12,0.9968275427818298,-1.6343269793051007e-10,-0.0070915501564741135,6.434827115597841e-10,0,0,0,0,1,0,0,0,1,0,5
0.016810275614261627,-4.649700624526076e-09,0.008202947676181793,-8.509173921034119e-11,0.031988270580768585,-1.270523131147172e-09,0.11617613583803177,0.008016404695808887,-8.517485050596463e-10,1.0933376599908673e-11,4.324937253841199e-05,-1.3775852203759542e-12,0.9889967441558838,3.5731484437917516e-10,-0.008409163914620876,3.944540527545115e-10,0,0,0,0,1,0,0,0,1,0,16
0.025697514414787292,-4.789135754634799e-09,0.009418541565537453,-1.1534930649537145e-10,0.03977688029408455,-2.098122120486323e-09,0.1151169091463089,0.0075969030149281025,-8.072302826178657e-10,1.1276890012068552e-11,4.4938005885342136e-05,0.0,0.9799808859825134,5.545777725934897e-10,-0.009335489943623543,2.5944158280055696e-11,0,0,0,0,1,0,0,0,1,0,16
0.034604333341121674,-6.091731563628855e-09,0.009487872011959553,-2.184463998577968e-10,0.047142188996076584,-2.8807436436295575e-09,0.10721039026975632,0.007172056473791599,-7.620865605240112e-10,1.0646337110509219e-11,4.242529030307196e-05,-2.7773041947853277e-18,0.9704952239990234,7.516020583686611e-10,-0.00983055867254734,1.5475892789496015e-10,0,0,0,0,1,0,0,0,1,0,13
0.04265647009015083,-8.25622059608122e-09,0.009879695251584053,-1.2069095722821999e-10,0.05483473464846611,2.9161387828935403e-06,0.1180512085556984,0.014280533418059349,2.9196851755841635e-05,3.3859953418868827e-07,2.3360701106867054e-06,2.8937307661180967e-07,0.9601738452911377,8.330553469271251e-10,-0.010699383914470673,1.7654776945930095e-11,0,0,0,0,1,0,0,0,1,0,16
0.05302297696471214,7.257288814344065e-08,0.010675630532205105,8.091230370155245e-07,0.06872721761465073,3.095563442911953e-05,0.14384114742279053,0.013800550252199173,2.7824336939374916e-05,2.8538838137137645e-07,8.17432828625897e-06,3.5968724887425196e-07,0.9492757320404053,2.35767771528117e-07,-0.010805971920490265,6.668138894383446e-07,0,0,0,0,1,0,0,0,1,0,16
0.06378472596406937,5.073029115010286e-06,0.01101673487573862,8.287733180623036e-06,0.08208196610212326,5.7422937970841303e-05,0.12317598611116409,0.012641318142414093,2.4203960492741317e-05,-2.5629450561837075e-08,4.159415402682498e-05,4.4029320633853786e-07,0.9381436109542847,1.5146251826081425e-06,-0.011441286653280258,1.7556102420712705e-06,0,0,0,0,1,0,0,0,1,0,16
0.07522019743919373,1.7372460206388496e-05,0.011754298582673073,1.57996346388245e-05,0.09433247894048691,8.060032996581867e-05,0.11358174681663513,0.01189576555043459,2.2281425117398612e-05,-3.129035803794977e-07,7.052490400383249e-05,0.0,0.9263702630996704,3.865500730171334e-06,-0.012035930529236794,2.6681041163101327e-06,0,0,0,0,1,0,0,0,1,0,13
0.08732923120260239,3.559710967238061e-05,0.012389439158141613,1.9662242266349494e-05,0.10589689761400223,0.0001022617143462412,0.11358577013015747,0.011285535991191864,2.1139008822501637e-05,-2.953090927348967e-07,6.675743497908115e-05,-4.554564597648511e-14,0.9140385389328003,6.737610419804696e-06,-0.012554140761494637,3.07440882352239e-06,0,0,0,0,1,0,0,0,1,0,13
0.10000831633806229,5.813370080431923e-05,0.012895552441477776,2.5228871891158633e-05,0.1168375015258789,0.00012275461631361395,0.11179311573505402,0.010660222731530666,1.9967737898696214e-05,-2.789444408790587e-07,6.30580325378105e-05,4.55379989630373e-14,0.9012559056282043,1.0078316336148418e-05,-0.01295384205877781,3.5528325952327577e-06,0,0,0,0,1,0,0,0,1,0,0
0.1131187379360199,-0.00041438761400058866,0.013238980434834957,2.6214351237285882e-05,0.127165287733078,0.00014209968503564596,0.1106850877404213,0.01005903072655201,1.8841637938749045e-05,-2.6321450263822044e-07,5.9502122894627973e-05,2.2765526646434907e-14,0.8881267309188843,1.3844450222677551e-05,-0.013260280713438988,3.965710220654728e-06,0,0,0,0,1,0,0,0,1,0,18
0.12635774910449982,-0.002255071420222521,0.013238980434834957,1.4298983842309099e-05,0.1375458687543869,0.0001320565352216363,0.11983069032430649,0.01586630567908287,-0.00026515196077525616,-2.488889379037573e-07,6.2115859691402875e-06,-4.6717417490071966e-07,0.8747334480285645,1.8098800865118392e-05,-0.013492387719452381,4.4826861085311975e-06,0,0,0,0,1,0,0,0,1,0,0
0.13959680497646332,-0.002247326076030731,0.013238980434834957,2.38311622524634e-06,0.15305915474891663,-0.00012679513019975275,0.15820355713367462,0.015416419133543968,-0.0002572067314758897,-6.124368923110524e-08,1.037153742800001e-05,-7.9782086004343e-07,0.8611396551132202,2.1026478862040676e-05,-0.013669097796082497,-3.1333825063484255e-06,0,0,0,0,1,0,0,0,1,0,0
0.15297724306583405,-0.00221651210449636,0.013511145487427711,7.763576286379248e-05,0.16824308037757874,-0.0003799065889324993,0.11589778959751129,0.014439819380640984,-0.0002394308685325086,1.0349357353334199e-06,3.4548211260698736e-05,-1.885548044811003e-06,0.8473948240280151,3.3406156489945715e-06,-0.013800929300487041,-2.932662027888e-05,0,0,0,0,1,0,0,0,1,0,5
0.1666184663772583,-0.002057071775197983,0.01373694185167551,0.0002257312007714063,0.18215732276439667,-0.0006100120372138917,0.11780847609043121,0.01357574574649334,-0.00022415487910620868,1.9003720126420376e-06,5.351539948605932e-05,-1.703185262158513e-06,0.833536684513092,-3.9600752643309534e-05,-0.013899803161621094,-5.412047903519124e-05,0,0,0,0,1,0,0,0,1,0,16
0.18045149743556976,-0.0017795164603739977,0.013905763626098633,0.00027733450406230986,0.19522371888160706,-0.0008253990090452135,0.11213431507349014,0.012754657305777073,-0.00021019720588810742,2.936604914793861e-06,7.545232074335217e-05,0.0,0.8195940852165222,-9.384217992192134e-05,-0.013974133878946304,-5.4329972044797614e-05,0,0,0,0,1,0,0,0,1,0,13
0.19443152844905853,-0.0015376561786979437,0.014034965075552464,0.00021265882242005318,0.20758728682994843,-0.0010291507933288813,0.11327002942562103,0.012048687785863876,-0.0001985628332477063,2.7738497010432184e-06,7.127051503630355e-05,-3.6444458562101545e-13,0.8055877685546875,-0.0001482534862589091,-0.014030232094228268,-5.446833529276773e-05,0,0,0,0,1,0,0,0,1,0,0
0.20851831138134003,-0.0013590336311608553,0.014121806249022484,0.0001510008587501943,0.21926584839820862,-0.0012216140748932958,0.11138089001178741,0.011377200484275818,-0.00018749675655271858,2.619237420731224e-06,6.729795131832361e-05,-3.643744106354013e-13,0.7915341258049011,-0.00020267990475986153,-0.0140709038823843,-5.429031443782151e-05,0,0,0,0,1,0,0,0,1,0,16
0.22261670231819153,-0.001244422048330307,0.01412188820540905,8.807786070974544e-05,0.23028720915317535,-0.0014032467734068632,0.11085904389619827,0.010732913389801979,-0.00017687883519101888,2.4709320314286742e-06,6.348743045236915e-05,-3.6431087638809367e-13,0.7774448990821838,-0.00025675722281448543,-0.014102458953857422,-5.3897285397397354e-05,0,0,0,0,1,0,0,0,1,0,18
0.23646889626979828,-0.0011920182732865214,0.013533059507608414,2.41154612012906e-05,0.2456754744052887,-0.0014012681785970926,0.16133414208889008,0.015794435515999794,2.145301186828874e-05,8.989543971438252e-07,1.2277509085834026e-05,-9.624620815884555e-07,0.7633291482925415,-0.0003104452625848353,-0.014125599525868893,-5.3622123232344165e-05,0,0,0,0,1,0,0,0,1,0,16
0.2498033046722412,-9.956150279322173e-06,0.013312626630067825,4.270002591511002e-06,0.26135188341140747,-0.001379963825456798,0.12239547818899155,0.015528475865721703,2.097509968734812e-05,8.827175292935863e-07,1.3362018762563821e-05,-9.203164381688111e-07,0.7491937279701233,-0.00036424314021132886,-0.014142429456114769,-5.3938951168674976e-05,0,0,0,0,1,0,0,0,1,0,18
0.26311567425727844,0.0010158426593989134,0.013312522321939468,1.8982938172484864e-06,0.2766950726509094,-0.0012384018627926707,0.16264529526233673,0.015833983197808266,0.00026476357015781105,4.045758146276057e-07,-7.784857984916016e-07,1.810828109682916e-07,0.7350434064865112,-0.00041834841249510646,-0.014155752956867218,-5.4239069868344814e-05,0,0,0,0,1,0,0,0,1,0,18
0.2764469087123871,0.0010145927080884576,0.01340525969862938,-1.1444127267168369e-05,0.2924172878265381,-0.0009755141218192875,0.16224020719528198,0.015631580725312233,0.0002613749820739031,4.045758146276057e-07,-7.784857984916016e-07,1.810828109682916e-07,0.7208821177482605,-0.0004571733297780156,-0.01416557002812624,-1.9915152734029107e-05,0,0,0,0,1,0,0,0,1,0,13
0.28999900817871094,0.0009454074897803366,0.013660508207976818,-0.00012819722178392112,0.3075619339942932,-0.0007227647583931684,0.12772506475448608,0.014215420000255108,0.00023610754578839988,-8.711110695003299e-07,2.8503587600425817e-05,1.8580633422971005e-06,0.7067124843597412,-0.00045342830708250403,-0.01417258195579052,2.3109721951186657e-05,0,0,0,0,1,0,0,0,1,0,5
0.3037671744823456,0.0007427780656144023,0.013847561553120613,-0.0002616650890558958,0.32154786586761475,-0.0004906372632831335,0.12039761245250702,0.013779982924461365,0.00022855809947941452,-1.15312616344454e-06,3.4955981391249225e-05,1.943094730449957e-06,0.6925367712974548,-0.0004107665445189923,-0.014178192242980003,4.965508924215101e-05,0,0,0,0,1,0,0,0,1,0,7
0.31769633293151855,0.0004870215489063412,0.01399061270058155,-0.00022997830819804221,0.3346708118915558,-0.00027354355552233756,0.1164609044790268,0.01277528703212738,0.0002111823414452374,-2.950486987174372e-06,7.55769870011136e-05,-7.290503921050795e-13,0.6783565282821655,-0.00036013222415931523,-0.014181697741150856,5.1434850320219994e-05,0,0,0,0,0,0,1,0,1,0,6
0.331005722284317,0.0011494916398078203,0.013769358396530151,-2.5287056359957205e-06,0.3470659852027893,-6.864478200441226e-05,0.11196406930685043,0.012087225914001465,0.00019980838987976313,-2.791191036521923e-06,7.149697921704501e-05,0.0,0.6641729474067688,-0.000307719805277884,-0.014185204170644283,5.3211941121844575e-05,0,0,0,0,0,1,0,0,1,0,12
0.343992680311203,0.002051474992185831,0.013251515105366707,0.00016776996199041605,0.35993289947509766,0.001410793629474938,0.1414707452058792,0.014295553788542747,0.003377909306436777,3.6201531656843144e-06,1.6110021533677354e-05,1.747987153066788e-05,0.6499866247177124,-0.000249020493356511,-0.01418730802834034,6.318845407804474e-05,0,0,0,0,0,1,0,0,1,0,18
0.35664716362953186,0.0030108271166682243,0.012411089614033699,0.0017083825077861547,0.3741321265697479,0.004765545949339867,0.14572745561599731,0.014120426028966904,0.0033360456582158804,3.6201531656843144e-06,1.6110021533677354e-05,1.747987153066788e-05,0.6357986330986023,-0.0001803452178137377,-0.01418871060013771,7.316441042348742e-05,0,0,0,0,0,1,0,0,1,0,13
0.3686903715133667,0.00536990026012063,0.011754386126995087,0.0025439239107072353,0.3877127170562744,0.007950364612042904,0.12847748398780823,0.012907400727272034,0.0029943150002509356,-1.9653643903438933e-05,4.709620407084003e-05,2.593614954093937e-05,0.6216136813163757,1.757398968038615e-05,-0.014174685813486576,0.00042386140557937324,0,0,0,0,0,1,0,0,1,0,12
0.38063958287239075,0.007941660471260548,0.012175826355814934,0.0025966877583414316,0.4003185033798218,0.01086661871522665,0.11383721232414246,0.012260661460459232,0.002826480660587549,-3.96756840927992e-05,7.276588439708576e-05,-5.831552688656538e-12,0.6074713468551636,0.0007586436695419252,-0.01410736795514822,0.0010001941118389368,0,0,0,0,0,1,0,0,1,0,18
0.3930582106113434,0.01053943857550621,0.012602174654603004,0.002592245815321803,0.41223710775375366,0.013614283874630928,0.1145234927535057,0.011627135798335075,0.002680468373000622,-3.744481728062965e-05,6.87763313180767e-05,0.0,0.5934259295463562,0.0020691780373454094,-0.013992365449666977,0.0015398175455629826,0,0,0,0,0,1,0,0,1,0,6
0.4058433175086975,0.013131891377270222,0.01291036605834961,0.002614091383293271,0.4235176146030426,0.016214843839406967,0.11012726277112961,0.010995800606906414,0.002534921746701002,-3.541342812241055e-05,6.504524208139628e-05,5.829382115907222e-12,0.5794966816902161,0.003831603331491351,-0.013873507268726826,0.0019440383184701204,0,0,0,0,0,1,0,0,1,0,5
0.41887056827545166,0.015787649899721146,0.013112671673297882,0.002689053537324071,0.43417030572891235,0.01867065578699112,0.1092800721526146,0.010378990322351456,0.00239272671751678,-3.3426618756493554e-05,6.139596371212974e-05,2.9142209478916214e-12,0.5657012462615967,0.005996199324727058,-0.013727299869060516,0.002344409003853798,0,0,0,0,1,0,0,0,1,0,6
0.4313332438468933,0.018854429945349693,0.012128785252571106,0.002367679262533784,0.44422322511672974,0.020988212898373604,0.1111873909831047,0.009792407974600792,0.0022574984468519688,-3.153680154355243e-05,5.79248444410041e-05,-8.741396495537401e-12,0.5521101951599121,0.008649109862744808,-0.013453819788992405,0.0029402486979961395,0,0,0,0,0,1,0,0,1,0,2
0.44232872128486633,0.021151652559638023,0.009950820356607437,0.001550733228214085,0.4689815938472748,0.022875487804412842,0.14940327405929565,0.05969413369894028,0.0010618551168590784,9.190311175188981e-06,4.5607750507770106e-05,0.0020490470342338085,0.538851261138916,0.011937865056097507,-0.013088829815387726,0.003571287961676717,0,1,0,0,0,0,0,0,1,0,6
0.45092499256134033,0.02241808921098709,0.008052587509155273,0.0012385788140818477,0.5271444320678711,0.023536138236522675,0.14224468171596527,0.05692805349826813,0.00034344210871495306,9.190311175188981e-06,4.5607750507770106e-05,0.0020490470342338085,0.5262095332145691,0.01569664478302002,-0.011777877807617188,0.0035709028597921133,0,0,0,0,0,1,0,0,1,0,6
0.4582533836364746,0.023478161543607712,0.006899062544107437,0.000570550502743572,0.5782408714294434,0.02350553125143051,0.11737289279699326,0.04715482145547867,-0.000279783271253109,8.380594408663455e-06,8.013412298168987e-05,0.001788729103282094,0.5164203643798828,0.01854785718023777,-0.007855892181396484,0.0021564189810305834,0,0,0,0,0,1,0,0,1,0,0
0.46484607458114624,0.02402336150407791,0.006132967304438353,0.0005071813357062638,0.620360255241394,0.02304968051612377,0.10904857516288757,0.03880562260746956,-0.0005496781086549163,8.056775186560117e-06,0.0001451686111977324,0.0011059375246986747,0.5115169882774353,0.019824732095003128,-0.002331242896616459,0.0005779368802905083,0,0,0,0,0,1,0,0,1,0,18
0.4713142514228821,0.024524342268705368,0.007084888406097889,0.00047521156375296414,0.6561840176582336,0.02245553955435753,0.10889584571123123,0.033722616732120514,-0.0006087628426030278,8.315496415889356e-06,0.0001818751625251025,0.0004480078932829201,0.5124948024749756,0.020078714936971664,0.003032473847270012,0.0003571573179215193,0,0,0,0,0,1,0,0,1,0,3
0.4792133569717407,0.02487303875386715,0.008533982560038567,0.00021480486611835659,0.6879658699035645,0.02187347784638405,0.10913829505443573,0.03033222071826458,-0.0005559772253036499,7.76631713961251e-06,0.00017941035912372172,-2.943428920737512e-12,0.516376256942749,0.02053123712539673,0.00458499975502491,0.00047806347720324993,0,0,1,0,0,0,0,0,1,0,18
0.48833075165748596,0.024876432493329048,0.009333386085927486,-0.00010976951307384297,0.7167311310768127,0.02134622260928154,0.10936730355024338,0.02755465731024742,-0.000505065661855042,7.055268724798225e-06,0.00016298437549266964,-2.9376097908373477e-12,0.5218718647956848,0.020749550312757492,0.006155757233500481,0.0001750779483700171,0,0,1,0,0,0,0,0,1,0,8
0.4979041814804077,0.024760307744145393,0.010046237148344517,-0.0001317702408414334,0.7429587244987488,0.020865481346845627,0.10952882468700409,0.02519727125763893,-0.00046185587416402996,6.451751232816605e-06,0.00014904241834301502,2.9331220612049957e-12,0.5291283130645752,0.020875167101621628,0.0077379741705954075,0.00011870994057971984,0,0,0,0,0,0,0,1,1,0,4
0.5084388852119446,0.024613022804260254,0.01095955166965723,-0.00016572985623497516,0.7670160531997681,0.02042452059686184,0.10964459925889969,0.023168399930000305,-0.0004246677563060075,5.932316071266541e-06,0.0001370428071822971,0.0,0.5377295017242432,0.020934946835041046,0.008990496397018433,3.567833482520655e-05,0,0,0,1,0,0,0,0,1,0,16
0.519788920879364,0.024441830813884735,0.01173325628042221,-0.00018171592091675848,0.7891931533813477,0.020018020644783974,0.10972893983125687,0.021401138976216316,-0.0003922745818272233,5.479840183397755e-06,0.00012659012281801552,-1.4633786803858184e-12,0.5474522113800049,0.020932063460350037,0.009970037266612053,4.281886958779069e-06,0,0,0,1,0,0,0,0,1,0,7
0.5318624973297119,0.024253055453300476,0.012384641915559769,-0.00020117594976909459,0.8097228407859802,0.01964171603322029,0.10979130119085312,0.019845491275191307,-0.00036376016214489937,5.081539711682126e-06,0.000117388968646992,0.0,0.558039665222168,0.020909005776047707,0.01082735788077116,-1.869867082859855e-05,0,0,0,0,0,0,1,0,1,0,14
0.5445079803466797,0.024046070873737335,0.012873517349362373,-0.00021400478726718575,0.8287951350212097,0.019292129203677177,0.10983805358409882,0.0184633806347847,-0.00033842658740468323,4.727661689685192e-06,0.00010921401553787291,7.306390735484225e-13,0.5694689750671387,0.020857131108641624,0.011686337180435658,-4.761016680276953e-05,0,0,0,0,0,0,0,0,1,0,5
0.5575850605964661,0.02382948435842991,0.013259748928248882,-0.00022365817858371884,0.8465667963027954,0.01896638423204422,0.10987353324890137,0.017225299030542374,-0.0003157329629175365,4.410655492392834e-06,0.00010189085878664628,7.302433939655739e-13,0.5815913677215576,0.020786387845873833,0.012286853976547718,-6.392900831997395e-05,0,0,0,0,1,0,0,0,1,0,9
0.5709969401359558,0.02360372804105282,0.013551531359553337,-0.00023217817943077534,0.8631685376167297,0.01866208203136921,0.10990075767040253,0.016107991337776184,-0.00029525335412472486,4.124572569708107e-06,9.528201189823449e-05,7.299102186379691e-13,0.5942347049713135,0.020696675404906273,0.012819548137485981,-9.178612526739016e-05,0,0,0,0,1,0,0,0,1,0,3
0.5846508741378784,0.023373553529381752,0.013759051449596882,-0.00023486491409130394,0.8787104487419128,0.018377205356955528,0.10992185771465302,0.015092956833541393,-0.0002766480320133269,3.86467263524537e-06,8.927802264224738e-05,-7.296270250305159e-13,0.607308566570282,0.020587941631674767,0.013161849230527878,-0.00010032575664808974,0,0,1,0,0,0,0,0,1,0,7
0.598494291305542,0.023138543590903282,0.013922167010605335,-0.00023922615218907595,0.8932864665985107,0.018110034987330437,0.1099383607506752,0.01416520494967699,-0.0002596426638774574,3.6271205772209214e-06,8.379034989047796e-05,0.0,0.620668888092041,0.020470356568694115,0.013422413729131222,-0.00010923990339506418,0,0,0,0,0,0,1,0,1,0,3
0.6124754548072815,0.022900614887475967,0.014037943445146084,-0.00024064627359621227,0.9069769382476807,0.017859093844890594,0.10995136946439743,0.013312550261616707,-0.0002440138196107,3.40879637406033e-06,7.874685252318159e-05,0.0,0.6342728734016418,0.020338183268904686,0.01365259476006031,-0.00012515316484495997,0,0,1,0,0,0,0,0,1,0,12
0.6265596151351929,0.02266056463122368,0.01412962656468153,-0.00024323850811924785,0.9198511838912964,0.017623109742999077,0.10996169596910477,0.01252489723265171,-0.00022957650071475655,3.207115241821157e-06,7.408779492834583e-05,1.0934904240769705e-12,0.6480395197868347,0.0201998483389616,0.013793266378343105,-0.00012933884863741696,0,0,1,0,0,0,0,0,1,0,0
0.6407212615013123,0.022418363019824028,0.014192233793437481,-0.0002437631192151457,0.9319698214530945,0.017400983721017838,0.10996994376182556,0.01179386768490076,-0.00021617708262056112,3.0199316825019196e-06,6.976362783461809e-05,3.644174805667033e-13,0.6619318723678589,0.020054373890161514,0.013923720456659794,-0.00014209022629074752,0,0,1,0,0,0,0,0,1,0,10
0.6549379825592041,0.022175414487719536,0.014243030920624733,-0.0002455980866216123,0.9433850646018982,0.017191745340824127,0.10997656732797623,0.011112427338957787,-0.00020368648984003812,2.8454442144720815e-06,6.573279097210616e-05,7.286957495744595e-13,0.6759209632873535,0.019901517778635025,0.01399591751396656,-0.0001440087944502011,0,0,1,0,0,0,0,0,1,0,3
0.6691805720329285,0.021938253194093704,0.014266019687056541,-0.00024096725974231958,0.954143226146698,0.016994550824165344,0.10998191684484482,0.010474614799022675,-0.0001919955830089748,2.6821271603694186e-06,6.196001049829647e-05,0.0,0.689953088760376,0.01975431479513645,0.014035668224096298,-0.00013951062283013016,0,0,1,0,0,0,0,0,1,0,16
0.6834354400634766,0.021708518266677856,0.014281177893280983,-0.00023739637981634587,0.9642853736877441,0.016808653250336647,0.10998624563217163,0.009875372052192688,-0.00018101171008311212,2.5286865366069833e-06,5.8415349485585466e-05,3.642321362053169e-13,0.7040257453918457,0.019606662914156914,0.01408296823501587,-0.00014591848594136536,0,0,1,0,0,0,0,0,1,0,17
0.6977149248123169,0.021476414054632187,0.01430461835116148,-0.00024115339329000562,0.9738472700119019,0.01663338392972946,0.10998976975679398,0.009310351684689522,-0.0001706550392555073,2.3840070753067266e-06,5.507312380359508e-05,0.0,0.7181314826011658,0.019455833360552788,0.014111189171671867,-0.00014909989840816706,0,0,1,0,0,0,0,0,1,1,14
0.7117636203765869,0.02124730311334133,0.013184582814574242,-0.00021803485287819058,0.9828611612319946,0.01646815985441208,0.10999263823032379,0.008775796741247177,-0.0001608568272786215,2.24712766794255e-06,5.191108357394114e-05,-1.8207035542856104e-13,0.7322465181350708,0.019300565123558044,0.014111043885350227,-0.00015455091488547623,0,0,0,0,0,0,0,0,1,1,5
0.7230958342552185,0.02106623724102974,0.009019443765282631,-0.00014824187383055687,0.991355836391449,0.016312455758452415,0.10999498516321182,0.008268454112112522,-0.00015155748405959457,2.1172172637307085e-06,4.890999844064936e-05,-1.8205109728747226e-13,0.7461732029914856,0.019144801422953606,0.013983320444822311,-0.00015524280024692416,0,0,0,0,1,0,0,0,1,1,16
0.7295730113983154,0.020965255796909332,0.0032639591954648495,-5.206996502238326e-05,0.9993568062782288,0.016165804117918015,0.10999689996242523,0.007785486988723278,-0.00014270476822275668,1.9935462205467047e-06,4.605310095939785e-05,1.8203383136787543e-13,0.7597143054008484,0.018992483615875244,0.013556914404034615,-0.00015290842566173524,0,0,0,0,1,0,0,0,1,1,9
0.7312811613082886,0.020937643945217133,0.0007348902290686965,-1.2919093023811001e-05,1.0068868398666382,0.01602778024971485,0.10999847203493118,0.0073243859224021435,-0.00013425294309854507,1.8754753909888677e-06,4.332554090069607e-05,0.0,0.7734417915344238,0.018836289644241333,0.013952395878732204,-0.00015989159874152392,0,0,0,0,1,0,0,0,1,1,0
0.7315003275871277,0.020934157073497772,0.0012965763453394175,-2.019142993958667e-05,1.0139669179916382,0.015898006036877632,0.10999975353479385,0.006882951594889164,-0.00012616165622603148,1.7624400925342343e-06,4.071429430041462e-05,-1.8200436817383814e-13,0.7874293923377991,0.01867428794503212,0.014013402163982391,-0.00016369887453038245,0,0,0,0,1,0,0,0,1,1,18
