lt_dp_posx,lt_dp_posy,lt_dp_velx,lt_dp_vely,ball_posx,ball_posy,ball_posz,ball_vel_x,ball_vel_y,ball_rot_x,ball_rot_y,ball_rot_z,rt_gk_posx,rt_gk_posy,rt_gk_velx,rt_gk_vely,action_left,action_top_left,action_top,action_top_right,action_right,action_bottom_right,action_bottom,action_bottom_left,action_sprint,action_dribble,sel_action
-1.0110293626785278,-0.0,0.0,-0.0,0.019999999552965164,-0.0,0.11061639338731766,0.0,-0.0,0.0,-0.0,0.0,1.0110293626785278,0.0,-0.0,0.0,0,0,0,0,0,0,0,0,0,0,5
0.0,-0.0,0.0,-0.0,0.019999999552965164,-0.0,0.11059734225273132,0.0,-0.0,0.0,-0.0,0.0,1.0110293626785278,0.0,-0.0,0.0,0,0,0,0,1,0,0,0,0,0,5
0.0,-0.0,0.0,-0.0,0.019999999552965164,-0.0,0.10930104553699493,0.0,-0.0,0.0,-0.0,0.0,1.0100501775741577,-8.022917399874707e-12,-0.003236181568354368,-2.5031638220540664e-11,0,0,0,0,1,0,0,0,0,0,5
0.0011742409551516175,1.3643361440607293e-10,0.0034112136345356703,2.3963026007933763e-10,0.019999999552965164,-0.0,0.11075475811958313,0.0,-0.0,0.0,-0.0,0.0,1.0059254169464111,-3.224626815567788e-11,-0.00484480569139123,-2.1483743603556427e-11,0,0,0,0,1,0,0,0,0,0,5
0.004355194512754679,-9.771559117410789e-10,0.005103938281536102,-2.3148706562725607e-10,0.019999999552965164,-0.0,0.11053141206502914,0.0,-0.0,0.0,-0.0,0.0,1.0002306699752808,-4.500159273002069e-11,-0.0063720871694386005,-3.904107072350005e-12,0,0,0,0,1,0,0,0,0,0,13
0.008538313210010529,-3.439343698730113e-09,0.006663426756858826,-3.542344473306258e-10,0.02272110804915428,-2.401155385634013e-10,0.12206600606441498,0.008977130055427551,-7.917650979294422e-10,-3.3805985354823376e-12,-1.925346441566944e-05,-1.8745146494053566e-12,0.9930757880210876,5.138653391689729e-10,-0.0077724456787109375,5.408301029241613e-10,0,0,0,0,1,0,0,0,1,0,18
0.015989981591701508,-3.657014246982726e-09,0.008070995099842548,-7.288332437571654e-11,0.03136187046766281,-1.0010482442979196e-09,0.11363866925239563,0.00835032295435667,-7.344803099051944e-10,-1.0293307872721869e-11,-4.953729148837738e-05,6.944848673739421e-19,0.9846126437187195,8.894149861049527e-10,-0.00900100264698267,2.238354085415395e-10,0,0,0,0,1,0,0,0,1,0,0
0.02475566230714321,-3.816629234876245e-09,0.009305577725172043,-1.575874986059489e-10,0.03948330506682396,-1.7153971576533422e-09,0.11435475945472717,0.00792497955262661,-6.970690691332493e-10,-9.737841609458453e-12,-4.6878129069227725e-05,0.0,0.975313127040863,1.0567524633131598e-09,-0.009335489943623543,1.9543579254932553e-10,0,0,0,0,1,0,0,0,1,0,0
0.034221503883600235,-4.304198775173518e-09,0.010056434199213982,-2.5303861783676496e-10,0.04717102274298668,-2.3915975866373174e-09,0.11023221909999847,0.007491174153983593,-6.589126466671757e-10,-9.2050195590887e-12,-4.4313081161817536e-05,-1.388731506731469e-18,0.9654421806335449,1.2039941266195342e-09,-0.010284255258738995,9.614425228177126e-11,0,0,0,0,1,0,0,0,1,0,18
0.04248494654893875,-5.735156793917895e-09,0.009685609489679337,-1.377486041898024e-10,0.05442111939191818,-3.0293054731345137e-09,0.10938604176044464,0.0070563675835728645,-6.206675173814347e-10,-8.670670084698351e-12,-4.174073183094151e-05,2.7772483600939804e-18,0.9547167420387268,1.340073052524815e-09,-0.011003718711435795,1.1151491952077208e-09,0,0,0,0,1,0,0,0,1,0,0
0.05221288278698921,-6.173943134513138e-09,0.01050952635705471,-7.845207816714606e-11,0.06711333245038986,2.3539816538686864e-05,0.14591693878173828,0.014017813839018345,2.926232264144346e-05,3.8007601688150316e-07,-4.3082745833089575e-05,-2.6629042082504384e-08,0.9437978863716125,2.1697921237517903e-09,-0.011102592572569847,6.064057034294024e-10,0,0,0,0,1,0,0,0,1,0,0
0.06288903951644897,3.1001504794403445e-06,0.010763458907604218,6.489365205197828e-06,0.08094481378793716,5.2501141908578575e-05,0.11522690206766129,0.013381498865783215,2.8419235604815185e-05,3.926411125121376e-07,-6.93334877723828e-05,-4.6652202101427065e-09,0.9323297739028931,2.547594801782793e-09,-0.011747725307941437,1.8538705293114077e-10,0,0,0,0,1,0,0,0,1,0,16
0.07409841567277908,1.3910388588556089e-05,0.011549495160579681,1.4633183127443772e-05,0.09398728609085083,8.024661656236276e-05,0.10902407765388489,0.012782126665115356,2.71947355940938e-05,3.7993970636307495e-07,-7.561677193734795e-05,-1.3669725345156342e-13,0.9202682971954346,1.9854560662224685e-07,-0.012311514467000961,6.21894628238806e-07,0,0,0,0,1,0,0,0,1,0,13
0.08601444959640503,3.233020834159106e-05,0.012209135107696056,2.019296334765386e-05,0.10639084875583649,0.00010663591092452407,0.11389370262622833,0.012094142846763134,2.5731002097018063e-05,3.594509507820476e-07,-7.153906335588545e-05,4.5556186454480743e-14,0.9076964855194092,1.7882898646348622e-06,-0.012767314910888672,2.435141141177155e-06,0,0,0,0,1,0,0,0,1,0,5
0.09853748977184296,5.5072068789741024e-05,0.012757848016917706,2.5386449124198407e-05,0.11811836808919907,0.00013158691581338644,0.1114998608827591,0.01142380852252245,2.4304825274157338e-05,3.395256840121874e-07,-6.757347728125751e-05,4.5547394252488244e-14,0.89472895860672,5.154565315024229e-06,-0.01311722956597805,3.849472250294639e-06,0,0,0,0,1,0,0,0,1,0,18
0.11153464019298553,8.424968837061897e-05,0.01317543163895607,3.229550566175021e-05,0.12918555736541748,0.00015513304970227182,0.11083120852708817,0.010777592658996582,2.2929967599338852e-05,3.2032312446972355e-07,-6.375171506078914e-05,4.553939826146616e-14,0.8814587593078613,9.379599759995472e-06,-0.013384398072957993,4.5608139771502465e-06,0,0,0,0,1,0,0,0,1,0,18
0.1238897442817688,-4.0095332224154845e-05,0.013405018486082554,2.9636057661264203e-05,0.1396242380142212,0.00017734196444507688,0.1104738712310791,0.010166743770241737,2.163035242119804e-05,3.021727934537921e-07,-6.013937672832981e-05,1.365968156728098e-13,0.8679583072662354,1.4334286788653117e-05,-0.01358705386519432,5.270160727377515e-06,0,0,0,0,1,0,0,0,1,0,5
0.13466542959213257,-0.0006011612131260335,0.013405082747340202,1.6164800399565138e-05,0.1500743329524994,0.000187491430551745,0.11951543390750885,0.015621257945895195,-8.760225318837911e-05,-8.034831466829928e-08,-4.608477320289239e-05,-4.047637958137784e-08,0.8542835116386414,1.9598841390688904e-05,-0.01373992208391428,5.167670678929426e-06,0,0,0,0,1,0,0,0,1,0,5
0.1480685919523239,-0.0005924055585637689,0.013386151753365993,2.6901409455604153e-06,0.16540931165218353,0.00010194352944381535,0.15080535411834717,0.015240778215229511,-8.499582327203825e-05,-1.9504635417888494e-07,-5.070620682090521e-05,-1.4329451403227722e-07,0.8404778242111206,2.4642806238261983e-05,-0.013854924589395523,4.944364718539873e-06,0,0,0,0,1,0,0,0,1,0,16
0.16151389479637146,-0.0005818722420372069,0.013568121008574963,2.4915329049690627e-05,0.18036244809627533,1.9023133063456044e-05,0.1231798455119133,0.014477768912911415,-7.930370338726789e-05,-9.631978628021898e-07,-8.029711898416281e-05,-1.3574313584285846e-07,0.8265740275382996,2.8184353141114116e-05,-0.013940474949777126,4.512347118179605e-07,0,0,0,0,1,0,0,0,1,0,0
0.17520558834075928,-0.0005325039965100586,0.013783223927021027,6.903239409439266e-05,0.19450676441192627,-5.840642916155048e-05,0.11392323672771454,0.013819847255945206,-7.565123087260872e-05,-1.0566818673396483e-06,-8.173663809429854e-05,0.0,0.8125966191291809,2.378759927523788e-05,-0.01400498766452074,-8.374689969059546e-06,0,0,0,0,1,0,0,0,1,0,5
0.18908041715621948,-0.0004482886870391667,0.01394275389611721,8.365014946321025e-05,0.2079356610774994,-0.000131917666294612,0.11454194039106369,0.013096258975565434,-7.169023592723534e-05,-1.0014731515184394e-06,-7.74661311879754e-05,-1.8228105656825644e-13,0.7985642552375793,1.062169667420676e-05,-0.014053372666239738,-1.6334504834958352e-05,0,0,0,0,1,0,0,0,1,0,0
0.20309141278266907,-0.0003759416867978871,0.014061436988413334,6.311203469522297e-05,0.2206358015537262,-0.00020143941219430417,0.11014704406261444,0.012375476770102978,-6.774457870051265e-05,-9.464091021982313e-07,-7.320681470446289e-05,0.0,0.7844904065132141,-5.527640496438835e-06,-0.014089135453104973,-1.5995743524399586e-05,0,0,0,0,1,0,0,0,1,0,5
0.21698367595672607,-0.00026906598941423,0.014141123741865158,4.384481144370511e-05,0.23262111842632294,-0.0002670480462256819,0.10926466435194016,0.011674540117383003,-6.390758790075779e-05,-8.927966632654716e-07,-6.905978807481006e-05,0.0,0.7703859806060791,-2.1331292373361066e-05,-0.014115782454609871,-1.5644965969840996e-05,0,0,0,0,1,0,0,0,1,0,5
0.22863619029521942,0.0003846451290883124,0.014141228049993515,2.5576560801710002e-05,0.24392548203468323,-0.00032892925082705915,0.11069917678833008,0.011007561348378658,-6.0256475990172476e-05,-8.417611638833478e-07,-6.511207902804017e-05,9.108438016412063e-14,0.7562589645385742,-3.675972402561456e-05,-0.014135416597127914,-1.5237790648825467e-05,0,0,0,0,1,0,0,0,1,0,18
0.2420443445444107,0.0005121572758071125,0.013533234596252441,6.993385795794893e-06,0.25889408588409424,-0.00025248006568290293,0.15284356474876404,0.015309540554881096,9.084164048545063e-05,5.080564591253278e-08,-5.3893905715085566e-05,9.308212156611262e-08,0.7421150207519531,-5.17601401952561e-05,-0.014150142669677734,-1.4805355021962896e-05,0,0,0,0,1,0,0,0,1,0,18
0.2554630935192108,0.0005089447950012982,0.013516930863261223,-1.5654686649213545e-05,0.2740236818790436,-0.00016299331036861986,0.11552874743938446,0.014695494435727596,8.525356679456308e-05,8.796275210443127e-07,-7.793528493493795e-05,2.1554281204316794e-07,0.7279582619667053,-6.551363185280934e-05,-0.014162063598632812,-1.0311111509508919e-05,0,0,0,0,1,0,0,0,1,0,16
0.2691110372543335,0.0004668662149924785,0.013745006173849106,-6.440919969463721e-05,0.28835341334342957,-8.004350820556283e-05,0.11054418236017227,0.014049316756427288,8.131662616506219e-05,1.136098262577434e-06,-8.311451529152691e-05,1.8233892585921285e-13,0.713792085647583,-6.814690277678892e-05,-0.014169776812195778,3.651096449175384e-06,0,0,0,0,1,0,0,0,1,0,5
0.2829532325267792,0.00037988589610904455,0.013914178125560284,-9.431935905013233e-05,0.30198290944099426,-1.1569726439120132e-06,0.10648694634437561,0.013303838670253754,7.70018741604872e-05,1.0757805739558535e-06,-7.870179251767695e-05,3.645867516308826e-13,0.6996188163757324,-5.681003676727414e-05,-0.014176088385283947,1.762683859851677e-05,0,0,0,0,1,0,0,0,1,0,7
0.29693982005119324,0.00029660071595571935,0.01404004916548729,-7.361904135905206e-05,0.3148782253265381,7.348025974351913e-05,0.113223135471344,0.012565980665385723,7.27311780792661e-05,1.0160445071960567e-06,-7.433166319970042e-05,-1.8225069890742684e-13,0.6854406595230103,-3.785207445616834e-05,-0.014180295169353485,1.8890166757046245e-05,0,0,0,0,0,0,1,0,1,0,6
0.3106912672519684,0.000759422779083252,0.013905331492424011,-6.253532774280757e-05,0.32705122232437134,0.0001439368206774816,0.11170138418674469,0.011856533586978912,6.862492591608316e-05,9.586726719135186e-07,-7.013446156634018e-05,0.0,0.6712585091590881,-1.904546115838457e-05,-0.014183801598846912,1.8738050130195916e-05,0,0,0,0,0,1,0,0,1,0,7
0.32377326488494873,0.0021436449605971575,0.013444838114082813,0.0003180367639288306,0.3388715088367462,0.0005675527499988675,0.11983098089694977,0.014561885967850685,0.0036362905520945787,1.3664799553225748e-05,-4.80287017126102e-05,-3.074387109336385e-07,0.6570737361907959,2.879280827983166e-06,-0.014185204170644283,2.9487926440197043e-05,0,0,0,0,0,0,1,0,1,0,12
0.33668583631515503,0.0028438360895961523,0.012385495007038116,0.0014527508756145835,0.3531818389892578,0.004128987435251474,0.15067175030708313,0.01422369945794344,0.003539217635989189,1.7348615074297413e-05,-5.178971332497895e-05,2.5481670036242576e-06,0.6428869962692261,4.4277694541960955e-05,-0.01418730802834034,5.114397936267778e-05,0,0,0,0,0,0,1,0,1,0,12
0.3488624095916748,0.005081136245280504,0.011816795915365219,0.002702400553971529,0.36714455485343933,0.007590041030198336,0.12330443412065506,0.01353954803198576,0.003329165279865265,4.2741623474285007e-05,-7.658058893866837e-05,2.8447143449739087e-06,0.6286987662315369,0.00011339206685079262,-0.014188009314239025,0.00013338300050236285,0,0,0,0,0,0,1,0,1,0,12
0.36064448952674866,0.0077710989862680435,0.011960198171436787,0.0027184851933270693,0.3803780972957611,0.010842995718121529,0.11390013992786407,0.012932718731462955,0.003178991610184312,4.4403623178368434e-05,-7.648989412700757e-05,5.832687197809827e-12,0.6145306825637817,0.0005916169611737132,-0.014141728170216084,0.0007600715034641325,0,0,0,0,0,0,1,0,1,0,12
0.3728604316711426,0.010508601553738117,0.012411439791321754,0.002743225311860442,0.3929440379142761,0.013931836001574993,0.11457094550132751,0.012253946624696255,0.003012143075466156,4.2078008846146986e-05,-7.248376641655341e-05,1.1662938843859383e-11,0.6004441976547241,0.0016948794946074486,-0.014030933380126953,0.0013833197299391031,0,0,0,0,0,0,1,0,1,0,6
0.3854731023311615,0.013249903917312622,0.01275714673101902,0.0027498132549226284,0.40482765436172485,0.016852950677275658,0.1101025938987732,0.01157983485609293,0.0028464384377002716,3.9765480323694646e-05,-6.850022327853367e-05,1.1660647274147617e-11,0.5864841341972351,0.003352191997691989,-0.01390891894698143,0.001835719682276249,0,0,0,0,0,1,0,0,1,0,12
0.3983572721481323,0.016045207157731056,0.012975580990314484,0.002834143815562129,0.4160423278808594,0.019609631970524788,0.10925104469060898,0.010923919267952442,0.0026852088049054146,3.75127128791064e-05,-6.461957673309371e-05,-1.1658540452486044e-11,0.572644829750061,0.005396088119596243,-0.013778841122984886,0.0022136850748211145,0,0,0,0,0,1,0,0,1,0,5
0.4112846851348877,0.01904197223484516,0.012983206659555435,0.002866254188120365,0.42661988735198975,0.02220969647169113,0.11069868505001068,0.010299812071025372,0.002531797392293811,3.536830627126619e-05,-6.0925620346097276e-05,-1.1656649603897229e-11,0.5589547753334045,0.007828651927411556,-0.013595469295978546,0.0026516367215663195,0,0,0,0,1,0,0,0,1,0,5
0.4231801927089691,0.022148219868540764,0.0116100599989295,0.0022022139746695757,0.43659496307373047,0.024661656469106674,0.11053500324487686,0.00971481204032898,0.002387998392805457,3.3359981898684055e-05,-5.7466055295662954e-05,-5.827489966275801e-12,0.5455185770988464,0.010799037292599678,-0.013297446072101593,0.0032292527612298727,0,0,0,0,1,0,0,0,1,0,5
0.4333198368549347,0.024190282449126244,0.008720509707927704,0.0013310657814145088,0.48166149854660034,0.02569943480193615,0.2312227189540863,0.06772725284099579,-4.723170059151016e-05,-9.322100140707335e-07,-6.801739345974056e-06,0.0022925422526896,0.5324124693870544,0.014339514076709747,-0.012941219843924046,0.0037928232923150063,0,0,0,0,1,0,0,0,1,0,17
0.441346138715744,0.02552245557308197,0.0073534599505364895,0.0012832680949941278,0.5473958849906921,0.025209933519363403,0.3347867429256439,0.06415721029043198,-0.0008434686460532248,-9.322100140707335e-07,-6.801739345974056e-06,0.0022925422526896,0.5208874344825745,0.0178869366645813,-0.009900681674480438,0.0032328818924725056,0,0,0,0,1,0,0,0,1,1,12
0.4484620988368988,0.02649819105863571,0.006878376007080078,0.0006682279636152089,0.6097442507743835,0.02395419403910637,0.3212556838989258,0.060912974178791046,-0.0015844420995563269,-9.322100140707335e-07,-6.801739345974056e-06,0.0022925422526896,0.5137552618980408,0.020646726712584496,-0.004629527684301138,0.0023992438800632954,0,0,0,0,1,0,0,0,1,1,0
0.4548056721687317,0.02711445279419422,0.00611438462510705,0.0005939930560998619,0.6690027713775635,0.021989434957504272,0.19685670733451843,0.05794277414679527,-0.0022670901380479336,-9.322100140707335e-07,-6.801739345974056e-06,0.0022925422526896,0.5120241641998291,0.02331930585205555,0.0004954197793267667,0.0029851088766008615,0,0,0,0,1,0,0,0,1,1,5
0.46168163418769836,0.02769067883491516,0.0075887772254645824,0.0005225758068263531,0.7220139503479004,0.01955270580947399,0.16061332821846008,0.048602066934108734,-0.002513275947421789,-3.850700522889383e-06,-3.0555500416085124e-05,0.002103332430124283,0.5152734518051147,0.02553989365696907,0.005032735876739025,0.0014669871889054775,0,0,0,0,1,0,0,0,1,1,13
0.4701303243637085,0.02806958183646202,0.00898763444274664,0.00022434840502683073,0.7695400714874268,0.016789402812719345,0.14410178363323212,0.046657443046569824,-0.0029604847077280283,-3.850700522889383e-06,-3.0555500416085124e-05,0.002103332430124283,0.5213655233383179,0.026341376826167107,0.006807551719248295,0.0004002352070529014,0,0,0,0,1,0,0,0,1,1,16
0.47957852482795715,0.0281484704464674,0.009466316550970078,3.609978739405051e-05,0.8121932744979858,0.013845203444361687,0.12173160165548325,0.039736125618219376,-0.002914768410846591,-9.759646673046518e-06,-6.368088361341506e-05,0.0017722609918564558,0.5289425253868103,0.026621712371706963,0.008179159834980965,0.00015679729403927922,0,0,0,0,1,0,0,0,1,1,5
0.48967307806015015,0.028185302391648293,0.010479273274540901,2.79645282716956e-05,0.8482484817504883,0.011069267056882381,0.10822826623916626,0.033438801765441895,-0.0026546779554337263,-2.2358528440236114e-05,-0.00012605132360477,0.000997821451164782,0.5377786159515381,0.026586592197418213,0.009311648085713387,-0.00020160058920737356,0,0,0,0,1,0,0,0,1,1,2
0.5006841421127319,0.028212467208504677,0.011376655660569668,2.3636337573407218e-05,0.879347026348114,0.008553356863558292,0.10922370851039886,0.02944977395236492,-0.002406943356618285,-3.058278889511712e-05,-0.0001621157571207732,0.0003188667178619653,0.547128438949585,0.026265034452080727,0.009521666914224625,-0.0003623334923759103,0,1,0,0,0,0,0,0,1,1,15
0.5105406641960144,0.02823813073337078,0.007914240472018719,1.7051394024747424e-05,0.9072685837745667,0.006269343663007021,0.109410360455513,0.026764560490846634,-0.002189383842051029,-3.058362199226394e-05,-0.00015831146447453648,3.5232716050215274e-11,0.557163417339325,0.02585272118449211,0.010430111549794674,-0.0004569024022202939,0,1,0,0,0,0,0,0,0,1,6
0.5188943147659302,0.028439825400710106,0.007043413817882538,0.0001623432763153687,0.9327638745307922,0.004183785989880562,0.10955962538719177,0.024508697912096977,-0.0020048504229635,-2.800617767206859e-05,-0.00014496974472422153,-1.1727554691254305e-11,0.5679686069488525,0.025344619527459145,0.010897832922637463,-0.0005348447593860328,0,0,0,0,0,1,0,0,0,1,8
0.5265690088272095,0.02890508621931076,0.0052617983892560005,0.00030369407613761723,0.9561790227890015,0.0022683972492814064,0.10966691374778748,0.02256139926612377,-0.0018455585232004523,-2.578121711849235e-05,-0.00013345252955332398,1.7571541444105776e-11,0.5789029002189636,0.024785468354821205,0.011204621754586697,-0.0005913123022764921,0,0,0,0,0,0,0,1,0,1,2
0.5315778255462646,0.029501495882868767,0.002943383064121008,0.0003494048141874373,0.9777868390083313,0.0005008436855860054,0.10974535346031189,0.020860766991972923,-0.0017064434941858053,-2.3838021661504172e-05,-0.00012339394015725702,-1.1703749080993475e-11,0.590454638004303,0.02415609173476696,0.011816445738077164,-0.0006593585712835193,0,1,0,0,0,0,0,0,0,1,6
0.5367726683616638,0.030239949002861977,0.005054259207099676,0.00032242038287222385,0.997807502746582,-0.0011368750128895044,0.10980354994535446,0.019360331818461418,-0.0015837070532143116,-2.212358231190592e-05,-0.00011451930913608521,0.0,0.6025795340538025,0.02347022294998169,0.012362003326416016,-0.0007083684322424233,0,0,0,0,0,1,0,0,0,1,13
