lt_dp_posx,lt_dp_posy,lt_dp_velx,lt_dp_vely,ball_posx,ball_posy,ball_posz,ball_vel_x,ball_vel_y,ball_rot_x,ball_rot_y,ball_rot_z,rt_gk_posx,rt_gk_posy,rt_gk_velx,rt_gk_vely,action_left,action_top_left,action_top,action_top_right,action_right,action_bottom_right,action_bottom,action_bottom_left,action_sprint,action_dribble,sel_action
-1.0110293626785278,-0.0,0.0,-0.0,0.019999999552965164,-0.0,0.11061639338731766,-0.0,0.0,0.0,-0.0,0.0,1.0110293626785278,0.0,-0.0,0.0,0,0,0,0,0,0,0,0,0,0,5
0.0,-0.0,0.0,-0.0,0.019999999552965164,-0.0,0.11059734225273132,-0.0,0.0,0.0,-0.0,0.0,1.0110293626785278,0.0,-0.0,0.0,0,0,0,0,1,0,0,0,0,0,5
0.00015050964429974556,2.3460271919573117e-11,0.0013189289020374417,1.1476692859946347e-11,0.019999999552965164,-0.0,0.10930104553699493,-0.0,0.0,0.0,-0.0,0.0,1.0106345415115356,-3.1861822208378854e-11,-0.001967654563486576,-1.5578560663698227e-10,0,0,0,0,1,0,0,0,0,0,5
0.003169773379340768,-1.4493864441966764e-10,0.00444171903654933,-1.5154891230828582e-10,0.019999999552965164,-0.0,0.11075475811958313,-0.0,0.0,0.0,-0.0,0.0,1.0068784952163696,-2.6190344337706506e-10,-0.004527849145233631,-2.1994273069481096e-10,0,0,0,0,1,0,0,0,0,0,13
0.006755396723747253,-1.957444650813045e-09,0.006048675626516342,-3.87537057999765e-10,0.019999999552965164,-0.0,0.11053141206502914,0.00913205649703741,-6.147181652593758e-10,-9.637430827338922e-13,-9.290210982726421e-06,-1.3573547125687868e-13,1.0014904737472534,-4.1574887976736363e-10,-0.006076167803257704,-8.290019365420065e-11,0,0,0,0,1,0,0,0,1,0,16
0.013472573831677437,-2.375027507994787e-09,0.0075225005857646465,-1.680195566011733e-10,0.02855907380580902,-5.773715394674639e-10,0.11543484032154083,0.008211899548768997,-5.546685333257528e-10,2.7993885421545572e-12,1.5690209693275392e-05,-3.075214995845732e-12,0.9946169853210449,1.706823918312672e-11,-0.007505276706069708,5.82823123096432e-10,0,0,0,0,1,0,0,0,1,0,18
0.021728597581386566,-2.5135953318766724e-09,0.008830077946186066,-1.81885340122534e-10,0.036379411816596985,-1.1061840332615702e-09,0.11138299852609634,0.007620302028954029,-5.153768523058488e-10,7.19994723563655e-12,4.507770063355565e-05,0.0,0.986401379108429,4.36413655213741e-10,-0.008770297281444073,2.6548885312394077e-10,0,0,0,0,1,0,0,0,1,0,16
0.030881790444254875,-2.922456943110774e-09,0.009742077440023422,-2.5578592022235114e-10,0.04376407340168953,-1.6056237450712274e-09,0.11308421939611435,0.007194009609520435,-4.865457481351143e-10,6.796908955802872e-12,4.255434760125354e-05,0.0,0.9771802425384521,7.870933349529707e-10,-0.009335489943623543,8.6375523400406e-10,0,0,0,0,1,0,0,0,1,0,18
0.03869873657822609,-4.3936441151970484e-09,0.009488419629633427,-1.4568914130652644e-10,0.05072854459285736,-2.0766453001641594e-09,0.111333929002285,0.006776058580726385,-4.582789148166455e-10,6.401970099878529e-12,4.008169344160706e-05,6.942791578953578e-19,0.9674903154373169,1.4901821998591913e-09,-0.010107545182108879,5.679361425592333e-10,0,0,0,0,1,0,0,0,1,0,16
0.04813002794981003,-4.973140121933284e-09,0.010424151085317135,-8.550311153543433e-11,0.06252732127904892,1.980778506549541e-05,0.14545723795890808,0.013862470164895058,2.7951717129326425e-05,2.8575809096764715e-07,7.840256330382545e-06,3.5737642178901297e-07,0.9569175243377686,1.8527354095354553e-09,-0.01093008928000927,1.9136717210876952e-10,0,0,0,0,1,0,0,0,1,0,16
0.05878075584769249,2.2622389224125072e-06,0.010675542056560516,5.668308858730597e-06,0.07626029849052429,4.7447425458813086e-05,0.11189621686935425,0.013442620635032654,2.6799771148944274e-05,2.3780512492521666e-07,1.3059423508821055e-05,4.052058670822589e-07,0.9460111856460571,4.944678835272498e-07,-0.010957437567412853,9.702289389679208e-07,0,0,0,0,1,0,0,0,1,0,16
0.06991150975227356,1.1484563401609194e-05,0.011478189378976822,1.2574428183143027e-05,0.0888451412320137,7.155003549996763e-05,0.12182088941335678,0.0122311906889081,2.3126820451579988e-05,-1.318102818004263e-07,5.257704833638854e-05,3.361167273396859e-07,0.9346734285354614,2.1068426576675847e-06,-0.011628516018390656,2.138151558028767e-06,0,0,0,0,1,0,0,0,1,0,5
0.08176156133413315,2.7965594199486077e-05,0.01214584894478321,1.8356662621954456e-05,0.10066431760787964,9.372463682666421e-05,0.11328858882188797,0.01153589691966772,2.1608733732136898e-05,-3.0188436994649237e-07,6.824140291428193e-05,9.109768196952431e-14,0.9227253198623657,4.660122613131534e-06,-0.012204927392303944,2.7582773327594623e-06,0,0,0,0,1,0,0,0,1,0,16
0.09422973543405533,4.844388604396954e-05,0.012709463015198708,2.275824772368651e-05,0.11184936761856079,0.00011467617878224701,0.11222801357507706,0.010902130044996738,2.0421579392859712e-05,-2.852877685199928e-07,6.448969361372292e-05,4.5540902591980487e-14,0.9102458953857422,7.687835022807121e-06,-0.012685270980000496,3.2695854770281585e-06,0,0,0,0,1,0,0,0,1,0,5
0.10718514025211334,7.4634728662204e-05,0.013138792477548122,2.9030972655164078e-05,0.12241337448358536,0.00013446439697872847,0.11061704903841019,0.010290587320923805,1.9276052626082674e-05,-2.6928015017801954e-07,6.087116707931273e-05,0.0,0.8973493576049805,1.1245971109019592e-05,-0.013054819777607918,3.7648660509148613e-06,0,0,0,0,1,0,0,0,1,0,5
0.12041448801755905,-0.0015572878764942288,0.013238980434834957,1.9075911040999927e-05,0.1323803961277008,0.00015313435869757086,0.11057812720537186,0.00970765296369791,1.8184113287134096e-05,-2.5402917458450247e-07,5.742365829064511e-05,0.0,0.8841332197189331,1.525006337033119e-05,-0.01333671435713768,4.2406090869917534e-06,0,0,0,0,1,0,0,0,1,0,13
0.13365352153778076,-0.0022489482071250677,0.013239067979156971,7.15291389496997e-06,0.14618335664272308,-2.3735496142762713e-05,0.15490058064460754,0.015498308464884758,-0.0002584803442005068,-6.146940023654679e-08,1.0350106094847433e-05,-7.976349252203363e-07,0.8706738948822021,1.9781098671955988e-05,-0.0135505897924304,4.7605790314264596e-06,0,0,0,0,1,0,0,0,1,0,13
0.14694152772426605,-0.002239745343104005,0.013399124145507812,2.953495641122572e-05,0.16157445311546326,-0.00028042044141329825,0.1334289014339447,0.015303518623113632,-0.0002552282530814409,-6.146940023654679e-08,1.0350106094847433e-05,-7.976349252203363e-07,0.8570301532745361,1.896815410873387e-05,-0.013712574727833271,-1.0892115824390203e-05,0,0,0,0,1,0,0,0,1,0,0
0.16048797965049744,-0.002138615818694234,0.013655073940753937,0.00016761846200097352,0.17598877847194672,-0.0005194549448788166,0.1294790357351303,0.013877257704734802,-0.0002293538418598473,1.575376586515631e-06,4.642819840228185e-05,-1.8863893274101429e-06,0.8432478308677673,-6.2554604483011644e-06,-0.013833887875080109,-3.648130223155022e-05,0,0,0,0,1,0,0,0,1,0,16
0.1742507666349411,-0.0018932271050289273,0.013842477463185787,0.0002950109192170203,0.1893971711397171,-0.0007406179211102426,0.11955047398805618,0.013011065311729908,-0.00021434167865663767,2.9943334993731696e-06,7.696470856899396e-05,0.0,0.8293617367744446,-5.4851585446158424e-05,-0.013924346305429935,-5.375107139116153e-05,0,0,0,0,1,0,0,0,1,0,16
0.18817661702632904,-0.0016261015553027391,0.013987807556986809,0.00023852908634580672,0.20204278826713562,-0.0009489389485679567,0.11305272579193115,0.0123354597017169,-0.00020321195188444108,2.8389185899868608e-06,7.296999683603644e-05,-3.6447586485369166e-13,0.8153980374336243,-0.00010845920769497752,-0.013993066735565662,-5.3478081099456176e-05,0,0,0,0,1,0,0,0,1,0,0
0.20222631096839905,-0.0014224725309759378,0.014095447026193142,0.0001758158759912476,0.21399495005607605,-0.0011458364315330982,0.11263197660446167,0.011644318699836731,-0.00019182628602720797,2.6797520149557386e-06,6.88788277329877e-05,0.0,0.8013759851455688,-0.00016175331256818026,-0.014043555594980717,-5.313451401889324e-05,0,0,0,0,1,0,0,0,1,0,5
0.21631461381912231,-0.0012832327047362924,0.014121787622570992,0.00011329163680784404,0.22527851164340973,-0.0013317198026925325,0.10997515171766281,0.010991089046001434,-0.00018106513016391546,2.5294766601291485e-06,6.50162182864733e-05,3.643358943532238e-13,0.7873099446296692,-0.0002150742948288098,-0.014082123525440693,-5.3540577937383205e-05,0,0,0,0,1,0,0,0,1,0,0
0.2303355634212494,-0.0012068914948031306,0.013827050104737282,4.929860369884409e-05,0.23866933584213257,-0.0014097949024289846,0.14891332387924194,0.015875935554504395,2.139749631169252e-05,8.98818484529329e-07,1.2283048818062525e-05,-9.630675776861608e-07,0.7732114791870117,-0.0002688702952582389,-0.014110873453319073,-5.400044392445125e-05,0,0,0,0,1,0,0,0,1,0,13
0.24380238354206085,-0.0007223005522973835,0.013312505558133125,5.2185432650730945e-06,0.25443336367607117,-0.0013885481748729944,0.14991557598114014,0.015672583132982254,2.1144716811249964e-05,8.98818484529329e-07,1.2283048818062525e-05,-9.630675776861608e-07,0.7590886950492859,-0.0003212911542505026,-0.014131911098957062,-4.836572043132037e-05,0,0,0,0,1,0,0,0,1,0,16
0.2571147382259369,0.0010147127322852612,0.013312675058841705,2.8463357466534944e-06,0.26967301964759827,-0.0013447680976241827,0.13528913259506226,0.015916738659143448,0.0002661653852555901,4.0488751551492896e-07,-7.756295303806837e-07,1.802452374022323e-07,0.7449477314949036,-0.0003632010193541646,-0.014147337526082993,-3.662147355498746e-05,0,0,0,0,1,0,0,0,1,0,0
0.27042728662490845,0.001016254536807537,0.013312522321939468,4.7412785875167174e-07,0.28547656536102295,-0.0010805154452100396,0.17414537072181702,0.015711912885308266,0.0002627134963404387,4.0488751551492896e-07,-7.756295303806837e-07,1.802452374022323e-07,0.7307933568954468,-0.0003931424580514431,-0.01415925845503807,-2.279512227687519e-05,0,0,0,0,1,0,0,0,1,0,5
0.28387242555618286,0.0009880263824015856,0.013567769899964333,-7.276347605511546e-05,0.30106449127197266,-0.0008198792929761112,0.11521957814693451,0.015382506884634495,0.0002570876677054912,3.1557920010527596e-07,1.2763357517542318e-06,3.595498867525748e-07,0.7166286706924438,-0.00039819226367399096,-0.014168374240398407,9.474982107349206e-06,0,0,0,0,1,0,0,0,1,0,13
0.29756221175193787,0.0008394189644604921,0.013779542408883572,-0.0002096269017783925,0.3153144121170044,-0.0005831037415191531,0.13555510342121124,0.013996833004057407,0.00023232428065966815,-9.924923460857826e-07,3.129063406959176e-05,1.908558260765858e-06,0.7024567723274231,-0.00037095267907716334,-0.01417398452758789,4.177783921477385e-05,0,0,0,0,1,0,0,0,1,0,6
0.3114319145679474,0.0005826419219374657,0.01393801998347044,-0.0002551717043388635,0.3288481533527374,-0.00035887639387510717,0.12166450917720795,0.013023816049098969,0.000215336331166327,-2.623291493364377e-06,6.837336695753038e-05,7.766657290630974e-07,0.6882795095443726,-0.00032084991107694805,-0.014179594814777374,5.046988371759653e-05,0,0,0,0,0,1,0,0,1,0,6
0.32512590289115906,0.000748240971006453,0.013893191702663898,-0.00021515393746085465,0.3415127992630005,-0.00014952105993870646,0.11578289419412613,0.01236000843346119,0.00020431532175280154,-2.854287458831095e-06,7.311404624488205e-05,-7.289570965081371e-13,0.6740981936454773,-0.0002711706911213696,-0.014182399027049541,4.903145963908173e-05,0,0,0,0,0,1,0,0,1,0,6
0.33804818987846375,0.0018876686226576567,0.013500723987817764,0.00016552131273783743,0.35349950194358826,4.8623525799484923e-05,0.1115843802690506,0.01477891206741333,0.0035128258168697357,8.69074028742034e-06,9.262132152798586e-06,1.032600448525045e-05,0.6599135994911194,-0.00022154132602736354,-0.014185905456542969,5.454364145407453e-05,0,0,0,0,0,1,0,0,1,0,12
0.35100752115249634,0.002410708460956812,0.012463681399822235,0.001044063363224268,0.3677975833415985,0.0034283900167793036,0.15605109930038452,0.014190609566867352,0.0033525952603667974,3.61997126674396e-06,1.6110474462038837e-05,1.7480060705565847e-05,0.6457267999649048,-0.00015504038310609758,-0.014188009314239025,7.628457387909293e-05,0,0,0,0,0,1,0,0,1,0,10
0.36328646540641785,0.004346384201198816,0.01192864216864109,0.0025816296692937613,0.3818199932575226,0.006737987045198679,0.10035070776939392,0.013621392659842968,0.0031997961923480034,-1.9192093532183208e-06,2.351727380300872e-05,2.286588460265193e-05,0.6315386295318604,-6.679727084701881e-05,-0.01418871060013771,9.802760177990422e-05,0,0,0,0,0,1,0,0,1,0,3
0.3751225471496582,0.006904807407408953,0.011979131028056145,0.002579298336058855,0.39467746019363403,0.009719762951135635,0.12494634836912155,0.012613399885594845,0.002918323501944542,-2.458780181768816e-05,5.3560477681457996e-05,2.2445752620114945e-05,0.6173627376556396,0.00030712649459019303,-0.014155752956867218,0.0006474601686932147,0,0,1,0,0,0,0,0,1,0,12
0.38736504316329956,0.009501149877905846,0.012444047257304192,0.0025987625122070312,0.40686964988708496,0.012532435357570648,0.1146312803030014,0.011897892691195011,0.002742885611951351,-3.831963113043457e-05,7.038319745333865e-05,-5.830856630861803e-12,0.6032546758651733,0.001287877094000578,-0.014059684239327908,0.0012528311926871538,0,0,1,0,0,0,0,0,1,0,7
0.40001875162124634,0.012090283446013927,0.012807635590434074,0.002586021553725004,0.4184061884880066,0.015192018821835518,0.11210114508867264,0.011245314963161945,0.0025924420915544033,-3.621467112679966e-05,6.651695002801716e-05,-1.7489332898579235e-11,0.5892668962478638,0.0028414202388375998,-0.013934163376688957,0.0017535209190100431,0,0,0,0,0,0,1,0,1,0,6
0.41296082735061646,0.014716051518917084,0.013039743527770042,0.0026598928961902857,0.42930683493614197,0.017704986035823822,0.10899712890386581,0.010622164234519005,0.0024487837217748165,-3.42100283887703e-05,6.283494440140203e-05,-1.7486418563139594e-11,0.5754032135009766,0.004813654813915491,-0.013802331872284412,0.002150615444406867,0,0,0,0,0,1,0,0,1,0,14
0.4258178472518921,0.017650216817855835,0.012757517397403717,0.002616296987980604,0.4395962059497833,0.020077040418982506,0.11143915355205536,0.010021929629147053,0.0023104087449610233,-3.227590786991641e-05,5.928246901021339e-05,-2.913961173051094e-12,0.5616870522499084,0.0071834661066532135,-0.013631932437419891,0.0025706072337925434,0,0,0,0,0,0,0,0,1,0,5
0.43750816583633423,0.02038504183292389,0.011347855441272259,0.0019419289892539382,0.4493052363395691,0.022315317764878273,0.10863298177719116,0.009457883425056934,0.002180376322939992,-3.045999983442016e-05,5.594711910816841e-05,0.0,0.5482312440872192,0.01011451706290245,-0.01330025028437376,0.00322354887612164,0,0,0,0,1,0,0,0,1,0,6
0.4469299018383026,0.02191348373889923,0.00835481844842434,0.0012645310489460826,0.5022050738334656,0.02378673665225506,0.4786219894886017,0.05673423409461975,0.0011256212601438165,1.2061555935360957e-05,3.808634210145101e-05,0.0017659025033935905,0.5351477265357971,0.013688971288502216,-0.012894938699901104,0.0038586165755987167,0,0,0,0,0,1,0,0,1,0,6
0.4547192454338074,0.023128144443035126,0.0073944819159805775,0.0011787459952756763,0.5576112270355225,0.024567365646362305,0.6984595656394958,0.05433699116110802,0.000508542638272047,1.2061555935360957e-05,3.808634210145101e-05,0.0017659025033935905,0.5231824517250061,0.01751030795276165,-0.010606120340526104,0.0035279819276183844,0,0,0,0,0,1,0,0,1,0,0
0.46169203519821167,0.023818233981728554,0.006643814034759998,0.0005494464421644807,0.6106799244880676,0.024767540395259857,0.7320998311042786,0.05204559117555618,-4.252337021171115e-05,1.2061555935360957e-05,3.808634210145101e-05,0.0017659025033935905,0.5150994062423706,0.02051716297864914,-0.005745887756347656,0.002531585982069373,0,0,0,0,0,1,0,0,1,0,1
0.46789878606796265,0.024327442049980164,0.006455183029174805,0.0005064683500677347,0.6615068912506104,0.02445099502801895,0.591259241104126,0.04984184354543686,-0.0005318187759257853,1.2061555935360957e-05,3.808634210145101e-05,0.0017659025033935905,0.5123587846755981,0.022924944758415222,-0.0006542486371472478,0.0028442679904401302,1,0,0,0,0,0,0,0,1,0,9
0.4752095341682434,0.024741174653172493,0.007983867079019547,0.00029648319468833506,0.7101717591285706,0.023676946759223938,0.2867393493652344,0.04771237075328827,-0.0009640289354138076,1.2061555935360957e-05,3.808634210145101e-05,0.0017659025033935905,0.5146074891090393,0.025449218228459358,0.004349736496806145,0.0019026144873350859,1,0,0,0,0,0,0,0,1,0,16
0.48393362760543823,0.024806996807456017,0.009290961548686028,-0.00014992422075010836,0.7527820467948914,0.022551311179995537,0.2274157553911209,0.03803747519850731,-0.0012242463417351246,1.2661967048188671e-05,5.9241683629807085e-05,0.001603716635145247,0.5202957987785339,0.026555055752396584,0.006500061601400375,0.0005943638388998806,1,0,0,0,0,0,0,0,1,0,6
0.4933910071849823,0.024573860689997673,0.009710018523037434,-0.00025408773217350245,0.7902151942253113,0.021189305931329727,0.32939305901527405,0.036931540817022324,-0.0014696967555209994,1.2661967048188671e-05,5.9241683629807085e-05,0.001603716635145247,0.5275918245315552,0.026980623602867126,0.00790883507579565,0.00033621012698858976,0,0,0,0,0,1,0,0,1,0,11
0.5036428570747375,0.024298252537846565,0.010655206628143787,-0.0003047898062504828,0.8265174627304077,0.019599566236138344,0.26220187544822693,0.03578122332692146,-0.0016834683483466506,1.2661967048188671e-05,5.9241683629807085e-05,0.001603716635145247,0.5363554954528809,0.027115464210510254,0.009219564497470856,2.0493553165579215e-05,0,0,0,0,0,1,0,0,1,0,8
0.5147786140441895,0.023977704346179962,0.011502438224852085,-0.00033865959267131984,0.8609715104103088,0.017841048538684845,0.13986679911613464,0.03132599592208862,-0.0017251571407541633,1.4909522178641055e-05,8.233964035753161e-05,0.0013363140169531107,0.5459410548210144,0.02697920985519886,0.009559853002429008,-0.00017856575141195208,0,0,0,0,0,0,0,1,1,0,9
0.5266844630241394,0.02362796477973461,0.012201886624097824,-0.0003733537159860134,0.8918822407722473,0.016050364822149277,0.18731555342674255,0.030557986348867416,-0.001841261750087142,1.4909522178641055e-05,8.233964035753161e-05,0.0013363140169531107,0.556159496307373,0.026760857552289963,0.010491574183106422,-0.00023408558627124876,0,0,0,0,0,0,0,1,1,0,4
0.539199948310852,0.023243583738803864,0.012748617678880692,-0.000407431332860142,0.9216722846031189,0.014173087663948536,0.1262385994195938,0.028190869837999344,-0.0018428497714921832,1.801465987227857e-05,0.0001057121335179545,0.0009872406953945756,0.5672190189361572,0.02648208662867546,0.01139065995812416,-0.0003018760762643069,0,0,0,1,0,0,0,0,1,0,16
0.5521917343139648,0.02284492366015911,0.013165648095309734,-0.0004136176430620253,0.9492031335830688,0.012324240058660507,0.10537287592887878,0.026792317628860474,-0.0018368529854342341,1.940581751114223e-05,0.00011535225348779932,0.0008148418855853379,0.579078733921051,0.026152221485972404,0.01204419881105423,-0.00034598945057950914,0,0,0,1,0,0,0,0,1,0,2
0.5655353665351868,0.022431138902902603,0.013476007618010044,-0.0004272189107723534,0.974595844745636,0.010569836013019085,0.11263944953680038,0.02449299953877926,-0.0016948413103818893,2.3676364435232244e-05,0.0001448815455660224,0.0,0.5915012955665588,0.025770442560315132,0.012559107504785061,-0.0004048071859870106,0,1,0,0,0,0,0,0,1,0,18
0.579145073890686,0.022009480744600296,0.01370920892804861,-0.0004321700253058225,0.9980202317237854,0.00894893053919077,0.1106303483247757,0.02258484438061714,-0.001562803634442389,2.1830581317772157e-05,0.00013358669821172953,-5.857254351676611e-12,0.6043981313705444,0.02534143067896366,0.013013776391744614,-0.00044716440606862307,0,1,0,0,0,0,0,0,1,0,18
