lt_dp_posx,lt_dp_posy,lt_dp_velx,lt_dp_vely,ball_posx,ball_posy,ball_posz,ball_vel_x,ball_vel_y,ball_rot_x,ball_rot_y,ball_rot_z,rt_gk_posx,rt_gk_posy,rt_gk_velx,rt_gk_vely,action_left,action_top_left,action_top,action_top_right,action_right,action_bottom_right,action_bottom,action_bottom_left,action_sprint,action_dribble,sel_action
-1.0110293626785278,-0.0,0.0,-0.0,0.019999999552965164,-0.0,0.11061639338731766,-0.0,0.0,0.0,-0.0,0.0,1.0110293626785278,0.0,-0.0,0.0,0,0,0,0,0,0,0,0,0,0,5
0.0022227545268833637,1.214716660591364e-10,0.003935635089874268,2.5671381687075723e-11,0.019999999552965164,-0.0,0.11059734225273132,-0.0,0.0,0.0,-0.0,0.0,1.0110293626785278,0.0,-0.0,0.0,0,0,0,0,1,0,0,0,0,0,5
0.005271322093904018,-2.6352731108403304e-09,0.005585023667663336,-4.004820364222894e-10,0.019999999552965164,-0.0,0.10930104553699493,-0.0,0.0,0.0,-0.0,0.0,1.0110293626785278,0.0,-0.0,0.0,0,0,0,0,1,0,0,0,0,0,13
0.010625659488141537,-4.5637658097064104e-09,0.007103427313268185,-2.554758071759977e-10,0.025320498272776604,-5.634832600520667e-10,0.1260860562324524,0.008659591898322105,-9.180178284218243e-10,2.2965069516184267e-12,6.04173601459479e-06,-4.012789232843428e-12,1.0097103118896484,-9.920856497425135e-11,-0.0033988673239946365,-2.3693721984408e-10,0,0,0,0,1,0,0,0,1,0,5
0.01848970539867878,-4.6795465280524695e-09,0.008461274206638336,-1.3390841213656302e-10,0.03355647996068001,-1.4382255386635734e-09,0.11838945001363754,0.007918355986475945,-8.42004965750931e-10,1.176400036412284e-11,4.684515806729905e-05,0.0,1.005424976348877,-3.2641733760385705e-10,-0.0050032841973006725,-1.9778692572636203e-10,0,0,0,0,1,0,0,0,1,0,0
0.027614345774054527,-4.809848963560626e-09,0.009638728573918343,-8.884844249212875e-11,0.041250068694353104,-2.2563302337630375e-09,0.1135486587882042,0.007504452485591173,-7.979922833634134e-10,1.1148005261973903e-11,4.439179610926658e-05,-6.943675111245361e-19,0.9995788931846619,-4.410829479439826e-10,-0.0065179429948329926,-3.32212729547976e-11,0,0,0,0,1,0,0,0,1,0,13
0.03612228110432625,-6.656200479682184e-09,0.009277104400098324,-1.8268359047723948e-10,0.048517677932977676,-3.0291376074131904e-09,0.11264698207378387,0.007074202410876751,-7.522412137639378e-10,1.0508609607495778e-11,4.1845705709420145e-05,-2.0829425256238677e-18,0.9922854900360107,1.575315711210834e-10,-0.007902874611318111,4.927388497222296e-10,0,0,0,0,1,0,0,0,1,0,18
0.04460865631699562,-8.484513536188842e-09,0.010067443363368511,-1.1342846106821014e-10,0.05758916214108467,8.605913535575382e-06,0.13116511702537537,0.013979627750813961,2.82593955489574e-05,2.9465124384842056e-07,7.136271051422227e-06,3.4855759167840006e-07,0.9837011694908142,4.579762957757083e-10,-0.009114601649343967,1.297964374868954e-10,0,0,0,0,1,0,0,0,1,0,13
0.055106088519096375,4.77037247037515e-07,0.010675542056560516,2.4280604975501774e-06,0.07142878323793411,3.651112274383195e-05,0.13711479306221008,0.013769258745014668,2.7762731406255625e-05,2.854166609722597e-07,8.147850167006254e-06,3.5950483834312763e-07,0.9743693470954895,1.969935112811072e-07,-0.009437869302928448,5.463061256705259e-07,0,0,0,0,1,0,0,0,1,0,5
0.06596015393733978,6.92342246111366e-06,0.011177010834217072,9.552155461278744e-06,0.08453243225812912,6.21985673205927e-05,0.12683330476284027,0.012486477382481098,2.3782886273693293e-05,-6.458757439986584e-08,4.5695003791479394e-05,4.101929391708836e-07,0.9644050598144531,1.183687800221378e-06,-0.010371208190917969,1.4249153537093662e-06,0,0,0,0,1,0,0,0,1,0,0
0.07753842324018478,2.0731586118927225e-05,0.011883500963449478,1.7103986465372145e-05,0.09663836658000946,8.502074342686683e-05,0.1176246926188469,0.011771108955144882,2.2048556274967268e-05,-3.080120904996875e-07,6.962900806684047e-05,0.0,0.9536177515983582,3.183567514497554e-06,-0.010990395210683346,2.344901986361947e-06,0,0,0,0,1,0,0,0,1,0,5
0.08977188169956207,3.966278745792806e-05,0.012501724064350128,2.055774712061975e-05,0.10808058828115463,0.00010645325528457761,0.11083377152681351,0.011161502450704575,2.090670204779599e-05,-2.920708368492342e-07,6.602532812394202e-05,4.554409760025753e-14,0.9426805973052979,5.706604042643448e-06,-0.011172715574502945,2.739721821853891e-06,0,0,0,0,1,0,0,0,1,0,16
0.10254812240600586,6.3369981944561e-05,0.012981190346181393,2.649111411301419e-05,0.1188960000872612,0.00012671167496591806,0.10950885713100433,0.010538773611187935,1.9740258721867576e-05,-2.757730328539765e-07,6.234108150238171e-05,-4.5536562395158756e-14,0.9311493039131165,8.697333214513492e-06,-0.011804524809122086,3.19709056384454e-06,0,0,0,0,1,0,0,0,1,0,13
0.11571427434682846,-0.0007769088260829449,0.013238980434834957,2.3831020371289924e-05,0.1291036754846573,0.00014583177107851952,0.11070510745048523,0.009941724129021168,1.8621918570715934e-05,-2.6014203058366547e-07,5.880753815290518e-05,-6.829461990506477e-14,0.9190320372581482,1.2096388672944158e-05,-0.012362704612314701,3.5905911772715626e-06,0,0,0,0,1,0,0,0,1,0,5
0.12895330786705017,-0.0022525659296661615,0.013239067979156971,1.1915582035726402e-05,0.140615314245224,7.988599827513099e-05,0.13553325831890106,0.01557299867272377,-0.0002598423161543906,-6.126012408458337e-08,1.036990033753682e-05,-7.978075018399977e-07,0.9064158201217651,1.5997322407201864e-05,-0.012806584127247334,4.157530838710954e-06,0,0,0,0,1,0,0,0,1,0,16
0.14219574630260468,-0.0022468690294772387,0.013272990472614765,3.3491965041321237e-06,0.15608079731464386,-0.0001781393657438457,0.15389469265937805,0.015377793461084366,-0.0002565539616625756,-6.126012408458337e-08,1.036990033753682e-05,-7.978075018399977e-07,0.8934142589569092,1.932025952555705e-05,-0.013147382065653801,-6.329038910735107e-07,0,0,0,0,1,0,0,0,1,0,16
0.15563490986824036,-0.002196631161496043,0.013562160544097424,0.00010679462866391987,0.17103396356105804,-0.00042704708175733685,0.12458185106515884,0.014172323048114777,-0.00023464793048333377,1.2913152431792696e-06,4.019002153654583e-05,-1.932192162712454e-06,0.8801179528236389,5.317587238096166e-06,-0.013407538644969463,-2.5687973902677186e-05,0,0,0,0,1,0,0,0,1,0,16
0.16931922733783722,-0.0020076557993888855,0.013774283230304718,0.00025409332010895014,0.18478500843048096,-0.0006542741321027279,0.10572804510593414,0.013355893082916737,-0.00022030368563719094,2.1954676867608214e-06,5.991645957692526e-05,-1.4151382856653072e-06,0.8665980100631714,-3.409827331779525e-05,-0.013603883795440197,-5.0551989261293784e-05,0,0,0,0,1,0,0,0,1,0,18
0.1831846684217453,-0.001725860289297998,0.013934689573943615,0.00026497329236008227,0.19769737124443054,-0.0008670638198964298,0.11271274089813232,0.01260455697774887,-0.000207717705052346,2.90160551230656e-06,7.455514423782006e-05,7.290113066167614e-13,0.8529090285301208,-8.488569437758997e-05,-0.013752544298768044,-5.094467996968888e-05,0,0,0,0,1,0,0,0,1,0,13
0.19718925654888153,-0.0014969457406550646,0.014056352898478508,0.00020027445862069726,0.20992252230644226,-0.001068528858013451,0.11237554252147675,0.011916355229914188,-0.00019637640798464417,2.7433950435806764e-06,7.049003761494532e-05,3.6443049099277314e-13,0.8390927314758301,-0.00013597621000371873,-0.01386404037475586,-5.119355409988202e-05,0,0,0,0,1,0,0,0,1,0,13
0.2112855464220047,-0.0013310274807736278,0.014121859334409237,0.00013841709005646408,0.22146748006343842,-0.0012587840901687741,0.11105363070964813,0.011247918009757996,-0.0001853607827797532,2.5894830741890473e-06,6.653536547673866e-05,3.643614002093315e-13,0.8251807689666748,-0.00018727406859397888,-0.013947486877441406,-5.138828419148922e-05,0,0,0,0,1,0,0,0,1,0,16
0.22538252174854279,-0.0012291098246350884,0.014120737090706825,7.549019937869161e-05,0.2329203486442566,-0.001418543979525566,0.12036368995904922,0.016202325001358986,2.2783331587561406e-05,9.569889698468614e-07,8.313909347634763e-06,-1.1230620202695718e-06,0.8111972808837891,-0.00023875180340837687,-0.014009896665811539,-5.15406827616971e-05,0,0,0,0,1,0,0,0,1,0,18
0.23909927904605865,-0.0011891196481883526,0.013386151753365993,1.1927167179237586e-05,0.24877412617206573,-0.0013969874707981944,0.16152387857437134,0.015753796324133873,2.1391195332398638e-05,8.989440516415925e-07,1.2278042959223967e-05,-9.624997119317413e-07,0.7971601486206055,-0.00029000459471717477,-0.014057580381631851,-4.934360913466662e-05,0,0,0,0,1,0,0,0,1,0,5
0.2524116039276123,0.000357985234586522,0.013312599621713161,3.7958748180244584e-06,0.2643519937992096,-0.00137598707806319,0.10267231613397598,0.015166591852903366,1.9513561710482463e-05,7.958136052366171e-07,1.9121653167530894e-05,-7.102553354343399e-07,0.7830827832221985,-0.0003330708423163742,-0.014091940596699715,-3.791708149947226e-05,0,0,0,0,1,0,0,0,1,0,18
0.2657240331172943,0.0010161364916712046,0.013312522321939468,1.4232747389542055e-06,0.2798015773296356,-0.0011855685152113438,0.17040634155273438,0.01579304225742817,0.0002640736638568342,4.045866432988987e-07,-7.778239137223864e-07,1.8104755383774318e-07,0.7689757943153381,-0.0003646681143436581,-0.014117886312305927,-2.6417477783979848e-05,0,0,0,0,1,0,0,0,1,0,18
0.2790824770927429,0.0010100062936544418,0.013462585397064686,-2.7134015908814035e-05,0.29548346996307373,-0.0009233541204594076,0.1504458338022232,0.015591677278280258,0.0002607136848382652,4.045866432988987e-07,-7.778239137223864e-07,1.8104755383774318e-07,0.7548468112945557,-0.00037851970409974456,-0.014136819168925285,-1.0511913615118829e-06,0,0,0,0,1,0,0,0,1,0,0
0.29268333315849304,0.0009155547013506293,0.013702932745218277,-0.0001561351091368124,0.31032794713974,-0.0006759605021215975,0.1344221979379654,0.01407252624630928,0.00023360838531516492,-9.809391485759988e-07,3.1020234018797055e-05,1.904934265439806e-06,0.74070143699646,-0.00036369028384797275,-0.014151545241475105,2.783072523016017e-05,0,0,0,0,1,0,0,0,1,0,6
0.30648720264434814,0.000688004307448864,0.01387876644730568,-0.0002729546104092151,0.32421186566352844,-0.00044560377136804163,0.10671103000640869,0.013519799336791039,0.00022400567831937224,-1.4116085367277265e-06,4.0852839447325096e-05,1.9270405573479366e-06,0.7265440225601196,-0.00032286872738040984,-0.014161362312734127,4.5094282540958375e-05,0,0,0,0,0,1,0,0,1,0,6
0.32044389843940735,0.0004429569817148149,0.014014454558491707,-0.00021702845697291195,0.3371511399745941,-0.0002316628088010475,0.10754548758268356,0.012635797262191772,0.0002088762412313372,-2.9181892386986874e-06,7.475016900571063e-05,0.0,0.7123775482177734,-0.00027789900195784867,-0.014169776812195778,4.486679972615093e-05,0,0,0,0,0,1,0,0,1,0,7
0.33353251218795776,0.0014054286293685436,0.013691570609807968,0.00015737237117718905,0.3494088053703308,-2.9037024432909675e-05,0.11276651173830032,0.01195143349468708,0.00019756334950216115,-2.7599380700848997e-06,7.069655111990869e-05,0.0,0.6982041597366333,-0.0002331604337086901,-0.014176088385283947,4.463285586098209e-05,0,0,0,0,0,0,1,0,1,0,12
0.34656211733818054,0.002101719845086336,0.013037989847362041,0.0003355185326654464,0.36273258924484253,0.00208508362993598,0.15035368502140045,0.014260595664381981,0.0033694044686853886,3.6201511193212355e-06,1.6110083379317075e-05,1.7479884263593704e-05,0.6840256452560425,-0.00017965005827136338,-0.014180295169353485,6.077470243326388e-05,0,0,0,0,0,0,1,0,1,0,12
0.3590753972530365,0.003386939875781536,0.01239776611328125,0.0019756159745156765,0.3768967390060425,0.005431510973721743,0.1345832198858261,0.014085211791098118,0.003327844897285104,3.6201511193212355e-06,1.6110083379317075e-05,1.7479884263593704e-05,0.6698434352874756,-0.00010999548976542428,-0.014183801598846912,7.692033977946267e-05,0,0,0,0,0,0,1,0,1,0,2
0.37098395824432373,0.005877894349396229,0.011766658164560795,0.002545606577768922,0.3902234137058258,0.008544874377548695,0.13146385550498962,0.012800402007997036,0.0029664048925042152,-2.1424861188279465e-05,4.942740633850917e-05,2.4914461391745135e-05,0.6556622385978699,8.217744471039623e-05,-0.014173283241689205,0.0003969552053604275,0,1,0,0,0,0,0,0,1,0,6
0.3830345869064331,0.00846150703728199,0.012268739752471447,0.002599931787699461,0.4026968777179718,0.01142739225178957,0.11832620203495026,0.012131649069488049,0.002796776592731476,-3.9069920603651553e-05,7.176122744567692e-05,5.831256484623015e-12,0.6415156722068787,0.0007661402341909707,-0.014117185026407242,0.0009184867958538234,0,0,0,0,0,1,0,0,1,0,12
0.39553558826446533,0.011057214811444283,0.01267580408602953,0.002587796887382865,0.41448986530303955,0.01414609607309103,0.11485911905765533,0.011504095047712326,0.0026521040126681328,-3.704997288878076e-05,6.805108569096774e-05,-5.8301983033026694e-12,0.6274482607841492,0.0019637886434793472,-0.01402672566473484,0.0013944029342383146,0,0,0,0,0,1,0,0,1,0,12
0.4083782434463501,0.013656959868967533,0.012956647202372551,0.0026292065158486366,0.4256429970264435,0.016717301681637764,0.11186166107654572,0.010865462012588978,0.002504877047613263,-3.499162630760111e-05,6.427042535506189e-05,-5.829178285898795e-12,0.6134633421897888,0.0035246326588094234,-0.013948889449238777,0.001696768100373447,0,0,0,0,0,1,0,0,1,0,14
0.4213826060295105,0.01640917919576168,0.013046467676758766,0.002675442025065422,0.4361737370491028,0.019145004451274872,0.11103268712759018,0.01025848276913166,0.0023649469949305058,-3.30378461512737e-05,6.068185030017048e-05,0.0,0.599564790725708,0.005386846140027046,-0.013855625875294209,0.0019972759764641523,0,0,0,0,0,0,0,0,1,0,4
0.43359342217445374,0.019390055909752846,0.011752490885555744,0.0020900643430650234,0.4461106061935425,0.021435804665088654,0.10831203311681747,0.009679327718913555,0.002231431193649769,-3.117326195933856e-05,5.725707524106838e-05,-8.741161440506406e-12,0.5857869386672974,0.007596228271722794,-0.01370345801115036,0.002401653677225113,0,0,0,1,0,0,0,0,1,0,18
0.444156289100647,0.02143057808279991,0.009226448833942413,0.0013418032322078943,0.48241040110588074,0.023598887026309967,0.2715510129928589,0.06246509775519371,0.0020959037356078625,-1.6648677046759985e-05,3.6377015931066126e-05,0.0002984993043355644,0.5721869468688965,0.01023247092962265,-0.013510620221495628,0.002827270654961467,0,0,0,1,0,0,0,0,1,0,0
0.4523825943470001,0.022656822577118874,0.0073944819159805775,0.0011787317926064134,0.5432288646697998,0.025592274963855743,0.442609578371048,0.05950324609875679,0.001909422455355525,-1.6648677046759985e-05,3.6377015931066126e-05,0.0002984993043355644,0.5590572953224182,0.013201476074755192,-0.012213693000376225,0.0028971137944608927,0,0,0,1,0,0,0,0,1,0,12
0.4595790505409241,0.023592276498675346,0.006899062544107437,0.0005705647636204958,0.6011945605278015,0.02739887498319149,0.4246467649936676,0.05673373490571976,0.0017223915783688426,-1.6648677046759985e-05,3.6377015931066126e-05,0.0002984993043355644,0.5490838885307312,0.01585274003446102,-0.007789976429194212,0.002465236699208617,0,0,0,1,0,0,0,0,1,0,13
0.4660184383392334,0.024124806746840477,0.00613261666148901,0.0005071813357062638,0.6564800143241882,0.02901824377477169,0.22984831035137177,0.054122183471918106,0.0015350502217188478,-1.6648677046759985e-05,3.6377015931066126e-05,0.0002984993043355644,0.5444623827934265,0.018397150561213493,-0.002151377033442259,0.0030448276083916426,0,0,0,1,0,0,0,0,1,0,0
0.47271859645843506,0.024642542004585266,0.007379756309092045,0.0005139688728377223,0.705177366733551,0.03043409436941147,0.19851289689540863,0.045056648552417755,0.0013400668976828456,-1.6853904526215047e-05,5.64161418878939e-05,0.0002779288333840668,0.544870138168335,0.021283233538269997,0.0028708402533084154,0.002496008761227131,0,0,0,1,0,0,0,0,1,0,18
0.4808841645717621,0.025102371349930763,0.008779062889516354,0.00039627106161788106,0.7493550181388855,0.03171325847506523,0.18967017531394958,0.043455418199300766,0.0012281994568184018,-1.6853904526215047e-05,5.64161418878939e-05,0.0002779288333840668,0.5496504902839661,0.023012589663267136,0.005854929331690073,0.0012118708109483123,0,0,0,1,0,0,0,0,1,0,2
0.4901164472103119,0.025411473587155342,0.009325672872364521,0.00027754661277867854,0.790312647819519,0.03287145495414734,0.14383386075496674,0.037915367633104324,0.0011039192322641611,-1.666403841227293e-05,8.233125845436007e-05,0.00023873875034041703,0.5563714504241943,0.02395538054406643,0.0073776524513959885,0.0008738497272133827,0,1,0,0,0,0,0,0,1,0,7
0.49992436170578003,0.02569884993135929,0.010267776437103748,0.0002967969048768282,0.8272694945335388,0.03393110632896423,0.11655249446630478,0.03472747281193733,0.0010177347576245666,-1.6168678484973498e-05,0.00010654929792508483,0.00019317406986374408,0.5644941926002502,0.02472216635942459,0.008703680709004402,0.0006645490066148341,0,0,0,0,0,0,1,0,1,0,4
0.5106875896453857,0.0260035190731287,0.01114256214350462,0.0003103434282820672,0.8598093390464783,0.03489680960774422,0.1147996038198471,0.030718406662344933,0.0009266463457606733,-1.453025561204413e-05,0.00015068332140799612,8.717736636754125e-05,0.5736762881278992,0.02523222006857395,0.009314102120697498,0.0004094753530807793,0,0,0,1,0,0,0,0,1,0,9
0.5222782492637634,0.02632535621523857,0.01192864216864109,0.00032985038706101477,0.8888599276542664,0.035778023302555084,0.10957380384206772,0.0278139840811491,0.0008443901897408068,-1.179515129479114e-05,0.00016451627016067505,-1.1752513025264921e-11,0.5832685232162476,0.02563455142080784,0.009997101500630379,0.0004037430335301906,0,0,0,1,0,0,0,0,1,0,15
0.5345556735992432,0.026662258431315422,0.012538713403046131,0.0003418854030314833,0.9153246283531189,0.03658145293593407,0.1095157340168953,0.025417614728212357,0.0007716401596553624,-1.0779168405861128e-05,0.0001503455132478848,-5.867047733060238e-12,0.5937395095825195,0.02603505551815033,0.01083542313426733,0.00039629958337172866,0,0,0,1,0,0,0,0,0,0,10
0.547362208366394,0.027009671553969383,0.01300608366727829,0.00035235186805948615,0.9395849108695984,0.03731796145439148,0.10963380336761475,0.02335820347070694,0.0007091196603141725,-9.90590615401743e-06,0.00013816538557875901,0.0,0.604626476764679,0.02642134390771389,0.010866276919841766,0.00037953045102767646,0,0,0,1,0,0,0,0,0,0,13
0.5605708360671997,0.027367133647203445,0.013359153643250465,0.00036119273863732815,0.9619379043579102,0.0379965640604496,0.10972100496292114,0.02156653255224228,0.0006547269294969738,-9.146141564997379e-06,0.00012756844807881862,-8.781038396410423e-12,0.6158810257911682,0.026806849986314774,0.011552081443369389,0.0003899113507941365,0,0,0,1,0,0,0,0,1,0,18
0.5740823149681091,0.02773207612335682,0.013624219223856926,0.0003677235799841583,0.9826219081878662,0.03862449526786804,0.10978540033102036,0.019991086795926094,0.0006068988586775959,-8.478062227368355e-06,0.0001182502310257405,1.462331124246763e-12,0.6277549862861633,0.027202272787690163,0.012133401818573475,0.000401917815906927,0,0,0,1,0,0,0,0,1,0,18
0.5878200531005859,0.028102591633796692,0.0138216158375144,0.0003725147689692676,1.0018306970596313,0.03920764476060867,0.10983359813690186,0.01859271340072155,0.0005644464981742203,-7.885065315349493e-06,0.00010997919162036851,1.4613637990684714e-12,0.640169620513916,0.02761109545826912,0.012625666335225105,0.00041343949851579964,0,0,0,1,0,0,0,0,1,0,18
