lt_dp_posx,lt_dp_posy,lt_dp_velx,lt_dp_vely,ball_posx,ball_posy,ball_posz,ball_vel_x,ball_vel_y,ball_rot_x,ball_rot_y,ball_rot_z,rt_gk_posx,rt_gk_posy,rt_gk_velx,rt_gk_vely,action_left,action_top_left,action_top,action_top_right,action_right,action_bottom_right,action_bottom,action_bottom_left,action_sprint,action_dribble,sel_action
-1.0110293626785278,-0.0,0.0,-0.0,0.019999999552965164,-0.0,0.11061639338731766,-0.0,0.0,0.0,-0.0,0.0,1.0110293626785278,0.0,-0.0,0.0,0,0,0,0,0,0,0,0,0,0,5
0.0,-0.0,0.0,-0.0,0.019999999552965164,-0.0,0.11059734225273132,-0.0,0.0,0.0,-0.0,0.0,1.0110293626785278,0.0,-0.0,0.0,0,0,0,0,1,0,0,0,0,0,5
0.00032308624940924346,3.615717447669198e-11,0.0019679905381053686,1.6625298360217755e-11,0.019999999552965164,-0.0,0.10930104553699493,-0.0,0.0,0.0,-0.0,0.0,1.0089819431304932,-1.4662690506206388e-10,-0.003723537316545844,-2.399299370292596e-10,0,0,0,0,1,0,0,0,0,0,5
0.003517754143103957,-4.4129966347838945e-10,0.00461391219869256,-1.5669146535834955e-10,0.019999999552965164,-0.0,0.11075475811958313,-0.0,0.0,0.0,-0.0,0.0,1.0043776035308838,-3.568936812747836e-10,-0.005314630456268787,-1.64072269659421e-10,0,0,0,0,1,0,0,0,0,0,13
0.006782666780054569,-4.028840372427567e-09,0.006209590006619692,-3.971326323348734e-10,0.019999999552965164,-0.0,0.11053141206502914,0.009301592595875263,-9.824338009778444e-10,-1.3329711683399137e-12,-9.536828656564467e-06,-1.9272257401059534e-13,0.9982317090034485,-2.933779608138565e-10,-0.006807551719248295,6.667168483964758e-10,0,0,0,0,1,0,0,0,1,0,18
0.013608739711344242,-4.606135917128995e-09,0.007666833233088255,-1.6548507009161995e-10,0.028724046424031258,-9.239055631660165e-10,0.11649638414382935,0.008379608392715454,-8.888570990350786e-10,4.3357786978781565e-12,1.4811776054557413e-05,-4.8763311097377304e-12,0.9906662106513977,2.761143258478427e-10,-0.008160226047039032,4.52375609194533e-10,0,0,0,0,1,0,0,0,1,0,16
0.021998636424541473,-4.733373248910766e-09,0.008955181576311588,-1.5050247159642538e-10,0.03670034185051918,-1.7712383781898211e-09,0.1108342632651329,0.007768489886075258,-8.254645855743092e-10,1.1531954210997064e-11,4.5954315282870084e-05,0.0,0.9818469882011414,5.47963785457739e-10,-0.009317257441580296,1.0855834980949552e-10,0,0,0,0,1,0,0,0,1,0,5
0.03128108009696007,-5.236657774077003e-09,0.009851337410509586,-2.586511560487281e-10,0.044229645282030106,-2.571286961128294e-09,0.11303352564573288,0.007336480543017387,-7.795601386639817e-10,1.0890240965955034e-11,4.339710721978918e-05,-2.777385258485358e-18,0.9724517464637756,7.228292409067194e-10,-0.009637720882892609,1.7412164765584492e-10,0,0,0,0,1,0,0,0,1,0,0
0.03928247466683388,-7.526324452555855e-09,0.009585121646523476,-1.4680384685661352e-10,0.05133315175771713,-3.326092290478755e-09,0.11132440716028214,0.006912638898938894,-7.345238306477597e-10,1.0261005586875704e-11,4.08896230510436e-05,0.0,0.9623057246208191,8.319231414866124e-10,-0.010538101196289062,4.8157967197370866e-11,0,0,0,0,1,0,0,0,1,0,16
0.04875368997454643,-8.404120954708105e-09,0.010424151085317135,-8.550311153543433e-11,0.06317287683486938,1.980688284675125e-05,0.14544127881526947,0.013863089494407177,2.795229920593556e-05,2.854024501175445e-07,8.161829100572504e-06,3.5960084687758354e-07,0.9514368772506714,5.420598370164953e-08,-0.010879600420594215,2.1183548426506604e-07,0,0,0,0,1,0,0,0,1,0,13
0.05940442159771919,2.257786036352627e-06,0.010675586760044098,5.6657531786186155e-06,0.07690628618001938,4.7446239477721974e-05,0.1118243932723999,0.013442622497677803,2.6796515157911927e-05,2.3701809936937934e-07,1.3407649930741172e-05,4.0730273553890584e-07,0.9404253959655762,5.551164008466003e-07,-0.011310156434774399,7.353269211307634e-07,0,0,0,0,1,0,0,0,1,0,13
0.07053516805171967,1.147595321526751e-05,0.011478145606815815,1.256876112165628e-05,0.08949404209852219,7.15493515599519e-05,0.12184744328260422,0.012235801666975021,2.3131568013923243e-05,-1.339994781801579e-07,5.291341585689224e-05,3.3340521099489706e-07,0.9287715554237366,1.5741826473458786e-06,-0.011916019953787327,1.238526465385803e-06,0,0,0,0,1,0,0,0,1,0,13
0.08238522708415985,2.7949581635766663e-05,0.01214584894478321,1.834850263549015e-05,0.10131950676441193,9.373435023007914e-05,0.11328329145908356,0.011542401276528835,2.162018972740043e-05,-3.020444410140044e-07,6.827987817814574e-05,9.109784459985018e-14,0.9165447354316711,3.1142581065068953e-06,-0.012460877187550068,1.9220851754653268e-06,0,0,0,0,1,0,0,0,1,0,5
0.09485340118408203,4.841870759264566e-05,0.012709463015198708,2.2747888579033315e-05,0.11251083016395569,0.00011469692981336266,0.1122271865606308,0.010908231139183044,2.043231506831944e-05,-2.8543763619381934e-07,6.452578963944688e-05,4.5540980519011634e-14,0.9038431644439697,5.640684776153648e-06,-0.01288231648504734,3.0193100428732578e-06,0,0,0,0,1,0,0,0,1,0,16
0.10780879855155945,7.45971265132539e-05,0.013138792477548122,2.9016824555583298e-05,0.12308074533939362,0.00013449553807731718,0.11061712354421616,0.010296326130628586,1.9286138922325335e-05,-2.694210650133755e-07,6.090510942158289e-05,-4.553374685764208e-14,0.8907760381698608,9.101262548938394e-06,-0.013204882852733135,3.696353587656631e-06,0,0,0,0,1,0,0,0,1,0,5
0.12103816866874695,-0.0015573296695947647,0.013239067979156971,1.906564284581691e-05,0.13305331766605377,0.00015317529323510826,0.11057806015014648,0.009713064879179,1.819362660171464e-05,-2.5416198923267075e-07,5.7455661590211093e-05,-2.2763620822303585e-14,0.8774299025535583,1.3127610145602375e-05,-0.013451716862618923,4.29472265750519e-06,0,0,0,0,1,0,0,0,1,0,18
0.13427720963954926,-0.0022489926777780056,0.013239067979156971,7.149349130486371e-06,0.1468552201986313,-2.3717051590210758e-05,0.15487439930438995,0.01549452729523182,-0.00025851611280813813,-6.1245572169355e-08,1.0370954441896174e-05,-7.97824554865656e-07,0.8638719320297241,1.7478087102063e-05,-0.013637542724609375,3.0420744678849587e-06,0,0,0,0,1,0,0,0,1,0,5
0.14756521582603455,-0.0022397954016923904,0.013399211689829826,2.9517132134060375e-05,0.162242591381073,-0.0002804379619192332,0.13336381316184998,0.015299826860427856,-0.0002552643418312073,-6.1245572169355e-08,1.0370954441896174e-05,-7.97824554865656e-07,0.8501538634300232,1.2919449545734096e-05,-0.01377778872847557,-1.1011775313818362e-05,0,0,0,0,1,0,0,0,1,0,16
0.16111165285110474,-0.0021387278102338314,0.013655073940753937,0.00016751686052884907,0.1766522377729416,-0.0005194815457798541,0.12949620187282562,0.013873097486793995,-0.00022936805908102542,1.5777980024722638e-06,4.6475000999635085e-05,-1.8851662844099337e-06,0.8363156914710999,-5.445191618491663e-06,-0.013882973231375217,-2.4396627850364894e-05,0,0,0,0,1,0,0,0,1,0,13
0.1748744398355484,-0.001893489621579647,0.013842477463185787,0.0002948326582554728,0.19005738198757172,-0.0007406710647046566,0.11954529583454132,0.013008235953748226,-0.00021437337272800505,2.994776878040284e-06,7.694802479818463e-05,1.0936557649082745e-12,0.8223870992660522,-3.655821637948975e-05,-0.013962212949991226,-3.634113090811297e-05,0,0,0,0,1,0,0,0,1,0,16
0.18880029022693634,-0.0016265184385702014,0.013987807556986809,0.0002383989776717499,0.2027001976966858,-0.0009490224183537066,0.11305633187294006,0.01233275979757309,-0.00020324165234342217,2.839335820681299e-06,7.2954069764819e-05,0.0,0.8083912134170532,-7.928709237603471e-05,-0.014020415022969246,-4.796194116352126e-05,0,0,0,0,1,0,0,0,1,0,18
0.20284996926784515,-0.001422988367266953,0.01409527100622654,0.00017574102093931288,0.2146497368812561,-0.0011459490051493049,0.11263246089220047,0.011641810648143291,-0.00019185489509254694,2.680153329492896e-06,6.886404298711568e-05,-3.644015970048764e-13,0.7943452000617981,-0.00013248503091745079,-0.014064592309296131,-5.49289834452793e-05,0,0,0,0,1,0,0,0,1,0,18
0.21695296466350555,-0.0012827024329453707,0.014121786691248417,0.00011324710067128763,0.22593088448047638,-0.0013318603159859776,0.10997552424669266,0.010988745838403702,-0.0001810923859011382,2.5298593300249195e-06,6.500243034679443e-05,7.286713550255786e-13,0.7802618145942688,-0.00018737305072136223,-0.014096848666667938,-5.484866051119752e-05,0,0,0,0,1,0,0,0,1,0,16
0.23098665475845337,-0.0012054328108206391,0.013827050104737282,4.9278994993073866e-05,0.2393205761909485,-0.0014098623069003224,0.1489134430885315,0.015875892713665962,2.1568892407231033e-05,8.989474622467242e-07,1.2277810128580313e-05,-9.624698122934205e-07,0.7661502957344055,-0.0002421616663923487,-0.014122093096375465,-5.473525379784405e-05,0,0,0,0,1,0,0,0,1,0,5
0.24445347487926483,-0.0007211080519482493,0.013312393799424171,5.218686055741273e-06,0.2550845742225647,-0.001388445496559143,0.1499163806438446,0.015672532841563225,2.131389919668436e-05,8.989474622467242e-07,1.2277810128580313e-05,-9.624698122934205e-07,0.7520177960395813,-0.00029708794318139553,-0.014140325598418713,-5.508126923814416e-05,0,0,0,0,1,0,0,0,1,0,18
0.2577657699584961,0.0010149396257475019,0.013312561437487602,2.8463357466534944e-06,0.2703242003917694,-0.0013445186195895076,0.13528886437416077,0.015916721895337105,0.00026616474497132003,4.0457160821461e-07,-7.778881467856991e-07,1.810869179053043e-07,0.7378697395324707,-0.00035235180985182524,-0.014153649099171162,-5.541124119190499e-05,0,0,0,0,1,0,0,0,1,0,16
0.27107828855514526,0.0010164814302697778,0.013312522321939468,4.7412785875167174e-07,0.2861277163028717,-0.0010802662000060081,0.17414522171020508,0.015711896121501923,0.00026271294336766005,4.0457160821461e-07,-7.778881467856991e-07,1.810869179053043e-07,0.723710298538208,-0.0003988332755398005,-0.014163466170430183,-2.971097273984924e-05,0,0,0,0,1,0,0,0,1,0,0
0.28452345728874207,0.0009882538579404354,0.013567769899964333,-7.276169344549999e-05,0.3017156720161438,-0.0008196306298486888,0.11521993577480316,0.015382492914795876,0.0002570872602518648,3.1527969213129836e-07,1.2739145631712745e-06,3.603444440614112e-07,0.7095420360565186,-0.00040484615601599216,-0.014171179383993149,1.3383417353907134e-05,0,0,0,0,1,0,0,0,1,0,5
0.2982132136821747,0.0008396491757594049,0.013779542408883572,-0.00020962422422599047,0.31596559286117554,-0.0005828543216921389,0.13555482029914856,0.013996792957186699,0.00023232516832649708,-9.92687432699313e-07,3.128899697912857e-05,1.908988224386121e-06,0.6953673958778381,-0.0003689803706947714,-0.014176789671182632,4.826367512578145e-05,0,0,0,0,1,0,0,0,1,0,18
0.3120829463005066,0.0005828766152262688,0.01393801998347044,-0.00025516768801026046,0.3294992446899414,-0.00035862604272551835,0.12166457623243332,0.013023747131228447,0.00021533743711188436,-2.6228797196381493e-06,6.836227112216875e-05,7.775562949063897e-07,0.6811879873275757,-0.0003196837496943772,-0.01418099645525217,5.014125054003671e-05,0,0,0,0,1,0,0,0,1,0,6
0.32577693462371826,0.0007484968518838286,0.013893104158341885,-0.00021515079424716532,0.3421638607978821,-0.00014926999574527144,0.11578278243541718,0.01235992182046175,0.0002043160202447325,-2.8542970085254638e-06,7.311353692784905e-05,-7.289569880879199e-13,0.6670049428939819,-0.00026851127040572464,-0.014184502884745598,5.201592648518272e-05,0,0,0,0,0,1,0,0,1,0,6
0.3386993408203125,0.001887975842691958,0.013500639237463474,0.00016552608576603234,0.3541504740715027,4.887531395070255e-05,0.11158435791730881,0.0147789241746068,0.003512835828587413,8.690764843777288e-06,9.26191933103837e-06,1.0325990842829924e-05,0.6528195738792419,-0.00021496023691724986,-0.014185905456542969,5.501019404619001e-05,0,0,0,0,0,1,0,0,1,0,12
0.3516586720943451,0.0024110223166644573,0.012463681399822235,0.001044063363224268,0.36844852566719055,0.0034286517184227705,0.15605123341083527,0.014190621674060822,0.003352605039253831,3.6201518014422618e-06,1.6110056094476022e-05,1.7479889720561914e-05,0.6386322379112244,-0.00015815009828656912,-0.01418871060013771,5.828263601870276e-05,0,0,0,0,0,1,0,0,1,0,12
0.3639376163482666,0.004346699453890324,0.01192864216864109,0.0025816368870437145,0.3824709355831146,0.006738259457051754,0.10035105794668198,0.013621417805552483,0.0031998089980334044,-1.91882418221212e-06,2.351659168198239e-05,2.286564813402947e-05,0.624444842338562,-4.314786201575771e-05,-0.014183100312948227,0.00028122469666413963,0,0,0,0,0,1,0,0,1,0,12
0.37577348947525024,0.00690512964501977,0.01197878085076809,0.0025793055538088083,0.3953284025192261,0.00972004421055317,0.12494631856679916,0.012613404542207718,0.0029183304868638515,-2.4587014195276424e-05,5.3559291700366884e-05,2.2446431103162467e-05,0.6102852821350098,0.0005415719351731241,-0.014132611453533173,0.0008327449904754758,0,0,0,0,0,1,0,0,1,0,5
0.3880157172679901,0.009501487016677856,0.012443697080016136,0.002598776714876294,0.407520592212677,0.012532717548310757,0.11463122814893723,0.011897871270775795,0.002742883050814271,-3.8319602026604116e-05,7.03830664861016e-05,-5.830856630861803e-12,0.5962040424346924,0.0016763665480539203,-0.014031634666025639,0.0013813376426696777,0,0,0,0,1,0,0,0,1,0,12
0.40066930651664734,0.012090614065527916,0.012807635590434074,0.0025860073510557413,0.419057160615921,0.015192298218607903,0.11210114508867264,0.011245299130678177,0.0025924404617398977,-3.6214649298926815e-05,6.651685544056818e-05,-1.165955526571949e-11,0.5822299718856812,0.0032827130053192377,-0.013922593556344509,0.001789968111552298,0,0,0,0,1,0,0,0,1,0,0
0.41361135244369507,0.014716367237269878,0.013039743527770042,0.002659878693521023,0.42995768785476685,0.017705263569951057,0.10899712890386581,0.01062215119600296,0.002448783256113529,-3.421002111281268e-05,6.283486436586827e-05,-1.7486418563139594e-11,0.5683802962303162,0.005295776296406984,-0.01378550287336111,0.0021949908696115017,0,0,0,0,1,0,0,0,1,0,14
0.4264684021472931,0.01765049621462822,0.012757517397403717,0.0026162550784647465,0.4402470588684082,0.020077316090464592,0.11143915355205536,0.010021919384598732,0.0023104092106223106,-3.2275911507895216e-05,5.9282414440531284e-05,-2.913961173051094e-12,0.5547052621841431,0.007760585285723209,-0.013555498793721199,0.002735432470217347,0,0,0,0,0,0,0,0,1,0,18
0.43815869092941284,0.02038528211414814,0.011347505263984203,0.0019419011659920216,0.44995608925819397,0.02231559343636036,0.10863298177719116,0.009457872249186039,0.002180376322939992,-3.0459996196441352e-05,5.594705362454988e-05,0.0,0.5413274168968201,0.010838980786502361,-0.013222062960267067,0.003356682602316141,0,0,0,0,0,0,0,0,1,0,0
0.4475804567337036,0.021913699805736542,0.00835481844842434,0.0012645168462768197,0.5070623159408569,0.02211702987551689,0.31163281202316284,0.06117622181773186,-0.0005932697677053511,4.844136583415093e-06,3.536047006491572e-05,0.0010019084438681602,0.5283893346786499,0.014496032148599625,-0.012357445433735847,0.0037369546480476856,0,0,0,0,0,0,0,0,1,0,1
0.455369770526886,0.023128332570195198,0.0073944819159805775,0.0011787032708525658,0.5666216015815735,0.02135300450026989,0.3540782332420349,0.05826570466160774,-0.0008991833892650902,4.844136583415093e-06,3.536047006491572e-05,0.0010019084438681602,0.5179548859596252,0.017817478626966476,-0.0085245156660676,0.0029277431312948465,1,0,0,0,0,0,0,0,1,0,18
0.4623425602912903,0.023818403482437134,0.006643814034759998,0.0005494179204106331,0.6233710646629333,0.020299747586250305,0.21831990778446198,0.05553307756781578,-0.0011748006800189614,4.844136583415093e-06,3.536047006491572e-05,0.0010019084438681602,0.5124604105949402,0.020281435921788216,-0.0028420896269381046,0.002166357822716236,1,0,0,0,0,0,0,0,1,0,18
0.46854937076568604,0.024327458813786507,0.006455533672124147,0.0005055557703599334,0.6738840341567993,0.019070982933044434,0.17524078488349915,0.04605115205049515,-0.0012460730504244566,6.086560915719019e-06,5.8793837524717674e-05,0.0009103378397412598,0.5121225714683533,0.022999566048383713,0.0020363752264529467,0.0026484141126275063,1,0,0,0,0,0,0,0,1,0,12
0.4758608341217041,0.024735331535339355,0.007984918542206287,0.0002853037731256336,0.7190027236938477,0.017728546634316444,0.15455937385559082,0.04435214400291443,-0.0014176592230796814,6.086560915719019e-06,5.8793837524717674e-05,0.0009103378397412598,0.5164413452148438,0.024866817519068718,0.0056200167164206505,0.0012056679697707295,1,0,0,0,0,0,0,0,1,0,3
0.48459315299987793,0.024781720712780952,0.009289558976888657,-0.00017838615167420357,0.7598156332969666,0.016322704032063484,0.1395253688097,0.038503050804138184,-0.0013991581508889794,8.312485078931786e-06,8.721716585569084e-05,0.0007656739326193929,0.5229887366294861,0.025556789711117744,0.007221628446131945,0.00047914718743413687,0,0,1,0,0,0,0,0,1,0,4
0.494124174118042,0.024525608867406845,0.009753808379173279,-0.0002813965256791562,0.7961909174919128,0.014934644103050232,0.11472108215093613,0.03403257951140404,-0.0013428771635517478,1.1569655725907069e-05,0.00012291799066588283,0.0005418072105385363,0.5309584736824036,0.025864023715257645,0.008551513776183128,0.00013871626288164407,0,0,0,1,0,0,0,0,1,0,4
0.5044684410095215,0.02422451600432396,0.010715784505009651,-0.000333553267410025,0.8278691172599792,0.013661311939358711,0.10897701233625412,0.03005352057516575,-0.0012180767953395844,1.6609232261544093e-05,0.0001740705774864182,6.289456359809265e-05,0.5400620698928833,0.025762254372239113,0.009323217906057835,-0.0003067500365432352,0,0,0,1,0,0,0,0,1,0,1
0.5156989693641663,0.023881979286670685,0.011572503484785557,-0.00036488124169409275,0.8563733100891113,0.012506065890192986,0.10938075184822083,0.02731146849691868,-0.0011069063330069184,1.5462417650269344e-05,0.00016154625336639583,-1.762276782835137e-11,0.5495774149894714,0.02543305978178978,0.009888211265206337,-0.00035308636142872274,1,0,0,0,0,0,0,0,1,0,8
0.5276697874069214,0.02350500598549843,0.012252332642674446,-0.00040327594615519047,0.8823763132095337,0.011452188715338707,0.1095394492149353,0.024986693635582924,-0.0010126857087016106,1.4146418834570795e-05,0.00014779706543777138,0.0,0.5600590109825134,0.025044357404112816,0.010771014727652073,-0.0004183440760243684,0,0,0,0,0,0,0,1,1,0,3
0.5402352213859558,0.02308988943696022,0.012785140424966812,-0.0004401329788379371,0.906237781047821,0.010485104285180569,0.10965229570865631,0.02298387885093689,-0.0009315136703662574,1.301263091590954e-05,0.00013595164637081325,1.1717129003163684e-11,0.5713912844657898,0.024600999429821968,0.011610644869506359,-0.00046141789061948657,0,0,1,0,0,0,0,0,1,0,0
0.5532636046409607,0.02265596017241478,0.013194016180932522,-0.00045206909999251366,0.9282422661781311,0.009593280963599682,0.10973459482192993,0.021237745881080627,-0.000860744621604681,1.2024112947983667e-05,0.00012562393385451287,-8.779521380730682e-12,0.5834288597106934,0.024123767390847206,0.012222272343933582,-0.0004958335193805397,0,0,1,0,0,0,0,0,1,0,8
0.5666338801383972,0.022200658917427063,0.01349709089845419,-0.00047120326780714095,0.9486185908317566,0.008767452090978622,0.10979551821947098,0.01969951204955578,-0.0007984011899679899,1.1153270861541387e-05,0.00011652569810394198,2.9242472159018984e-12,0.5959995985031128,0.02361542358994484,0.012753983959555626,-0.0005209706141613424,0,0,0,0,0,0,0,1,1,0,17
0.5797644853591919,0.021751360967755318,0.011969701386988163,-0.0004134752380196005,0.9675531387329102,0.008000053465366364,0.1098412349820137,0.01833193190395832,-0.0007429747493006289,1.0379034392826725e-05,0.00010843669588211924,-5.844766511053923e-12,0.6089307069778442,0.023091832175850868,0.013002907857298851,-0.000535133178345859,0,0,0,0,0,0,0,1,1,1,4
0.5892558097839355,0.02142961695790291,0.007035344373434782,-0.0002418314979877323,0.9852001070976257,0.007284836377948523,0.10987596213817596,0.01710609719157219,-0.0006932931719347835,9.685037184681278e-06,0.00010118604404851794,-1.460413604284505e-12,0.6216096878051758,0.022571194916963577,0.012943832203745842,-0.000539610511623323,0,0,0,1,0,0,0,0,1,1,13
0.5965664982795715,0.020926564931869507,0.0066734179854393005,-0.000484168907860294,1.0016883611679077,0.0066165803000330925,0.10990263521671295,0.01599924825131893,-0.0006484334589913487,9.05838987819152e-06,9.463906462769955e-05,-1.4597578788105858e-12,0.6345669627189636,0.022030092775821686,0.013213999569416046,-0.0005533250514417887,0,0,0,1,0,0,0,0,1,1,4
