lt_dp_posx,lt_dp_posy,lt_dp_velx,lt_dp_vely,ball_posx,ball_posy,ball_posz,ball_vel_x,ball_vel_y,ball_rot_x,ball_rot_y,ball_rot_z,rt_gk_posx,rt_gk_posy,rt_gk_velx,rt_gk_vely,action_left,action_top_left,action_top,action_top_right,action_right,action_bottom_right,action_bottom,action_bottom_left,action_sprint,action_dribble,sel_action
-1.0110293626785278,-0.0,0.0,-0.0,0.019999999552965164,-0.0,0.11061639338731766,-0.0,0.0,0.0,-0.0,0.0,1.0110293626785278,0.0,-0.0,0.0,0,0,0,0,0,0,0,0,0,0,5
0.0,-0.0,0.0,-0.0,0.019999999552965164,-0.0,0.11059734225273132,-0.0,0.0,0.0,-0.0,0.0,1.0085934400558472,-1.7055430678869499e-10,-0.003884820267558098,-2.392741005330379e-10,0,0,0,0,1,0,0,0,0,0,5
0.0008584571187384427,6.31864074951416e-11,0.0032361329067498446,2.5075197127022442e-11,0.019999999552965164,-0.0,0.10930104553699493,-0.0,0.0,0.0,-0.0,0.0,1.0038305521011353,-3.7194536339768547e-10,-0.0054703038185834885,-1.5051691837353331e-10,0,0,0,0,1,0,0,0,0,0,5
0.004070135299116373,-1.1033407520955052e-09,0.0049414923414587975,-2.770934315332596e-10,0.019999999552965164,-0.0,0.11075475811958313,-0.0,0.0,0.0,-0.0,0.0,0.9975366592407227,-2.2745390293454903e-10,-0.006950602866709232,6.578125821832259e-10,0,0,0,0,1,0,0,0,0,0,13
0.007871970534324646,-4.405483977620861e-09,0.006513637024909258,-3.710970974957206e-10,0.021814193576574326,-1.919535225214375e-10,0.11905936896800995,0.009004201740026474,-9.530071176655497e-10,2.920990543626295e-13,-2.5668914531706832e-06,-2.272282622478583e-12,0.989837646484375,3.2357555523887527e-10,-0.008285746909677982,4.3346293221446786e-10,0,0,0,0,1,0,0,0,1,0,13
0.015182881616055965,-4.637022765763277e-09,0.007938067428767681,-8.555410546673414e-11,0.03035673499107361,-1.098009905220465e-09,0.10534955561161041,0.00817275419831276,-8.683166408118836e-10,6.0634010833060525e-12,2.2233871277421713e-05,-4.865467403969426e-12,0.9809144139289856,5.718425177825281e-10,-0.009325672872364521,8.437779641656817e-11,0,0,0,0,1,0,0,0,1,0,18
0.023825105279684067,-4.767021888341105e-09,0.009190707467496395,-1.3697155909486725e-10,0.03821047022938728,-1.933115889585224e-09,0.11269862204790115,0.007662375457584858,-8.147729713137153e-10,1.1381846853897315e-11,4.532364982878789e-05,0.0,0.971478283405304,7.582475203271599e-10,-0.00973448995500803,1.66169258908333e-10,0,0,0,0,1,0,0,0,1,0,18
0.03296341001987457,-5.7231801520174486e-09,0.009851382113993168,-2.371023377634174e-10,0.04564186930656433,-2.7233273414140058e-09,0.11210299283266068,0.007240790408104658,-7.699436088692835e-10,1.0756078319684725e-11,4.283177986508235e-05,6.94334423900034e-19,0.961243748664856,8.545364416079337e-10,-0.010619443841278553,3.271386286862743e-11,0,0,0,0,1,0,0,0,1,0,18
0.040885716676712036,-8.154317221453766e-09,0.009685585275292397,-1.2715165031984554e-10,0.052648138254880905,-3.468333398259915e-09,0.11100589483976364,0.006817336194217205,-7.249161826372585e-10,1.0126965238610453e-11,4.032659489894286e-05,1.3885677249701834e-18,0.9503563046455383,1.3533906217944036e-09,-0.010805971920490265,8.911582582982192e-10,0,0,0,0,1,0,0,0,1,0,13
0.050809651613235474,-8.651723781838427e-09,0.010593323037028313,-7.154383335761239e-11,0.06588450074195862,2.538750777603127e-05,0.14662382006645203,0.013831733725965023,2.7887346732313745e-05,2.854333160939859e-07,8.133003575494513e-06,3.5940200859840843e-07,0.9392877221107483,1.9907520076856144e-09,-0.011376773938536644,4.5178108476484624e-10,0,0,0,0,1,0,0,0,1,0,18
0.061511363834142685,3.511102477204986e-06,0.010849535465240479,6.5499230004206765e-06,0.0794624388217926,5.255355790723115e-05,0.11541591584682465,0.012867785058915615,2.484861579432618e-05,2.920202923917259e-08,3.572785499272868e-05,4.6688651877957454e-07,0.9275738596916199,4.6014787535852975e-09,-0.011977027170360088,2.4104457096996157e-08,0,0,0,0,1,0,0,0,1,0,18
0.07279764115810394,1.4273947272158694e-05,0.011619224213063717,1.448333296139026e-05,0.09186188131570816,7.611839100718498e-05,0.11319675296545029,0.01208172645419836,2.2745614842278883e-05,-1.856381999232326e-07,5.814373434986919e-05,2.56864552738989e-07,0.9152939915657043,5.341235578271153e-07,-0.012507859617471695,1.1335306453474914e-06,0,0,0,0,1,0,0,0,1,0,5
0.0847788006067276,3.170457057422027e-05,0.01227075606584549,1.8925651602330618e-05,0.10355120897293091,9.802042768569663e-05,0.11222615838050842,0.011410308070480824,2.137276533176191e-05,-2.985634068863874e-07,6.749296153429896e-05,-4.5547218069635215e-14,0.9025512933731079,2.574077825556742e-06,-0.01291878055781126,2.775018629108672e-06,0,0,0,0,1,0,0,0,1,0,13
0.09735527634620667,5.315264206728898e-05,0.012805094011127949,2.3973423594725318e-05,0.11461616307497025,0.00011874631309183314,0.10859900712966919,0.010783788748085499,2.0199226128170267e-05,-2.821870168645546e-07,6.379093247232959e-05,0.0,0.8894527554512024,5.882417553948471e-06,-0.013232932426035404,3.5370796922506997e-06,0,0,0,0,1,0,0,0,1,0,16
0.11039263755083084,-8.298049942823127e-05,0.01320716179907322,2.8767084586434066e-05,0.1250637322664261,0.00013831577962264419,0.10880786925554276,0.010176208801567554,1.9061151760979556e-05,-2.662842746303795e-07,6.019599095452577e-05,6.829857046673077e-14,0.8760826587677002,9.71964436757844e-06,-0.013472052291035652,4.077314315509284e-06,0,0,0,0,1,0,0,0,1,0,0
0.123631551861763,-0.0019212791230529547,0.013239067979156971,1.6684309230186045e-05,0.1349201649427414,0.0001567779399920255,0.11073844879865646,0.00959957204759121,1.7981052224058658e-05,-2.511893626433448e-07,5.6783639593049884e-05,4.552602191716312e-14,0.8625065684318542,1.3892718925490044e-05,-0.013653671368956566,3.5860932712239446e-06,0,0,0,0,1,0,0,0,1,0,18
0.1368706077337265,-0.0022479163017123938,0.013239067979156971,4.76623245049268e-06,0.14988969266414642,-7.532312156399712e-05,0.15853874385356903,0.015455832704901695,-0.00025785554316826165,-6.126785478954844e-08,1.0369019946665503e-05,-7.978029543664888e-07,0.8487749099731445,1.5217568943626247e-05,-0.013789709657430649,-5.276565957501589e-07,0,0,0,0,1,0,0,0,1,0,13
0.1501993089914322,-0.002230672398582101,0.013456800021231174,5.137335756444372e-05,0.16522149741649628,-0.0003310824395157397,0.11716939508914948,0.015123102813959122,-0.00025209851446561515,4.855416335658447e-08,1.2795473594451323e-05,-9.663740456744563e-07,0.8349264860153198,1.2552132830023766e-05,-0.013892089948058128,-4.4223338591109496e-06,0,0,0,0,1,0,0,0,1,0,16
0.1637946218252182,-0.002100772922858596,0.013697322458028793,0.00019704112492036074,0.17935000360012054,-0.0005650188541039824,0.12572547793388367,0.013744492083787918,-0.0002271047414978966,1.7067466160369804e-06,4.9295384087599814e-05,-1.8289413219463313e-06,0.8209907412528992,-2.109668457705993e-06,-0.01396852359175682,-2.4540739104850218e-05,0,0,0,0,1,0,0,0,1,0,5
0.17759345471858978,-0.0018355009378865361,0.013875084929168224,0.0002877938386518508,0.19258323311805725,-0.0007832400733605027,0.11795040965080261,0.012886748649179935,-0.0002123645826941356,2.9668187835341087e-06,7.623204874107614e-05,1.4581516332920486e-12,0.8069896101951599,-3.878583083860576e-05,-0.01402532309293747,-4.6625671529909596e-05,0,0,0,0,1,0,0,0,1,0,13
0.19154727458953857,-0.001580764539539814,0.014012175612151623,0.00022536223696079105,0.205088272690773,-0.0009893141686916351,0.10695590823888779,0.012190422974526882,-0.00020088962628506124,2.8065267088095425e-06,7.21133328625001e-05,0.0,0.7929396033287048,-9.406558820046484e-05,-0.014068098738789558,-5.6998778745764866e-05,0,0,0,0,1,0,0,0,1,0,18
0.20561762154102325,-0.0013896425953134894,0.014113328419625759,0.0001634537911741063,0.21690158545970917,-0.0011839887592941523,0.11112890392541885,0.011512037366628647,-0.0001897103211376816,2.650270744197769e-06,6.80983648635447e-05,0.0,0.7788529992103577,-0.00015026654000394046,-0.014100355096161366,-5.5541582696605474e-05,0,0,0,0,1,0,0,0,1,0,13
0.21971632540225983,-0.0012624298688024282,0.014122012071311474,0.00010066614777315408,0.2280525267124176,-0.0013677484821528196,0.11018563061952591,0.010860622860491276,-0.00017897547513712198,2.5002634629345266e-06,6.424394086934626e-05,-3.643232091878057e-13,0.7647390961647034,-0.00020502437837421894,-0.014124196954071522,-5.440639506559819e-05,0,0,0,0,1,0,0,0,1,0,18
0.23367328941822052,-0.001197651494294405,0.013679967261850834,3.656666376627982e-05,0.24243292212486267,-0.0014055587816983461,0.1571343094110489,0.015835141763091087,2.148743260477204e-05,8.989376283352613e-07,1.2278230315132532e-05,-9.625376833355404e-07,0.7506048083305359,-0.0002605926711112261,-0.014141728170216084,-5.6516797485528514e-05,0,0,0,0,1,0,0,0,1,0,13
0.24705924093723297,-0.0003781621635425836,0.013312590308487415,4.744130364997545e-06,0.25815626978874207,-0.0013842073967680335,0.13814039528369904,0.015631891787052155,2.1261284928186797e-05,8.989376283352613e-07,1.2278230315132532e-05,-9.625376833355404e-07,0.7364554405212402,-0.0003182636573910713,-0.014155051670968533,-5.861361205461435e-05,0,0,0,0,1,0,0,0,1,0,16
0.2603715658187866,0.001015408313833177,0.013312522321939468,2.3724217044218676e-06,0.27344459295272827,-0.0012914232211187482,0.15094290673732758,0.0158751979470253,0.00026546051958575845,4.0460912487105816e-07,-7.777784389872977e-07,1.8099038356922392e-07,0.7222951054573059,-0.0003725369751919061,-0.014164167456328869,-4.697809345088899e-05,0,0,0,0,1,0,0,0,1,0,18
0.2736872732639313,0.0010162886464968324,0.013344252482056618,-1.8706660966927302e-06,0.2892073392868042,-0.001027856138534844,0.17014317214488983,0.015671642497181892,0.00026204143068753183,4.0460912487105816e-07,-7.777784389872977e-07,1.8099038356922392e-07,0.7081262469291687,-0.00040987026295624673,-0.014171880669891834,-2.9438706405926496e-05,0,0,0,0,1,0,0,0,1,0,5
0.28718751668930054,0.0009696039487607777,0.013615629635751247,-0.00010001959162764251,0.30462515354156494,-0.000770231825299561,0.11693178117275238,0.014495953917503357,0.00024104746989905834,-6.417307645278925e-07,2.324438901268877e-05,1.7091239215005771e-06,0.6939510107040405,-0.00042889080941677094,-0.014177490957081318,-8.0735417213873e-06,0,0,0,0,1,0,0,0,1,0,0
0.30091768503189087,0.0007937816553749144,0.01381425280123949,-0.000235696803429164,0.318700909614563,-0.0005365453544072807,0.13001012802124023,0.01394007820636034,0.00023135286755859852,-1.017768113342754e-06,3.186332105542533e-05,1.9165418052580208e-06,0.6797710657119751,-0.00042032962664961815,-0.014181697741150856,2.2173944671521895e-05,0,0,0,0,1,0,0,0,1,0,7
0.314817875623703,0.0005336359026841819,0.013965018093585968,-0.00024291967565659434,0.33202800154685974,-0.00031591474544256926,0.12117227911949158,0.01289663277566433,0.0002131980290869251,-2.8381480206007836e-06,7.316975097637624e-05,3.304809013116028e-07,0.665587842464447,-0.00038151274202391505,-0.014184502884745598,5.2435243560466915e-05,0,0,0,0,0,0,1,0,1,0,6
0.32833051681518555,0.0009286199347116053,0.013805284164845943,-0.0001605366269359365,0.3445596694946289,-0.00010876003943849355,0.11239105463027954,0.012229600921273232,0.00020216163829900324,-2.8242750431672903e-06,7.234455551952124e-05,-3.6446426389044606e-13,0.6514016389846802,-0.0003264244587626308,-0.01418730802834034,5.4713196732336655e-05,0,0,0,0,0,1,0,0,1,0,12
0.3412551283836365,0.002017847029492259,0.013368270359933376,0.0001692476071184501,0.35699036717414856,0.0007347505888901651,0.128550723195076,0.014405917376279831,0.003407899057492614,4.592069672071375e-06,1.479921138525242e-05,1.6261019482044503e-05,0.6372136473655701,-0.00027217011665925384,-0.01418871060013771,5.3878571634413674e-05,0,0,0,0,0,1,0,0,1,0,12
0.35408419370651245,0.0026797393802553415,0.012407583184540272,0.0014420885127037764,0.37122467160224915,0.004097894765436649,0.15288688242435455,0.01415556762367487,0.0033442992717027664,3.6201583952788496e-06,1.6110072465380654e-05,1.7479898815508932e-05,0.6230257749557495,-0.00014975918747950345,-0.014183801598846912,0.00028300509438849986,0,0,0,0,0,1,0,0,1,0,12
0.3662535846233368,0.004860169719904661,0.01184169016778469,0.0025627787690609694,0.38504207134246826,0.007349487394094467,0.12132281810045242,0.013078269548714161,0.003039842937141657,-1.667886863288004e-05,4.316298145567998e-05,2.709334876271896e-05,0.6088603734970093,0.0003855011018458754,-0.014145233668386936,0.0007414678111672401,0,0,0,0,0,1,0,0,1,0,14
0.37812766432762146,0.007422609254717827,0.012079407460987568,0.002589950105175376,0.3977731168270111,0.010298190638422966,0.11544486880302429,0.012467466294765472,0.002880722749978304,-2.771408253465779e-05,5.7602141168899834e-05,1.9192322724848054e-05,0.5947526097297668,0.0013776870910078287,-0.014073006808757782,0.0011916927760466933,0,0,0,0,0,0,0,0,1,0,8
0.3904600143432617,0.010020792484283447,0.012525039725005627,0.002595924772322178,0.4098235070705414,0.013076664879918098,0.10648500919342041,0.011762847192585468,0.0027117556892335415,-3.788523099501617e-05,6.958522862987593e-05,0.0,0.5807271599769592,0.0027839771937578917,-0.013982548378407955,0.0015814927173778415,0,0,0,0,0,0,0,1,1,0,12
0.4031819701194763,0.012609802186489105,0.01286057848483324,0.00259958952665329,0.42123064398765564,0.01570640504360199,0.11318568885326385,0.011119981296360493,0.002563551999628544,-3.581251439754851e-05,6.577819294761866e-05,-1.1659155411958277e-11,0.566806435585022,0.004578546155244112,-0.013866494409739971,0.0019684184808284044,0,0,0,0,0,0,0,1,1,0,5
0.4161677956581116,0.01525052823126316,0.013076908886432648,0.002674751216545701,0.43200692534446716,0.018190715461969376,0.11169163882732391,0.010499090887606144,0.002420413540676236,-3.381259739398956e-05,6.210490391822532e-05,8.742930858451903e-12,0.5530359148979187,0.006809133570641279,-0.013672254048287868,0.002478918759152293,0,0,0,0,1,0,0,0,1,0,14
0.42886480689048767,0.018265755847096443,0.012461386620998383,0.0025556304026395082,0.4421776235103607,0.020535413175821304,0.10880304127931595,0.009906935505568981,0.0022839014418423176,-3.19062928610947e-05,5.860350574948825e-05,-2.913879641047723e-12,0.539506196975708,0.009594675153493881,-0.013405084609985352,0.00303476769477129,0,0,0,0,0,0,0,0,1,0,0
0.44022056460380554,0.020831219851970673,0.010659083724021912,0.0017490392783656716,0.4570915699005127,0.022826680913567543,0.14564968645572662,0.0625186339020729,0.0029434652533382177,-2.5243343770853244e-05,4.468560655368492e-05,0.0013131411978974938,0.5264187455177307,0.012864988297224045,-0.012340966612100601,0.0032638960983604193,0,0,0,0,0,0,0,0,1,0,5
0.44919919967651367,0.022167159244418144,0.008381464518606663,0.0012685664696618915,0.5180087685585022,0.02546411007642746,0.3685433864593506,0.05963234230875969,0.0023894861806184053,-2.5243343770853244e-05,4.468560655368492e-05,0.0013131411978974938,0.5160340666770935,0.016257669776678085,-0.008813774213194847,0.0036012614145874977,0,0,0,0,1,0,0,0,1,0,5
0.45677462220191956,0.023343591019511223,0.007229342125356197,0.00097601895686239,0.5761250853538513,0.02755686081945896,0.37948742508888245,0.05689569562673569,0.001852641929872334,-2.5243343770853244e-05,4.468560655368492e-05,0.0013131411978974938,0.5083462595939636,0.020031221210956573,-0.007060345262289047,0.003967601805925369,0,0,0,0,1,0,0,0,1,0,6
0.4635371267795563,0.023921767249703407,0.006132967304438353,0.0005072098574601114,0.6315717697143555,0.02912280149757862,0.1928575038909912,0.05427710339426994,0.0013342037564143538,-2.5243343770853244e-05,4.468560655368492e-05,0.0013131411978974938,0.5033672451972961,0.02375178411602974,-0.0027751221787184477,0.0032263793982565403,0,0,0,0,0,1,0,0,1,0,12
0.4698171317577362,0.02443723939359188,0.0067423623986542225,0.0005282511119730771,0.6798474192619324,0.0302735548466444,0.1970304548740387,0.045420583337545395,0.0010175610659644008,-2.4349921659450047e-05,6.544396455865353e-05,0.0012063747271895409,0.5037387013435364,0.026146559044718742,0.0028845772612839937,0.0018078078282997012,0,0,0,0,0,1,0,0,1,0,18
0.4773367941379547,0.0249383095651865,0.0082088066264987,0.00043720848043449223,0.7243630886077881,0.031112663447856903,0.14203163981437683,0.043767042458057404,0.000693584093824029,-2.4349921659450047e-05,6.544396455865353e-05,0.0012063747271895409,0.5083909630775452,0.027418866753578186,0.005565192550420761,0.0007998347864486277,0,0,0,0,0,1,0,0,1,0,13
0.4861968457698822,0.025249984115362167,0.009290941059589386,0.00020873405446764082,0.7644308805465698,0.0317297987639904,0.13079029321670532,0.038686998188495636,0.0005358376656658947,-2.204274460382294e-05,9.042178862728179e-05,0.0010346013586968184,0.5150261521339417,0.02770746499300003,0.007085266523063183,-4.711006840807386e-05,0,0,0,0,0,1,0,0,1,0,10
0.49562710523605347,0.025448380038142204,0.009847181849181652,0.00020862746168859303,0.8000972867012024,0.03221563622355461,0.1021629273891449,0.03337765485048294,0.0004538379143923521,-1.635096123209223e-05,0.00013334833784028888,0.0006560868350788951,0.5229182839393616,0.02767583169043064,0.00841856375336647,6.025498441886157e-05,0,0,0,0,0,1,0,0,1,0,2
0.5059930086135864,0.02566024474799633,0.010796653106808662,0.00021660322090610862,0.8312556743621826,0.03265709802508354,0.10910314321517944,0.02969047985970974,0.0004236962413415313,-5.918696388107492e-06,0.0001756159181240946,1.471016559430327e-12,0.5320585370063782,0.027767488732933998,0.009503386914730072,9.722627873998135e-05,0,1,0,0,0,0,0,0,1,0,10
0.5172664523124695,0.025883398950099945,0.011641772463917732,0.0002292524732183665,0.8594367504119873,0.0330592505633831,0.10940656810998917,0.02701348252594471,0.0003854943788610399,-5.3849926189286634e-06,0.0001597838127054274,4.4048146206898675e-12,0.5421906113624573,0.027898170053958893,0.010432420298457146,0.00014367056428454816,0,1,0,0,0,0,0,0,1,0,12
0.5292919874191284,0.026119191199541092,0.012313549406826496,0.0002386482956353575,0.88516765832901,0.033426448702812195,0.10955733060836792,0.02473406121134758,0.00035296595888212323,-4.930656359647401e-06,0.00014630277291871607,0.0,0.5530402064323425,0.028066564351320267,0.010808044113218784,0.00016811299428809434,0,1,0,0,0,0,0,0,1,0,12
0.5419050455093384,0.026363398879766464,0.012837357819080353,0.00024705741088837385,0.9087968468666077,0.033763643354177475,0.10966525226831436,0.022766850888729095,0.0003248930152039975,-4.538535904430319e-06,0.00013466777454596013,1.4644625572976522e-12,0.5643849968910217,0.028249917551875114,0.011525209061801434,0.00018475102842785418,0,1,0,0,0,0,0,0,1,0,15
0.55496746301651,0.026616733521223068,0.013233485631644726,0.0002540893037803471,0.9306004047393799,0.03407479077577591,0.109744131565094,0.021049166098237038,0.00030038104159757495,-4.196146164758829e-06,0.00012450828216969967,-1.4631103403481283e-12,0.5763782262802124,0.02844925969839096,0.012213020585477352,0.00020246769418008626,0,1,0,0,0,0,0,0,0,0,13
0.5683688521385193,0.026875488460063934,0.013530462980270386,0.00025824905605986714,0.9508010149002075,0.03436306118965149,0.10980263352394104,0.01953396573662758,0.0002787585253827274,-3.89411343348911e-06,0.00011554631782928482,2.1930107469564364e-12,0.5889524221420288,0.028660178184509277,0.012695296667516232,0.00020854028116445988,0,1,0,0,0,0,0,0,1,0,7
0.5820225477218628,0.027139224112033844,0.01375054381787777,0.00026319321477785707,0.9695806503295898,0.03463105857372284,0.10984661430120468,0.018185265362262726,0.0002595120167825371,-3.6252645259082783e-06,0.00010756897972896695,1.4610954590307812e-12,0.6019306778907776,0.028876055032014847,0.013065616600215435,0.00021262519294396043,0,0,0,0,0,0,1,0,1,0,16
0.5958666801452637,0.02740509994328022,0.013917009346187115,0.00026440960937179625,0.9870898127555847,0.034880924969911575,0.10988007485866547,0.01697508431971073,0.0002422421966912225,-3.3840224205050617e-06,0.00010041081986855716,-7.301667950820878e-13,0.6152608394622803,0.029098454862833023,0.01339641958475113,0.0002188559010392055,0,0,0,0,0,0,1,0,1,0,18
0.6098504066467285,0.027672503143548965,0.01403700653463602,0.0002673271228559315,1.0034544467926025,0.03511445224285126,0.10990581661462784,0.015881313011050224,0.00022663353593088686,-3.1659824344387744e-06,9.394114749738947e-05,0.0,0.6288192272186279,0.029321974143385887,0.013600083999335766,0.00021891047072131187,0,0,0,0,0,0,1,0,1,0,15
