lt_dp_posx,lt_dp_posy,lt_dp_velx,lt_dp_vely,ball_posx,ball_posy,ball_posz,ball_vel_x,ball_vel_y,ball_rot_x,ball_rot_y,ball_rot_z,rt_gk_posx,rt_gk_posy,rt_gk_velx,rt_gk_vely,action_left,action_top_left,action_top,action_top_right,action_right,action_bottom_right,action_bottom,action_bottom_left,action_sprint,action_dribble,sel_action
-1.0110293626785278,-0.0,0.0,-0.0,0.019999999552965164,-0.0,0.11061639338731766,-0.0,0.0,0.0,-0.0,0.0,1.0110293626785278,0.0,-0.0,0.0,0,0,0,0,0,0,0,0,0,0,5
0.0,-0.0,0.0,-0.0,0.019999999552965164,-0.0,0.11059734225273132,-0.0,0.0,0.0,-0.0,0.0,1.0100501775741577,-7.528704049075685e-11,-0.003236181568354368,-2.3501611767784425e-10,0,0,0,0,1,0,0,0,0,0,5
0.0,-0.0,0.0,-0.0,0.019999999552965164,-0.0,0.10930104553699493,-0.0,0.0,0.0,-0.0,0.0,1.0059254169464111,-3.033686080122777e-10,-0.00484480569139123,-2.0306796522095993e-10,0,0,0,0,1,0,0,0,0,0,5
0.0011742409551516175,1.3643361440607293e-10,0.0034112136345356703,2.3963026007933763e-10,0.019999999552965164,-0.0,0.11075475811958313,-0.0,0.0,0.0,-0.0,0.0,1.0002306699752808,-4.257901808912834e-10,-0.0063720871694386005,-4.051920951542165e-11,0,0,0,0,1,0,0,0,0,0,5
0.004423037171363831,-4.948248477631978e-10,0.00509687140583992,-2.6709676137492977e-10,0.019999999552965164,-0.0,0.11053141206502914,-0.0,0.0,0.0,-0.0,0.0,0.9930757880210876,1.3321536929122857e-10,-0.0077724456787109375,5.451983309257002e-10,0,0,0,0,1,0,0,0,0,0,13
0.009172579273581505,-1.6876557928924285e-09,0.006656940560787916,-3.3095143292527496e-10,0.023520536720752716,-2.0332635575215363e-10,0.12429210543632507,0.008649522438645363,-4.998005898038116e-10,6.688117941411331e-13,2.615536232042359e-06,-1.8590905724591433e-12,0.9846126437187195,5.16812093120933e-10,-0.00900100264698267,2.3510296487394555e-10,0,0,0,0,1,0,0,0,1,0,16
0.016618236899375916,-1.8831725068224614e-09,0.008066108450293541,-1.1342336098119077e-10,0.031749386340379715,-6.79450051777053e-10,0.11630966514348984,0.007851784117519855,-4.5484810362594885e-10,6.129359172990512e-12,4.470821295399219e-05,-3.447311609349607e-13,0.975313127040863,6.928185802834719e-10,-0.009335489943623543,2.0194329541922684e-10,0,0,0,0,1,0,0,0,1,0,5
0.025379417464137077,-2.0645987142131617e-09,0.009301392361521721,-1.8728241180099303e-10,0.039383139461278915,-1.121674975124165e-09,0.11498706787824631,0.00744605204090476,-4.3135151006623573e-10,6.025917612118015e-12,4.404568244353868e-05,0.0,0.9654421806335449,8.524552730371227e-10,-0.010284255258738995,1.1437528008029219e-10,0,0,0,0,1,0,0,0,1,0,5
0.03412363678216934,-2.8353506209555235e-09,0.009388971142470837,-2.12893841444739e-10,0.04660032317042351,-1.5397682018303271e-09,0.10737152397632599,0.00702687818557024,-4.070686565604831e-10,5.6867379728819945e-12,4.156647628406063e-05,3.4715431310234e-19,0.9547167420387268,9.299152559094637e-10,-0.011003718711435795,2.976213719918519e-10,0,0,0,0,1,0,0,0,1,0,5
0.042008865624666214,-3.983873675394989e-09,0.009879683144390583,-1.2068625265815314e-10,0.05416471138596535,2.9177326723583974e-06,0.11805233359336853,0.014280710369348526,2.9196276955190115e-05,3.387498566098657e-07,2.003337840505992e-06,2.867589614652388e-07,0.9437978863716125,1.1425036472445527e-09,-0.011102592572569847,1.4525158853473386e-10,0,0,0,0,1,0,0,0,1,0,18
0.05237536504864693,7.688269931804825e-08,0.010675586760044098,8.094976351458172e-07,0.06805659830570221,3.095665670116432e-05,0.14387618005275726,0.01379991415888071,2.7823793061543256e-05,2.8575780675055285e-07,7.840221769583877e-06,3.5737687653636385e-07,0.9323297739028931,1.2182453934528326e-09,-0.011747725307941437,1.7328402601712867e-11,0,0,0,0,1,0,0,0,1,0,16
0.06313706934452057,5.079635229776613e-06,0.011016691103577614,8.291486665257253e-06,0.0814104676246643,5.742551002185792e-05,0.12316343933343887,0.012638636864721775,2.4204791770898737e-05,-2.3648130564879466e-08,4.12239387515001e-05,4.4138579369246145e-07,0.9202682971954346,1.573285857148221e-07,-0.012311514467000961,4.950978222950653e-07,0,0,0,0,1,0,0,0,1,0,5
0.07457250356674194,1.738470200507436e-05,0.011754298582673073,1.5806916053406894e-05,0.09365619719028473,8.05978779681027e-05,0.11358217895030975,0.01188874151557684,2.226913784397766e-05,-3.127756542653515e-07,7.048865518299863e-05,-9.110760919566613e-14,0.9076964855194092,1.4218984460967476e-06,-0.012767314910888672,1.936592752826982e-06,0,0,0,0,1,0,0,0,1,0,18
0.08668146282434464,3.561761695891619e-05,0.012389264069497585,1.9671044356073253e-05,0.10521385818719864,0.00010224744619335979,0.11358413845300674,0.011278974823653698,2.1127556465216912e-05,-2.9514919219764124e-07,6.671863957308233e-05,-4.5545564661322174e-14,0.89472895860672,4.098974386579357e-06,-0.01311722956597805,3.0629448701802175e-06,0,0,0,0,1,0,0,0,1,0,18
0.09936050325632095,5.816458724439144e-05,0.012895464897155762,2.5240902687073685e-05,0.11614811420440674,0.00012272928142920136,0.11179269850254059,0.01065406110137701,1.995698403334245e-05,-2.787943458315567e-07,6.302160181803629e-05,4.553792103600615e-14,0.8814587593078613,7.469406227755826e-06,-0.013384398072957993,3.645581955424859e-06,0,0,0,0,1,0,0,0,1,0,0
0.11247087270021439,-0.00041434523882344365,0.013238980434834957,2.622903775773011e-05,0.1264699399471283,0.0001420639455318451,0.11068520694971085,0.01005322951823473,1.8831509805750102e-05,-2.630731330555136e-07,5.946783130639233e-05,0.0,0.8679583072662354,1.1437899047450628e-05,-0.01358705386519432,4.227184945193585e-06,0,0,0,0,1,0,0,0,1,0,0
0.1257098913192749,-0.0022550278808921576,0.013238980434834957,1.4307681340142153e-05,0.13684585690498352,0.00013201583351474255,0.1198345199227333,0.01587028056383133,-0.0002651129907462746,-2.4891824068618007e-07,6.191914962982992e-06,-4.6714416157556116e-07,0.8542835116386414,1.524815979792038e-05,-0.01373992208391428,3.241261538278195e-06,0,0,0,0,1,0,0,0,1,0,13
0.1389489471912384,-0.002247278578579426,0.013239067979156971,2.38311622524634e-06,0.15236306190490723,-0.00012679878273047507,0.1582464873790741,0.015420282259583473,-0.00025716962409205735,-6.146939313111943e-08,1.0350108823331539e-05,-7.976347546900797e-07,0.8404778242111206,1.779071317287162e-05,-0.013854924589395523,1.986343477256014e-06,0,0,0,0,1,0,0,0,1,0,0
0.15232938528060913,-0.002216444816440344,0.013510970398783684,7.768388604745269e-05,0.16755136847496033,-0.00037988435360603034,0.11589517444372177,0.014445047825574875,-0.0002394281909801066,1.0324060895072762e-06,3.449143696343526e-05,-1.885315214167349e-06,0.8265740275382996,1.561181306897197e-05,-0.013940474949777126,-1.0880014087888412e-05,0,0,0,0,1,0,0,0,1,0,16
0.1659706085920334,-0.0020569039043039083,0.01373694185167551,0.00022587379498872906,0.18146999180316925,-0.0006099758320488036,0.11778106540441513,0.013579334132373333,-0.0002241299080196768,1.8982068468176294e-06,5.3479081543628126e-05,-1.7049742382369004e-06,0.8125967383384705,-8.816252375254408e-06,-0.01400498766452074,-3.554212526069023e-05,0,0,0,0,1,0,0,0,1,0,5
0.17980355024337769,-0.0017791722202673554,0.013905588537454605,0.0002775091852527112,0.19453935325145721,-0.0008253310224972665,0.11214391142129898,0.012757563032209873,-0.00021016578830312937,2.9361640372371767e-06,7.54694701754488e-05,3.6452316317346634e-13,0.7985644936561584,-5.7733483117772266e-05,-0.014052671380341053,-5.7711418776307255e-05,0,0,0,0,1,0,0,0,1,0,16
0.1937834471464157,-0.001537169562652707,0.014034789986908436,0.00021277468476910144,0.20690573751926422,-0.001029052073135972,0.11327104270458221,0.012051389552652836,-0.00019853243429679424,2.7734220111597097e-06,7.128642755560577e-05,1.0933346242247843e-12,0.784491240978241,-0.00011456054198788479,-0.014089135453104973,-5.609569780062884e-05,0,0,0,0,1,0,0,0,1,0,16
0.20786821842193604,-0.0013586104614660144,0.014121705666184425,0.00015105921193026006,0.21858693659305573,-0.0012214856687933207,0.11138109117746353,0.01137973740696907,-0.00018746769637800753,2.618829512357479e-06,6.731288885930553e-05,0.0,0.7703873515129089,-0.00016974651953205466,-0.014115081168711185,-5.443602640298195e-05,0,0,0,0,1,0,0,0,1,0,0
0.22194457054138184,-0.0012456096010282636,0.014121751300990582,8.811261795926839e-05,0.22961072623729706,-0.0014030899619683623,0.11085901409387589,0.010735280811786652,-0.00017685111379250884,2.4705423129489645e-06,6.350137846311554e-05,3.643111474386368e-13,0.7562605142593384,-0.00022424951021093875,-0.014135416597127914,-5.5232998420251533e-05,0,0,0,0,1,0,0,0,1,0,0
0.23579278588294983,-0.0011934851063415408,0.013533059507608414,2.4125265554175712e-05,0.2449992597103119,-0.0014012655010446906,0.161333829164505,0.015794480219483376,2.1280480723362416e-05,8.988188255898422e-07,1.2283054275030736e-05,-9.630628028389765e-07,0.7421166896820068,-0.0002804991090670228,-0.014150142669677734,-5.707937816623598e-05,0,0,0,0,1,0,0,0,1,0,0
0.24912723898887634,-1.075887030310696e-05,0.013312531635165215,4.269574674253818e-06,0.26067569851875305,-0.0013801322784274817,0.12239401042461395,0.015528500080108643,2.0805497115361504e-05,8.826118005345052e-07,1.3367784958973061e-05,-9.209607014781795e-07,0.7279599905014038,-0.00033757599885575473,-0.014162063598632812,-5.385294934967533e-05,0,0,0,0,1,0,0,0,1,0,18
0.26243966817855835,0.001015616930089891,0.013312522321939468,1.8982938172484864e-06,0.2760188579559326,-0.001238650525920093,0.16264553368091583,0.01583399437367916,0.0002647642104420811,4.0488470176569535e-07,-7.756288482596574e-07,1.802521580884786e-07,0.7137937545776367,-0.0003831523354165256,-0.014169776812195778,-3.880094664054923e-05,0,0,0,0,1,0,0,0,1,0,16
0.275770902633667,0.0010143669787794352,0.01340525969862938,-1.1444127267168369e-05,0.29174110293388367,-0.0009757623192854226,0.16223996877670288,0.01563159003853798,0.00026137568056583405,4.0488470176569535e-07,-7.756288482596574e-07,1.802521580884786e-07,0.6996204853057861,-0.0004136643838137388,-0.014176088385283947,-2.3727781808702275e-05,0,0,0,0,1,0,0,0,1,0,6
0.28932297229766846,0.0009451803052797914,0.013660508207976818,-0.00012819989933632314,0.3068857192993164,-0.0007230129558593035,0.12772521376609802,0.014215427450835705,0.00023610646894667298,-8.709562280273531e-07,2.8506714443210512e-05,1.857621668932552e-06,0.6854422092437744,-0.000421469216234982,-0.014180295169353485,6.613281584577635e-06,0,0,0,0,0,1,0,0,1,0,5
0.3030911684036255,0.0007425468065775931,0.013847561553120613,-0.000261670007603243,0.3208716809749603,-0.0004908863920718431,0.12039803713560104,0.013780022040009499,0.00022855729912407696,-1.1529965604495374e-06,3.49589427059982e-05,1.9427086499490542e-06,0.6712601184844971,-0.0003972276172135025,-0.014183100312948227,3.866682163788937e-05,0,0,0,0,1,0,0,0,1,0,18
0.3170202970504761,0.0004867857787758112,0.01399061270058155,-0.0002299827610841021,0.33399468660354614,-0.00027379347011446953,0.11646069586277008,0.01277538575232029,0.00021118175936862826,-2.9504783469747053e-06,7.557753997389227e-05,-3.6452525026264837e-13,0.6570754051208496,-0.00034594524186104536,-0.014185204170644283,5.399955261964351e-05,0,0,0,0,1,0,0,0,1,0,7
0.3303297162055969,0.001149247749708593,0.013769361190497875,-2.5326269224024145e-06,0.3463899493217468,-6.88952422933653e-05,0.11196405440568924,0.012087319977581501,0.00019980779325123876,-2.7911833058169577e-06,7.149755401769653e-05,3.644487055892709e-13,0.642888605594635,-0.0002927161694969982,-0.01418730802834034,5.2598559705074877e-05,0,0,0,0,0,0,1,0,1,0,12
0.3433166444301605,0.002051223535090685,0.013251865282654762,0.00016776283155195415,0.3592568635940552,0.0014105408918112516,0.14147073030471802,0.014295553788542747,0.003377904649823904,3.620145662353025e-06,1.611021980352234e-05,1.7479858797742054e-05,0.6287000179290771,-0.00024052715161815286,-0.014189411886036396,5.481657717609778e-05,0,0,0,0,0,0,1,0,1,0,12
0.3559711277484894,0.003010573098435998,0.012411089614033699,0.0017083806451410055,0.37345609068870544,0.00476528936997056,0.14572736620903015,0.014120429754257202,0.0033360417000949383,3.620145662353025e-06,1.611021980352234e-05,1.7479858797742054e-05,0.6145102381706238,-0.00016656843945384026,-0.014190113171935081,8.962085848907009e-05,0,0,0,0,0,0,1,0,1,0,5
0.3680143654346466,0.005369642749428749,0.011754386126995087,0.002543920651078224,0.38703668117523193,0.00795010570436716,0.12847751379013062,0.012907409109175205,0.002994309877976775,-1.9653696654131636e-05,4.709644053946249e-05,2.5936044039553963e-05,0.6003201007843018,-5.780458377557807e-05,-0.014190113171935081,0.0001244263694388792,0,0,0,0,1,0,0,0,1,0,18
0.37996354699134827,0.00794139876961708,0.012175826355814934,0.0025966805405914783,0.3996424674987793,0.010866357013583183,0.11383721232414246,0.012260674498975277,0.0028264787979424,-3.967566954088397e-05,7.27659571566619e-05,-1.1663105377313077e-11,0.5861422419548035,0.00029912596801295877,-0.01415189541876316,0.0006924220942892134,0,0,0,0,1,0,0,0,1,0,12
0.3923821747303009,0.010539175011217594,0.012602174654603004,0.0025922530330717564,0.41156110167503357,0.013614020310342312,0.1145234927535057,0.011627144180238247,0.0026804665103554726,-3.7444791814778e-05,6.877638224978e-05,-5.83040083226849e-12,0.5720608234405518,0.0014276237925514579,-0.014007792808115482,0.0014840745134279132,0,0,0,0,1,0,0,0,1,0,15
0.4051673114299774,0.013131625019013882,0.01291036605834961,0.002614077180624008,0.4228416383266449,0.016214581206440926,0.11012725532054901,0.010995810851454735,0.002534920582547784,-3.541341357049532e-05,6.504531484097242e-05,0.0,0.558177649974823,0.003333466127514839,-0.0137763861566782,0.0022211214527487755,0,0,0,0,1,0,0,0,0,0,14
0.4181945323944092,0.015787381678819656,0.013112671673297882,0.002689053537324071,0.43349429965019226,0.01867039129137993,0.1092800721526146,0.010379002429544926,0.002392724622040987,-3.3426593290641904e-05,6.139602919574827e-05,5.828441895783243e-12,0.5445458292961121,0.005898149684071541,-0.013503607362508774,0.002843911526724696,0,0,0,0,0,0,0,0,0,0,7
0.4306572377681732,0.018854152411222458,0.012128779664635658,0.002367674605920911,0.44354724884033203,0.020987944677472115,0.1111873909831047,0.009792422875761986,0.002257497515529394,-3.1536779715679586e-05,5.792494266643189e-05,-5.827597519131311e-12,0.5312236547470093,0.009078183211386204,-0.013163860887289047,0.0034527203533798456,0,0,0,0,0,0,1,0,0,0,18
0.44165271520614624,0.02115136757493019,0.009950820356607437,0.001550733228214085,0.4683033525943756,0.02233233116567135,0.16379693150520325,0.05976057052612305,-0.0007357040885835886,-1.434419687029731e-06,2.768901140370872e-05,0.002193569904193282,0.5194410085678101,0.01263498980551958,-0.01057176012545824,0.003926662728190422,0,0,0,0,0,0,1,0,0,0,13
0.45024895668029785,0.02241780236363411,0.008052587509155273,0.0012385930167511106,0.5265096426010132,0.02121715247631073,0.22986465692520142,0.05696285143494606,-0.001416997518390417,-1.434419687029731e-06,2.768901140370872e-05,0.002193569904193282,0.5093836188316345,0.0170854851603508,-0.009605463594198227,0.004865621216595173,0,0,0,0,0,0,1,0,1,0,5
0.45757734775543213,0.02347787469625473,0.006899062544107437,0.000570550502743572,0.5820152163505554,0.019452344626188278,0.13555964827537537,0.05433671921491623,-0.0020408390555530787,-1.434419687029731e-06,2.768901140370872e-05,0.002193569904193282,0.5001792311668396,0.022329874336719513,-0.009187529794871807,0.005402547772973776,0,0,0,0,1,0,0,0,1,0,0
0.4641220271587372,0.024035422131419182,0.006082796026021242,0.0005196771817281842,0.6304802894592285,0.017349939793348312,0.1434457153081894,0.04640631750226021,-0.002243502764031291,1.6837066141306423e-06,5.2860035793855786e-05,0.0019797824788838625,0.4937279224395752,0.026438310742378235,-0.004675178322941065,0.0030985844787210226,0,0,0,0,1,0,0,0,1,0,17
0.4704480767250061,0.02457416243851185,0.006973700597882271,0.0005184494657441974,0.6735945343971252,0.015044019557535648,0.11963601410388947,0.039665549993515015,-0.002270194236189127,7.401546554319793e-06,8.764390804572031e-05,0.0016169020673260093,0.4906992018222809,0.029042894020676613,-0.0034804469905793667,0.002533565741032362,0,0,0,0,1,0,0,0,1,1,18
0.4780324101448059,0.02502225711941719,0.008184107951819897,0.0003400800342205912,0.709790050983429,0.012869558297097683,0.1088900938630104,0.03374642878770828,-0.0020850286819040775,1.9423447156441398e-05,0.00015133530541788787,0.0007689909543842077,0.48906365036964417,0.031010858714580536,-0.0018938485300168395,0.0015928298234939575,0,0,0,0,1,0,0,0,1,0,0
0.48586031794548035,0.024636542424559593,0.008550523780286312,-0.00037758375401608646,0.741370677947998,0.010892597027122974,0.10914955288171768,0.030058933421969414,-0.0018888910999521613,2.638546902744565e-05,0.00017779404879547656,0.0,0.4889920651912689,0.033004116266965866,-0.0007719506975263357,0.0010535609908401966,0,0,0,0,1,0,0,0,1,0,6
0.49481648206710815,0.024344030767679214,0.009769076481461525,-0.0003833466616924852,0.7698824405670166,0.00910093728452921,0.10937642306089401,0.027315914630889893,-0.0017165207536891103,2.397812386334408e-05,0.00016157233039848506,0.0,0.48930054903030396,0.033723413944244385,-6.239685899345204e-05,0.0005213610711507499,0,0,0,0,0,1,0,0,1,0,18
0.504859209060669,0.023908281698822975,0.010728340595960617,-0.0005244548083283007,0.7958869934082031,0.007466820068657398,0.1095353215932846,0.024986153468489647,-0.0015701199881732464,2.1933310563326813e-05,0.00014779373304918408,5.865480410399693e-12,0.49086737632751465,0.03407113999128342,0.0024817336816340685,0.00018441396241541952,0,0,0,0,0,1,0,0,1,0,4
0.5154622197151184,0.02336498722434044,0.010738296434283257,-0.0005697783199138939,0.8197460174560547,0.005967529956251383,0.10964930057525635,0.022979822009801865,-0.0014440430095419288,2.0172308722976595e-05,0.0001359274610877037,0.0,0.4954180419445038,0.03400520607829094,0.004698100965470076,-0.00014436949277296662,0,0,0,1,0,0,0,0,1,0,11
0.5265238285064697,0.022758113220334053,0.01150329690426588,-0.0006475028931163251,0.8417450785636902,0.0045851171016693115,0.10973238945007324,0.021231239661574364,-0.0013341627782210708,1.8637483663042076e-05,0.00012558534217532724,2.3411977218001923e-11,0.5013293623924255,0.033694859594106674,0.006106987129896879,-0.0004181456461083144,0,0,0,1,0,0,0,0,1,0,6
0.538306474685669,0.022077100351452827,0.01211419515311718,-0.0007042993092909455,0.8621137738227844,0.003305151592940092,0.10979387909173965,0.019691314548254013,-0.001237394753843546,1.7285774447373115e-05,0.0001164771310868673,0.0,0.508686363697052,0.03314618393778801,0.007704862859100103,-0.0006002659793011844,0,0,0,0,0,1,0,0,1,0,10
0.5507875680923462,0.021349528804421425,0.012713320553302765,-0.0007449582335539162,0.8810396194458008,0.002115868264809251,0.10983999818563461,0.018322592601180077,-0.0011513844365254045,1.6084330127341673e-05,0.00010838138405233622,0.0,0.5168750286102295,0.03248000890016556,0.008733131922781467,-0.0007243247819133103,0,0,0,0,0,1,0,0,1,0,9
0.5637372732162476,0.020585641264915466,0.013125644065439701,-0.0007783396868035197,0.898676872253418,0.001007548882625997,0.10987501591444016,0.017096029594540596,-0.0010743079474195838,1.500764483353123e-05,0.00010112634481629357,-5.8416292636476186e-12,0.5260342359542847,0.03170705959200859,0.009257652796804905,-0.0007832164410501719,0,0,0,0,0,1,0,0,1,0,14
0.577041745185852,0.019796134904026985,0.013437340967357159,-0.0007980605587363243,0.9151549935340881,-2.7922676963498816e-05,0.10990190505981445,0.015988769009709358,-0.0010047280229628086,1.4035680578672327e-05,9.457695705350488e-05,0.0,0.5357288122177124,0.03089025802910328,0.010112103074789047,-0.0008488671155646443,0,0,0,0,0,0,0,0,1,0,12
0.5906128287315369,0.01898924633860588,0.013670500367879868,-0.0008134750532917678,0.9305826425552368,-0.0009973911801353097,0.10992275178432465,0.014982545748353004,-0.000941497681196779,1.3152404790162109e-05,8.862512186169624e-05,-2.9183894884043937e-12,0.5463095903396606,0.030005725100636482,0.010925183072686195,-0.000909669732209295,0,0,0,0,0,0,0,0,1,0,2
0.6043825149536133,0.018169259652495384,0.01384370494633913,-0.0008245832286775112,0.9450526237487793,-0.001906680059619248,0.10993906110525131,0.014062600210309029,-0.0008836889173835516,1.2344854440016206e-05,8.318352047353983e-05,-2.917434739971303e-12,0.5571609735488892,0.029107091948390007,0.010956856422126293,-0.0009017290431074798,0,1,0,0,0,0,0,0,1,0,0
0.6182997822761536,0.01734009198844433,0.013971328735351562,-0.0008325542439706624,0.958644449710846,-0.0027607823722064495,0.1099519208073616,0.013216893188655376,-0.000830544566269964,1.160246210929472e-05,7.818108861101791e-05,0.0,0.5685164928436279,0.028177306056022644,0.011617126874625683,-0.000945650041103363,0,1,0,0,0,0,0,0,1,0,13
0.6323263049125671,0.01650412194430828,0.014066696166992188,-0.0008384148823097348,0.9714265465736389,-0.003564009442925453,0.10996213555335999,0.01243547722697258,-0.0007814408745616674,1.0916511200775858e-05,7.355891284532845e-05,-1.4579474780229695e-12,0.5804697275161743,0.027207190170884132,0.012193632312119007,-0.0009864730527624488,0,1,0,0,0,0,0,0,1,0,5
0.6464332938194275,0.015663446858525276,0.014136819168925285,-0.0008423362742178142,0.9834586977958679,-0.0043201083317399025,0.10997030138969421,0.011710071004927158,-0.0007358567090705037,1.027972211886663e-05,6.926804780960083e-05,2.915269805073284e-12,0.5929384231567383,0.026203986257314682,0.012653160840272903,-0.0010123052634298801,0,0,0,0,1,0,0,0,1,0,6
0.6605997085571289,0.014819497242569923,0.014188009314239025,-0.0008451311150565743,0.9947930574417114,-0.005032351240515709,0.10997685045003891,0.011033739894628525,-0.0006933560944162309,9.686013981990982e-06,6.52674789307639e-05,0.0,0.6058046817779541,0.025180453434586525,0.013014880940318108,-0.0010314668761566281,0,0,0,0,0,1,0,0,1,0,18
0.674809992313385,0.013973049819469452,0.014225875958800316,-0.0008474839269183576,1.0054752826690674,-0.00570361502468586,0.10998214781284332,0.010400600731372833,-0.0006535696447826922,9.130217222264037e-06,6.152234709588811e-05,1.4571184970418871e-12,0.618980348110199,0.024140389636158943,0.013283781707286835,-0.0010443731443956494,0,0,0,0,0,1,0,0,1,0,16
