lt_dp_posx,lt_dp_posy,lt_dp_velx,lt_dp_vely,ball_posx,ball_posy,ball_posz,ball_vel_x,ball_vel_y,ball_rot_x,ball_rot_y,ball_rot_z,rt_gk_posx,rt_gk_posy,rt_gk_velx,rt_gk_vely,action_left,action_top_left,action_top,action_top_right,action_right,action_bottom_right,action_bottom,action_bottom_left,action_sprint,action_dribble,sel_action
-1.0110293626785278,-0.0,0.0,-0.0,0.019999999552965164,-0.0,0.11061639338731766,0.0,-0.0,0.0,-0.0,0.0,1.0110293626785278,0.0,-0.0,0.0,0,0,0,0,0,0,0,0,0,0,5
0.0,-0.0,0.0,-0.0,0.019999999552965164,-0.0,0.11059734225273132,0.0,-0.0,0.0,-0.0,0.0,1.0110293626785278,0.0,-0.0,0.0,0,0,0,0,1,0,0,0,0,0,5
0.0,-0.0,0.0,-0.0,0.019999999552965164,-0.0,0.10930104553699493,0.0,-0.0,0.0,-0.0,0.0,1.0110293626785278,0.0,-0.0,0.0,0,0,0,0,1,0,0,0,0,0,5
0.0018563538324087858,1.9832351039195117e-10,0.003761105705052614,2.4271329390757046e-10,0.019999999552965164,-0.0,0.11075475811958313,0.0,-0.0,0.0,-0.0,0.0,1.0089819431304932,-1.5615271228841543e-11,-0.003723537316545844,-2.552534225652714e-11,0,0,0,0,1,0,0,0,0,0,5
0.004951547831296921,-1.592693643637233e-09,0.005425769370049238,-3.1508740061525486e-10,0.019999999552965164,-0.0,0.11053141206502914,0.0,-0.0,0.0,-0.0,0.0,1.0043776035308838,-3.788986485675494e-11,-0.005314630456268787,-1.7259107337741497e-11,0,0,0,0,1,0,0,0,0,0,13
0.009915318340063095,-3.5033509426796172e-09,0.006958360318094492,-3.168306728085213e-10,0.024499818682670593,-3.9681125052482e-10,0.12591271102428436,0.008855904452502728,-7.803712120946216e-10,-4.289838883425601e-12,-2.3264772607944906e-05,-2.259384302913392e-12,0.9982317090034485,8.898311254501579e-11,-0.006807551719248295,6.647411510130041e-10,0,0,0,0,1,0,0,0,1,0,5
0.017643572762608528,-3.680928672977757e-09,0.008333014324307442,-1.409186378698024e-10,0.033040255308151245,-1.1484023731966886e-09,0.11791437864303589,0.008279711939394474,-7.280739344750486e-10,-1.017107578715759e-11,-4.8976966354530305e-05,2.0834144321633292e-18,0.9906662106513977,6.501258420499312e-10,-0.008160226047039032,4.375591833305492e-10,0,0,0,0,1,0,0,0,1,0,18
0.026650449261069298,-3.8445202577008786e-09,0.009529577568173409,-1.4094583833390573e-10,0.04109235852956772,-1.8564613180060974e-09,0.11473459750413895,0.00785613153129816,-6.908269511995968e-10,-9.650846094499954e-12,-4.647185414796695e-05,-1.3888268392970657e-18,0.9818469882011414,8.981681509645512e-10,-0.009317257441580296,7.699529208649025e-11,0,0,0,0,1,0,0,0,1,0,16
0.03619828075170517,-4.753210713914768e-09,0.010254035703837872,-2.580081981395921e-10,0.04870685189962387,-2.5260400438043007e-09,0.11181167513132095,0.0074143968522548676,-6.519832451701291e-10,-9.107918412520899e-12,-4.3857489799847826e-05,-1.3887121713846505e-18,0.9724517464637756,1.5523791141447418e-09,-0.009637720882892609,7.219232989186253e-10,0,0,0,0,1,0,0,0,1,0,5
0.04407192021608353,-7.850060157466032e-09,0.009685573168098927,-1.377438441085843e-10,0.05588461831212044,-3.157214267801578e-09,0.11103849112987518,0.0069837118498981,-6.141107622426034e-10,-8.578982142737335e-12,-4.1310519009130076e-05,6.943034046270633e-19,0.9623057246208191,2.0899111330408005e-09,-0.010538101196289062,3.6299044325893703e-10,0,0,0,0,1,0,0,0,1,0,13
0.053673580288887024,-8.733705314512008e-09,0.010509482584893703,-7.845207816714606e-11,0.06854873150587082,2.3527714802185073e-05,0.1448799967765808,0.013996045105159283,2.9241829906823114e-05,3.805176618243422e-07,-4.348840957391076e-05,-2.4701872547439052e-08,0.9514368772506714,6.735240276611876e-08,-0.010879600420594215,2.5915053925018583e-07,0,0,0,0,1,0,0,0,1,0,18
0.0643497034907341,3.1005761229607742e-06,0.010763458907604218,6.495589786936762e-06,0.08235123753547668,5.24586284882389e-05,0.11522936075925827,0.01334705576300621,2.837571082636714e-05,3.9282929265027633e-07,-7.040813216008246e-05,-3.768332312859002e-09,0.9404253959655762,6.816428026468202e-07,-0.011310156434774399,9.022605240716075e-07,0,0,0,0,1,0,0,0,1,0,16
0.07555903494358063,1.3921135177952237e-05,0.011549451388418674,1.4647178431914654e-05,0.09536486864089966,8.01630740170367e-05,0.10905720293521881,0.012754741124808788,2.7155288989888504e-05,3.793883252001251e-07,-7.545472180936486e-05,-4.556535812723361e-14,0.9287715554237366,1.9324670574860647e-06,-0.011916019953787327,1.520422756584594e-06,0,0,0,0,1,0,0,0,1,0,5
0.0874750167131424,3.2358748285332695e-05,0.012209135107696056,2.0213015886838548e-05,0.10774198919534683,0.00010651439515640959,0.11389420181512833,0.012068468146026134,2.5694200303405523e-05,3.5893677363674215e-07,-7.138717774068937e-05,9.111167495381295e-14,0.9165447354316711,3.808931751336786e-06,-0.012460877187550068,2.326663206986268e-06,0,0,0,0,1,0,0,0,1,0,5
0.09999798238277435,5.512597635970451e-05,0.012757848016917706,2.5417530196136795e-05,0.11944476515054703,0.0001314300752710551,0.1114998608827591,0.011399812065064907,2.4270611902466044e-05,3.3904765928127745e-07,-6.743151607224718e-05,-1.366412679618817e-13,0.9038431644439697,6.847120857855771e-06,-0.01288231648504734,3.6184069358569104e-06,0,0,0,0,1,0,0,0,1,0,5
0.11299506574869156,8.434325718553737e-05,0.013175344094634056,3.234223913750611e-05,0.1304888129234314,0.00015494326362386346,0.11083105951547623,0.010755116119980812,2.2898011593497358e-05,3.198765341494436e-07,-6.361870327964425e-05,4.553912721092304e-14,0.8907760381698608,1.0983701031364035e-05,-0.013204882852733135,4.410845576785505e-06,0,0,0,0,1,0,0,0,1,0,5
0.12587688863277435,-0.00037704998976550996,0.013404875062406063,2.9680119041586295e-05,0.14090576767921448,0.00017712131375446916,0.11047408729791641,0.010145602747797966,2.160034273401834e-05,3.017533458660182e-07,-6.001428118906915e-05,0.0,0.8774299025535583,1.577532930241432e-05,-0.013451716862618923,5.101191163703334e-06,0,0,0,0,1,0,0,0,1,0,0
0.1388285905122757,-0.0021915577817708254,0.013405033387243748,1.618936403247062e-05,0.15135976672172546,0.00016968203999567777,0.11972585320472717,0.015845146030187607,-0.0002632272953633219,-4.503156390001095e-07,-4.6408866182900965e-05,-1.7746860692113842e-07,0.8638719320297241,2.109809429384768e-05,-0.013637542724609375,4.784544216818176e-06,0,0,0,0,1,0,0,0,1,0,18
0.15223166346549988,-0.0021827893797308207,0.013385975733399391,2.6932600576401455e-06,0.16692328453063965,-8.776441973168403e-05,0.15292450785636902,0.015468827448785305,-0.0002558220294304192,-7.441349225700833e-07,-5.069793769507669e-05,-4.442302667939657e-07,0.8501538634300232,2.213768857473042e-05,-0.01377778872847557,-2.1419443783088354e-06,0,0,0,0,1,0,0,0,1,0,16
0.1656769961118698,-0.002152657601982355,0.013567769899964333,7.516887126257643e-05,0.1821221560239792,-0.0003380735870450735,0.12097807973623276,0.014668210409581661,-0.00023845738905947655,-2.810737669278751e-06,-7.964076212374493e-05,-4.87004228943988e-07,0.8363156914710999,1.6368760043405928e-05,-0.013882973231375217,-8.745478226046544e-06,0,0,0,0,1,0,0,0,1,0,5
0.17936690151691437,-0.0020007980056107044,0.0137797174975276,0.00021355894568841904,0.19648543000221252,-0.0005713861319236457,0.11007604002952576,0.014103087596595287,-0.00022907658421900123,-3.2005330012907507e-06,-8.343362424056977e-05,0.0,0.8223875761032104,-6.979307158871961e-07,-0.01396151166409254,-2.5782066586543806e-05,0,0,0,0,1,0,0,0,1,0,0
0.19323664903640747,-0.0017396528273820877,0.013937844894826412,0.0002592677192296833,0.21017533540725708,-0.0007937513291835785,0.10972467809915543,0.013380876742303371,-0.00021734568872489035,-3.036512225662591e-06,-7.91578131611459e-05,-1.093787712312666e-12,0.8083921074867249,-3.7344063457567245e-05,-0.014020415022969246,-4.555314808385447e-05,0,0,0,0,1,0,0,0,1,0,16
0.20724396407604218,-0.0015160933835431933,0.014058631844818592,0.00019438173330854625,0.22314049303531647,-0.0010043442016467452,0.11012164503335953,0.012629632838070393,-0.0002051431656582281,-2.8658766950684367e-06,-7.470960554201156e-05,-3.645086077593007e-13,0.7943463921546936,-9.179300104733557e-05,-0.014064592309296131,-5.731789133278653e-05,0,0,0,0,1,0,0,0,1,0,16
0.2213529795408249,-0.0012066924246028066,0.014139799401164055,0.00013371917884796858,0.23536668717861176,-0.0012029340723529458,0.1102856993675232,0.011903532780706882,-0.00019334918761160225,-2.701058292586822e-06,-7.041298522381112e-05,1.0932872445898467e-12,0.7802630066871643,-0.0001488949783379212,-0.014096848666667938,-5.691918340744451e-05,0,0,0,0,1,0,0,0,1,0,18
0.23549281060695648,0.0005900555988773704,0.014139799401164055,7.799894956406206e-05,0.2468906193971634,-0.0013901175698265433,0.10927512496709824,0.011220891028642654,-0.00018226105021312833,-2.5461879431531997e-06,-6.637570186285302e-05,-3.6435866259884597e-13,0.7661516070365906,-0.00020557765674311668,-0.01412139181047678,-5.648449223372154e-05,0,0,0,0,1,0,0,0,1,0,18
0.2493511289358139,0.0009432926890440285,0.013533059507608414,2.1328623915906064e-05,0.26219362020492554,-0.001181339961476624,0.15579669177532196,0.015659796074032784,0.00025013581034727395,-6.387014472863939e-09,-5.432288162410259e-05,1.8631131126767286e-07,0.7520195841789246,-0.00025845065829344094,-0.014139624312520027,-4.991332025383599e-05,0,0,0,0,1,0,0,0,1,0,16
0.2627699375152588,0.0009342006524093449,0.01351710595190525,-4.548864671960473e-05,0.2776991128921509,-0.0009340272517874837,0.10417996346950531,0.015206335112452507,0.00024059778661467135,6.158144287837786e-07,-6.094570562709123e-05,5.736750949836278e-07,0.7378718852996826,-0.0003047353820875287,-0.014153649099171162,-4.3311847548466176e-05,0,0,0,0,1,0,0,0,1,0,18
0.27641674876213074,0.0008114905213005841,0.013742552138864994,-0.00018802467093337327,0.2923591732978821,-0.000706549093592912,0.12075167894363403,0.014425535686314106,0.00022376200649887323,3.126239334960701e-06,-8.534007065463811e-05,-1.4589027685571465e-12,0.7237125635147095,-0.000338847836246714,-0.014163466170430183,-2.080659214698244e-05,0,0,0,0,1,0,0,0,1,0,16
0.2902541756629944,0.0005574817187152803,0.013908743858337402,-0.000275338621577248,0.3063652813434601,-0.0004892924334853888,0.10877025127410889,0.013666088692843914,0.0002119817363563925,2.9615462153742556e-06,-8.084430737653747e-05,3.6463033655821653e-13,0.7095444202423096,-0.000341435574227944,-0.014171880669891834,1.2324205272307154e-05,0,0,0,0,1,0,0,0,1,0,7
0.3039175570011139,0.0008119440171867609,0.01379228476434946,-0.00024277121701743454,0.3195995092391968,-0.0002840084198396653,0.11075093597173691,0.012888714671134949,0.00019992352463304996,2.792956365738064e-06,-7.624214049428701e-05,-3.6453812516344664e-13,0.6953698992729187,-0.00031181718804873526,-0.014176789671182632,3.920422386727296e-05,0,0,0,0,0,0,1,0,1,0,18
0.31698745489120483,0.001965086907148361,0.013412458822131157,0.0001414287107763812,0.33232665061950684,0.00023436413903255016,0.11957010626792908,0.014659712091088295,0.0034369556233286858,1.3727767509408295e-05,-5.047791273682378e-05,-3.444594653956301e-07,0.6811904311180115,-0.00027164071798324585,-0.01418099645525217,4.097151031601243e-05,0,0,0,0,0,0,1,0,1,0,6
0.32990479469299316,0.002463108627125621,0.012416348792612553,0.0011914975475519896,0.34673216938972473,0.003599706571549177,0.14998915791511536,0.01431778073310852,0.003344152122735977,1.7479298549005762e-05,-5.441919347504154e-05,2.393462182226358e-06,0.6670073866844177,-0.00022969838755670935,-0.014184502884745598,4.2736344767035916e-05,0,0,0,0,0,1,0,0,1,0,12
0.34213805198669434,0.004485476762056351,0.011897788383066654,0.0025470543187111616,0.36078667640686035,0.006869495380669832,0.12344091385602951,0.013639714568853378,0.0031481769401580095,4.296315455576405e-05,-7.975078915478662e-05,8.383707381653949e-07,0.6528258323669434,-2.9096432626829483e-05,-0.01417398452758789,0.0003931226092390716,0,0,0,0,0,1,0,0,1,0,12
0.3540008068084717,0.007020778488367796,0.012041189707815647,0.0025621014647185802,0.3741249740123749,0.009947889484465122,0.11387679725885391,0.013037972152233124,0.0030090855434536934,4.203042772132903e-05,-7.711245416430756e-05,2.3331527682080022e-11,0.6386725902557373,0.0006043608882464468,-0.014131209813058376,0.0008299006731249392,0,0,0,0,0,1,0,0,1,0,5
0.36629751324653625,0.009600539691746235,0.012491029687225819,0.00258490233682096,0.3867921829223633,0.01287141628563404,0.1146010234951973,0.012351930141448975,0.0028507509268820286,3.9823411498218775e-05,-7.30632891645655e-05,0.0,0.6245769262313843,0.0016582682728767395,-0.014068800024688244,0.0012032260419800878,0,0,0,0,1,0,0,0,1,0,12
0.37898898124694824,0.012183323502540588,0.012836035341024399,0.0025907272938638926,0.39877113699913025,0.01563609018921852,0.11005678027868271,0.011672696098685265,0.002693988848477602,3.763569475268014e-05,-6.90494998707436e-05,-5.830477593782302e-12,0.6105412244796753,0.003015225986018777,-0.014007091522216797,0.0014825514517724514,0,0,0,0,1,0,0,0,1,0,12
0.39195314049720764,0.014817734248936176,0.013056923635303974,0.002671885071322322,0.41007575392723083,0.018245117738842964,0.10923686623573303,0.011011447757482529,0.002541376743465662,3.5503311664797366e-05,-6.513726111734286e-05,0.0,0.5965750217437744,0.004650776274502277,-0.013931358233094215,0.0017605044413357973,0,0,0,0,1,0,0,0,1,0,5
0.40507057309150696,0.01757807657122612,0.013171559199690819,0.0027336624916642904,0.4207388758659363,0.020706098526716232,0.1111888587474823,0.010385184548795223,0.0023968385066837072,3.3483305742265657e-05,-6.143120845081285e-05,-2.914225501540746e-12,0.5827041268348694,0.006601195316761732,-0.013818460516631603,0.002105377148836851,0,0,0,0,1,0,0,0,1,0,5
0.41746771335601807,0.020714398473501205,0.011995961889624596,0.002287699608132243,0.43079841136932373,0.023027783259749413,0.108425073325634,0.009798724204301834,0.0022614856716245413,3.1593110179528594e-05,-5.796333425678313e-05,-5.82760662642956e-12,0.5689573884010315,0.008894843980669975,-0.013685226440429688,0.0024471841752529144,0,0,0,0,1,0,0,0,1,0,5
0.4281935393810272,0.02293391153216362,0.009478891268372536,0.0014384540263563395,0.46183738112449646,0.02412986569106579,0.18950733542442322,0.0626443549990654,-0.0005942864227108657,1.0089866009366233e-05,-1.527612221252639e-05,0.000610052258707583,0.55537348985672,0.011567088775336742,-0.013477311469614506,0.002895730547606945,0,0,0,0,1,0,0,0,1,0,1
0.43655312061309814,0.024183660745620728,0.007717048283666372,0.0012259449576959014,0.5227816700935364,0.023440973833203316,0.2857995331287384,0.05959538742899895,-0.0007654712535440922,1.0089866009366233e-05,-1.527612221252639e-05,0.000610052258707583,0.5420499444007874,0.01474589854478836,-0.013190858066082,0.0034087582025676966,1,0,0,0,0,0,0,0,1,0,6
0.44379380345344543,0.02519615739583969,0.006896257400512695,0.0005860077799297869,0.5808224678039551,0.02258414216339588,0.2468874305486679,0.056804168969392776,-0.0009305973071604967,1.0089866009366233e-05,-1.527612221252639e-05,0.000610052258707583,0.5291061401367188,0.018394729122519493,-0.012401272542774677,0.0036656286101788282,0,0,0,0,0,1,0,0,1,0,2
0.4503069221973419,0.025749623775482178,0.006129811983555555,0.0005209274822846055,0.6355921626091003,0.021585427224636078,0.12228449434041977,0.04889093339443207,-0.0009119046153500676,8.287075615953654e-06,-3.619189374148846e-05,0.0005567148327827454,0.5185925364494324,0.021574968472123146,-0.008654244244098663,0.002684661652892828,0,1,0,0,0,0,0,0,1,0,11
0.4568840563297272,0.026255669072270393,0.007238458376377821,0.0004605528374668211,0.6827166080474854,0.020635545253753662,0.15067608654499054,0.04629499465227127,-0.0009961610194295645,8.023291229619645e-06,-3.920641393051483e-05,0.0005486081354320049,0.5127819180488586,0.02341490238904953,-0.0033585464116185904,0.0010830220999196172,0,1,0,0,0,0,0,0,1,0,11
0.4649275243282318,0.026559704914689064,0.008668969385325909,0.00014099778491072357,0.7258392572402954,0.019667552784085274,0.1256376951932907,0.03977182134985924,-0.0009072976536117494,4.6338791435118765e-06,-7.1869813837111e-05,0.00045184517512097955,0.5128189921379089,0.02406137064099312,0.002930444898083806,0.0005817584460601211,0,1,0,0,0,0,0,0,1,0,6
0.47411662340164185,0.026475325226783752,0.009330932050943375,-0.00017992618086282164,0.7622913122177124,0.01882787235081196,0.11142223328351974,0.033811476081609726,-0.0007775056874379516,-2.560769871706725e-06,-0.00013262625725474209,0.00023970734036993235,0.5167272686958313,0.024425527080893517,0.004659330006688833,0.00024976913118734956,0,0,0,0,0,1,0,0,1,0,11
0.48383551836013794,0.02627824991941452,0.01017556432634592,-0.00021400634432211518,0.7937992811203003,0.01810522936284542,0.10915525257587433,0.029874956235289574,-0.0006829205085523427,-8.146438631229103e-06,-0.00016965571558102965,5.291571869747713e-05,0.5222539305686951,0.024498626589775085,0.0062150112353265285,-4.8025944124674425e-05,0,0,0,0,0,1,0,0,1,0,11
0.4945152997970581,0.02604093588888645,0.011066128499805927,-0.00025598626234568655,0.822134792804718,0.017458217218518257,0.10939592868089676,0.02715602144598961,-0.0006200620555318892,-8.66166919877287e-06,-0.00016062676149886101,2.9368220095388198e-12,0.5292603373527527,0.024420542642474174,0.0076300958171486855,-0.00010771614324767143,0,0,0,0,0,1,0,0,1,0,1
0.5059579610824585,0.025773413479328156,0.01181830745190382,-0.0002791528822854161,0.8479964733123779,0.01686771586537361,0.10954945534467697,0.024855656549334526,-0.0005675372085534036,-7.928043487481773e-06,-0.0001470219431212172,0.0,0.5378910899162292,0.02425844594836235,0.00905400700867176,-0.0001964396215043962,1,0,0,0,0,0,0,0,1,0,7
0.5180858373641968,0.02548222243785858,0.012439609505236149,-0.0003029194485861808,0.8717378377914429,0.01632561907172203,0.10965953767299652,0.02287192828953266,-0.0005222419858910143,-7.295372597582173e-06,-0.00013528935960493982,1.4645487513703648e-12,0.5475935339927673,0.02403390407562256,0.00982816144824028,-0.00022868977976031601,0,0,0,0,0,0,1,0,1,0,3
0.5307372808456421,0.025170762091875076,0.012884040363132954,-0.00031856592977419496,0.8936389684677124,0.0158255435526371,0.10973992198705673,0.02114100195467472,-0.0004827191005460918,-6.743307039869251e-06,-0.0001250516070285812,0.0,0.5581032633781433,0.02378619648516178,0.010707475244998932,-0.0002526658063288778,0,0,1,0,0,0,0,0,1,0,0
0.5438093543052673,0.0248467605561018,0.013271712698042393,-0.00033003027783706784,0.9139254689216614,0.015362338162958622,0.10979949682950974,0.01961502991616726,-0.00044787611113861203,-6.256600954657188e-06,-0.00011602583981584758,-1.4620639768314625e-12,0.5694541335105896,0.023515252396464348,0.011616688221693039,-0.0002772418374661356,0,0,1,0,0,0,0,0,1,0,7
0.557218074798584,0.024512609466910362,0.013533947058022022,-0.00033791468013077974,0.9327811598777771,0.014931800775229931,0.10984423756599426,0.018257444724440575,-0.00041687791235744953,-5.823594165121904e-06,-0.00010799595474964008,0.0,0.5815490484237671,0.02322537824511528,0.01223057508468628,-0.0002916819939855486,0,0,0,0,0,0,1,0,1,0,4
0.5708584189414978,0.024172192439436913,0.013753456994891167,-0.0003435530816204846,0.9503583908081055,0.014530454762279987,0.10987825691699982,0.017039848491549492,-0.0003890761872753501,-5.435232196759898e-06,-0.00010079395724460483,0.0,0.5941539406776428,0.022923544049263,0.012705947272479534,-0.00030262712971307337,0,0,0,1,0,0,0,0,1,0,12
0.5846924185752869,0.02382676862180233,0.013918466866016388,-0.0003478491271380335,0.9667842984199524,0.014155394397675991,0.10990440845489502,0.015939848497509956,-0.00036395961069501936,-5.084375516162254e-06,-9.42874321481213e-05,-1.4597240517028043e-12,0.6072256565093994,0.022609852254390717,0.01314216572791338,-0.0003134006110485643,0,0,0,1,0,0,0,0,1,0,12
0.5986599922180176,0.0234780665487051,0.014028370380401611,-0.0003505817730911076,0.9821665287017822,0.013804169371724129,0.10992470383644104,0.014939555898308754,-0.00034111947752535343,-4.765316134580644e-06,-8.837064524414018e-05,-1.4591718675363574e-12,0.6205812692642212,0.022290542721748352,0.013404264114797115,-0.00031828333158046007,0,0,0,1,0,0,0,0,1,0,12
0.6127326488494873,0.02312648855149746,0.014121024869382381,-0.0003532737900968641,0.9965962767601013,0.013474690727889538,0.10994059592485428,0.01402447372674942,-0.00032022513914853334,-4.4734379116562195e-06,-8.295792213175446e-05,2.1880472694107977e-12,0.6341778039932251,0.02196572721004486,0.013647791929543018,-0.00032445896067656577,0,0,0,1,0,0,0,0,1,0,8
0.6268831491470337,0.02277274616062641,0.014182016253471375,-0.00035470793955028057,1.010151982307434,0.013165165670216084,0.1099531427025795,0.013182752765715122,-0.00030100587173365057,-4.2049573494296055e-06,-7.797904254402965e-05,-7.291445008536512e-13,0.6479456424713135,0.021637380123138428,0.013787061907351017,-0.00032641616417095065,0,0,0,0,0,0,0,1,1,0,9
