lt_dp_posx,lt_dp_posy,lt_dp_velx,lt_dp_vely,ball_posx,ball_posy,ball_posz,ball_vel_x,ball_vel_y,ball_rot_x,ball_rot_y,ball_rot_z,rt_gk_posx,rt_gk_posy,rt_gk_velx,rt_gk_vely,action_left,action_top_left,action_top,action_top_right,action_right,action_bottom_right,action_bottom,action_bottom_left,action_sprint,action_dribble,sel_action
-1.0110293626785278,-0.0,0.0,-0.0,0.019999999552965164,-0.0,0.11061639338731766,-0.0,0.0,0.0,-0.0,0.0,1.0110293626785278,0.0,-0.0,0.0,0,0,0,0,0,0,0,0,0,0,5
0.0,-0.0,0.0,-0.0,0.019999999552965164,-0.0,0.11059734225273132,-0.0,0.0,0.0,-0.0,0.0,1.0110293626785278,0.0,-0.0,0.0,0,0,0,0,1,0,0,0,0,0,5
0.002222317736595869,1.2160712714592847e-10,0.003935635555535555,2.5671492709378185e-11,0.019999999552965164,-0.0,0.10930104553699493,-0.0,0.0,0.0,-0.0,0.0,1.0081888437271118,-1.9418572305696102e-10,-0.004046103451400995,-2.3631410717150914e-10,0,0,0,0,1,0,0,0,0,0,5
0.005271113943308592,-2.61168286996849e-09,0.00558501947671175,-3.93961613331939e-10,0.019999999552965164,-0.0,0.11075475811958313,-0.0,0.0,0.0,-0.0,0.0,1.0032682418823242,-3.853151686605827e-10,-0.005623172502964735,-1.3369805262897216e-10,0,0,0,0,1,0,0,0,0,0,13
0.01062566228210926,-4.537958897543604e-09,0.007103427313268185,-2.745618732369337e-10,0.02532658725976944,-5.631753396961869e-10,0.12591105699539185,0.00866740196943283,-9.173033443943268e-10,2.324230001168881e-12,6.172445409902139e-06,-4.037816955793083e-12,0.9968275427818298,-1.6442218420120724e-10,-0.0070915501564741135,6.39553465742182e-10,0,0,0,0,1,0,0,0,1,0,0
0.01848970353603363,-4.671329989491824e-09,0.008461251854896545,-1.3846744584267157e-10,0.033568643033504486,-1.4370959977583198e-09,0.1183711439371109,0.007925158366560936,-8.413065799572905e-10,1.175375942408241e-11,4.688330227509141e-05,0.0,0.9889967441558838,3.4510364010920114e-10,-0.008409163914620876,3.7642700068118984e-10,0,0,0,0,1,0,0,0,1,0,13
0.027614332735538483,-4.803178299539468e-09,0.009638728573918343,-8.9973750672101e-11,0.04126875102519989,-2.2545123545825163e-09,0.1135631576180458,0.0075108353048563,-7.973233739910768e-10,1.113865857188534e-11,4.442955105332658e-05,-3.471841639826955e-18,0.9799808859825134,5.148571569080218e-10,-0.009335489943623543,-9.005874171408301e-12,0,0,0,0,1,0,0,0,1,0,0
0.0361362062394619,-6.592733914345672e-09,0.009277061559259892,-1.8268427048884206e-10,0.04854263365268707,-3.02668046181509e-09,0.11264923959970474,0.007080330979079008,-7.516223754500118e-10,1.0499962010968034e-11,4.188196180621162e-05,0.0,0.9704952239990234,1.3014770372521411e-09,-0.00983055867254734,6.664899188102424e-10,0,0,0,0,1,0,0,0,1,0,18
0.04463688284158707,-8.362576409126632e-09,0.010067443363368511,-1.1342166095218431e-10,0.05761835351586342,8.605935363448225e-06,0.13116492331027985,0.013979647308588028,2.8259459213586524e-05,2.946388235613995e-07,7.150269539124565e-06,3.486559876364481e-07,0.9601738452911377,1.7574186550461945e-09,-0.010699383914470673,2.716959157655907e-10,0,0,0,0,1,0,0,0,1,0,5
0.05513431876897812,4.771491148858331e-07,0.010675542056560516,2.428010020594229e-06,0.07145800441503525,3.651119550340809e-05,0.1371128261089325,0.013769282028079033,2.7762778699980117e-05,2.8540239327412564e-07,8.161880032275803e-06,3.59601074251259e-07,0.9492757320404053,2.3664229331643583e-07,-0.010805971920490265,6.670564403066237e-07,0,0,0,0,1,0,0,0,1,0,18
0.06598839163780212,6.923401542735519e-06,0.011177098378539085,9.551960829412565e-06,0.08456171303987503,6.219860370038077e-05,0.12683409452438354,0.012486622668802738,2.3782959033269435e-05,-6.468464874842539e-08,4.5711265556747094e-05,4.101131594325125e-07,0.9381436109542847,1.5167106539593078e-06,-0.011441286653280258,1.7575720221429947e-06,0,0,0,0,1,0,0,0,1,0,13
0.07756664603948593,2.0731278709718026e-05,0.011883413419127464,1.710362448648084e-05,0.09666788578033447,8.502112905262038e-05,0.11762464791536331,0.011771413497626781,2.2049158360459842e-05,-3.080205033256789e-07,6.963079795241356e-05,0.0,0.9263702630996704,3.870698037644615e-06,-0.012035930529236794,2.673043809409137e-06,0,0,0,0,1,0,0,0,1,0,5
0.08980017900466919,3.966224903706461e-05,0.012501811608672142,2.0557608877425082e-05,0.10811037570238113,0.00010645420115906745,0.11083384603261948,0.011161785572767258,2.090725138259586e-05,-2.920785959759087e-07,6.602701614610851e-05,-9.108820197677864e-14,0.9140385389328003,6.7602545641420875e-06,-0.012554140761494637,3.105538780800998e-06,0,0,0,0,1,0,0,0,1,0,0
0.10257647931575775,6.336929072858766e-05,0.012981277890503407,2.649083580763545e-05,0.11892607063055038,0.00012671315926127136,0.10950887948274612,0.010539045557379723,1.9740780771826394e-05,-2.757803656550095e-07,6.234269676497206e-05,-4.5536565783290545e-14,0.9012559056282043,1.0151242349820677e-05,-0.01295384205877781,3.6185670069244225e-06,0,0,0,0,1,0,0,0,1,0,16
0.11574267596006393,-0.0007769099320285022,0.013238980434834957,2.3831877115298994e-05,0.12913401424884796,0.00014583379379473627,0.11070511490106583,0.00994198489934206,1.862240969785489e-05,-2.601488802156382e-07,5.880907701794058e-05,-1.1382436876719582e-13,0.8881267309188843,1.3992085769132245e-05,-0.013260280713438988,4.044485649501439e-06,0,0,0,0,1,0,0,0,1,0,13
0.12898170948028564,-0.0022525673266500235,0.013239067979156971,1.1915582035726402e-05,0.14064577221870422,7.988791185198352e-05,0.13553279638290405,0.015572835691273212,-0.00025984380044974387,-6.124555795850029e-08,1.037095262290677e-05,-7.978247822393314e-07,0.8747334480285645,1.8330652892473154e-05,-0.013492387719452381,4.571195404423634e-06,0,0,0,0,1,0,0,0,1,0,16
0.14222414791584015,-0.0022468706592917442,0.013272990472614765,3.3474138945166487e-06,0.15611110627651215,-0.00017813892918638885,0.15389259159564972,0.015377630479633808,-0.0002565554459579289,-6.124555795850029e-08,1.037095262290677e-05,-7.978247822393314e-07,0.8611396551132202,2.1343681510188617e-05,-0.013669097796082497,-3.071804940191214e-06,0,0,0,0,1,0,0,0,1,0,16
0.15566331148147583,-0.0021966344211250544,0.013562160544097424,0.00010679284605430439,0.17106404900550842,-0.0004270473145879805,0.1245821863412857,0.014172120951116085,-0.00023464806145057082,1.291333433073305e-06,4.019035623059608e-05,-1.9321628315083217e-06,0.8473948240280151,3.659627054730663e-06,-0.013800929300487041,-2.937262979685329e-05,0,0,0,0,1,0,0,0,1,0,16
0.1693476289510727,-0.0020076637156307697,0.013774283230304718,0.00025408618967048824,0.1848149448633194,-0.0006542748305946589,0.10572956502437592,0.013355751521885395,-0.000220304646063596,2.195471552113304e-06,5.9915942983934656e-05,-1.415122028447513e-06,0.833536684513092,-3.938372537959367e-05,-0.013899803161621094,-5.426847928902134e-05,0,0,0,0,1,0,0,0,1,0,13
0.18321307003498077,-0.00172587507404387,0.013934689573943615,0.0002649643865879625,0.19772715866565704,-0.0008670653915032744,0.11271277070045471,0.012604418210685253,-0.000207718534511514,2.901617335737683e-06,7.455433660652488e-05,3.645056533083807e-13,0.8195940852165222,-9.354266512673348e-05,-0.013974133878946304,-5.405570118455216e-05,0,0,0,0,1,0,0,0,1,0,13
0.197217658162117,-0.0014969655312597752,0.014056352898478508,0.00020027266873512417,0.20995213091373444,-0.0010685313027352095,0.11237543821334839,0.011916222050786018,-0.00019637716468423605,2.7434057301434223e-06,7.048925181152299e-05,3.644304367826645e-13,0.8055877685546875,-0.00014744410873390734,-0.014030232094228268,-5.376527406042442e-05,0,0,0,0,1,0,0,0,1,0,13
0.2113141566514969,-0.0013310308568179607,0.014121884480118752,0.00013841608597431332,0.22149690985679626,-0.0012587873497977853,0.11105360090732574,0.011247793212532997,-0.00018536162679083645,2.589494670246495e-06,6.653463060501963e-05,0.0,0.7915341258049011,-0.00020113728533033282,-0.0140709038823843,-5.374800821300596e-05,0,0,0,0,1,0,0,0,1,0,0
0.22541187703609467,-0.0012290445156395435,0.01412061508744955,7.54895736463368e-05,0.23294971883296967,-0.0014185470063239336,0.12036369740962982,0.016202321276068687,2.279086402268149e-05,9.56997723733366e-07,8.313650141644757e-06,-1.123041101891431e-06,0.7774448990821838,-0.00025497909518890083,-0.014102458953857422,-5.391355080064386e-05,0,0,0,0,1,0,0,0,1,0,18
0.23912864923477173,-0.0011890543391928077,0.013386151753365993,1.1926275874429848e-05,0.24880348145961761,-0.0013969831634312868,0.16152387857437134,0.015753788873553276,2.1398504031822085e-05,8.989474622467242e-07,1.2277791938686278e-05,-9.624698122934205e-07,0.7633289694786072,-0.00030861154664307833,-0.014126300811767578,-5.166545452084392e-05,0,0,0,0,1,0,0,0,1,0,13
0.2524409592151642,0.0003580134070944041,0.013312599621713161,3.7948766475892626e-06,0.2643813192844391,-0.0013759755529463291,0.10267232358455658,0.01516658253967762,1.952057209564373e-05,7.958081482684065e-07,1.912142033688724e-05,-7.102129870872886e-07,0.7491929531097412,-0.00035378060420043766,-0.014143130742013454,-3.984679278801195e-05,0,0,0,0,1,0,0,0,1,0,16
0.2657533884048462,0.0010161487152799964,0.013312522321939468,1.4232747389542055e-06,0.2798309326171875,-0.0011855551274493337,0.17040632665157318,0.01579304225742817,0.00026407360564917326,4.0457192085341376e-07,-7.778900226185215e-07,1.810862784168421e-07,0.7350420951843262,-0.00038710900116711855,-0.014156453311443329,-2.799047615553718e-05,0,0,0,0,1,0,0,0,1,0,6
0.2791118323802948,0.0010100186336785555,0.013462585397064686,-2.7134015908814035e-05,0.2955128252506256,-0.0009233407326973975,0.150445818901062,0.015591677278280258,0.0002607136848382652,4.0457192085341376e-07,-7.778900226185215e-07,1.810862784168421e-07,0.7208802700042725,-0.00040168740088120103,-0.01416557002812624,-8.208115787056158e-07,0,0,0,0,0,1,0,0,1,0,13
0.2927126884460449,0.0009155670995824039,0.01370275765657425,-0.0001561351091368124,0.3103572726249695,-0.0006759471725672483,0.134422168135643,0.01407252624630928,0.00023360845807474107,-9.80948925644043e-07,3.1020197639008984e-05,1.9049537058890564e-06,0.7067102789878845,-0.0003854464739561081,-0.01417258195579052,3.0204706490621902e-05,0,0,0,0,0,1,0,0,1,0,16
0.3065165579319,0.0006880166474729776,0.01387876644730568,-0.0002729546104092151,0.32424119114875793,-0.00044559038360603154,0.10671094805002213,0.01351979374885559,0.0002240056055597961,-1.411618541169446e-06,4.085285763721913e-05,1.927054199768463e-06,0.6925343871116638,-0.00034127020626328886,-0.014178192242980003,4.8838955990504473e-05,0,0,0,0,0,1,0,0,1,0,7
0.3204732835292816,0.00044296937994658947,0.014014454558491707,-0.0002170280204154551,0.337180495262146,-0.00023164953745435923,0.10754550993442535,0.012635787017643452,0.0002088761975755915,-2.9181883292039856e-06,7.475012534996495e-05,0.0,0.6783541440963745,-0.00029242184245958924,-0.014181697741150856,4.885522139375098e-05,0,0,0,0,0,0,1,0,1,0,6
0.3335619270801544,0.0014054644852876663,0.013691513799130917,0.0001573722984176129,0.3494381606578827,-2.902377673308365e-05,0.11276651918888092,0.011951422318816185,0.00019756329129450023,-2.7599373879638733e-06,7.069649291224778e-05,0.0,0.664170503616333,-0.00024355913046747446,-0.014185204170644283,4.886814349447377e-05,0,0,0,0,0,1,0,0,1,0,12
0.346591591835022,0.0021017673425376415,0.013037989847362041,0.0003355185326654464,0.3627619445323944,0.0020850985310971737,0.15035369992256165,0.01426059938967228,0.0033694070298224688,3.6201577131578233e-06,1.611005063750781e-05,1.7479895177530125e-05,0.6499841809272766,-0.00018449559865985066,-0.01418730802834034,6.740547541994601e-05,0,0,0,0,0,1,0,0,1,0,18
0.35910484194755554,0.003386989003047347,0.01239776611328125,0.0019756159745156765,0.37692609429359436,0.005431527271866798,0.13458330929279327,0.014085215516388416,0.003327848156914115,3.6201577131578233e-06,1.611005063750781e-05,1.7479895177530125e-05,0.635796308517456,-0.00010689363989513367,-0.01418871060013771,8.594469545641914e-05,0,0,0,0,0,1,0,0,1,0,12
0.37101343274116516,0.005877943243831396,0.011766658164560795,0.002545603085309267,0.3902527391910553,0.00854489579796791,0.13146384060382843,0.012800412252545357,0.0029664102476090193,-2.142487392120529e-05,4.942739906255156e-05,2.4914523237384856e-05,0.6216121315956116,0.00011179740977240726,-0.01417258195579052,0.00045457156375050545,0,0,0,0,0,1,0,0,1,0,12
0.38306403160095215,0.00846155360341072,0.012268739752471447,0.002599931787699461,0.4027262032032013,0.011427417397499084,0.11832620948553085,0.01213165745139122,0.0027967828791588545,-3.9070007915142924e-05,7.176127837738022e-05,5.831256484623015e-12,0.6074753999710083,0.0008967696921899915,-0.01409825123846531,0.0010548275895416737,0,0,0,0,0,1,0,0,1,0,0
0.3955650329589844,0.011057259514927864,0.01267580408602953,0.002587796887382865,0.41451919078826904,0.014146124012768269,0.11485911905765533,0.011504112742841244,0.0026521109975874424,-3.705006747622974e-05,6.805119483033195e-05,-1.1660396606605339e-11,0.5934449434280396,0.002273965161293745,-0.013974133878946304,0.0016119687352329493,0,0,0,0,0,1,0,0,1,0,12
0.40840768814086914,0.013656998053193092,0.012956647202372551,0.0026291923131793737,0.42567238211631775,0.01671733893454075,0.11186166107654572,0.010865490883588791,0.0025048847310245037,-3.499173908494413e-05,6.427059997804463e-05,5.829178285898795e-12,0.579535722732544,0.004105160012841225,-0.013852119445800781,0.0020100383553653955,0,0,0,0,0,1,0,0,1,0,14
0.42141205072402954,0.016409216448664665,0.01304647047072649,0.0026754490099847317,0.43620315194129944,0.019145047292113304,0.11103268712759018,0.010258517228066921,0.0023649551440030336,-3.3037962566595525e-05,6.068205038900487e-05,0.0,0.5657633543014526,0.006332353223115206,-0.013703107833862305,0.002404234604910016,0,0,0,0,0,0,0,0,1,0,16
0.4336228668689728,0.019390098750591278,0.011752495542168617,0.002090069931000471,0.4461400508880615,0.021435851231217384,0.10831203311681747,0.009679355658590794,0.0022314386442303658,-3.117336382274516e-05,5.7257253502029926e-05,-5.827440526656735e-12,0.5522013306617737,0.00904785841703415,-0.013419109396636486,0.0030075248796492815,0,0,0,0,0,0,0,0,1,0,6
0.444185733795166,0.02143062651157379,0.009226448833942413,0.0013418032322078943,0.482632040977478,0.02307949773967266,0.28502923250198364,0.06285306811332703,0.0010352955432608724,-1.4723824278917164e-05,4.59787406725809e-05,0.0007560285739600658,0.5389854907989502,0.01240947563201189,-0.013038340955972672,0.0036485742311924696,0,0,0,0,0,1,0,0,1,0,3
0.45241203904151917,0.022656871005892754,0.0073944819159805775,0.0011787317926064134,0.5438384413719177,0.023954246193170547,0.4651166796684265,0.059885550290346146,0.0007443408248946071,-1.4723824278917164e-05,4.59787406725809e-05,0.0007560285739600658,0.5264011025428772,0.01624876819550991,-0.011720025911927223,0.003650128608569503,0,0,1,0,0,0,0,0,1,0,10
0.4596084952354431,0.023592324927449226,0.006899062544107437,0.0005705647636204958,0.6021664142608643,0.024541784077882767,0.4338231086730957,0.05707453191280365,0.0004604108107741922,-1.4723824278917164e-05,4.59787406725809e-05,0.0007560285739600658,0.5166547894477844,0.019162166863679886,-0.007819779217243195,0.002210847567766905,0,0,1,0,0,0,0,0,1,0,0
0.46604788303375244,0.024124855175614357,0.00613261666148901,0.0005071813357062638,0.6577542424201965,0.02484983019530773,0.205276221036911,0.05438812077045441,0.00018468328926246613,-1.4723824278917164e-05,4.59787406725809e-05,0.0007560285739600658,0.511777400970459,0.020479153841733932,-0.0023168676998466253,0.000599440187215805,0,0,1,0,0,0,0,0,1,0,2
0.47275111079216003,0.024624252691864967,0.007387119345366955,0.00046537251910194755,0.705781877040863,0.025012454017996788,0.21543549001216888,0.04502405971288681,0.00012669505667872727,-1.3639844837598503e-05,6.567200762219727e-05,0.0006945183267816901,0.5127545595169067,0.02069585584104061,0.0030345777049660683,0.00028948180261068046,0,1,0,0,0,0,0,0,1,0,9
0.48092886805534363,0.02497505396604538,0.008793437853455544,0.000229092882364057,0.7499218583106995,0.025047944858670235,0.18762291967868805,0.0434085913002491,-3.899845978594385e-05,-1.3639844837598503e-05,6.567200762219727e-05,0.0006945183267816901,0.5166364312171936,0.021090449765324593,0.00458114268258214,0.00043328868923708797,0,1,0,0,0,0,0,0,1,0,4
0.49011939764022827,0.025054946541786194,0.009297270327806473,2.8596499760169536e-05,0.7905484437942505,0.024980779737234116,0.14963136613368988,0.03809016942977905,-6.614860467379913e-05,-1.14745635073632e-05,9.009634231915697e-05,0.0005923302378505468,0.5223671793937683,0.021281030029058456,0.006479563191533089,0.0001563393307151273,0,0,0,1,0,0,0,0,1,0,2
0.49986428022384644,0.025080109015107155,0.01024431362748146,1.785202584869694e-05,0.8274758458137512,0.024873336777091026,0.12137337774038315,0.03464297950267792,-9.665335528552532e-05,-8.545563105144538e-06,0.00011642042227322236,0.000459351489553228,0.5298064947128296,0.021427327767014503,0.00788817647844553,0.00015175090811681002,0,1,0,0,0,0,0,0,1,0,12
0.5105704069137573,0.025090912356972694,0.0111146355047822,1.4057192174732336e-06,0.8600190281867981,0.02478041499853134,0.11205883324146271,0.030788099393248558,-8.085768058663234e-05,-2.498080903023947e-06,0.00016018676979001611,0.00017527132877148688,0.5385504961013794,0.021556684747338295,0.009105867706239223,0.0001269445929210633,0,1,0,0,0,0,0,0,1,0,16
0.5220644474029541,0.02509506419301033,0.011871823109686375,-3.116122115898179e-07,0.8891578912734985,0.024707145988941193,0.10919499397277832,0.02790284901857376,-6.987184315221384e-05,9.760465218278114e-07,0.00016504491213709116,-3.6728850212955355e-13,0.5483235120773315,0.02166297659277916,0.00998426228761673,0.00011493453348521143,0,1,0,0,0,0,0,0,1,0,8
0.5342559814453125,0.025092706084251404,0.01249298918992281,-8.598795830039307e-06,0.9157052636146545,0.024640671908855438,0.10950945317745209,0.025495443493127823,-6.384340667864308e-05,8.918399885260442e-07,0.0001508059649495408,-7.334166910941131e-13,0.558937668800354,0.02176554873585701,0.010839135386049747,0.00010992136230925098,0,0,0,0,0,0,0,1,1,0,12
0.5469877123832703,0.025083594024181366,0.012954511679708958,-1.1839820217574015e-05,0.94003826379776,0.024579737335443497,0.10963147133588791,0.02342701144516468,-5.866383799002506e-05,8.19493664039328e-07,0.00013857254816684872,0.0,0.5703932046890259,0.021857960149645805,0.011705547571182251,9.913623216561973e-05,0,0,0,0,0,0,0,1,1,0,7
0.5601336359977722,0.025071972981095314,0.013322126120328903,-1.509854610048933e-05,0.9624559283256531,0.024523604661226273,0.10971931368112564,0.021627943962812424,-5.41587796760723e-05,7.565662940578477e-07,0.0001279318385059014,3.65888471864223e-13,0.5825398564338684,0.021945171058177948,0.012301766313612461,9.53589187702164e-05,0,0,0,0,0,0,1,0,1,0,12
0.5735957026481628,0.025057442486286163,0.013585119508206844,-1.6097961633931845e-05,0.9831977486610413,0.024471664801239967,0.10978414118289948,0.020046362653374672,-5.019831587560475e-05,7.01245198797551e-07,0.0001185773144243285,3.6559270151156897e-13,0.5952024459838867,0.02202567271888256,0.01283377967774868,8.182276360457763e-05,0,0,0,0,0,0,1,0,1,0,1
0.5872889757156372,0.025042403489351273,0.013794487342238426,-1.7453496184316464e-05,1.0024588108062744,0.02442343346774578,0.10983265191316605,0.01864282786846161,-4.668365727411583e-05,6.521501063616597e-07,0.0001102756432374008,-1.8267466261445015e-13,0.608294665813446,0.0220975149422884,0.013174876570701599,8.02399154054001e-05,1,0,0,0,0,0,0,0,1,0,7
