lt_dp_posx,lt_dp_posy,lt_dp_velx,lt_dp_vely,ball_posx,ball_posy,ball_posz,ball_vel_x,ball_vel_y,ball_rot_x,ball_rot_y,ball_rot_z,rt_gk_posx,rt_gk_posy,rt_gk_velx,rt_gk_vely,action_left,action_top_left,action_top,action_top_right,action_right,action_bottom_right,action_bottom,action_bottom_left,action_sprint,action_dribble,sel_action
-1.0110293626785278,-0.0,0.0,-0.0,0.019999999552965164,-0.0,0.11061639338731766,-0.0,0.0,0.0,-0.0,0.0,1.0110293626785278,0.0,-0.0,0.0,0,0,0,0,0,0,0,0,0,0,5
0.0,-0.0,0.0,-0.0,0.019999999552965164,-0.0,0.11059734225273132,-0.0,0.0,0.0,-0.0,0.0,1.0110293626785278,0.0,-0.0,0.0,0,0,0,0,1,0,0,0,0,0,5
0.0,-0.0,0.0,-0.0,0.019999999552965164,-0.0,0.10930104553699493,-0.0,0.0,0.0,-0.0,0.0,1.0085934400558472,-1.7055430678869499e-10,-0.003884820267558098,-2.392741005330379e-10,0,0,0,0,1,0,0,0,0,0,5
0.002222941257059574,1.2141374017282658e-10,0.003935635089874268,2.5671466688526046e-11,0.019999999552965164,-0.0,0.11075475811958313,-0.0,0.0,0.0,-0.0,0.0,1.0038305521011353,-3.7194536339768547e-10,-0.0054703038185834885,-1.5051691837353331e-10,0,0,0,0,1,0,0,0,0,0,5
0.0052714101038873196,-2.5875643849815333e-09,0.005585019942373037,-3.848884266854924e-10,0.019999999552965164,-0.0,0.11053141206502914,-0.0,0.0,0.0,-0.0,0.0,0.9975366592407227,-2.2759019668860958e-10,-0.006950602866709232,6.57144338944704e-10,0,0,0,0,1,0,0,0,0,0,13
0.01062566228210926,-4.511888640479356e-09,0.007103427313268185,-2.9620111918760017e-10,0.02532191388309002,-5.641108136167361e-10,0.12537787854671478,0.008654146455228329,-9.182553051267917e-10,2.423376603555294e-12,6.569759534613695e-06,-4.1066126194033714e-12,0.989837646484375,3.211977073203087e-10,-0.008285746909677982,4.297019962073989e-10,0,0,0,0,1,0,0,0,1,0,18
0.01848970726132393,-4.675544840182511e-09,0.00846126303076744,-1.546263395102443e-10,0.03354698792099953,-1.4384835544944963e-09,0.11837388575077057,0.007911511696875095,-8.419999142361689e-10,1.1762705393048023e-11,4.679934500018135e-05,-1.3888415217529385e-18,0.9809144139289856,5.63566859845821e-10,-0.009325672872364521,7.673351537507145e-11,0,0,0,0,1,0,0,0,1,0,13
0.027614349499344826,-4.811706144636219e-09,0.009638749994337559,-9.196939043665253e-11,0.04123377799987793,-2.2565664892226778e-09,0.11356095224618912,0.0074977632611989975,-7.979657490331249e-10,1.1147637500596996e-11,4.435222581378184e-05,-1.388733161092694e-18,0.971478283405304,7.488862863169743e-10,-0.00973448995500803,1.6563890536946957e-10,0,0,0,0,1,0,0,0,1,0,18
0.03610934317111969,-6.712881361892187e-09,0.009277140721678734,-1.8268740686888663e-10,0.04849487915635109,-3.0293441088957707e-09,0.11264882236719131,0.007067797239869833,-7.522055200936961e-10,1.0508111741858173e-11,4.1807827074080706e-05,0.0,0.961243748664856,8.44241898612097e-10,-0.010619443841278553,3.1422819207760355e-11,0,0,0,0,1,0,0,0,1,0,13
0.04458244517445564,-8.596812151040467e-09,0.010067443363368511,-1.1342166095218431e-10,0.0575619600713253,8.605902621638961e-06,0.13116532564163208,0.013979604467749596,2.8259357350179926e-05,2.946660515590338e-07,7.121449016267434e-06,3.4845231766666984e-07,0.9503563046455383,1.342041366925173e-09,-0.010805971920490265,8.901647197134821e-10,0,0,0,0,1,0,0,0,1,0,16
0.0550798624753952,4.769332804244186e-07,0.01067549828439951,2.4281016521854326e-06,0.07140156626701355,3.6511075450107455e-05,0.13711687922477722,0.013769236393272877,2.7762695026467554e-05,2.854333160939859e-07,8.133003575494513e-06,3.5940200859840843e-07,0.9392877221107483,1.977309649348058e-09,-0.011376773938536644,4.4883521899130585e-10,0,0,0,0,1,0,0,0,1,0,13
0.06593388319015503,6.923396085767308e-06,0.011177010834217072,9.552246410748921e-06,0.08450516313314438,6.219857459655032e-05,0.12683244049549103,0.012486333958804607,2.3782826247042976e-05,-6.449503331396045e-08,4.567896030494012e-05,4.1026905250873824e-07,0.9275738596916199,4.531544917085739e-09,-0.011977027170360088,2.357525552554307e-08,0,0,0,0,1,0,0,0,1,0,0
0.07751210778951645,2.0731738914037123e-05,0.011883413419127464,1.7104237485909835e-05,0.09661086648702621,8.502041600877419e-05,0.11762478947639465,0.011770819313824177,2.2048041500966065e-05,-3.08004928228911e-07,6.962730549275875e-05,-4.55518801389769e-14,0.9152939915657043,5.224645747148315e-07,-0.012507859617471695,1.1087197435699636e-06,0,0,0,0,1,0,0,0,1,0,5
0.08974564075469971,3.966320582549088e-05,0.012501811608672142,2.055805452982895e-05,0.1080528050661087,0.00010645241127349436,0.11083365231752396,0.011161230504512787,2.090621092065703e-05,-2.920641009040992e-07,6.602374196518213e-05,-4.554409082399395e-14,0.9025512933731079,2.517763277865015e-06,-0.01291878055781126,2.7142700673721265e-06,0,0,0,0,1,0,0,0,1,0,16
0.10252194106578827,6.337087688734755e-05,0.012981277890503407,2.6491670723771676e-05,0.11886794865131378,0.0001267103652935475,0.10950881987810135,0.010538519360125065,1.9739807612495497e-05,-2.757667800779018e-07,6.233958265511319e-05,4.5536562395158756e-14,0.8894527554512024,5.771286851086188e-06,-0.013232932426035404,3.5129680782119976e-06,0,0,0,0,1,0,0,0,1,0,18
0.11568813771009445,-0.0007769071380607784,0.013238980434834957,2.3831164071452804e-05,0.12907537817955017,0.00014583002484869212,0.11070510745048523,0.009941484779119492,1.8621489289216697e-05,-2.6013600518126623e-07,5.880613753106445e-05,-2.2764871042933732e-14,0.8760826587677002,9.64196260611061e-06,-0.013472052291035652,4.1572661757527385e-06,0,0,0,0,1,0,0,0,1,0,5
0.12892717123031616,-0.0022525633685290813,0.013239067979156971,1.1915582035726402e-05,0.14058691263198853,7.988450670382008e-05,0.13553376495838165,0.015573165379464626,-0.0002598405408207327,-6.126785478954844e-08,1.0369019946665503e-05,-7.978029543664888e-07,0.8625065684318542,1.3837197911925614e-05,-0.013653671368956566,3.146889866911806e-06,0,0,0,0,1,0,0,0,1,0,13
0.14216960966587067,-0.002246866701170802,0.013272990472614765,3.3474138945166487e-06,0.1560525745153427,-0.00017813904560171068,0.15389691293239594,0.015377948991954327,-0.00025655209901742637,-6.126785478954844e-08,1.0369019946665503e-05,-7.978029543664888e-07,0.8487749099731445,1.3160642083676066e-05,-0.013789709657430649,-3.8076166219980223e-06,0,0,0,0,1,0,0,0,1,0,0
0.15560877323150635,-0.0021966276690363884,0.013562160544097424,0.00010679997649276629,0.17100591957569122,-0.0004270456556696445,0.12458151578903198,0.014172532595694065,-0.000234647435718216,1.2911367548440467e-06,4.018621984869242e-05,-1.9322087609907612e-06,0.8349264860153198,5.741597306041513e-06,-0.013892089948058128,-1.0386056601419114e-05,0,0,0,0,1,0,0,0,1,0,13
0.1692930907011032,-0.002007646718993783,0.013774107210338116,0.00025410045054741204,0.18475712835788727,-0.0006542715127579868,0.1057267040014267,0.013356017880141735,-0.00022030205582268536,2.195377646785346e-06,5.991518992232159e-05,-1.4152240055409493e-06,0.8209907412528992,-1.3779769687971566e-05,-0.01396852359175682,-2.802165545290336e-05,0,0,0,0,1,0,0,0,1,0,16
0.18315863609313965,-0.0017258450388908386,0.013934864662587643,0.0002649750967975706,0.19766958057880402,-0.0008670595125295222,0.11271271109580994,0.012604670599102974,-0.000207716177101247,2.901584139181068e-06,7.455582817783579e-05,7.2901136082687e-13,0.8069896101951599,-5.223990592639893e-05,-0.01402532309293747,-4.701713987742551e-05,0,0,0,0,1,0,0,0,1,0,16
0.19716334342956543,-0.001496927929110825,0.014056352898478508,0.0002002780238399282,0.20989485085010529,-0.0010685230372473598,0.11237561702728271,0.01191645860671997,-0.00019637486548162997,2.7433725335868075e-06,7.049063424346969e-05,3.6443049099277314e-13,0.7929396033287048,-0.00010676543752197176,-0.014068098738789558,-5.6158638471970335e-05,0,0,0,0,1,0,0,0,1,0,0
0.2112593650817871,-0.00133103271946311,0.014121981337666512,0.0001384219794999808,0.2214398831129074,-0.0012587768724188209,0.11105364561080933,0.011248010210692883,-0.00018535929848439991,2.5894614736898802e-06,6.653588206972927e-05,0.0,0.7788529992103577,-0.0001624790020287037,-0.014100355096161366,-5.5343287385767326e-05,0,0,0,0,1,0,0,0,1,0,18
0.22535505890846252,-0.0012292085448279977,0.014120819978415966,7.549299334641546e-05,0.23289287090301514,-0.0014185365289449692,0.12036368250846863,0.016202328726649284,2.2771717340219766e-05,9.569746453053085e-07,8.314104888995644e-06,-1.123085667131818e-06,0.7647390961647034,-0.00021738935902249068,-0.014124196954071522,-5.481880361912772e-05,0,0,0,0,1,0,0,0,1,0,13
0.2390718311071396,-0.0011892173206433654,0.013386151753365993,1.1927167179237586e-05,0.24874666333198547,-0.0013969913125038147,0.16152387857437134,0.015753794461488724,2.137992123607546e-05,8.989376283352613e-07,1.2278230315132532e-05,-9.625376833355404e-07,0.7506048083305359,-0.00027354221674613655,-0.014141728170216084,-5.724202492274344e-05,0,0,0,0,1,0,0,0,1,0,0
0.25238412618637085,0.000357944518327713,0.013312598690390587,3.79573202735628e-06,0.26432451605796814,-0.0013760019792243838,0.1026722863316536,0.015166591852903366,1.9502733266563155e-05,7.958211085679068e-07,1.9121831428492442e-05,-7.103128609742271e-07,0.736455500125885,-0.0003321109979879111,-0.014154350385069847,-5.965232412563637e-05,0,0,0,0,1,0,0,0,1,0,0
0.26569658517837524,0.0010161199606955051,0.013312522321939468,1.4232747389542055e-06,0.27977409958839417,-0.0011855864431709051,0.17040637135505676,0.01579304225742817,0.00026407369296066463,4.0460912487105816e-07,-7.777784389872977e-07,1.8099038356922392e-07,0.7222950458526611,-0.00038615596713498235,-0.014164868742227554,-4.473066655918956e-05,0,0,0,0,1,0,0,0,1,0,5
0.27905499935150146,0.0010099898790940642,0.013462585397064686,-2.7134015908814035e-05,0.2954559922218323,-0.0009233720484189689,0.1504458785057068,0.015591677278280258,0.0002607137430459261,4.0460912487105816e-07,-7.777784389872977e-07,1.8099038356922392e-07,0.7081261873245239,-0.0004185830184724182,-0.014171880669891834,-2.2356198314810172e-05,0,0,0,0,1,0,0,0,1,0,18
0.292655885219574,0.0009155380539596081,0.013702932745218277,-0.00015613601135555655,0.31030043959617615,-0.000675978371873498,0.1344221979379654,0.01407252624630928,0.0002336083707632497,-9.809239145397441e-07,3.102024129475467e-05,1.9049069805987529e-06,0.6939509510993958,-0.0004284303868189454,-0.014177490957081318,1.0003919896917068e-06,0,0,0,0,1,0,0,0,1,0,18
0.3064597249031067,0.0006879872526042163,0.01387876644730568,-0.00027295504696667194,0.3241843581199646,-0.00044562172843143344,0.1067110225558281,0.013519799336791039,0.00022400562011171132,-1.4115963722360902e-06,4.085285036126152e-05,1.9270214579591993e-06,0.6797710061073303,-0.0004133443580940366,-0.014181697741150856,2.6612207875587046e-05,0,0,0,0,1,0,0,0,1,0,6
0.3204164505004883,0.00044293905375525355,0.014014454558491707,-0.00021702890808228403,0.33712366223335266,-0.0002316808677278459,0.10754549503326416,0.012635797262191772,0.00020887622667942196,-2.918189011325012e-06,7.475016900571063e-05,0.0,0.6655877232551575,-0.0003726399736478925,-0.014184502884745598,5.223516564001329e-05,0,0,0,0,0,1,0,0,1,0,7
0.33350512385368347,0.0014054321218281984,0.013691868633031845,0.0001573724439367652,0.34938132762908936,-2.9055072445771657e-05,0.11276651173830032,0.01195143349468708,0.00019756334950216115,-2.7599380700848997e-06,7.069655111990869e-05,0.0,0.6514021754264832,-0.0003177624603267759,-0.014186606742441654,5.495694495039061e-05,0,0,0,0,0,0,1,0,1,0,12
0.34653472900390625,0.0021017335820943117,0.013037989847362041,0.0003355185326654464,0.36270514130592346,0.002085066633298993,0.15035369992256165,0.014260602183640003,0.003369406098499894,3.6201583952788496e-06,1.6110072465380654e-05,1.7479898815508932e-05,0.6372146606445312,-0.00026270924718119204,-0.014188009314239025,5.5131622502813116e-05,0,0,0,0,0,0,1,0,1,0,12
0.3590480089187622,0.0033869538456201553,0.01239776611328125,0.0019756159745156765,0.3768692910671234,0.005431495141237974,0.13458330929279327,0.014085222035646439,0.0033278479240834713,3.6201583952788496e-06,1.6110072465380654e-05,1.7479898815508932e-05,0.6230275630950928,-0.0001339342416031286,-0.014181697741150856,0.0003004504833370447,0,0,0,0,0,0,1,0,1,0,9
0.3709565997123718,0.005877908319234848,0.011766658164560795,0.002545606577768922,0.39019596576690674,0.0085448632016778,0.13146382570266724,0.012800410389900208,0.0029664072208106518,-2.1424866645247675e-05,4.9427417252445593e-05,2.4914508685469627e-05,0.6088660955429077,0.0004359762533567846,-0.014138923026621342,0.0007901554345153272,0,0,0,0,0,0,1,0,1,0,6
0.3830071985721588,0.00846152100712061,0.012268739752471447,0.002599931787699461,0.40266942977905273,0.011427383869886398,0.11832623183727264,0.01213166955858469,0.002796782646328211,-3.9070004277164117e-05,7.176135841291398e-05,0.0,0.594770073890686,0.0014937958912923932,-0.014056879095733166,0.0012705716071650386,0,0,0,0,0,1,0,0,1,0,12
0.39550819993019104,0.011057227849960327,0.01267580408602953,0.002587796887382865,0.4144624173641205,0.014146091416478157,0.11485910415649414,0.011504123918712139,0.0026521109975874424,-3.705006747622974e-05,6.805126031395048e-05,-1.1660396606605339e-11,0.5807674527168274,0.002992055844515562,-0.013953797519207,0.001684095012024045,0,0,0,0,0,1,0,0,1,0,12
0.4083505868911743,0.013656961731612682,0.012956297025084496,0.0026291923131793737,0.42561566829681396,0.016717305406928062,0.11186166107654572,0.010865499265491962,0.0025048847310245037,-3.499173908494413e-05,6.427065090974793e-05,5.829178285898795e-12,0.5668832063674927,0.004902011249214411,-0.013822667300701141,0.0020941656548529863,0,0,0,0,0,1,0,0,1,0,14
0.42135465145111084,0.016409143805503845,0.013045723550021648,0.002675421070307493,0.43614643812179565,0.019145015627145767,0.11103268712759018,0.010258518159389496,0.002364953514188528,-3.3037937100743875e-05,6.068205038900487e-05,0.0,0.5531690716743469,0.007273796014487743,-0.013603182509541512,0.0026346466038376093,0,0,0,0,0,0,0,0,1,0,14
0.4335651993751526,0.01938984915614128,0.01175279263406992,0.0020899013616144657,0.44608333706855774,0.02143581584095955,0.10831203311681747,0.009679355658590794,0.002231436315923929,-3.11733347189147e-05,5.7257253502029926e-05,-5.827440526656735e-12,0.5397270321846008,0.010232511907815933,-0.013301302678883076,0.00322188762947917,0,0,0,0,0,0,0,0,1,0,0
0.4441280663013458,0.021430352702736855,0.009226448833942413,0.0013418459566310048,0.4815419316291809,0.022330889478325844,0.2726840078830719,0.06081270053982735,-0.0005254580173641443,1.1724751857400406e-05,3.401239519007504e-05,0.0017746289959177375,0.5267640948295593,0.01370756234973669,-0.012206681072711945,0.0034762625582516193,0,0,0,0,0,0,0,0,1,0,6
0.452354371547699,0.022656619548797607,0.0073944819159805775,0.0011787459952756763,0.5407825708389282,0.021484659984707832,0.452140748500824,0.057982202619314194,-0.001099768211133778,1.1724751857400406e-05,3.401239519007504e-05,0.0017746289959177375,0.5166052579879761,0.01676667481660843,-0.008130774833261967,0.0026920479722321033,0,0,0,0,0,1,0,0,1,0,17
0.4595508277416229,0.023592093959450722,0.006899062544107437,0.0005705790244974196,0.5972881317138672,0.02009669877588749,0.4500877857208252,0.05532021075487137,-0.001614980399608612,1.1724751857400406e-05,3.401239519007504e-05,0.0017746289959177375,0.5115906000137329,0.019078919664025307,-0.0023193219676613808,0.002200637711212039,0,0,0,0,0,1,0,0,1,1,16
0.46599018573760986,0.024124646559357643,0.00613261666148901,0.0005072098574601114,0.6512104868888855,0.018225258216261864,0.2778647541999817,0.05279785022139549,-0.0020728721283376217,1.1724751857400406e-05,3.401239519007504e-05,0.0017746289959177375,0.511600911617279,0.021833257749676704,0.002446244703605771,0.002604623092338443,0,0,0,0,0,1,0,0,1,1,4
0.47211888432502747,0.023882711306214333,0.006094049196690321,-0.0011789456475526094,0.6999043226242065,0.01603059656918049,0.17875933647155762,0.04359573870897293,-0.002204264746978879,1.3564450455305632e-05,5.488031456479803e-05,0.00162498839199543,0.5161616802215576,0.023644788190722466,0.005763067863881588,0.0011974116787314415,0,0,0,1,0,0,0,0,1,1,18
0.4783652722835541,0.02160950005054474,0.006243019364774227,-0.003050599480047822,0.742664635181427,0.013667210936546326,0.2181636244058609,0.042073190212249756,-0.0024872575886547565,1.3564450455305632e-05,5.488031456479803e-05,0.00162498839199543,0.522833526134491,0.024393776431679726,0.007345045451074839,0.0005657307920046151,0,0,0,1,0,0,0,0,1,0,16
0.4849894642829895,0.018115093931555748,0.007125124800950289,-0.003609625156968832,0.783523678779602,0.011065335012972355,0.12153387069702148,0.037367284297943115,-0.0025407851208001375,1.653920662647579e-05,7.61258925194852e-05,0.001424427842721343,0.530927300453186,0.024732833728194237,0.00867177452892065,0.00012708052236121148,0,0,0,1,0,0,0,0,1,0,18
0.4929295778274536,0.014621410518884659,0.008201072923839092,-0.003447568276897073,0.8197764754295349,0.008469803258776665,0.13066703081130981,0.03573101386427879,-0.0026608691550791264,1.702156623650808e-05,7.954237662488595e-05,0.001388968201354146,0.5400940179824829,0.02456558682024479,0.009317257441580296,-0.00037453960976563394,0,0,0,1,0,0,0,0,1,0,13
0.5016941428184509,0.012424292042851448,0.009437784552574158,-0.0014333612052723765,0.8527365326881409,0.005915915593504906,0.11262744665145874,0.030936136841773987,-0.0024590494576841593,2.6496758437133394e-05,0.00013598738587461412,0.0006718887598253787,0.5496166348457336,0.02415032498538494,0.009898928925395012,-0.0004553623730316758,0,0,0,1,0,0,0,0,1,0,5
0.5114636421203613,0.01118986401706934,0.01008562557399273,-0.0011403728276491165,0.8818275928497314,0.003576095448806882,0.10908517986536026,0.02776486985385418,-0.0022421712055802345,3.132118581561372e-05,0.00016422916087321937,-1.1752121845121088e-11,0.5599918961524963,0.023635786026716232,0.010741458274424076,-0.0005625366466119885,0,0,0,0,1,0,0,0,1,0,12
0.5221394300460815,0.010202810168266296,0.011052402667701244,-0.0008258498855866492,0.9082410335540771,0.0014430515002459288,0.10950451344251633,0.025364931672811508,-0.0020483634434640408,2.8613940230570734e-05,0.00015003400039859116,5.866854745073535e-12,0.5708534121513367,0.023039815947413445,0.010765300132334232,-0.0006084807100705802,0,0,0,0,1,0,0,0,1,0,18
0.5336921215057373,0.009449435397982597,0.011871034279465675,-0.0007158004445955157,0.9324474930763245,-0.0005117602413520217,0.10962851345539093,0.023303650319576263,-0.0018819035030901432,2.6288880690117367e-05,0.0001378427550662309,5.859629621796092e-12,0.5820100903511047,0.022389259189367294,0.011456012725830078,-0.000683528371155262,0,0,0,0,1,0,0,0,1,0,16
0.5463007092475891,0.008472568355500698,0.012659257277846336,-0.0007430791738443077,0.9547455906867981,-0.0023124576546251774,0.10971715301275253,0.021511388942599297,-0.0017371679423376918,2.4267201297334395e-05,0.0001272423251066357,-5.853854727344565e-12,0.593789279460907,0.021669190376996994,0.012038735672831535,-0.0007439600885845721,0,0,0,0,1,0,0,0,1,0,18
0.5593360662460327,0.007720511872321367,0.01315910741686821,-0.000648918969091028,0.9753745198249817,-0.0039783623069524765,0.10978253185749054,0.01993624120950699,-0.0016099658096209168,2.2490392439067364e-05,0.00011792582517955452,5.849167504512476e-12,0.6061133146286011,0.020897110924124718,0.012538012117147446,-0.0007961925584822893,0,0,0,0,1,0,0,0,1,0,0
0.572677493095398,0.00711706280708313,0.013432326726615429,-0.0005439615342766047,0.9945288300514221,-0.005525185726583004,0.10983144491910934,0.01853877305984497,-0.0014971125638112426,2.0913983462378383e-05,0.00010966008267132565,5.845312515267986e-12,0.6188709139823914,0.02007277123630047,0.012921585701406002,-0.0008462576079182327,0,0,0,0,1,0,0,0,1,0,5
0.5862551331520081,0.006620702333748341,0.013675310648977757,-0.0004737103299703449,1.0123687982559204,-0.00696587236598134,0.10986848920583725,0.017288487404584885,-0.0013961450895294547,1.9503580915625207e-05,0.00010226477752439678,-8.763155132096578e-12,0.6319617629051208,0.019208736717700958,0.013216803781688213,-0.0008781703654676676,0,0,0,0,1,0,0,0,1,0,5
