lt_dp_posx,lt_dp_posy,lt_dp_velx,lt_dp_vely,ball_posx,ball_posy,ball_posz,ball_vel_x,ball_vel_y,ball_rot_x,ball_rot_y,ball_rot_z,rt_gk_posx,rt_gk_posy,rt_gk_velx,rt_gk_vely,action_left,action_top_left,action_top,action_top_right,action_right,action_bottom_right,action_bottom,action_bottom_left,action_sprint,action_dribble,sel_action
-1.0110293626785278,-0.0,0.0,-0.0,0.019999999552965164,-0.0,0.11061639338731766,0.0,-0.0,0.0,-0.0,0.0,1.0110293626785278,0.0,-0.0,0.0,0,0,0,0,0,0,0,0,0,0,5
0.000559650594368577,7.62100660356424e-11,0.0026072831824421883,1.9929723149569867e-10,0.019999999552965164,-0.0,0.11059734225273132,0.0,-0.0,0.0,-0.0,0.0,1.0110293626785278,0.0,-0.0,0.0,0,0,0,0,1,0,0,0,0,0,5
0.0037909799721091986,-4.2882783435338467e-10,0.00477812672033906,-1.2493993339912635e-10,0.019999999552965164,-0.0,0.10930104553699493,0.0,-0.0,0.0,-0.0,0.0,1.0081888437271118,-2.0497464836566337e-11,-0.004046103451400995,-2.4733272721566557e-11,0,0,0,0,1,0,0,0,0,0,13
0.007220606319606304,-3.3994782544510826e-09,0.006362332962453365,-3.436693429836879e-10,0.0209170114248991,-1.8649751881705257e-11,0.11501296609640121,0.009170141071081161,-1.8649753963373428e-10,2.231189408577472e-13,-1.3295130884216633e-05,-1.8042921215259689e-13,1.0032682418823242,-3.9911695476346765e-11,-0.005623172502964735,-1.2799410836761282e-11,0,0,0,0,1,0,0,0,1,0,5
0.01438907440751791,-3.5843852330685877e-09,0.007803343702107668,-1.5713532905414773e-11,0.029684362933039665,-1.9517243377009663e-10,0.11064129322767258,0.008495262823998928,-1.7000123531119016e-10,-1.4969398333744555e-12,-3.7889494706178084e-05,-5.92098527325835e-13,0.9968275427818298,2.6952079457132072e-11,-0.0070915501564741135,1.6992542095639607e-10,0,0,0,0,1,0,0,0,1,0,5
0.022906016558408737,-3.949633953226339e-09,0.009073887020349503,-5.559878113459149e-10,0.03789382800459862,-3.5902933404052817e-10,0.10685884207487106,0.008017521351575851,-1.6000099856139371e-10,-2.2352547330434236e-12,-4.742744204122573e-05,-1.7360879620960016e-19,0.9889967441558838,1.5889922710954352e-10,-0.008409163914620876,9.335179851355235e-11,0,0,0,0,1,0,0,0,1,0,18
0.03245893493294716,-4.650997809108048e-09,0.010056402534246445,-2.7504162836144985e-10,0.045668408274650574,-5.141820302867472e-10,0.11311600357294083,0.007577183656394482,-1.512134167880319e-10,-2.1124317572951412e-12,-4.482140866457485e-05,-1.7359421715130391e-19,0.9799808859825134,1.9278009744105873e-10,-0.009335489943623543,-1.7234698043711028e-11,0,0,0,0,1,0,0,0,1,0,0
0.040823813527822495,-8.616130031668945e-09,0.009685635566711426,-1.5893937554967152e-10,0.05300551652908325,-6.606044045120996e-10,0.11167290061712265,0.007141703274101019,-1.4252275748471988e-10,-1.9910084865515376e-12,-4.224505755701102e-05,0.0,0.9704952239990234,9.905847253577349e-10,-0.00983055867254734,6.856771261887218e-10,0,0,0,0,1,0,0,0,1,0,5
0.05011948570609093,-1.0503612202228396e-08,0.010337285697460175,-9.286011543041539e-11,0.06430814415216446,1.768596121110022e-05,0.1434319168329239,0.014049658551812172,2.932729694293812e-05,3.800752210736391e-07,-4.308273128117435e-05,-2.6630837979269018e-08,0.9601738452911377,1.4791242675116223e-09,-0.010699383914470673,3.157512584728295e-10,0,0,0,0,1,0,0,0,1,0,18
0.06074507534503937,1.832542920965352e-06,0.010675542056560516,5.266143944027135e-06,0.07824574410915375,4.67980898974929e-05,0.1145654171705246,0.013736046850681305,2.879684507206548e-05,3.8260566270764684e-07,-4.728198837256059e-05,-2.175382363134304e-08,0.9492757320404053,2.508678846879775e-07,-0.010805971920490265,7.082161914695462e-07,0,0,0,0,1,0,0,0,1,0,5
0.07179554551839828,1.1080046533606946e-05,0.011405261233448982,1.2704511391348206e-05,0.09142373502254486,7.47928861528635e-05,0.11872802674770355,0.012915725819766521,2.7478217816678807e-05,3.8389589462894946e-07,-7.640626427019015e-05,-9.113532411370029e-14,0.9381436109542847,1.6099373851830023e-06,-0.011441286653280258,1.86604904683918e-06,0,0,0,0,1,0,0,0,1,0,16
0.08357881754636765,2.8317344913375564e-05,0.012080897577106953,1.965093360922765e-05,0.1039651483297348,0.0001014747322187759,0.10668723285198212,0.012235515750944614,2.6031062589026988e-05,3.6366941458254587e-07,-7.238064426928759e-05,0.0,0.9263702630996704,4.110687768843491e-06,-0.012035930529236794,2.84894463220553e-06,0,0,0,0,1,0,0,0,1,0,5
0.0959906354546547,5.005963612347841e-05,0.012659676373004913,2.407892134215217e-05,0.11582677066326141,0.00012671035074163228,0.11036170274019241,0.011560228653252125,2.45943883783184e-05,3.4358612310825265e-07,-6.838348781457171e-05,9.109829860950991e-14,0.9140385389328003,7.283083050424466e-06,-0.012554140761494637,3.5052501061727526e-06,0,0,0,0,1,0,0,0,1,0,18
0.10890308767557144,7.786002970533445e-05,0.013101013377308846,3.091066173510626e-05,0.1270236372947693,0.00015053169045131654,0.110275499522686,0.010905447416007519,2.3201337171485648e-05,3.2411944062005205e-07,-6.450906948884949e-05,-9.108188649912391e-14,0.9012559056282043,1.123738275055075e-05,-0.01295384205877781,4.3138420551258605e-06,0,0,0,0,1,0,0,0,1,0,16
0.12168461084365845,5.943779615336098e-05,0.013404990546405315,3.233024472137913e-05,0.13758495450019836,0.00017300092440564185,0.10931459814310074,0.010286103934049606,2.1883684894419275e-05,3.057149342566845e-07,-6.084604319767095e-05,9.106727009858609e-14,0.8881267309188843,1.585886457178276e-05,-0.013260280713438988,4.875058493780671e-06,0,0,0,0,1,0,0,0,1,0,16
0.1324603110551834,-0.0004988764994777739,0.01340507436543703,1.8859629562939517e-05,0.14754748344421387,0.00019419619638938457,0.11076351255178452,0.009702855721116066,2.06428248930024e-05,2.883735419345612e-07,-5.739460902987048e-05,2.276356661219496e-14,0.8747334480285645,2.109824345097877e-05,-0.013492387719452381,5.527625035028905e-06,0,0,0,0,1,0,0,0,1,0,16
0.14538942277431488,-0.0005930054467171431,0.013405084609985352,5.388302724895766e-06,0.16235919296741486,0.0001189578470075503,0.15304629504680634,0.015279188752174377,-8.52009397931397e-05,-1.95020803062107e-07,-5.07062031829264e-05,-1.4327947894798854e-07,0.8611396551132202,2.6575482479529455e-05,-0.013669097796082497,4.4366770453052595e-06,0,0,0,0,1,0,0,0,1,0,5
0.15880274772644043,-0.0005863693659193814,0.013516930863261223,1.6907291865209118e-05,0.17745894193649292,3.4945722291013226e-05,0.11548739671707153,0.01465381495654583,-8.041520050028339e-05,-8.079067015387409e-07,-7.448333781212568e-05,-2.3681252514506923e-07,0.8473947644233704,2.8312131689745e-05,-0.013801630586385727,-4.2469312688808714e-07,0,0,0,0,1,0,0,0,1,0,18
0.17245081067085266,-0.0005458185914903879,0.013745181262493134,6.0527945606736466e-05,0.19173431396484375,-4.3209463910898194e-05,0.1102888360619545,0.01399239432066679,-7.658822869416326e-05,-1.070035636985267e-06,-8.27777330414392e-05,0.0,0.8335364460945129,2.5356195692438632e-05,-0.01390050444751978,-5.0359931265120395e-06,0,0,0,0,1,0,0,0,1,0,5
0.18629321455955505,-0.0004651381750591099,0.013914529234170914,8.706395601620898e-05,0.20530889928340912,-0.00011751084821298718,0.10661295801401138,0.013251318596303463,-7.253192598000169e-05,-1.0133313708138303e-06,-7.839105819584802e-05,-3.645804903633365e-13,0.8195932507514954,1.789731868484523e-05,-0.01397483516484499,-9.44706243899418e-06,0,0,0,0,1,0,0,0,1,0,13
0.20028012990951538,-0.0003887093625962734,0.01404040027409792,6.711582682328299e-05,0.21815350651741028,-0.000187816665857099,0.11323656141757965,0.012516802176833153,-6.851153011666611e-05,-9.57096972342697e-07,-7.404077769024298e-05,1.8224796129694132e-13,0.8055864572525024,6.0106472119514365e-06,-0.014030232094228268,-1.3885938642488327e-05,0,0,0,0,1,0,0,0,1,0,5
0.21437403559684753,-0.0003324253484606743,0.014133312739431858,4.756473936140537e-05,0.23027925193309784,-0.0002541877329349518,0.11170478165149689,0.011810747906565666,-6.464689067797735e-05,-9.031006129589514e-07,-6.986362132010981e-05,0.0,0.7915317416191101,-9.428442353964783e-06,-0.014072306454181671,-1.5779944078531116e-05,0,0,0,0,1,0,0,0,1,0,0
0.2262994647026062,0.0002571657532826066,0.014141205698251724,2.9229804567876272e-05,0.24171730875968933,-0.00031679467065259814,0.11070176213979721,0.01113774161785841,-6.096312790759839e-05,-8.516444722772576e-07,-6.588300311705098e-05,0.0,0.7774415016174316,-2.530920392018743e-05,-0.014103160239756107,-1.596182119101286e-05,0,0,0,0,1,0,0,0,1,0,18
0.23933036625385284,0.0005109126796014607,0.013680142350494862,1.0603708687995095e-05,0.2558301091194153,-0.000270588556304574,0.15089896321296692,0.015347547829151154,9.110074461204931e-05,5.094222288448691e-08,-5.389388752519153e-05,9.314340587707193e-08,0.7633247375488281,-4.1249164496548474e-05,-0.014127002097666264,-1.5350278772530146e-05,0,0,0,0,1,0,0,0,1,0,16
0.2527623772621155,0.0005120120476931334,0.013462760485708714,-8.143057129927911e-06,0.27105990052223206,-0.00018021895084530115,0.11816184222698212,0.015062488615512848,8.91194140422158e-05,1.3247327501630934e-07,-5.6303528253920376e-05,1.4824789218437218e-07,0.7491881251335144,-5.453824996948242e-05,-0.01414383202791214,-1.1600535799516365e-05,0,0,0,0,1,0,0,0,1,0,16
0.26636406779289246,0.000479585665743798,0.013704685494303703,-5.4661060858052224e-05,0.28553569316864014,-9.622072684578598e-05,0.12025301158428192,0.014194123446941376,8.218288712669164e-05,1.1481810133773251e-06,-8.396972407354042e-05,-1.8234806026251604e-13,0.7350369095802307,-6.407094770111144e-05,-0.014156453311443329,-7.839374120521825e-06,0,0,0,0,1,0,0,0,1,0,0
0.2801719009876251,0.0003991850826423615,0.013884375803172588,-9.680496441433206e-05,0.29931384325027466,-1.64462071552407e-05,0.11476139724254608,0.013459021225571632,7.792671385686845e-05,1.088683575289906e-06,-7.961849769344553e-05,-5.469078965744667e-13,0.7208749651908875,-6.74442999297753e-05,-0.014166271314024925,1.2484847502491903e-06,0,0,0,0,1,0,0,0,1,0,7
0.2941330671310425,0.0003118036256637424,0.014017960987985134,-7.79169422457926e-05,0.31235775351524353,5.907688682782464e-05,0.11212807148694992,0.012709435075521469,7.358665607171133e-05,1.027951157084317e-06,-7.517699123127386e-05,3.645175253221694e-13,0.7067049741744995,-6.04618398938328e-05,-0.014173283241689205,1.167534264823189e-05,0,0,0,0,0,0,1,0,1,0,7
0.30802348256111145,0.0005508019821718335,0.014016701839864254,-6.3055515056476e-05,0.32467272877693176,0.00013037999451626092,0.10893736034631729,0.011996826156973839,6.946070789126679e-05,9.70383212006709e-07,-7.096686749719083e-05,-1.8221954164749504e-13,0.6925291419029236,-4.3992789869662374e-05,-0.014178192242980003,1.8330316379433498e-05,0,0,0,0,0,0,1,0,1,0,6
0.3211865723133087,0.0018745472189038992,0.013600533828139305,0.0003109620593022555,0.3362904489040375,0.00019764568423852324,0.10870308429002762,0.011312550865113735,6.549882527906448e-05,9.150205073638062e-07,-6.691801536362618e-05,0.0,0.6783488392829895,-2.51205110544106e-05,-0.014181697741150856,1.9315559256938286e-05,0,0,0,0,0,1,0,0,1,0,12
0.3342054784297943,0.002574892481788993,0.012534155510365963,0.0010356841376051307,0.3503350615501404,0.0034209005534648895,0.15302224457263947,0.01425962895154953,0.0035480791702866554,1.7348160326946527e-05,-5.178934588911943e-05,2.547923486417858e-06,0.6641651391983032,-5.263490493234713e-06,-0.014184502884745598,2.0299909010645933e-05,0,0,0,0,0,1,0,0,1,0,12
0.34649497270584106,0.0045397840440273285,0.011945822276175022,0.002675731899216771,0.364429235458374,0.0069224778562784195,0.1155305728316307,0.013698514550924301,0.0033721199724823236,3.769548129639588e-05,-7.180275133578107e-05,5.542959115700796e-06,0.649979829788208,6.67758722556755e-05,-0.014185204170644283,0.00011437454668339342,0,0,0,0,0,1,0,0,1,0,17
0.3582577705383301,0.0072281877510249615,0.011858519166707993,0.002703854814171791,0.3777834177017212,0.010205387137830257,0.11071482300758362,0.01309346966445446,0.0032184580340981483,4.496600740822032e-05,-7.745982293272391e-05,5.832991641779861e-12,0.6357943415641785,0.00023289670934900641,-0.014185204170644283,0.00020845873223152012,0,0,0,0,0,1,0,0,1,1,12
0.37038254737854004,0.009960051625967026,0.012328694574534893,0.002742847427725792,0.39048612117767334,0.013327783904969692,0.1064026951789856,0.012399055995047092,0.003047764766961336,4.257980253896676e-05,-7.334930705837905e-05,-5.831726594685005e-12,0.6216193437576294,0.0006159435142762959,-0.014154350385069847,0.0006534043932333589,0,0,0,0,0,1,0,0,1,1,13
0.3829246163368225,0.012700754217803478,0.012702451087534428,0.0027357249055057764,0.40250495076179504,0.016282077878713608,0.11321002244949341,0.01171223632991314,0.0028789399657398462,4.021841596113518e-05,-6.928151560714468e-05,-1.166108615918704e-11,0.6075202226638794,0.0016414227429777384,-0.014042854309082031,0.0013291087234392762,0,0,0,0,0,1,0,0,1,1,12
0.3957642614841461,0.015479320660233498,0.012938064523041248,0.0028168470598757267,0.4138511121273041,0.01907104067504406,0.11169804632663727,0.011051452718675137,0.002716515911743045,3.7949048419250175e-05,-6.53722308925353e-05,-1.1658939438885518e-11,0.5935719013214111,0.0033320037182420492,-0.01387105230242014,0.0019511680584400892,0,0,0,0,0,1,0,0,1,1,5
0.40875735878944397,0.018382307142019272,0.013059943914413452,0.0028831488452851772,0.42455387115478516,0.021701835095882416,0.11070334166288376,0.010421670973300934,0.002561712171882391,3.578668474801816e-05,-6.164726073620841e-05,-5.828505213190116e-12,0.5797854065895081,0.005519781727343798,-0.013712223619222641,0.002380628138780594,0,0,0,0,1,0,0,0,1,1,5
0.4209345579147339,0.02160150744020939,0.011912545189261436,0.002423160243779421,0.4346463978290558,0.02418264001607895,0.10915517807006836,0.009828969836235046,0.002416021889075637,3.375183223397471e-05,-5.814198448206298e-05,-8.741473690732082e-12,0.5661750435829163,0.00813410896807909,-0.013522190041840076,0.0028046409133821726,0,0,0,0,1,0,0,0,1,1,5
0.4315390884876251,0.023912841454148293,0.009471528232097626,0.0015620552003383636,0.467637300491333,0.02560456097126007,0.19586214423179626,0.0673992782831192,-3.169307456118986e-05,-1.1579514591630868e-07,-4.631485808204161e-06,0.0006607969990000129,0.5528042912483215,0.011226539500057697,-0.013226620852947235,0.003349474398419261,0,0,0,0,1,0,0,0,1,1,12
0.43987664580345154,0.025266150012612343,0.007681285496801138,0.0013177760411053896,0.5330653190612793,0.025446103885769844,0.3275156021118164,0.0638715997338295,-0.00025990328867919743,-1.1579514591630868e-07,-4.631485808204161e-06,0.0006607969990000129,0.5397763848304749,0.014886756427586079,-0.012856721878051758,0.003912060987204313,0,0,0,0,1,0,0,0,1,1,8
0.44708752632141113,0.026364848017692566,0.006878376007080078,0.0006681709201075137,0.5951608419418335,0.02506803162395954,0.34593459963798523,0.06068994849920273,-0.000472299347165972,-1.1579514591630868e-07,-4.631485808204161e-06,0.0006607969990000129,0.5273659825325012,0.018958687782287598,-0.011540510691702366,0.0038830714765936136,0,0,0,0,0,0,0,1,1,1,18
0.4535839855670929,0.026995910331606865,0.00611438462510705,0.0005939645343460143,0.6542397737503052,0.02448664978146553,0.25709640979766846,0.05780136585235596,-0.0006681319209747016,-1.1579514591630868e-07,-4.631485808204161e-06,0.0006607969990000129,0.5178484320640564,0.022162262350320816,-0.0075540123507380486,0.002543578390032053,0,0,0,0,0,0,0,1,1,0,18
0.46014639735221863,0.02757660485804081,0.0072261868044734,0.0005358999478630722,0.7097840309143066,0.02373088151216507,0.12346474826335907,0.048717986792325974,-0.0007459010812453926,-1.0192002264375333e-06,-2.732123357418459e-05,0.0006077581783756614,0.5131813883781433,0.023734141141176224,-0.002189243445172906,0.0007375861168839037,0,0,0,0,0,0,0,1,1,0,8
0.46818268299102783,0.027949564158916473,0.008665814064443111,0.0002019142993958667,0.756924033164978,0.02292335405945778,0.1727607250213623,0.0463305227458477,-0.0008630836964584887,-1.1075608199462295e-06,-2.950618727481924e-05,0.0006021832232363522,0.5143929719924927,0.02444169484078884,0.003359247697517276,0.0006456694682128727,0,0,0,0,0,0,0,1,1,0,0
0.47737234830856323,0.027912558987736702,0.009332684800028801,-0.00013883033534511924,0.801474392414093,0.022016067057847977,0.12354455143213272,0.04083143174648285,-0.0008870147867128253,-2.532911366870394e-06,-5.519197657122277e-05,0.0005281694466248155,0.5187111496925354,0.024928105995059013,0.005072705913335085,0.0003542055783327669,0,0,0,0,0,0,0,1,1,0,2
0.4870930016040802,0.02775748446583748,0.010177318006753922,-0.0001706860348349437,0.8397424817085266,0.02113526314496994,0.11650747805833817,0.03549523279070854,-0.0008508202736265957,-4.80645576317329e-06,-9.239315113518387e-05,0.0004035482706967741,0.5246459245681763,0.025077179074287415,0.006612258963286877,6.034613761585206e-05,0,1,0,0,0,0,0,0,1,0,3
0.4977749288082123,0.02756456658244133,0.011068582534790039,-0.0002108122134814039,0.8725194334983826,0.020326677709817886,0.1105324774980545,0.03078007698059082,-0.0007722810260020196,-8.062273082032334e-06,-0.0001419914187863469,0.0001982141111511737,0.532027542591095,0.02510559931397438,0.007985970936715603,-3.7074660212965682e-06,0,0,1,0,0,0,0,0,1,0,17
0.5082750916481018,0.02682332694530487,0.009261486120522022,-0.001366376061923802,0.9014939069747925,0.019594453275203705,0.10938382148742676,0.027696313336491585,-0.0007010498666204512,-9.792965101951268e-06,-0.00016382208559662104,8.813677218610927e-12,0.5408757328987122,0.024970870465040207,0.009214101359248161,-0.00016812270041555166,0,0,1,0,0,0,0,0,1,1,6
0.5152498483657837,0.024866914376616478,0.004816144239157438,-0.0024224487133324146,0.927851140499115,0.01892729662358761,0.10952094197273254,0.025317741557955742,-0.0006408434710465372,-8.952066309575457e-06,-0.00014975502563174814,-2.933341503724707e-12,0.5501722097396851,0.024652695283293724,0.009826000779867172,-0.00016863265773281455,0,0,0,0,0,1,0,0,1,1,4
0.5187910199165344,0.02168787643313408,0.003533450420945883,-0.0036817428190261126,0.952019453048706,0.018315544351935387,0.10963873565196991,0.023272234946489334,-0.0005890675238333642,-8.228878868976608e-06,-0.00013765717449132353,-5.859523803664057e-12,0.5604890584945679,0.024482570588588715,0.010694475844502449,-0.00017062899132724851,0,0,0,1,0,0,0,0,1,1,9
0.5232864618301392,0.017781302332878113,0.005095014814287424,-0.004137350246310234,0.9742928147315979,0.01775175891816616,0.10972463339567184,0.02149166911840439,-0.000543997623026371,-7.599335276609054e-06,-0.00012712589523289353,-4.390344858495876e-12,0.5713831186294556,0.02431214414536953,0.010802465490996838,-0.00016903193318285048,0,0,0,1,0,0,0,0,1,1,5
0.5294146537780762,0.013625845313072205,0.006824651267379522,-0.004096584860235453,0.9949069619178772,0.017229972407221794,0.10978809744119644,0.019925227388739586,-0.0005043480778113008,-7.04549393049092e-06,-0.00011786086542997509,0.0,0.5825116634368896,0.024137018248438835,0.011437430046498775,-0.00018072470265906304,0,0,0,0,1,0,0,0,1,1,18
0.5377902388572693,0.010825095698237419,0.00942263938486576,-0.0017938317032530904,1.0140539407730103,0.016745319589972496,0.10983563214540482,0.018534252420067787,-0.0004691395733971149,-6.553674211318139e-06,-0.00010963346721837297,0.0,0.5942804217338562,0.023950135335326195,0.01203102245926857,-0.0001916759938467294,0,0,0,0,1,0,0,0,1,0,13
