lt_dp_posx,lt_dp_posy,lt_dp_velx,lt_dp_vely,ball_posx,ball_posy,ball_posz,ball_vel_x,ball_vel_y,ball_rot_x,ball_rot_y,ball_rot_z,rt_gk_posx,rt_gk_posy,rt_gk_velx,rt_gk_vely,action_left,action_top_left,action_top,action_top_right,action_right,action_bottom_right,action_bottom,action_bottom_left,action_sprint,action_dribble,sel_action
-1.0110293626785278,-0.0,0.0,-0.0,0.019999999552965164,-0.0,0.11061639338731766,-0.0,0.0,0.0,-0.0,0.0,1.0110293626785278,0.0,-0.0,0.0,0,0,0,0,0,0,0,0,0,0,5
0.0,-0.0,0.0,-0.0,0.019999999552965164,-0.0,0.11059734225273132,-0.0,0.0,0.0,-0.0,0.0,1.0110293626785278,0.0,-0.0,0.0,0,0,0,0,1,0,0,0,0,0,5
0.0,-0.0,0.0,-0.0,0.019999999552965164,-0.0,0.10930104553699493,-0.0,0.0,0.0,-0.0,0.0,1.0089819431304932,-1.4662690506206388e-10,-0.003723537316545844,-2.399299370292596e-10,0,0,0,0,1,0,0,0,0,0,5
0.002605511574074626,1.3680566401941263e-10,0.004109719302505255,2.5224112729094195e-11,0.019999999552965164,-0.0,0.11075475811958313,-0.0,0.0,0.0,-0.0,0.0,1.0043776035308838,-3.568936812747836e-10,-0.005314630456268787,-1.64072269659421e-10,0,0,0,0,1,0,0,0,0,0,5
0.005889641121029854,-1.5970879063686994e-09,0.005736230872571468,-3.9207298518917355e-10,0.019999999552965164,-0.0,0.11053141206502914,-0.0,0.0,0.0,-0.0,0.0,0.9982317090034485,-2.933115972325595e-10,-0.006807551719248295,6.671534991120609e-10,0,0,0,0,1,0,0,0,0,0,13
0.011982080526649952,-2.3340314125874784e-09,0.007240616716444492,-2.362129658539658e-10,0.02691209688782692,-4.666663722119324e-10,0.12254813313484192,0.008374633267521858,-5.659687718484463e-10,2.0085038233280672e-12,1.0416755685582757e-05,-2.8667975111862365e-12,0.9906662106513977,2.7802671276333513e-10,-0.008160226047039032,4.556512667175383e-10,0,0,0,0,1,0,0,0,1,0,5
0.019974837079644203,-2.479345617700801e-09,0.008583002723753452,-1.7994919443431456e-10,0.03486180678009987,-1.0046676823805e-09,0.11699162423610687,0.007705577649176121,-5.217304921423249e-10,7.288690484497096e-12,4.558203727356158e-05,0.0,0.9818469882011414,5.551398785108574e-10,-0.009317257441580296,1.1553713541445632e-10,0,0,0,0,1,0,0,0,1,0,18
0.029211096465587616,-2.6511925987904306e-09,0.009742094203829765,-1.496287399538332e-10,0.04233737289905548,-1.510824132466837e-09,0.10775913298130035,0.007286667823791504,-4.933667918649576e-10,6.8923690539623994e-12,4.31035332439933e-05,6.943401107667453e-19,0.9724517464637756,7.361106169057052e-10,-0.009637720882892609,1.8352995512227466e-10,0,0,0,0,1,0,0,0,1,0,13
0.03715028613805771,-4.070698444991194e-09,0.009281553328037262,-1.6718125495085445e-10,0.049390897154808044,-1.9884056623453716e-09,0.11127554625272751,0.006866077426820993,-4.648892382164149e-10,6.494466856660219e-12,4.061513391206972e-05,-6.942896010505913e-19,0.9623057246208191,8.620907321343907e-10,-0.010538101196289062,7.182601041710868e-11,0,0,0,0,1,0,0,0,1,0,18
0.04607756808400154,-4.900661654261285e-09,0.010248887352645397,-1.0085627472067316e-10,0.05977779999375343,1.4214143448043615e-05,0.1403011828660965,0.013893861323595047,2.8018363082082942e-05,2.857442211734451e-07,7.852933777030557e-06,3.574642164494435e-07,0.9514368772506714,5.431095573271705e-08,-0.010879600420594215,2.120640090197412e-07,0,0,0,0,1,0,0,0,1,0,5
0.05666933208703995,1.209588958772656e-06,0.010675542056560516,4.048628852615366e-06,0.0735815018415451,4.204217475489713e-05,0.12649618089199066,0.013696718961000443,2.7571653845370747e-05,2.785293133911182e-07,8.640456144348718e-06,3.6553785776050063e-07,0.9404253959655762,5.557635631703306e-07,-0.011310156434774399,7.361232405855844e-07,0,0,0,0,1,0,0,0,1,0,0
0.06764684617519379,9.054887414094992e-06,0.011330842971801758,1.0955336620099843e-05,0.08641690015792847,6.69076616759412e-05,0.12636925280094147,0.01235953439027071,2.3456506824004464e-05,-9.507835585509383e-08,4.876920866081491e-05,3.7999774349373183e-07,0.9287715554237366,1.5759341067678179e-06,-0.011916019953787327,1.2398675153235672e-06,0,0,0,0,1,0,0,0,1,0,16
0.07936257123947144,2.4316739654750563e-05,0.012014280073344707,1.7938891687663272e-05,0.09837605804204941,8.939208782976493e-05,0.11752312630414963,0.011652267538011074,2.1826706870342605e-05,-3.049231338536629e-07,6.892834790050983e-05,9.110068385428938e-14,0.9165447354316711,3.1094202768144896e-06,-0.012460877187550068,1.905169483507052e-06,0,0,0,0,1,0,0,0,1,0,18
0.09171651303768158,4.395041105453856e-05,0.01260839868336916,2.160557050956413e-05,0.10968796163797379,0.00011058121890528128,0.11176754534244537,0.0110254418104887,2.0652551029343158e-05,-2.885046797018731e-07,6.521696195704862e-05,-4.55424103106266e-14,0.9038431644439697,5.602349574473919e-06,-0.01288231648504734,2.9722564249823336e-06,0,0,0,0,1,0,0,0,1,0,13
0.10458483546972275,6.889075302751735e-05,0.013062182813882828,2.7766725906985812e-05,0.12037452310323715,0.00013059900084044784,0.11096896231174469,0.010411463677883148,1.9502460418152623e-05,-2.7244587386121566e-07,6.158681935630739e-05,-4.553507500530338e-14,0.8907760381698608,9.0039002316189e-06,-0.013204882852733135,3.6310439099906944e-06,0,0,0,0,1,0,0,0,1,0,18
0.11779036372900009,-0.0011668414808809757,0.013238980434834957,2.145966936950572e-05,0.13045881688594818,0.0001494886091677472,0.10908360034227371,0.009821703657507896,1.8397733583697118e-05,-2.570160688719625e-07,5.8098921726923436e-05,-4.5528430878865114e-14,0.8774299025535583,1.2955598322150763e-05,-0.013451716862618923,4.212452040519565e-06,0,0,0,0,1,0,0,0,1,0,5
0.1310293972492218,-0.0022505000233650208,0.013239067979156971,9.537812729831785e-06,0.1431073695421219,2.7994654374197125e-05,0.1472282111644745,0.015537279658019543,-0.00025914341676980257,-6.145261011170078e-08,1.0351108358008787e-05,-7.97656298345828e-07,0.8638719320297241,1.7219248547917232e-05,-0.013637542724609375,2.9745506253675558e-06,0,0,0,0,1,0,0,0,1,0,16
0.14428842067718506,-0.0022447635419666767,0.01333785429596901,1.321675972576486e-05,0.15853729844093323,-0.0002293430588906631,0.14566361904144287,0.015342291444540024,-0.00025587400887161493,-6.145261011170078e-08,1.0351108358008787e-05,-7.97656298345828e-07,0.8501538634300232,1.2716026503767353e-05,-0.01377778872847557,-1.0852011655515525e-05,0,0,0,0,1,0,0,0,1,0,0
0.15778285264968872,-0.002170633291825652,0.013610019348561764,0.00013727426994591951,0.17323258519172668,-0.0004734790127258748,0.12910307943820953,0.014003572054207325,-0.00023157746181823313,1.456201971450355e-06,4.381480175652541e-05,-1.918556336022448e-06,0.8363156914710999,-5.3699295676779e-06,-0.013882973231375217,-2.402039353910368e-05,0,0,0,0,1,0,0,0,1,0,13
0.17150762677192688,-0.0019523954251781106,0.013809168711304665,0.0002824732509907335,0.18681393563747406,-0.0006976486183702946,0.11690471321344376,0.013139991089701653,-0.0002164687612093985,3.0237451937864535e-06,7.772020762786269e-05,-3.6456715467661494e-13,0.8223870992660522,-3.626096804509871e-05,-0.013962212949991226,-3.6355613701744005e-05,0,0,0,0,1,0,0,0,1,0,16
0.1854040026664734,-0.0016744860913604498,0.013961861841380596,0.00025186705170199275,0.19959409534931183,-0.000908189918845892,0.1149793490767479,0.012468472123146057,-0.0002054059732472524,2.8694814773189137e-06,7.375453424174339e-05,3.644905015830202e-13,0.8083912134170532,-7.930419815238565e-05,-0.014020415022969246,-4.852224083151668e-05,0,0,0,0,1,0,0,0,1,0,18
0.19943185150623322,-0.0014582672156393528,0.01407651323825121,0.0001880950730992481,0.21168439090251923,-0.001107366057112813,0.10733582079410553,0.011780688539147377,-0.00019407537183724344,2.711302158786566e-06,6.968885281821713e-05,0.0,0.7943452000617981,-0.00013325204781722277,-0.014064592309296131,-5.558959674090147e-05,0,0,0,0,1,0,0,0,1,0,5
0.2135240137577057,-0.0013057789765298367,0.01412181742489338,0.00012587745732162148,0.22309879958629608,-0.0012954073026776314,0.11101727187633514,0.01111898198723793,-0.0001831744593800977,2.5588706193957478e-06,6.577090243808925e-05,0.0,0.7802618145942688,-0.00018848516629077494,-0.014096848666667938,-5.4935331718297675e-05,0,0,0,0,1,0,0,0,1,0,18
0.22758762538433075,-0.0012173341820016503,0.013973958790302277,6.227651465451345e-05,0.23551695048809052,-0.0014140820130705833,0.13666029274463654,0.015916774049401283,2.147306440747343e-05,8.988234299067699e-07,1.2282899660931434e-05,-9.630429076423752e-07,0.7661502957344055,-0.00024304338148795068,-0.014122093096375465,-5.424530536402017e-05,0,0,0,0,1,0,0,0,1,0,16
0.24116477370262146,-0.0010370410745963454,0.013312673196196556,5.693384082405828e-06,0.2513216733932495,-0.001392776146531105,0.15771380066871643,0.015713201835751534,2.1191086489125155e-05,8.988234299067699e-07,1.2282899660931434e-05,-9.630429076423752e-07,0.7520177960395813,-0.00029744900530204177,-0.014140325598418713,-5.453606718219817e-05,0,0,0,0,1,0,0,0,1,0,16
0.25447729229927063,0.0007004057988524437,0.013312689028680325,3.3214616905752337e-06,0.2666681110858917,-0.0013729291968047619,0.12169547379016876,0.014493783004581928,1.5940669982228428e-05,4.634405286196852e-07,4.097482451470569e-05,-1.2733747212223534e-07,0.7378697395324707,-0.000352138071320951,-0.014153649099171162,-5.481189873535186e-05,0,0,0,0,1,0,0,0,1,0,5
0.26778995990753174,0.001016146270558238,0.013312697410583496,9.482557175033435e-07,0.28235700726509094,-0.00113308138679713,0.1742367297410965,0.015752393752336502,0.0002633905678521842,4.0487327623850433e-07,-7.757118396511942e-07,1.8028227088962012e-07,0.723710298538208,-0.00040234284824691713,-0.014163466170430183,-4.1495990444673225e-05,0,0,0,0,1,0,0,0,1,0,6
0.28118664026260376,0.0010013086721301079,0.013516930863261223,-4.796623034053482e-05,0.2979988157749176,-0.0008715346339158714,0.1347707211971283,0.01555195078253746,0.0002600571315269917,4.0487327623850433e-07,-7.757118396511942e-07,1.8028227088962012e-07,0.7095420956611633,-0.00043152461876161397,-0.014171880669891834,-1.9102360965916887e-05,0,0,0,0,0,1,0,0,1,0,0
0.29483333230018616,0.0008800413925200701,0.013742377050220966,-0.0001832566485973075,0.3125383257865906,-0.000629585178103298,0.13702881336212158,0.014029093086719513,0.00023286580108106136,-9.924951882567257e-07,3.129049582639709e-05,1.9085771327809198e-06,0.6953675150871277,-0.00043828182970173657,-0.014176789671182632,3.427623596508056e-06,0,0,0,0,0,1,0,0,1,0,0
0.3086709678173065,0.0006342396955005825,0.01390891894698143,-0.00026568182511255145,0.3262609839439392,-0.000402056728489697,0.11793908476829529,0.01318079698830843,0.00021800672402605414,-2.3809025151422247e-06,6.290276360232383e-05,1.172635393231758e-06,0.6811879873275757,-0.0004222111601848155,-0.014181697741150856,2.641703213157598e-05,0,0,0,0,0,1,0,0,1,0,6
0.32250943779945374,0.0005904858116991818,0.01397092454135418,-0.00021635601297020912,0.3390592932701111,-0.0001904797536553815,0.1149919331073761,0.012490350753068924,0.00020646967459470034,-2.884269633796066e-06,7.388213998638093e-05,7.289858820758166e-13,0.6670050024986267,-0.0003831456124316901,-0.014184502884745598,4.941579754813574e-05,0,0,0,0,0,1,0,0,1,0,6
0.33550921082496643,0.0016543602105230093,0.01361006312072277,0.00015642996004316956,0.3511820137500763,9.913527719618287e-06,0.10941587388515472,0.011816035024821758,0.00019532296573743224,-2.7287080683890963e-06,6.98973672115244e-05,0.0,0.6528191566467285,-0.0003281613171566278,-0.014186606742441654,5.6677887187106535e-05,0,0,0,0,0,1,0,0,1,0,12
0.34852954745292664,0.0022211705800145864,0.012725241482257843,0.0006778085371479392,0.3649826645851135,0.0027574801351875067,0.15521076321601868,0.014225674793124199,0.003360981121659279,3.6201963666826487e-06,1.611016887181904e-05,1.7479993402957916e-05,0.6386313438415527,-0.00026965461438521743,-0.01418871060013771,6.0003018006682396e-05,0,0,0,0,0,1,0,0,1,0,1
0.3609176278114319,0.003835872281342745,0.01214847806841135,0.0023421344812959433,0.37910178303718567,0.006092769093811512,0.11946232616901398,0.013959459029138088,0.0032939384691417217,2.3932013846206246e-06,1.7754782675183378e-05,1.8869353880290873e-05,0.6244433522224426,-0.000156192880240269,-0.014183801598846912,0.00026984012220054865,1,0,0,0,0,0,0,0,1,0,12
0.3727577030658722,0.006389925722032785,0.011874997988343239,0.002564546884968877,0.3921743333339691,0.009134726598858833,0.130285382270813,0.012716471217572689,0.0029448512941598892,-2.2740059648640454e-05,5.1151320803910494e-05,2.398928700131364e-05,0.6102802753448486,0.0003991323756054044,-0.014138923026621342,0.0007886604289524257,1,0,0,0,0,0,0,0,1,0,6
0.3849062919616699,0.008981588296592236,0.012358496896922588,0.0026003452949225903,0.4045092463493347,0.011982547119259834,0.11858467012643814,0.012015972286462784,0.0027701067738234997,-3.8698875869158655e-05,7.107978308340535e-05,-5.831057858785016e-12,0.5961868166923523,0.0014720642939209938,-0.014049164950847626,0.0013050244888290763,0,0,0,0,0,1,0,0,1,0,14
0.3974859118461609,0.011573991738259792,0.012745927087962627,0.0025825637858361006,0.41617557406425476,0.014672059565782547,0.11102475225925446,0.011379636824131012,0.0026234097313135862,-3.6649998946813866e-05,6.73165122861974e-05,0.0,0.5821940302848816,0.003008516738191247,-0.013942227698862553,0.0017253209371119738,0,0,0,0,0,0,0,0,1,0,2
0.41038069128990173,0.014185099862515926,0.01299942284822464,0.0026445782277733088,0.42720139026641846,0.017213892191648483,0.11248773336410522,0.010743958875536919,0.0024768642615526915,-3.4601562219904736e-05,6.355402001645416e-05,-1.1657982738888517e-11,0.5683245658874512,0.004963324870914221,-0.01380548719316721,0.002141952747479081,0,1,0,0,0,0,0,0,1,0,5
0.4233332872390747,0.017030144110322,0.012941759079694748,0.002654050709679723,0.4376112222671509,0.01961372420191765,0.10797764360904694,0.01013909000903368,0.0023374208249151707,-3.265400664531626e-05,5.9976860939059407e-05,8.742136355099905e-12,0.5546272397041321,0.007375831715762615,-0.013582847081124783,0.0026779668405652046,0,0,0,0,1,0,0,0,1,0,0
0.435280978679657,0.019895656034350395,0.011681132949888706,0.0020371221471577883,0.44743332266807556,0.021878059953451157,0.1113424226641655,0.009567737579345703,0.0022057045716792345,-3.081324030063115e-05,5.659583257511258e-05,0.0,0.5412139892578125,0.010388834401965141,-0.013264838606119156,0.003284971695393324,0,0,0,0,1,0,0,0,1,0,10
0.4452933967113495,0.02166944183409214,0.008467365987598896,0.0011533356737345457,0.49360546469688416,0.02204546146094799,0.23736225068569183,0.06098776310682297,-0.0009076705318875611,-1.2977849110029638e-05,3.6098765122005716e-05,0.002179887378588319,0.5282241702079773,0.01396766398102045,-0.01241354364901781,0.003657301189377904,0,0,0,0,1,0,0,0,1,0,6
0.4532661437988281,0.02289264090359211,0.0073944819159805775,0.0011787174735218287,0.5529680848121643,0.02076164446771145,0.2571928799152374,0.05805935338139534,-0.0015850439667701721,-1.2977849110029638e-05,3.6098765122005716e-05,0.002179887378588319,0.5177324414253235,0.017207542434334755,-0.008582718670368195,0.002846435410901904,0,0,0,0,0,1,0,0,1,0,16
0.46036356687545776,0.02370646968483925,0.006899062544107437,0.0005705647636204958,0.6094211935997009,0.01882842369377613,0.09937532991170883,0.054575301706790924,-0.0021815754007548094,-1.2610679732460994e-05,3.834251401713118e-05,0.0021608988754451275,0.5121903419494629,0.01961863785982132,-0.0028827611822634935,0.0021424589212983847,0,0,0,0,0,1,0,0,1,0,13
0.46664959192276,0.02422633394598961,0.00613261666148901,0.0005071813357062638,0.6574118137359619,0.01673084869980812,0.14903271198272705,0.04706438258290291,-0.0022911876440048218,-9.109357051784173e-06,5.9277383115841076e-05,0.001979225780814886,0.5117788314819336,0.022339442744851112,0.001964849652722478,0.0026712720282375813,0,0,0,0,0,1,0,0,1,0,7
0.47365617752075195,0.02465469390153885,0.007699166890233755,0.0003042973985429853,0.7009604573249817,0.014423634856939316,0.1178835779428482,0.040307771414518356,-0.002254735678434372,-1.7514222463432816e-06,9.265633707400411e-05,0.0016219334211200476,0.5160477161407471,0.024254580959677696,0.005587760359048843,0.001267953310161829,0,0,0,0,0,0,1,0,1,0,16
0.4821723997592926,0.02470644749701023,0.009101323783397675,-0.0002069777256110683,0.7375551462173462,0.012311060912907124,0.10809177160263062,0.03408345580101013,-0.0020028850995004177,1.4683719200547785e-05,0.00015528248331975192,0.0007561457459814847,0.5225776433944702,0.025008853524923325,0.0072135645896196365,0.0005262320046313107,0,0,0,0,0,0,1,0,1,0,5
0.49162963032722473,0.024320032447576523,0.009541506879031658,-0.00043783942237496376,0.7694599628448486,0.010422073304653168,0.10909711569547653,0.03036680817604065,-0.0018004525918513536,2.5150091460091062e-05,0.00017961510457098484,-1.177402099428182e-11,0.5305464863777161,0.02531353570520878,0.0085529163479805,8.877954678609967e-05,0,0,0,0,1,0,0,0,1,0,18
0.5017820000648499,0.023854609578847885,0.010532724671065807,-0.0005092743667773902,0.7982524633407593,0.008714970201253891,0.10935767740011215,0.027576303109526634,-0.0016350020887330174,2.2839354642201215e-05,0.00016311233048327267,-1.7625918086183745e-11,0.5396441221237183,0.025096556171774864,0.009306739084422588,-0.00047486936091445386,0,0,0,0,1,0,0,0,1,0,10
0.5128435492515564,0.023326657712459564,0.011427145451307297,-0.0005552078364416957,0.824496328830719,0.007158963941037655,0.10952214151620865,0.025209646672010422,-0.0014946823939681053,2.0879489966318943e-05,0.0001491155562689528,-1.7598866808299363e-11,0.5490975379943848,0.024591056630015373,0.00979444570839405,-0.0005394933396019042,0,0,0,0,1,0,0,0,1,0,9
0.5247148871421814,0.022762268781661987,0.012138181366026402,-0.0006071100942790508,0.8485623002052307,0.00573209673166275,0.10963977128267288,0.023174092173576355,-0.0013739942805841565,1.9193759726476856e-05,0.00013707652396988124,-1.1718392749215933e-11,0.5593774914741516,0.023999083787202835,0.010653453879058361,-0.0006347181624732912,0,0,0,0,1,0,0,0,1,0,9
0.5371770262718201,0.022134659811854362,0.012676245532929897,-0.0006659891223534942,0.8707423210144043,0.004417042713612318,0.10972539335489273,0.02140197716653347,-0.0012689251452684402,1.772613904904574e-05,0.00012659523054026067,-5.853517757309357e-12,0.570580005645752,0.023327544331550598,0.01152715738862753,-0.0006969478563405573,0,0,0,0,1,0,0,0,1,0,18
0.5501125454902649,0.02146860957145691,0.013107494451105595,-0.0006894314428791404,0.8912709355354309,0.0031999002676457167,0.10978866368532181,0.01984279789030552,-0.0011764818336814642,1.6434853023383766e-05,0.00011737314343918115,0.0,0.5825289487838745,0.02260686829686165,0.012152915820479393,-0.0007452197023667395,0,0,0,0,1,0,0,0,1,0,12
0.5634064674377441,0.02077224664390087,0.013424265198409557,-0.0007191075710579753,0.9103390574455261,0.0020693454425781965,0.10983606427907944,0.01845814473927021,-0.0010943857487291098,1.5288072972907685e-05,0.000109183180029504,5.845097843237834e-12,0.5950247645378113,0.02184331603348255,0.01268593780696392,-0.0007808383088558912,0,0,0,0,1,0,0,0,1,0,13
0.5769708752632141,0.020053187385201454,0.013663996942341328,-0.0007316232076846063,0.9281043410301208,0.001016038004308939,0.1098720133304596,0.017218243330717087,-0.0010208719177171588,1.4261166143114679e-05,0.00010184926213696599,-5.8419298044898316e-12,0.6079636812210083,0.021053239703178406,0.013045568950474262,-0.0008055223734118044,0,0,0,0,1,0,0,0,1,0,2
0.5907371044158936,0.019319888204336166,0.013839981518685818,-0.0007489150739274919,0.9446981549263,3.2185136660700664e-05,0.10989958792924881,0.016099710017442703,-0.0009545542416162789,1.333477848675102e-05,9.523321205051616e-05,2.919631116732324e-12,0.621206521987915,0.020241662859916687,0.013318181037902832,-0.0008260325994342566,0,1,0,0,0,0,0,0,1,0,10
0.6046527028083801,0.018571678549051285,0.013970358297228813,-0.000762369716539979,0.9602313041687012,-0.0008887799340300262,0.10992094874382019,0.01508385594934225,-0.0008943240973167121,1.249340311915148e-05,8.922436973080039e-05,0.0,0.6347028017044067,0.019417140632867813,0.013554011471569538,-0.0008352337754331529,0,1,0,0,0,0,0,0,1,0,7
0.6186786890029907,0.017819533124566078,0.014067193493247032,-0.000764322467148304,0.9747979044914246,-0.0017524383729323745,0.1099376454949379,0.014155630022287369,-0.0008392895688302815,1.1724606338248122e-05,8.373381569981575e-05,1.4587642075195029e-12,0.6483718752861023,0.018582265824079514,0.013702834956347942,-0.0008461199468001723,0,0,0,0,0,0,1,0,1,0,16
0.6327863335609436,0.01705838367342949,0.014138936065137386,-0.0007720600697211921,0.9884786605834961,-0.0025635736528784037,0.10995080322027206,0.013302751816809177,-0.000788722129072994,1.1018213626812212e-05,7.868898683227599e-05,1.458345922321358e-12,0.6621739268302917,0.01773975044488907,0.01383658591657877,-0.0008489914471283555,0,0,0,0,0,0,1,0,1,0,18
0.6469541192054749,0.016294468194246292,0.014191093854606152,-0.0007714347448199987,1.0013431310653687,-0.003326313104480505,0.10996124148368835,0.012515083886682987,-0.0007420210749842227,1.0365832167735789e-05,7.402985647786409e-05,-2.915965646027585e-12,0.6760783791542053,0.016893509775400162,0.013914902694523335,-0.0008555795066058636,0,0,0,0,0,0,1,0,1,0,18
0.6611660718917847,0.015525925904512405,0.014229212887585163,-0.0007783430628478527,1.0134519338607788,-0.004044241271913052,0.10996958613395691,0.011784198693931103,-0.0006986873922869563,9.760480679688044e-06,6.970654067117721e-05,0.0,0.6900480389595032,0.016041217371821404,0.013973112218081951,-0.0008615455008111894,0,0,0,0,0,0,1,0,1,0,5
