lt_dp_posx,lt_dp_posy,lt_dp_velx,lt_dp_vely,ball_posx,ball_posy,ball_posz,ball_vel_x,ball_vel_y,ball_rot_x,ball_rot_y,ball_rot_z,rt_gk_posx,rt_gk_posy,rt_gk_velx,rt_gk_vely,action_left,action_top_left,action_top,action_top_right,action_right,action_bottom_right,action_bottom,action_bottom_left,action_sprint,action_dribble,sel_action
-1.0110293626785278,-0.0,0.0,-0.0,0.019999999552965164,-0.0,0.11061639338731766,-0.0,0.0,0.0,-0.0,0.0,1.0110293626785278,0.0,-0.0,0.0,0,0,0,0,0,0,0,0,0,0,5
0.0,-0.0,0.0,-0.0,0.019999999552965164,-0.0,0.11059734225273132,-0.0,0.0,0.0,-0.0,0.0,1.0100501775741577,-7.528704049075685e-11,-0.003236181568354368,-2.3501611767784425e-10,0,0,0,0,1,0,0,0,0,0,5
0.002606003312394023,1.3665313325361694e-10,0.004109717905521393,2.5224038135984728e-11,0.019999999552965164,-0.0,0.10930104553699493,-0.0,0.0,0.0,-0.0,0.0,1.0059254169464111,-3.033686080122777e-10,-0.00484480569139123,-2.0306796522095993e-10,0,0,0,0,1,0,0,0,0,0,5
0.005889748688787222,-1.6158692162093757e-09,0.005736221559345722,-3.9490347103487977e-10,0.019999999552965164,-0.0,0.11075475811958313,-0.0,0.0,0.0,-0.0,0.0,1.0002306699752808,-4.257901808912834e-10,-0.0063720871694386005,-4.051920951542165e-11,0,0,0,0,1,0,0,0,0,0,13
0.011982083320617676,-2.3429196360780224e-09,0.0072406274266541,-2.111960745176944e-10,0.026900917291641235,-4.6274134524182386e-10,0.1217871755361557,0.008351038210093975,-5.605533814900809e-10,2.108325233146635e-12,1.1187295058334712e-05,-2.89301178499346e-12,0.9930757880210876,1.3133183429658857e-10,-0.0077724456787109375,5.411080472583762e-10,0,0,0,0,1,0,0,0,1,0,5
0.019974837079644203,-2.4627933026266646e-09,0.008582981303334236,-1.7202612945244056e-10,0.03485063090920448,-9.970021475069757e-10,0.11043358594179153,0.007717124652117491,-5.187968943332066e-10,7.247685524652825e-12,4.5650209358427674e-05,6.9439496318111525e-19,0.9846126437187195,5.073922948461984e-10,-0.00900100264698267,2.2455105830321287e-10,0,0,0,0,1,0,0,0,1,0,18
0.029211096465587616,-2.6306974376666403e-09,0.00974207278341055,-1.4700585193594407e-10,0.042326509952545166,-1.4995814590079704e-09,0.11174360662698746,0.0072822971269488335,-4.895649441394312e-10,6.839157712379418e-12,4.307704875827767e-05,-6.943396454776508e-19,0.975313127040863,6.766824878212674e-10,-0.009335489943623543,2.00523916915607e-10,0,0,0,0,1,0,0,0,1,0,16
0.03713470324873924,-4.082219007273125e-09,0.009281536564230919,-1.671843774531112e-10,0.04937131702899933,-1.973180507874872e-09,0.11065375059843063,0.006851977203041315,-4.6063611258695403e-10,6.434930713283826e-12,4.053097291034646e-05,-6.942879466893662e-19,0.9654421806335449,8.336155099541998e-10,-0.010284255258738995,1.1039845426719097e-10,0,0,0,0,1,0,0,0,1,0,0
0.04605286568403244,-4.930922781198888e-09,0.010248887352645397,-1.0085627472067316e-10,0.059750452637672424,1.4215445844456553e-05,0.14030303061008453,0.013893932104110718,2.8020915124216117e-05,2.857948970813595e-07,7.81207563704811e-06,3.571965976334468e-07,0.9547167420387268,6.4680514277881684e-09,-0.011003718711435795,5.5917844576924836e-08,0,0,0,0,1,0,0,0,1,0,18
0.05664462968707085,1.2097353874196415e-06,0.010675542056560516,4.049217750434764e-06,0.07355422526597977,4.204603465041146e-05,0.12650543451309204,0.013696862384676933,2.7574442356126383e-05,2.785988613140944e-07,8.597886335337535e-06,3.652596376468864e-07,0.9437978863716125,3.567537874005211e-07,-0.011102592572569847,6.088471309340093e-07,0,0,0,0,1,0,0,0,1,0,0
0.06762214750051498,9.056175258592702e-06,0.011330842971801758,1.095693096431205e-05,0.08638953417539597,6.691413727821782e-05,0.1263657957315445,0.012359187006950378,2.3458509531337768e-05,-9.481671270350489e-08,4.8724446969572455e-05,3.8030304949643323e-07,0.9323297739028931,1.2503671769081848e-06,-0.011747725307941437,1.1300780897727236e-06,0,0,0,0,1,0,0,0,1,0,16
0.07933786511421204,2.432025212328881e-05,0.012014280073344707,1.794157833501231e-05,0.09834809601306915,8.939964027376845e-05,0.11752373725175858,0.011651546694338322,2.1827383534400724e-05,-3.0493254143948434e-07,6.892407691339031e-05,0.0,0.9202682971954346,2.6359791718277847e-06,-0.012311514467000961,1.663663397266646e-06,0,0,0,0,1,0,0,0,1,0,13
0.09169181436300278,4.3957261368632317e-05,0.01260839868336916,2.1609357645502314e-05,0.10965929925441742,0.00011058945528930053,0.11176758259534836,0.011024761013686657,2.06531876756344e-05,-2.885136609620531e-07,6.521293107653037e-05,4.554240014623123e-14,0.9076964855194092,4.869831172982231e-06,-0.012767314910888672,2.728463186940644e-06,0,0,0,0,1,0,0,0,1,0,18
0.10456013679504395,6.890178337926045e-05,0.013062182813882828,2.7771237000706606e-05,0.12034520506858826,0.00013060781930107623,0.11096901446580887,0.01041081640869379,1.950305340869818e-05,-2.724541161569505e-07,6.158300675451756e-05,0.0,0.89472895860672,8.144967068801634e-06,-0.01311722956597805,3.5786015359917656e-06,0,0,0,0,1,0,0,0,1,0,16
0.11776566505432129,-0.0011668261140584946,0.013238980434834957,2.146351835108362e-05,0.13042888045310974,0.00014949800970498472,0.10908360779285431,0.009821095503866673,1.839830474636983e-05,-2.5702399852889357e-07,5.809531648992561e-05,-2.2764210357234874e-14,0.8814587593078613,1.2028351193293929e-05,-0.013384398072957993,4.15506610806915e-06,0,0,0,0,1,0,0,0,1,0,13
0.1310046911239624,-0.002250482328236103,0.013239067979156971,9.537812729831785e-06,0.1430773138999939,2.8006292268401012e-05,0.14723025262355804,0.015537700615823269,-0.0002591396332718432,-6.14872135429323e-08,1.03487554952153e-05,-7.976235565365641e-07,0.8679583072662354,1.6501406207680702e-05,-0.01358705386519432,4.72750662083854e-06,0,0,0,0,1,0,0,0,1,0,16
0.14426371455192566,-0.002244745148345828,0.01333785429596901,1.3218542335380334e-05,0.15850768983364105,-0.0002293275174451992,0.14566990733146667,0.015342693775892258,-0.0002558699925430119,-6.14872135429323e-08,1.03487554952153e-05,-7.976235565365641e-07,0.8542835116386414,1.1747189091693144e-05,-0.01373992208391428,-1.6083306036307476e-05,0,0,0,0,1,0,0,0,1,0,5
0.15775816142559052,-0.0021706100087612867,0.013610019348561764,0.0001372831902699545,0.1732035130262375,-0.0004734619287773967,0.1291017085313797,0.014004062861204147,-0.0002315764722879976,1.4559375358658144e-06,4.380958489491604e-05,-1.9186613826605026e-06,0.8404778838157654,-1.8163502318202518e-05,-0.013854924589395523,-4.089820504304953e-05,0,0,0,0,1,0,0,0,1,0,16
0.17148293554782867,-0.0019523572409525514,0.013809168711304665,0.00028249286697246134,0.18678519129753113,-0.0006976292352192104,0.11690501868724823,0.013140304014086723,-0.00021646525419782847,3.0236953989515314e-06,7.772201934130862e-05,-3.6456718178166925e-13,0.8265741467475891,-6.894723628647625e-05,-0.013940474949777126,-5.3489329729927704e-05,0,0,0,0,1,0,0,0,1,0,18
0.185379296541214,-0.0016744290478527546,0.013962037861347198,0.0002518830879125744,0.19956570863723755,-0.0009081672178581357,0.11497912555932999,0.012468775734305382,-0.00020540285913739353,2.8694371394522022e-06,7.375631685135886e-05,0.0,0.81259685754776,-0.00012282277748454362,-0.01400498766452074,-5.418136061052792e-05,0,0,0,0,1,0,0,0,1,0,13
0.19940713047981262,-0.0014581973664462566,0.014076338149607182,0.00018810488109011203,0.21165631711483002,-0.001107340445742011,0.10733610391616821,0.011780964210629463,-0.00019407234503887594,2.7112587304145563e-06,6.969047535676509e-05,0.0,0.7985646724700928,-0.00017734429275151342,-0.014052671380341053,-5.469381358125247e-05,0,0,0,0,1,0,0,0,1,0,18
0.21349824965000153,-0.0013057815376669168,0.014121859334409237,0.00012588340905494988,0.22307099401950836,-0.0012953787809237838,0.11101726442575455,0.011119242757558823,-0.0001831716508604586,2.5588315111235715e-06,6.577243766514584e-05,-3.6434852530853323e-13,0.7844913601875305,-0.00023170076019596308,-0.014089135453104973,-5.407397111412138e-05,0,0,0,0,1,0,0,0,1,0,18
0.22756001353263855,-0.001217469573020935,0.013973782770335674,6.227919220691547e-05,0.23548932373523712,-0.0014140569837763906,0.13666029274463654,0.01591677777469158,2.1455480236909352e-05,8.98811151728296e-07,1.228343626280548e-05,-9.63107140705688e-07,0.7703875303268433,-0.000285415182588622,-0.014115081168711185,-5.341535870684311e-05,0,0,0,0,1,0,0,0,1,0,18
0.24113716185092926,-0.0010371662210673094,0.013312673196196556,5.693384082405828e-06,0.2512940466403961,-0.0013927686959505081,0.15771378576755524,0.015713201835751534,2.1173716959310696e-05,8.98811151728296e-07,1.228343626280548e-05,-9.63107140705688e-07,0.7562606334686279,-0.000335358374286443,-0.014135416597127914,-4.498466296354309e-05,0,0,0,0,1,0,0,0,1,0,13
0.2544496953487396,0.0007003791979514062,0.013312687166035175,3.321034000691725e-06,0.26664045453071594,-0.0013729386264458299,0.12169548869132996,0.014493786729872227,1.5924812032608315e-05,4.635190578028414e-07,4.097518103662878e-05,-1.2748016331443068e-07,0.7421166300773621,-0.00037386087933555245,-0.01415084395557642,-3.319318420835771e-05,0,0,0,0,1,0,0,0,1,0,16
0.26776236295700073,0.0010161374229937792,0.013312697410583496,9.482557175033435e-07,0.28232938051223755,-0.0011330923298373818,0.17423677444458008,0.0157524012029171,0.0002633905678521842,4.049073538681114e-07,-7.755898536743189e-07,1.801922167032899e-07,0.7279598712921143,-0.0004006213857792318,-0.014162063598632812,-2.1708729036618024e-05,0,0,0,0,1,0,0,0,1,0,18
0.28115904331207275,0.001001299824565649,0.013516930863261223,-4.796623034053482e-05,0.2979711890220642,-0.000871545635163784,0.13477078080177307,0.015551959164440632,0.0002600571315269917,4.049073538681114e-07,-7.755898536743189e-07,1.801922167032899e-07,0.7137936949729919,-0.00041644455632194877,-0.014169776812195778,-1.1005202395608649e-05,0,0,0,0,1,0,0,0,1,0,18
0.29480573534965515,0.0008800321957096457,0.013742377050220966,-0.00018325755081605166,0.3125106990337372,-0.0006295964121818542,0.13702881336212158,0.014029094949364662,0.00023286549549084157,-9.92471768768155e-07,3.129056131001562e-05,1.908532112793182e-06,0.6996204853057861,-0.00042155664414167404,-0.014175387099385262,-2.887545633711852e-07,0,0,0,0,1,0,0,0,1,0,18
0.3086433708667755,0.0006342297419905663,0.01390891894698143,-0.00026568316388875246,0.3262333571910858,-0.00040206831181421876,0.11793908476829529,0.013180803507566452,0.00021800637478008866,-2.380890919084777e-06,6.290282180998474e-05,1.1726241382348235e-06,0.6854416131973267,-0.00041122036054730415,-0.01418099645525217,1.989064367080573e-05,0,0,0,0,1,0,0,0,1,0,6
0.32248184084892273,0.0005904754507355392,0.013970919884741306,-0.00021635637676808983,0.3390316665172577,-0.00019049167167395353,0.1149919331073761,0.012490356341004372,0.00020646938355639577,-2.8842657684435835e-06,7.388216181425378e-05,7.289858820758166e-13,0.6712591648101807,-0.00037964843795634806,-0.014183801598846912,4.1130591853288934e-05,0,0,0,0,0,1,0,0,1,0,6
0.3354816436767578,0.0016543518286198378,0.013610409572720528,0.00015642719517927617,0.3511544167995453,9.90133594314102e-06,0.10941586643457413,0.01181604154407978,0.00019532274745870382,-2.72870488515764e-06,6.989739631535485e-05,0.0,0.6570739150047302,-0.00032873914460651577,-0.014186606742441654,5.6022839999059215e-05,0,0,0,0,0,1,0,0,1,0,12
0.348501980304718,0.0022211619652807713,0.012725591659545898,0.0006778067909181118,0.3649550676345825,0.0027574673295021057,0.15521076321601868,0.014225677587091923,0.003360981121659279,3.6201963666826487e-06,1.6110185242723674e-05,1.747999522194732e-05,0.6428866386413574,-0.00026801993953995407,-0.014188009314239025,6.456159462686628e-05,0,0,0,0,0,1,0,0,1,0,12
0.3608900308609009,0.0038358625024557114,0.01214847806841135,0.0023421344812959433,0.37907418608665466,0.006092757452279329,0.11946232616901398,0.013959459029138088,0.0032939387019723654,2.3932013846206246e-06,1.7754795408109203e-05,1.8869355699280277e-05,0.6286979913711548,-0.00019332363444846123,-0.01418871060013771,0.00012748513836413622,0,0,0,0,0,1,0,0,1,0,5
0.372730016708374,0.006389913614839315,0.011874647811055183,0.002564546884968877,0.3921467363834381,0.009134714491665363,0.1302853524684906,0.012716463766992092,0.002944850828498602,-2.2740074200555682e-05,5.115132807986811e-05,2.398925607849378e-05,0.6145251393318176,0.00023778768081683666,-0.01415224652737379,0.0006793258362449706,0,0,0,0,1,0,0,0,1,0,6
0.38487833738327026,0.00898157712072134,0.012358496896922588,0.0026003452949225903,0.4044816493988037,0.011982535943388939,0.11858467012643814,0.01201596949249506,0.002770106540992856,-3.8698875869158655e-05,7.107977580744773e-05,-5.831057858785016e-12,0.600416362285614,0.0012195953167974949,-0.014065293595194817,0.0012287860736250877,0,0,0,0,0,1,0,0,1,0,12
0.39745771884918213,0.0115739731118083,0.012745576910674572,0.0025825495831668377,0.41614797711372375,0.014672048389911652,0.11102475225925446,0.011379636824131012,0.0026234097313135862,-3.6649998946813866e-05,6.73165122861974e-05,0.0,0.5864126086235046,0.002713069086894393,-0.013953797519207,0.001685159164480865,0,0,0,0,0,1,0,0,1,0,6
0.410352498292923,0.014185051433742046,0.01299942284822464,0.002644564025104046,0.42717379331588745,0.01721387915313244,0.11248773336410522,0.010743958875536919,0.0024768642615526915,-3.4601562219904736e-05,6.355402001645416e-05,-1.1657982738888517e-11,0.5725294947624207,0.004626525565981865,-0.013820914551615715,0.002099652076140046,0,0,0,0,0,1,0,0,1,0,14
0.42330509424209595,0.01703006401658058,0.012941757217049599,0.0026540150865912437,0.43758365511894226,0.019613713026046753,0.10797764360904694,0.01013909000903368,0.0023374208249151707,-3.265400664531626e-05,5.9976860939059407e-05,8.742136355099905e-12,0.5588014125823975,0.006966006942093372,-0.013628426939249039,0.0025791057851165533,0,0,0,0,0,0,0,0,1,0,4
0.4352527856826782,0.019895540550351143,0.011681130155920982,0.0020371011923998594,0.44740572571754456,0.02187804877758026,0.1113424226641655,0.009567737579345703,0.0022057045716792345,-3.081324030063115e-05,5.659583257511258e-05,0.0,0.5453433394432068,0.009893104434013367,-0.013308314606547356,0.003209567628800869,0,0,0,1,0,0,0,0,1,0,12
0.4452652037143707,0.021669302135705948,0.008467365987598896,0.0011533071519806981,0.49560147523880005,0.022706899791955948,0.18353906273841858,0.06369759887456894,0.0001116989878937602,-3.3963726764341118e-06,4.3294348870404065e-05,0.0012629290577024221,0.532243013381958,0.01344181690365076,-0.012919832952320576,0.00382345262914896,0,0,0,1,0,0,0,0,1,0,18
0.45323801040649414,0.022892486304044724,0.0073944819159805775,0.0011787174735218287,0.5574712157249451,0.022576265037059784,0.11264453828334808,0.059980083256959915,-0.00032104901038110256,-3.3493452065158635e-06,4.472884756978601e-05,0.001256959279999137,0.5207350254058838,0.017008962109684944,-0.009891916997730732,0.003234364790841937,0,0,0,1,0,0,0,0,1,0,16
0.4603354036808014,0.023706302046775818,0.0068994127213954926,0.000570550502743572,0.6097055673599243,0.02213311195373535,0.10776486992835999,0.04906101152300835,-0.00055382662685588,-1.9981835066573694e-06,7.908890256658196e-05,0.0010984032414853573,0.5135910511016846,0.01971590518951416,-0.004677562043070793,0.002242902759462595,0,0,0,1,0,0,0,0,1,0,16
0.466621458530426,0.024226151406764984,0.006132967304438353,0.0005071813357062638,0.6530084609985352,0.021552830934524536,0.10790225118398666,0.03980004042387009,-0.0005960125708952546,1.9735250589292264e-06,0.00014422352251131088,0.0006907753413543105,0.5117700099945068,0.02210107073187828,0.0002605073677841574,0.0029002365190535784,0,0,0,1,0,0,0,0,1,0,5
0.47362303733825684,0.024693967774510384,0.007690051104873419,0.0003911946841981262,0.6896617412567139,0.020963121205568314,0.10883822292089462,0.034434910863637924,-0.0005768468254245818,5.431786121334881e-06,0.00018140848260372877,0.00030995180713944137,0.5148298144340515,0.024412784725427628,0.004875659942626953,0.0016383292386308312,0,0,0,0,1,0,0,0,1,0,5
0.4820806384086609,0.024913357570767403,0.009051140397787094,4.1666215111035854e-05,0.7220620512962341,0.020416514948010445,0.10908592492341995,0.03089611418545246,-0.0005213852855376899,7.283081231435062e-06,0.00018274503236170858,-2.9446809574062982e-12,0.520820677280426,0.025423910468816757,0.00674128532409668,0.0006292995531111956,0,0,0,0,1,0,0,0,1,0,0
0.49140459299087524,0.02481861226260662,0.009445583447813988,-0.0001256260584341362,0.7513399124145508,0.01992243528366089,0.10933128744363785,0.02802908793091774,-0.0004730028740596026,6.607368050026707e-06,0.00016579021757934242,0.0,0.5283465385437012,0.025926072150468826,0.008141293190419674,0.00036575578269548714,0,0,0,0,1,0,0,0,1,0,17
0.5014259219169617,0.024677246809005737,0.010464121587574482,-0.0001559417141834274,0.7780026197433472,0.01947249099612236,0.10950326174497604,0.025602541863918304,-0.0004320539010223001,6.035430033080047e-06,0.00015143932250794023,0.0,0.5371608734130859,0.026071693748235703,0.009316205978393555,-4.697074109571986e-05,0,0,0,0,1,0,0,0,1,1,5
0.5124052166938782,0.024509452283382416,0.011373467743396759,-0.00017406906408723444,0.8024342060089111,0.019060196354985237,0.10962614417076111,0.023519136011600494,-0.0003968954551964998,5.544347004615702e-06,0.00013911721180193126,-2.9301775849449596e-12,0.5465450286865234,0.02589370124042034,0.009587089531123638,-0.00020491707255132496,0,0,0,0,1,0,0,0,1,1,15
0.5242002606391907,0.02435753308236599,0.01210435014218092,-0.00012952853285241872,0.8249371647834778,0.018680445849895477,0.10971540212631226,0.021708140149712563,-0.000366334046702832,5.117459295433946e-06,0.0001284059399040416,0.0,0.5567744970321655,0.02567167580127716,0.010542080737650394,-0.0002452078624628484,0,0,0,0,1,0,0,0,0,1,8
0.5366359353065491,0.02427501603960991,0.012678973376750946,-4.665094456868246e-05,0.8457537293434143,0.018329156562685966,0.10978123545646667,0.020116887986660004,-0.0003394810191821307,4.742365945276106e-06,0.00011899414676008746,-1.4624216551281655e-12,0.5678747892379761,0.025423172861337662,0.011415138840675354,-0.0002633781696204096,0,0,0,0,0,0,0,1,0,1,7
0.5495712757110596,0.024231236428022385,0.013118007220327854,-7.555732736364007e-05,0.8650807738304138,0.018003001809120178,0.10983046144247055,0.01870541088283062,-0.0003156616585329175,4.409642315295059e-06,0.00011064558930229396,-7.307195755597296e-13,0.5797491073608398,0.025167103856801987,0.012074217200279236,-0.00028311333153396845,0,0,0,0,0,0,1,0,0,1,7
0.5628771185874939,0.024104708805680275,0.013442842289805412,-0.00017460246453993022,0.8830806016921997,0.01769924908876419,0.10986774414777756,0.01744283176958561,-0.0002943551808129996,4.112014721613377e-06,0.00010317753913113847,7.303108855508111e-13,0.5921874046325684,0.02488277107477188,0.01258639432489872,-0.00030766334384679794,0,0,0,0,0,0,1,0,0,1,16
0.5764598846435547,0.023892786353826523,0.013686846010386944,-0.00023167638573795557,0.899888277053833,0.017415612936019897,0.10989629477262497,0.016304906457662582,-0.00027515218243934214,3.8437660805357154e-06,9.644675446907058e-05,0.0,0.6051059365272522,0.024581830948591232,0.013030989095568657,-0.00031224722624756396,0,0,0,0,0,0,1,0,0,1,5
0.5902507901191711,0.023657256737351418,0.013868194073438644,-0.00024756757193244994,0.9156171679496765,0.01715018041431904,0.10991838574409485,0.015272335149347782,-0.0002577270788606256,3.60034937330056e-06,9.033898822963238e-05,-7.296757057080605e-13,0.618350625038147,0.024271000176668167,0.013320930302143097,-0.0003207002591807395,0,0,0,0,1,0,0,0,0,1,7
0.6041960120201111,0.023405857384204865,0.014003991149365902,-0.0002625528140924871,0.9303640723228455,0.016901319846510887,0.10993563383817673,0.014329575933516026,-0.00024181768822018057,3.378108885954134e-06,8.476257789880037e-05,7.294263392083888e-13,0.6318545341491699,0.02395481802523136,0.013574504293501377,-0.000320952181937173,0,0,0,0,0,0,1,0,0,1,4
0.6182551980018616,0.02314944379031658,0.014103210531175137,-0.00026332878042012453,0.9442116022109985,0.01666763424873352,0.10994921624660492,0.013463959097862244,-0.00022721003915648907,3.174050107190851e-06,7.96423846622929e-05,-1.4584230090958217e-12,0.6455521583557129,0.023638060316443443,0.013732724823057652,-0.0003226952103432268,0,0,0,1,0,0,0,0,0,1,9
0.6323990821838379,0.022887451574206352,0.014177151024341583,-0.00026852957671508193,0.9572309851646423,0.016447925940155983,0.10995998233556747,0.01266505103558302,-0.0002137280534952879,2.985716037073871e-06,7.491681753890589e-05,3.64512537992176e-13,0.6593834757804871,0.02331983670592308,0.013878773897886276,-0.0003191950381733477,0,0,0,1,0,0,0,0,0,1,12
0.6466044187545776,0.02262333407998085,0.014229709282517433,-0.0002680251491256058,0.9694841504096985,0.016241148114204407,0.10996857285499573,0.011924194172024727,-0.00020122579007875174,2.8110666789871175e-06,7.053450826788321e-05,0.0,0.6733309030532837,0.023004518821835518,0.013958415016531944,-0.00031973031582310796,0,0,0,1,0,0,0,0,0,1,12
0.6608555316925049,0.022357778623700142,0.014269835315644741,-0.0002708740357775241,0.9810248613357544,0.016046393662691116,0.10997546464204788,0.011234126053750515,-0.00018958057626150548,2.64838854491245e-06,6.645265966653824e-05,1.0930799451344675e-12,0.6873469352722168,0.02268904633820057,0.014020411297678947,-0.00031971291173249483,0,0,0,1,0,0,0,0,0,1,0
0.6751408576965332,0.02208980731666088,0.014299217611551285,-0.0002698808675631881,0.991900622844696,0.01586286351084709,0.10998102277517319,0.010588710196316242,-0.00017868891882244498,2.4962369025161024e-06,6.26349137746729e-05,3.6429718833566604e-13,0.7014258503913879,0.022376008331775665,0.014082303270697594,-0.00031542827491648495,0,0,0,1,0,0,0,0,0,1,1
0.6894503831863403,0.021822616457939148,0.014319675974547863,-0.000272115197731182,1.002152919769287,0.015689849853515625,0.10998552292585373,0.009982733987271786,-0.00016846285143401474,2.353382342334953e-06,5.9050431445939466e-05,0.0,0.7155441641807556,0.02206454798579216,0.014112976379692554,-0.00031510592089034617,1,0,0,0,0,0,0,0,0,1,1
0.7037783861160278,0.021552860736846924,0.01433712337166071,-0.0002745813108049333,1.0118188858032227,0.015526734292507172,0.10998917371034622,0.009411724284291267,-0.00015882683510426432,2.2187698505149456e-06,5.5672775488346815e-05,3.6419226467042376e-13,0.7296919822692871,0.021754134446382523,0.014150557108223438,-0.0003115544677712023,1,0,0,0,0,0,0,0,0,1,13
