lt_dp_posx,lt_dp_posy,lt_dp_velx,lt_dp_vely,ball_posx,ball_posy,ball_posz,ball_vel_x,ball_vel_y,ball_rot_x,ball_rot_y,ball_rot_z,rt_gk_posx,rt_gk_posy,rt_gk_velx,rt_gk_vely,action_left,action_top_left,action_top,action_top_right,action_right,action_bottom_right,action_bottom,action_bottom_left,action_sprint,action_dribble,sel_action
-1.0110293626785278,-0.0,0.0,-0.0,0.019999999552965164,-0.0,0.11061639338731766,0.0,-0.0,0.0,-0.0,0.0,1.0110293626785278,0.0,-0.0,0.0,0,0,0,0,0,0,0,0,0,0,5
0.0003232249873690307,5.009550066437107e-11,0.0019679905381053686,1.558576046001292e-10,0.019999999552965164,-0.0,0.11059734225273132,0.0,-0.0,0.0,-0.0,0.0,1.0106345415115356,-3.396718453382852e-12,-0.001967654563486576,-1.6605321284668406e-11,0,0,0,0,1,0,0,0,0,0,5
0.0034698026720434427,-7.094605458668468e-11,0.004606736823916435,-1.1369825914098186e-10,0.019999999552965164,-0.0,0.10930104553699493,0.0,-0.0,0.0,-0.0,0.0,1.0068784952163696,-2.785685224160339e-11,-0.004527849145233631,-2.3320049016839484e-11,0,0,0,0,1,0,0,0,0,0,13
0.007220606319606304,-1.5964919386490806e-09,0.0062029086984694,-3.3405109234330155e-10,0.02090027928352356,1.0199039529590337e-11,0.11490735411643982,0.009002801030874252,1.0199040223479727e-10,8.050807741820376e-13,-1.304784291278338e-05,1.4987497191660398e-13,1.0014904737472534,-4.401146808108436e-11,-0.006076167803257704,-8.480536585475651e-12,0,0,0,0,1,0,0,0,1,0,16
0.014238657429814339,-1.779284719560792e-09,0.007660851813852787,-1.9205052478876716e-11,0.029501892626285553,1.0859593085887909e-10,0.10950982570648193,0.008328909985721111,9.583041304939144e-11,1.1826771116260626e-12,-3.8366724766092375e-05,1.510006041646056e-13,0.9946169853210449,4.0342831852946404e-10,-0.007505276706069708,5.925261392647485e-10,0,0,0,0,1,0,0,0,1,0,18
0.02262367494404316,-2.131822718354215e-09,0.008950777351856232,-5.646689782423664e-10,0.037561092525720596,2.014596406363367e-10,0.11380040645599365,0.007858635857701302,9.055256544598933e-11,1.2649924510665933e-12,-4.648572576115839e-05,0.0,0.986401379108429,8.433638232219209e-10,-0.008770297281444073,2.9577360005639264e-10,0,0,0,0,1,0,0,0,1,0,13
0.03205374628305435,-2.8840134724816835e-09,0.009951059706509113,-2.7215840692207394e-10,0.0451790876686573,2.8923932693381005e-10,0.11147154867649078,0.007416617590934038,8.545924384817383e-11,1.193830299374421e-12,-4.387071749079041e-05,-8.679454302328333e-20,0.9771802425384521,1.0226249846922997e-09,-0.009335489943623543,2.315833913524301e-10,0,0,0,0,1,0,0,0,1,0,16
0.0401909165084362,-6.9488659271144115e-09,0.009588781744241714,-1.573477598215689e-10,0.05235544964671135,3.719301533422481e-10,0.1108224019408226,0.006979597266763449,8.04236052753815e-11,1.1234891055672547e-12,-4.1285828046966344e-05,-8.678786095489755e-20,0.9674903154373169,1.2108494207296872e-09,-0.010107545182108879,1.5173487466491054e-10,0,0,0,0,1,0,0,0,1,0,5
0.049430496990680695,-8.884611268911158e-09,0.010337285697460175,-9.285331531438956e-11,0.06358768045902252,1.7681315512163565e-05,0.1428488790988922,0.014036365784704685,2.9313345294212922e-05,3.8029511983950215e-07,-4.303434252506122e-05,-2.3596737008801938e-08,0.9569175243377686,1.307155161889284e-09,-0.01093008928000927,5.011110970620791e-11,0,0,0,0,1,0,0,0,1,0,13
0.06005611643195152,1.8359522755417856e-06,0.010675630532205105,5.271259851724608e-06,0.07750976085662842,4.677682227338664e-05,0.11401719599962234,0.013712738640606403,2.877070801332593e-05,3.829543118172296e-07,-4.753662142320536e-05,-1.8780660582251585e-08,0.9460112452507019,5.224187589192297e-07,-0.010956736281514168,1.0263917147312895e-06,0,0,0,0,1,0,0,0,1,0,16
0.07110662758350372,1.1092497516074218e-05,0.01140530500560999,1.2716918718069792e-05,0.09066715836524963,7.474593439837918e-05,0.11871332675218582,0.012896433472633362,2.7453223083284684e-05,3.835467907720158e-07,-7.62921481509693e-05,-4.5567384230043445e-14,0.9346734285354614,2.2281394649326103e-06,-0.011628516018390656,2.2619419723923784e-06,0,0,0,0,1,0,0,0,1,0,18
0.08288992941379547,2.8346601538942195e-05,0.012080897577106953,1.9670178517117165e-05,0.10318993777036667,0.00010140374070033431,0.10669787228107452,0.012217475101351738,2.6007901396951638e-05,3.6334586184239015e-07,-7.227392779896036e-05,0.0,0.9227253198623657,4.937963240081444e-06,-0.012204927392303944,2.9541397452703677e-06,0,0,0,0,1,0,0,0,1,0,5
0.09530174732208252,5.0111520977225155e-05,0.012659676373004913,2.4105547709041275e-05,0.11503417789936066,0.00012661713117267936,0.11036381125450134,0.011543357744812965,2.457287337165326e-05,3.43285620374445e-07,-6.82837053318508e-05,-9.109786492864091e-14,0.9102458953857422,8.267454177257605e-06,-0.012685270980000496,3.6703549994854257e-06,0,0,0,0,1,0,0,0,1,0,16
0.10821419954299927,7.794531848048791e-05,0.013101013377308846,3.094965359196067e-05,0.12621478736400604,0.00015041777805890888,0.1102755069732666,0.010889651253819466,2.3181299184216186e-05,3.2383954362558143e-07,-6.441565346904099e-05,9.108150702836354e-14,0.8973493576049805,1.2347389201750048e-05,-0.013054819777607918,4.369682301330613e-06,0,0,0,0,1,0,0,0,1,0,5
0.12102577835321426,-1.6152242096723057e-05,0.013404959812760353,3.237017153878696e-05,0.1367608606815338,0.0001728676725178957,0.10931510478258133,0.010271267034113407,2.1864914742764086e-05,3.0545268714377016e-07,-6.0758276958949864e-05,-9.106692450914361e-14,0.8841332197189331,1.6998670616885647e-05,-0.01333671435713768,4.930035629513441e-06,0,0,0,0,1,0,0,0,1,0,0
0.13264603912830353,-0.0014357357285916805,0.013405121862888336,1.8883692973759025e-05,0.14670902490615845,0.0001940448273671791,0.11076349020004272,0.009688864462077618,2.0625129764084704e-05,2.8812621621909784e-07,-5.731181590817869e-05,-2.2763492073295602e-14,0.8706738948822021,2.2271186026046053e-05,-0.0135505897924304,5.543235147342784e-06,0,0,0,0,1,0,0,0,1,0,5
0.1457280069589615,-0.0016857660375535488,0.013404997065663338,5.395432253862964e-06,0.1616022288799286,1.1649845873762388e-05,0.1537678986787796,0.015371497720479965,-0.00020336346642579883,-5.867801178283116e-07,-5.070247789262794e-05,-3.5698781175597105e-07,0.8570301532745361,2.5478446332272142e-05,-0.013712574727833271,-1.1911961337318644e-06,0,0,0,0,1,0,0,0,1,0,13
0.1591414213180542,-0.0016721585998311639,0.01351710595190525,3.9090595237212256e-05,0.17681211233139038,-0.00018934652325697243,0.10109207779169083,0.014877351000905037,-0.0001954929030034691,-1.0403343821963063e-06,-5.863407568540424e-05,-5.950148533884203e-07,0.8432477116584778,1.8012031432590447e-05,-0.013833887875080109,-1.2396546480886173e-05,0,0,0,0,1,0,0,0,1,0,16
0.17278887331485748,-0.0015756977954879403,0.013743779622018337,0.00014495835057459772,0.1911533623933792,-0.00037566953687928617,0.12167232483625412,0.014120616018772125,-0.00018341749091632664,-2.5625706712162355e-06,-8.353606244781986e-05,1.0940603891590461e-12,0.8293613195419312,-2.945001256193791e-07,-0.013925047591328621,-2.2980722860665992e-05,0,0,0,0,1,0,0,0,1,0,5
0.18662871420383453,-0.0013818206498399377,0.013911549001932144,0.0002093639923259616,0.20487026870250702,-0.0005538433906622231,0.11697085946798325,0.01341086532920599,-0.0001741983724059537,-2.433657527944888e-06,-7.933365122880787e-05,-3.645994910064093e-13,0.8153970837593079,-2.8777098123100586e-05,-0.013993066735565662,-3.299265881651081e-05,0,0,0,0,1,0,0,0,1,0,16
0.2006133794784546,-0.0011983035365119576,0.01403882261365652,0.00016088085249066353,0.21787413954734802,-0.0007227550959214568,0.11213349550962448,0.01266968809068203,-0.00016457091260235757,-2.299004336236976e-06,-7.49441678635776e-05,-7.290261059764158e-13,0.801374614238739,-6.729771121172234e-05,-0.014043555594980717,-4.304826870793477e-05,0,0,0,0,1,0,0,0,1,0,5
0.21470609307289124,-0.0010637519881129265,0.014132611453533173,0.00011335755698382854,0.23014220595359802,-0.0008821092778816819,0.10964804142713547,0.011945568025112152,-0.00015516499115619808,-2.167655793527956e-06,-7.06624414306134e-05,-7.288671619379294e-13,0.7873079776763916,-0.00011130617349408567,-0.014082824811339378,-4.395864743855782e-05,0,0,0,0,1,0,0,0,1,0,13
0.22884660959243774,0.0005844616680406034,0.01414050068706274,6.960140308365226e-05,0.2417064607143402,-0.0010323217138648033,0.11078591644763947,0.011259399354457855,-0.0001462521031498909,-2.0430854874575743e-06,-6.660162762273103e-05,3.643625386216126e-13,0.7732090353965759,-0.00015519312000833452,-0.014111574739217758,-4.382429688121192e-05,0,0,0,0,1,0,0,0,1,0,5
0.24281920492649078,0.0012925354531034827,0.013680142350494862,2.5249981263186783e-05,0.2560514807701111,-0.0008965567103587091,0.1529252827167511,0.015632551163434982,0.00025406296481378376,1.8224190512228233e-07,-5.40225300937891e-05,2.44149191530596e-07,0.7590857744216919,-0.000197242756257765,-0.014131911098957062,-3.803561412496492e-05,0,0,0,0,1,0,0,0,1,0,5
0.2562512159347534,0.001293936395086348,0.013462760485708714,-2.442916957079433e-05,0.27156898379325867,-0.0006443890160880983,0.12216749042272568,0.01538289524614811,0.0002496453817002475,2.9045901328572654e-07,-5.523432992049493e-05,3.246720439165074e-07,0.7449442744255066,-0.00022898368479218334,-0.014148038811981678,-2.6585248633637093e-05,0,0,0,0,1,0,0,0,1,0,18
0.26985204219818115,0.0011992856161668897,0.013702581636607647,-0.00015900839935056865,0.28632286190986633,-0.0004099130164831877,0.12763476371765137,0.014467895030975342,0.00022891895787324756,3.1981896881916327e-06,-8.558803529012948e-05,-7.294622263002981e-13,0.7307894825935364,-0.0002490998595021665,-0.01415925845503807,-1.3534033314499538e-05,0,0,0,0,1,0,0,0,1,0,0
0.28365567326545715,0.0009657529881224036,0.013878240250051022,-0.00028096800087951124,0.3004123866558075,-0.00018698046915233135,0.12059866636991501,0.013761991634964943,0.00021774976630695164,3.041994659724878e-06,-8.14080485724844e-05,-7.292840918833587e-13,0.716624915599823,-0.0002476685622241348,-0.014168374240398407,1.368041557725519e-05,0,0,0,0,1,0,0,0,1,0,6
0.29753419756889343,0.0008012352627702057,0.013982313685119152,-0.00023073385818861425,0.31378108263015747,2.4545288397348486e-05,0.10960905253887177,0.01303156092762947,0.00020619254792109132,2.880596184695605e-06,-7.708876364631578e-05,-3.6455465924657704e-13,0.7024529576301575,-0.00021900696447119117,-0.014174685813486576,4.092204835615121e-05,0,0,0,0,0,1,0,0,1,0,7
0.31047874689102173,0.0017326765228062868,0.013641360215842724,0.00014293963613454252,0.3263964354991913,0.00022415265266317874,0.11093062162399292,0.01228263508528471,0.00019434255955275148,2.7148748813488055e-06,-7.265384192578495e-05,3.6447001016196023e-13,0.6882756352424622,-0.00016982592933345586,-0.014179594814777374,5.134907041792758e-05,0,0,0,0,0,0,1,0,1,0,6
0.32347434759140015,0.002313994336873293,0.012906859628856182,0.0005004080594517291,0.3401359021663666,0.0026541382540017366,0.1504453420639038,0.014338532462716103,0.0033657823223620653,1.7507170923636295e-05,-5.400724694482051e-05,2.4640869469294557e-06,0.6740943193435669,-0.00011670953244902194,-0.014183100312948227,5.4562024160986766e-05,0,0,0,0,0,1,0,0,1,0,12
0.33592259883880615,0.0037425567861646414,0.01223718374967575,0.0021264918614178896,0.35436299443244934,0.005993024446070194,0.11667824536561966,0.014061895199120045,0.0032946784049272537,1.9874743884429336e-05,-5.643467738991603e-05,3.718788093465264e-06,0.6599105596542358,-3.3223106584046036e-05,-0.014182399027049541,0.00019356269331183285,0,0,0,0,0,1,0,0,1,0,12
0.3477960228919983,0.006260331254452467,0.011826964095234871,0.0025440275203436613,0.367900013923645,0.009136073291301727,0.12090520560741425,0.01328207366168499,0.0030808968003839254,4.30433101428207e-05,-7.857415039325133e-05,-1.1666693652823135e-11,0.6457417011260986,0.00041091209277510643,-0.014152947813272476,0.000649011752102524,0,0,0,0,0,1,0,0,1,0,12
0.35989975929260254,0.008840780705213547,0.012315371073782444,0.002597742946818471,0.3807971477508545,0.012127671390771866,0.11443682014942169,0.012597897090017796,0.002922196639701724,4.0824834286468104e-05,-7.452437421306968e-05,0.0,0.6316221356391907,0.001309771090745926,-0.014087732881307602,0.0011029692832380533,0,0,0,0,0,1,0,0,1,0,17
0.3724377155303955,0.011440453119575977,0.01270525623112917,0.0025975790340453386,0.39300641417503357,0.014959716238081455,0.1121082529425621,0.011897328309714794,0.002759691793471575,3.855086470139213e-05,-7.037333853077143e-05,-1.1661708057553177e-11,0.6175671815872192,0.0025778997223824263,-0.014028829522430897,0.0013878915924578905,0,0,0,0,0,1,0,0,1,1,5
0.3852991461753845,0.014061876572668552,0.012969269417226315,0.0026558716781437397,0.40453478693962097,0.017633821815252304,0.10899581760168076,0.011230895295739174,0.002605108078569174,3.639397255028598e-05,-6.643600499955937e-05,-1.1659511030270853e-11,0.6035738587379456,0.0041117360815405846,-0.013962212949991226,0.0016530556604266167,0,0,0,0,1,0,0,0,1,1,12
0.39837193489074707,0.016762737184762955,0.013148784637451172,0.002735625021159649,0.4154110550880432,0.02015667036175728,0.11143805831670761,0.01059168204665184,0.002456835936754942,3.432142693782225e-05,-6.265265983529389e-05,5.828759783860216e-12,0.5896584987640381,0.005922015756368637,-0.013869650661945343,0.0019568861462175846,0,0,0,0,1,0,0,0,1,1,5
0.4111708998680115,0.01982155255973339,0.012707643210887909,0.0026555543299764395,0.4256705641746521,0.022536443546414375,0.10860458016395569,0.009993108920753002,0.002317989943549037,3.238253702875227e-05,-5.911328480578959e-05,0.0,0.5758556127548218,0.00806689914315939,-0.013745882548391819,0.0022982368245720863,0,0,0,0,1,0,0,0,1,1,5
0.4226047098636627,0.022550825029611588,0.010958588682115078,0.0018742434913292527,0.4353509843349457,0.024781910702586174,0.11126909404993057,0.06717519462108612,0.00046708359150215983,2.4481896616634913e-05,-5.128124939801637e-06,0.0013254734221845865,0.5621880888938904,0.010552982799708843,-0.01359441690146923,0.0026525992434471846,0,0,0,0,1,0,0,0,1,1,12
0.4316923916339874,0.023991713300347328,0.008370946161448956,0.0012981834588572383,0.4990617632865906,0.02500949241220951,0.3576655387878418,0.06224304810166359,2.9365661248448305e-05,2.427678191452287e-05,-8.745159902900923e-06,0.001311642350628972,0.5487282872200012,0.013478435575962067,-0.013343376107513905,0.0031473105773329735,0,0,0,0,1,0,0,0,1,1,6
0.43937283754348755,0.0252245981246233,0.007384664844721556,0.0012048693606629968,0.5596235394477844,0.024803003296256065,0.47554701566696167,0.05922863632440567,-0.0003967071825172752,2.427678191452287e-05,-8.745159902900923e-06,0.001311642350628972,0.5355432629585266,0.016893228515982628,-0.013049209490418434,0.003632004838436842,0,0,0,0,0,1,0,0,1,1,8
0.4462396502494812,0.02587396651506424,0.006383657455444336,0.000550929456949234,0.6173179149627686,0.02418079413473606,0.47250261902809143,0.05647502839565277,-0.0008037803345359862,2.427678191452287e-05,-8.745159902900923e-06,0.001311642350628972,0.5233883857727051,0.020447172224521637,-0.010814386419951916,0.0032279621809720993,0,0,0,0,0,0,0,1,1,1,13
0.45227131247520447,0.026387326419353485,0.005803739186376333,0.00046471660607494414,0.672383725643158,0.023162316530942917,0.3553204834461212,0.053943485021591187,-0.0011911693727597594,2.427678191452287e-05,-8.745159902900923e-06,0.001311642350628972,0.5150185823440552,0.023008324205875397,-0.006124552339315414,0.0019152768654748797,0,0,0,0,0,0,0,1,1,1,9
0.4571112394332886,0.027182864025235176,0.003939516376703978,0.0007751455996185541,0.7250250577926636,0.021767301484942436,0.13008198142051697,0.05160246789455414,-0.0015588687965646386,2.427678191452287e-05,-8.745159902900923e-06,0.001311642350628972,0.5119880437850952,0.024069543927907944,-0.00030994415283203125,0.0006239094655029476,0,0,0,0,0,0,0,1,1,1,13
0.4593629240989685,0.027819588780403137,0.000591839081607759,0.0005877474322915077,0.7696238160133362,0.020449405536055565,0.20860913395881653,0.04322148486971855,-0.001373989856801927,2.0666411728598177e-05,-3.025539444934111e-05,0.0011927360901609063,0.5145505666732788,0.024602368474006653,0.0038332799449563026,0.0004047412076033652,0,0,0,0,0,0,0,1,1,1,5
0.4582476317882538,0.02876175567507744,-0.0020902310498058796,0.0016429269453510642,0.8120111227035522,0.018957993015646935,0.1796398162841797,0.04171217232942581,-0.0015865584136918187,2.0666411728598177e-05,-3.025539444934111e-05,0.0011927360901609063,0.5192896723747253,0.0248773954808712,0.005461889319121838,0.0001448193215765059,0,0,0,0,1,0,0,0,1,1,11
0.4558931291103363,0.03069721907377243,-0.0023579297121614218,0.002380679128691554,0.8512370586395264,0.01739630661904812,0.14076457917690277,0.03620297461748123,-0.0014394649770110846,1.4630921214120463e-05,-5.7554967497708276e-05,0.0010080577339977026,0.5255826711654663,0.02489241026341915,0.0069516547955572605,-2.1189593098824844e-05,0,0,0,0,1,0,0,0,1,1,3
0.45634058117866516,0.03344828635454178,0.0023263052571564913,0.002753083361312747,0.8867033123970032,0.015902502462267876,0.10395562648773193,0.034228481352329254,-0.0014920411631464958,1.3113109162077308e-05,-6.367930473061278e-05,0.000961675017606467,0.5332813262939453,0.024826286360621452,0.008283643051981926,-0.00010728836059570312,0,0,1,0,0,0,0,0,1,1,12
0.46070027351379395,0.03573979064822197,0.0054460009559988976,0.0020153908990323544,0.9179226160049438,0.014580055139958858,0.11425274610519409,0.02941548079252243,-0.0012358142994344234,-2.5032027224369813e-06,-0.00012205974053358659,0.0004708435735665262,0.5421965718269348,0.02466275356709957,0.009306388907134533,-0.0001952693855855614,0,0,1,0,0,0,0,0,1,1,18
0.4675174057483673,0.036736052483320236,0.007518568076193333,0.00014482944970950484,0.9456437230110168,0.013424652628600597,0.10817430913448334,0.02653048373758793,-0.001102124690078199,-1.5396590242744423e-05,-0.00015693658497184515,-1.174244989438078e-11,0.5518802404403687,0.024448949843645096,0.010100182145833969,-0.0002320873609278351,0,0,1,0,0,0,0,0,1,0,4
0.47581103444099426,0.03645750507712364,0.008742648176848888,-0.0005123381852172315,0.9709309339523315,0.012374181300401688,0.10879096388816833,0.024319399148225784,-0.0010102721862494946,-1.411333869327791e-05,-0.00014385646500159055,2.9315577743105337e-12,0.5624442100524902,0.02419351041316986,0.010920272208750248,-0.0002741243224591017,0,0,0,1,0,0,0,0,1,0,7
0.48512187600135803,0.03608083352446556,0.009420722723007202,-0.00035515273339115083,0.9941768050193787,0.011408505029976368,0.10900747776031494,0.02240736037492752,-0.0009308423614129424,-1.300373060075799e-05,-0.00013254636724013835,-5.856684495014752e-12,0.5733414888381958,0.0239106472581625,0.010947970673441887,-0.00029107884620316327,0,0,0,0,0,0,1,0,1,0,18
0.49506351351737976,0.035738859325647354,0.010338518768548965,-0.0004233658837620169,1.0156465768814087,0.010516608133912086,0.10918702930212021,0.02073502354323864,-0.0008613707032054663,-1.2033231541863643e-05,-0.00012265406257938594,8.777251495062366e-12,0.5846686363220215,0.023600613698363304,0.011617295444011688,-0.00032501641544513404,0,0,0,0,0,0,1,0,1,0,17
