lt_dp_posx,lt_dp_posy,lt_dp_velx,lt_dp_vely,ball_posx,ball_posy,ball_posz,ball_vel_x,ball_vel_y,ball_rot_x,ball_rot_y,ball_rot_z,rt_gk_posx,rt_gk_posy,rt_gk_velx,rt_gk_vely,action_left,action_top_left,action_top,action_top_right,action_right,action_bottom_right,action_bottom,action_bottom_left,action_sprint,action_dribble,sel_action
-1.0110293626785278,-0.0,0.0,-0.0,0.019999999552965164,-0.0,0.11061639338731766,0.0,-0.0,0.0,-0.0,0.0,1.0110293626785278,0.0,-0.0,0.0,0,0,0,0,0,0,0,0,0,0,5
0.0,-0.0,0.0,-0.0,0.019999999552965164,-0.0,0.11059734225273132,0.0,-0.0,0.0,-0.0,0.0,1.0110293626785278,0.0,-0.0,0.0,0,0,0,0,1,0,0,0,0,0,5
0.002606003312394023,2.5999288832956324e-10,0.004109717905521393,2.364697881951372e-10,0.019999999552965164,-0.0,0.10930104553699493,0.0,-0.0,0.0,-0.0,0.0,1.0085934400558472,-1.812391729749674e-11,-0.003884820267558098,-2.5357972666117945e-11,0,0,0,0,1,0,0,0,0,0,5
0.0056117442436516285,-2.246044905618305e-09,0.0057430933229625225,-3.6487274313046214e-10,0.019999999552965164,-0.0,0.11075475811958313,0.0,-0.0,0.0,-0.0,0.0,1.0038305521011353,-3.924837191360275e-11,-0.0054703038185834885,-1.550814164585912e-11,0,0,0,0,1,0,0,0,0,0,13
0.011350343935191631,-3.5552478738765103e-09,0.007246829103678465,-1.991287551517118e-10,0.026255210861563683,-5.280326176304584e-10,0.12504026293754578,0.008751321583986282,-7.380795974398779e-10,-4.920566558375139e-12,-2.6956802685162984e-05,-2.341995954807663e-12,0.9975366592407227,1.5486650850604633e-10,-0.006950602866709232,6.537214103374822e-10,0,0,0,0,1,0,0,0,1,0,16
0.01934845745563507,-3.756546185229581e-09,0.008587582968175411,-5.861399698936509e-10,0.03468456119298935,-1.2381473624145656e-09,0.11820248514413834,0.008202308788895607,-6.906922256355585e-10,-9.649068002937078e-12,-4.852015626966022e-05,2.0833819653242865e-18,0.989837646484375,6.921729855946523e-10,-0.008285746909677982,4.104374340396788e-10,0,0,0,0,1,0,0,0,1,0,18
0.02858891896903515,-4.388697405488529e-09,0.009745973162353039,-5.615531373237559e-10,0.04265095666050911,-1.9089734237809353e-09,0.11113853752613068,0.007771207019686699,-6.543902086875164e-10,-9.141909451670927e-12,-4.596993312588893e-05,0.0,0.9809144139289856,9.043323867530262e-10,-0.009325672872364521,3.757972058537895e-11,0,0,0,0,1,0,0,0,1,0,13
0.03787881135940552,-6.965684473669853e-09,0.010092896409332752,-2.403959808994216e-10,0.050176918506622314,-2.542711818875887e-09,0.11245939880609512,0.007328950800001621,-6.171491095940951e-10,-8.621488939430932e-12,-4.335301127866842e-05,6.943454357419386e-19,0.971478283405304,1.6242540645805548e-09,-0.00973448995500803,6.975506838813317e-10,0,0,0,0,1,0,0,0,1,0,5
0.045677490532398224,-1.2030830554010663e-08,0.009783444926142693,-1.236910157631499e-10,0.05726860836148262,-3.13988191003034e-09,0.10812079161405563,0.014519422315061092,2.9962875487399288e-05,3.7274088526828564e-07,-3.381547503522597e-05,-3.9498878834365314e-08,0.961243748664856,2.120742026434641e-09,-0.010619443841278553,3.1216793039412494e-10,0,0,0,0,1,0,0,0,1,0,13
0.05580054223537445,-1.2553679873406054e-08,0.010675586760044098,-6.379245742760276e-11,0.07134319841861725,2.936562850663904e-05,0.14322376251220703,0.013963908888399601,2.9173947041272186e-05,3.8051592810006696e-07,-4.348843503976241e-05,-2.4703263434844303e-08,0.9503563046455383,1.8046091554424493e-07,-0.010805971920490265,5.894537480344297e-07,0,0,0,0,1,0,0,0,1,0,13
0.06652812659740448,4.603371053235605e-06,0.010933945886790752,7.956311492307577e-06,0.08499731868505478,5.808915011584759e-05,0.12248857319355011,0.013196156360208988,2.8090482373954728e-05,3.928067258129886e-07,-7.627913873875514e-05,-9.215542218221628e-10,0.9392877221107483,1.422108653059695e-06,-0.011376773938536644,1.7469687918492127e-06,0,0,0,0,1,0,0,0,1,0,18
0.07788979262113571,1.7138150724349543e-05,0.011687594465911388,1.648596844461281e-05,0.0978936105966568,8.554537635063753e-05,0.11546774953603745,0.012608172371983528,2.6842786610359326e-05,3.7497770222216786e-07,-7.457877654815093e-05,0.0,0.9275738596916199,3.821266545855906e-06,-0.011977027170360088,2.810388878060621e-06,0,0,0,0,1,0,0,0,1,0,18
0.0899352952837944,3.6504570744000375e-05,0.012330885976552963,2.09351783269085e-05,0.11013621091842651,0.00011160985013702884,0.1136212944984436,0.011938497424125671,2.5417046344955452e-05,3.550773328697687e-07,-7.062082295306027e-05,0.0,0.9152939915657043,6.8941044446546584e-06,-0.012507859617471695,3.3550450098118745e-06,0,0,0,0,1,0,0,0,1,0,13
0.1025637537240982,6.041417145752348e-05,0.012850936502218246,2.6789728508447297e-05,0.12170537561178207,0.00013624060375150293,0.11140929162502289,0.011270640417933464,2.3995178707991727e-05,3.3521112641210493e-07,-6.666966510238126e-05,-4.5545456241104926e-14,0.9025512933731079,1.0647506314853672e-05,-0.01291878055781126,4.073066975252004e-06,0,0,0,0,1,0,0,0,1,0,0
0.1155487671494484,9.085689816856757e-05,0.013245726935565472,3.262048267060891e-05,0.13262128829956055,0.00015948055079206824,0.10943208634853363,0.010630859062075615,2.2633084881817922e-05,3.1618390039511723e-07,-6.288536678766832e-05,-4.553764998546303e-14,0.8894527554512024,1.5019131751614623e-05,-0.013232932426035404,4.599254680215381e-06,0,0,0,0,1,0,0,0,1,0,18
0.12847280502319336,-0.0007347146165557206,0.013404995203018188,2.6981939299730584e-05,0.14291724562644958,0.0001814006536733359,0.1107703372836113,0.010027419775724411,2.1348370864870958e-05,2.982292528486141e-07,-5.931436317041516e-05,0.0,0.8760826587677002,1.9959665223723277e-05,-0.013472052291035652,5.213150416238932e-06,0,0,0,0,1,0,0,0,1,0,5
0.14152131974697113,-0.0021899319253861904,0.013404997065663338,1.3491254321706947e-05,0.15449382364749908,0.00011776451719924808,0.13492026925086975,0.015627317130565643,-0.0002586125920061022,-7.39776794489444e-07,-5.06306387251243e-05,-4.407088454172481e-07,0.8625065684318542,2.493266401870642e-05,-0.013653671368956566,2.7313317332300358e-06,0,0,0,0,1,0,0,0,1,0,5
0.15490911900997162,-0.0021835146471858025,0.013344252482056618,3.475749281278695e-06,0.17001231014728546,-0.00013899675104767084,0.14681148529052734,0.015429656021296978,-0.00025529207778163254,-7.443932190653868e-07,-5.069779581390321e-05,-4.44376553332404e-07,0.8487749099731445,1.999592495849356e-05,-0.013789709657430649,-1.121465174946934e-05,0,0,0,0,1,0,0,0,1,0,16
0.16840940713882446,-0.0021346902940422297,0.013615629635751247,0.00010279305570293218,0.1850370466709137,-0.00038568125455640256,0.1275539994239807,0.0145338149741292,-0.0002361954393563792,-3.1591100650985027e-06,-8.417791104875505e-05,-1.5951054876950366e-07,0.8349264860153198,1.5424278672071523e-06,-0.013892089948058128,-2.4399454559898004e-05,0,0,0,0,1,0,0,0,1,0,13
0.18213960528373718,-0.0019552006851881742,0.013814427889883518,0.00024006911553442478,0.199282705783844,-0.0006171725690364838,0.11428238451480865,0.013929215259850025,-0.00022634876950178295,-3.161521817673929e-06,-8.238157170126215e-05,0.0,0.820990800857544,-3.0098541174083948e-05,-0.013967822305858135,-3.75723211618606e-05,0,0,0,0,1,0,0,0,1,0,16
0.19603966176509857,-0.0016905773663893342,0.013964842073619366,0.0002468316815793514,0.21283148229122162,-0.0008373390301130712,0.11412093043327332,0.013224028050899506,-0.00021488942729774863,-3.0018948109500343e-06,-7.822208135621622e-05,-1.093731442219914e-12,0.8069896101951599,-7.494543388020247e-05,-0.014026024378836155,-5.080693154013716e-05,0,0,0,0,1,0,0,0,1,0,5
0.2100699245929718,-0.0014798511983826756,0.014078442007303238,0.0001820971810957417,0.2256481796503067,-0.001045609125867486,0.11154801398515701,0.012478324584662914,-0.00020277178555261344,-2.8326010124146705e-06,-7.381070463452488e-05,0.0,0.7929396033287048,-0.00013096455950289965,-0.014068098738789558,-5.712516576750204e-05,0,0,0,0,1,0,0,0,1,0,5
0.22419212758541107,-0.0008757674368098378,0.014139974489808083,0.00012264683027751744,0.23773151636123657,-0.0012419619597494602,0.11082721501588821,0.01176300086081028,-0.00019114790484309196,-2.6702555260271765e-06,-6.958036829018965e-05,-3.6441422796018585e-13,0.7788529992103577,-0.00018772980547510087,-0.014100355096161366,-5.646466161124408e-05,0,0,0,0,1,0,0,0,1,0,13
0.23833005130290985,0.0009096538415178657,0.014120866544544697,6.6806394897867e-05,0.24961070716381073,-0.0013832957483828068,0.12007300555706024,0.015987444669008255,0.0002572331577539444,-3.7688337783947645e-07,-5.0220009143231437e-05,-1.6242881883954396e-07,0.7647390961647034,-0.00024372158804908395,-0.014124196954071522,-5.484532084665261e-05,0,0,0,0,1,0,0,0,1,0,0
0.2520468533039093,0.0009450437501072884,0.013386151753365993,1.0554692380537745e-05,0.2653258442878723,-0.0011322097852826118,0.15399302542209625,0.015619908459484577,0.000249479926424101,-6.917153960728228e-09,-5.4324329539667815e-05,1.8608420759846922e-07,0.7506047487258911,-0.0002930977498181164,-0.014141728170216084,-4.489509592531249e-05,0,0,0,0,1,0,0,0,1,0,5
0.2654920518398285,0.0009203387890011072,0.013567769899964333,-7.160132372519001e-05,0.280685156583786,-0.000888557406142354,0.12098553776741028,0.014850900508463383,0.00023054578923620284,2.7188295916857896e-06,-8.279216126538813e-05,4.0459630668010504e-07,0.7364552021026611,-0.00033250264823436737,-0.014155051670968533,-3.490855306154117e-05,0,0,0,0,1,0,0,0,1,0,7
0.27918174862861633,0.0007688265759497881,0.013779542408883572,-0.000215811058296822,0.29522979259490967,-0.0006629643030464649,0.10974416136741638,0.014278284274041653,0.00022145600814837962,3.0940673241275363e-06,-8.447022992186248e-05,0.0,0.7222947478294373,-0.00035638772533275187,-0.014164868742227554,-1.1099894436483737e-05,0,0,0,0,0,0,1,0,1,0,6
0.2930510342121124,0.0005030796164646745,0.013937494717538357,-0.00026479773805476725,0.3090813159942627,-0.00044812681153416634,0.11361956596374512,0.01350377406924963,0.0002094433002639562,2.9258198992465623e-06,-7.987696881173179e-05,-7.292210455270287e-13,0.7081259489059448,-0.00035112598561681807,-0.014171880669891834,1.8652965081855655e-05,0,0,0,0,0,1,0,0,1,0,5
0.30705785751342773,0.0002731507702264935,0.014057930558919907,-0.0002014301426243037,0.32216188311576843,-0.00024524700711481273,0.11145391315221786,0.01273427065461874,0.00019750831415876746,2.7590735953708645e-06,-7.532464223913848e-05,1.458081593831706e-12,0.693950891494751,-0.0003178740735165775,-0.014177490957081318,3.9544447645312175e-05,0,0,0,0,1,0,0,0,1,0,6
0.3205960690975189,0.0009049712098203599,0.013781356625258923,0.00013141911767888814,0.33449047803878784,-5.403083559940569e-05,0.1108514592051506,0.012000315822660923,0.00018612471467349678,2.600081188575132e-06,-7.098406058503315e-05,0.0,0.6797710061073303,-0.0002782416995614767,-0.014181697741150856,3.9703751099295914e-05,0,0,0,0,0,1,0,0,1,0,7
0.3338238298892975,0.0015863481676205993,0.01321189571171999,0.00018841591372620314,0.3476930260658264,0.001730484887957573,0.1444789320230484,0.014526593498885632,0.0033618323504924774,1.755427183525171e-05,-5.3576866775983945e-05,2.7547876015887596e-06,0.6655876040458679,-0.0002384518156759441,-0.014185204170644283,3.9860162360128015e-05,0,0,0,0,0,0,1,0,1,0,12
0.3463982045650482,0.0027599132154136896,0.012425815686583519,0.0018324988195672631,0.36212044954299927,0.005069263279438019,0.13322874903678894,0.014343859627842903,0.0033196546137332916,1.755427183525171e-05,-5.3576866775983945e-05,2.7547876015887596e-06,0.6514069437980652,-2.022206535912119e-05,-0.014173283241689205,0.000396549585275352,0,0,0,0,0,0,1,0,1,0,16
0.3583635687828064,0.00522299250587821,0.01170144323259592,0.0025532247964292765,0.3759683668613434,0.008248030208051205,0.1255376935005188,0.013526488095521927,0.00309525104239583,4.324252950027585e-05,-8.001759852049872e-05,0.0,0.6372517943382263,0.000594033976085484,-0.0141361178830266,0.0007922266377136111,0,0,0,0,0,0,1,0,1,0,12
0.37034907937049866,0.00783061608672142,0.012200369499623775,0.0026434517931193113,0.38913068175315857,0.011259956285357475,0.11882021278142929,0.012850407510995865,0.0029405441600829363,4.1079914808506146e-05,-7.601582183269784e-05,1.1665078625267e-11,0.6231457591056824,0.0015874200034886599,-0.014082123525440693,0.0011337377363815904,0,0,0,0,0,0,1,0,1,0,4
0.3827725648880005,0.010501491837203503,0.012590955011546612,0.0026891392190009356,0.4016016125679016,0.014113666489720345,0.11091215163469315,0.01215930562466383,0.0027823993004858494,3.887126877089031e-05,-7.192887278506532e-05,0.0,0.6090956330299377,0.0028793495148420334,-0.014021116308867931,0.0014211732195690274,0,0,0,1,0,0,0,0,1,0,13
0.3955293297767639,0.013215187937021255,0.012874603271484375,0.0027427689637988806,0.4133775532245636,0.016808342188596725,0.11248287558555603,0.01147126592695713,0.002624954329803586,3.667033524834551e-05,-6.785622099414468e-05,-1.1660289053749828e-11,0.5951142311096191,0.0044587538577616215,-0.013944681733846664,0.001715030986815691,0,0,0,1,0,0,0,0,1,0,5
0.4085172712802887,0.01599765382707119,0.013070948421955109,0.0028134675230830908,0.4244884252548218,0.019350837916135788,0.1105981171131134,0.010819731280207634,0.0024758640211075544,3.4586901165312156e-05,-6.400097481673583e-05,-5.829108029598018e-12,0.5812314748764038,0.006373059935867786,-0.01382862776517868,0.002076893812045455,0,0,0,0,1,0,0,0,1,0,5
0.42131507396698,0.019115790724754333,0.01263581681996584,0.002727793762460351,0.4349651634693146,0.021748211234807968,0.11057927459478378,0.010202454403042793,0.0023346133530139923,3.2614145311526954e-05,-6.0350517742335796e-05,0.0,0.5674771666526794,0.00864744745194912,-0.013690135441720486,0.002435434376820922,0,0,0,0,1,0,0,0,1,0,12
0.4328186810016632,0.021892279386520386,0.010941125452518463,0.0019458121387287974,0.44484612345695496,0.024009251967072487,0.10920975357294083,0.06304112076759338,0.0014491244219243526,2.738006332947407e-05,1.920099975905032e-06,0.0014428499853238463,0.5539087653160095,0.011350670829415321,-0.013438393361866474,0.0029704358894377947,0,0,0,0,1,0,0,0,1,0,5
0.44192010164260864,0.023395054042339325,0.008351312018930912,0.0013503731461241841,0.5047219395637512,0.025171739980578423,0.4713846743106842,0.05857568606734276,0.0009442053269594908,2.726267666730564e-05,-1.8325790733797476e-06,0.00142760225571692,0.5406566858291626,0.0146520109847188,-0.013089881278574467,0.0035697193816304207,0,0,0,0,1,0,0,0,1,0,6
0.4495820105075836,0.024675797671079636,0.0073667834512889385,0.0012508990475907922,0.561806857585907,0.025858428329229355,0.7150048613548279,0.055902380496263504,0.00047977722715586424,2.726267666730564e-05,-1.8325790733797476e-06,0.00142760225571692,0.5279145240783691,0.0184552613645792,-0.012036281637847424,0.003707194933667779,0,0,0,0,0,1,0,0,1,0,0
0.45643898844718933,0.0253679770976305,0.0063755931332707405,0.0005907134036533535,0.6163478493690491,0.02609449066221714,0.8474786877632141,0.05345885083079338,4.0364629967371e-05,2.726267666730564e-05,-1.8325790733797476e-06,0.00142760225571692,0.5177581906318665,0.0214832853525877,-0.008315899409353733,0.002354355063289404,0,0,0,0,0,1,0,0,1,0,18
0.4626561403274536,0.025934865698218346,0.006603493355214596,0.0005619662697426975,0.668556272983551,0.025904549285769463,0.8745975494384766,0.05121273547410965,-0.00037481545587070286,2.726267666730564e-05,-1.8325790733797476e-06,0.00142760225571692,0.5123167634010315,0.022939026355743408,-0.002919926308095455,0.0007398105808533728,0,0,0,0,0,1,0,0,1,0,2
0.4701087176799774,0.026394162327051163,0.008119555190205574,0.0003364382719155401,0.7186143398284912,0.025312233716249466,0.8014575839042664,0.04913730174303055,-0.0007669080514460802,2.726267666730564e-05,-1.8325790733797476e-06,0.00142760225571692,0.5127623677253723,0.023211879655718803,0.0028859167359769344,0.0003112702979706228,0,1,0,0,0,0,0,0,1,0,7
0.47895121574401855,0.026488421484827995,0.00932391919195652,-0.00011784037633333355,0.7666803598403931,0.024339890107512474,0.6325699090957642,0.04721023514866829,-0.0011372838634997606,2.726267666730564e-05,-1.8325790733797476e-06,0.00142760225571692,0.516497015953064,0.023624954745173454,0.0044286251068115234,0.00048276910092681646,0,0,0,0,0,0,1,0,1,0,11
0.48837411403656006,0.026319095864892006,0.009732278063893318,-0.00018032165826298296,0.8128920793533325,0.02300841547548771,0.3719542622566223,0.045412786304950714,-0.0014874362386763096,2.726267666730564e-05,-1.8325790733797476e-06,0.00142760225571692,0.5219017267227173,0.02381427027285099,0.006179504562169313,9.8330361652188e-05,0,0,0,0,0,0,1,0,1,0,3
0.4985956847667694,0.026123372837901115,0.01068435050547123,-0.00021708697022404522,0.8560061454772949,0.021455157548189163,0.1540084034204483,0.03687300160527229,-0.0012171935522928834,2.319801933481358e-05,-2.1096562704769894e-05,0.0012987495865672827,0.5291410684585571,0.023873455822467804,0.007667941972613335,5.681977927451953e-05,0,0,1,0,0,0,0,0,1,0,13
0.5096924304962158,0.02589571662247181,0.011499851010739803,-0.00024075854162219912,0.89228755235672,0.02014981023967266,0.29796090722084045,0.03580295294523239,-0.001377034350298345,2.319801933481358e-05,-2.1096562704769894e-05,0.0012987495865672827,0.5377261638641357,0.023875687271356583,0.008924981579184532,-1.1882516446348745e-05,0,0,1,0,0,0,0,0,1,0,6
0.5215855836868286,0.02564612776041031,0.012209152802824974,-0.0002667588705662638,0.9275183081626892,0.018686208873987198,0.3190198540687561,0.03476753085851669,-0.001534016104415059,2.319801933481358e-05,-2.1096562704769894e-05,0.0012987495865672827,0.5474674105644226,0.023809319362044334,0.009926561266183853,-6.372941425070167e-05,0,0,0,0,0,1,0,0,1,0,5
0.534090518951416,0.02537071704864502,0.012738557532429695,-0.0002862181863747537,0.9617303609848022,0.017067108303308487,0.2221064567565918,0.03376174718141556,-0.001688336138613522,2.319801933481358e-05,-2.1096562704769894e-05,0.0012987495865672827,0.5580607652664185,0.02370883896946907,0.010790467262268066,-0.00010099901555804536,0,0,0,0,1,0,0,0,1,0,16
0.5470654964447021,0.02508428879082203,0.01316338125616312,-0.0002952252107206732,0.9937372803688049,0.01543502602726221,0.15426962077617645,0.02975059300661087,-0.0014766511740162969,1.700452048680745e-05,-4.283864836907014e-05,0.0011127905454486609,0.5694944262504578,0.02356903627514839,0.011683151125907898,-0.00014334751176647842,0,0,0,0,1,0,0,0,1,0,1
