lt_dp_posx,lt_dp_posy,lt_dp_velx,lt_dp_vely,ball_posx,ball_posy,ball_posz,ball_vel_x,ball_vel_y,ball_rot_x,ball_rot_y,ball_rot_z,rt_gk_posx,rt_gk_posy,rt_gk_velx,rt_gk_vely,action_left,action_top_left,action_top,action_top_right,action_right,action_bottom_right,action_bottom,action_bottom_left,action_sprint,action_dribble,sel_action
-1.0110293626785278,-0.0,0.0,-0.0,0.019999999552965164,-0.0,0.11061639338731766,-0.0,0.0,0.0,-0.0,0.0,1.0110293626785278,0.0,-0.0,0.0,0,0,0,0,0,0,0,0,0,0,5
0.0,-0.0,0.0,-0.0,0.019999999552965164,-0.0,0.11059734225273132,-0.0,0.0,0.0,-0.0,0.0,1.0110293626785278,0.0,-0.0,0.0,0,0,0,0,1,0,0,0,0,0,5
0.0,-0.0,0.0,-0.0,0.019999999552965164,-0.0,0.10930104553699493,-0.0,0.0,0.0,-0.0,0.0,1.0106345415115356,-3.1861822208378854e-11,-0.001967654563486576,-1.5578560663698227e-10,0,0,0,0,1,0,0,0,0,0,5
0.0018563538324087858,1.0650171716752865e-10,0.003761105705052614,2.5890204910505865e-11,0.019999999552965164,-0.0,0.11075475811958313,-0.0,0.0,0.0,-0.0,0.0,1.0068784952163696,-2.6190344337706506e-10,-0.004527849145233631,-2.1994273069481096e-10,0,0,0,0,1,0,0,0,0,0,5
0.005117342341691256,-1.2158972717557504e-09,0.005418800748884678,-3.741383591826519e-10,0.019999999552965164,-0.0,0.11053141206502914,-0.0,0.0,0.0,-0.0,0.0,1.0014904737472534,-4.1574887976736363e-10,-0.006076167803257704,-8.290019365420065e-11,0,0,0,0,1,0,0,0,0,0,13
0.010548306629061699,-2.2825601408982266e-09,0.006952005438506603,-2.929577969101871e-10,0.025223644450306892,-3.5321462421578076e-10,0.12474089860916138,0.008490756154060364,-5.745985909300089e-10,1.5004066782411951e-12,7.0247656367428135e-06,-2.619190021119211e-12,0.9946169853210449,2.0514116447212238e-11,-0.007505276706069708,5.918625034517788e-10,0,0,0,0,1,0,0,0,1,0,5
0.018270881846547127,-2.448347524719452e-09,0.008328302763402462,-1.6021038662383802e-10,0.03330288827419281,-9.007225520996087e-10,0.11527635902166367,0.007801095489412546,-5.290103910482458e-10,7.390314922528507e-12,4.614657154888846e-05,2.083218183563001e-18,0.986401379108429,4.590409441451726e-10,-0.008770297281444073,2.9370147980323225e-10,0,0,0,0,1,0,0,0,1,0,16
0.02727341093122959,-2.625654138554978e-09,0.009525523521006107,-1.631647456035168e-10,0.04086579382419586,-1.413581030007549e-09,0.11157269775867462,0.007368221879005432,-4.996565383663665e-10,6.97999340618094e-12,4.3584434024523944e-05,-6.943502954280374e-19,0.9771802425384521,6.354092807470124e-10,-0.009335489943623543,2.2650206710217446e-10,0,0,0,0,1,0,0,0,1,0,0
0.03562595322728157,-3.8125800294608325e-09,0.009175652638077736,-1.8068646578939251e-10,0.04799659550189972,-1.8971375581600114e-09,0.11085603386163712,0.006937615107744932,-4.704562295287928e-10,6.5721664221918275e-12,4.103786704945378e-05,6.942979245555051e-19,0.9674903154373169,8.105538462643835e-10,-0.010107545182108879,1.3141471244537684e-10,0,0,0,0,1,0,0,0,1,0,0
0.044012077152729034,-4.949944898413605e-09,0.010067443363368511,-1.1342506101019723e-10,0.05697008594870567,8.607841664343141e-06,0.1311701536178589,0.013979240320622921,2.8261345505598e-05,2.9498571052499756e-07,6.801380095566856e-06,3.461976234575559e-07,0.9569175243377686,8.762640613113604e-10,-0.01093008928000927,1.107970746400122e-11,0,0,0,0,1,0,0,0,1,0,18
0.05450951308012009,4.808422318092198e-07,0.010675542056560516,2.4294122340506874e-06,0.07080921530723572,3.6515091778710485e-05,0.13716332614421844,0.013768777251243591,2.7764777769334614e-05,2.857949539247784e-07,7.812065632606391e-06,3.571965123683185e-07,0.9460112452507019,4.928699581796536e-07,-0.010956736281514168,9.683859616416157e-07,0,0,0,0,1,0,0,0,1,0,16
0.06536358594894409,6.930818017281126e-06,0.011177098378539085,9.557475095789414e-06,0.08391163498163223,6.22066218056716e-05,0.12681378424167633,0.012483199127018452,2.3784201403032057e-05,-6.248117045970503e-08,4.532761886366643e-05,4.119450238704303e-07,0.9346734285354614,2.101649215546786e-06,-0.011628516018390656,2.1331193238438573e-06,0,0,0,0,1,0,0,0,1,0,13
0.0769418478012085,2.074667099805083e-05,0.011883500963449478,1.7113512512878515e-05,0.0960121899843216,8.502367563778535e-05,0.11762649565935135,0.011764262802898884,2.2038515453459695e-05,-3.0787194305048615e-07,6.958852463867515e-05,0.0,0.9227253198623657,4.6457066673610825e-06,-0.012204927392303944,2.7389419301471207e-06,0,0,0,0,1,0,0,0,1,0,18
0.08917530626058578,3.968889359384775e-05,0.012501724064350128,2.0570112610585056e-05,0.10744781047105789,0.00010644652502378449,0.11083138734102249,0.011155085638165474,2.089731424348429e-05,-2.919397843470506e-07,6.598739855689928e-05,-4.5544016285094593e-14,0.9102458953857422,7.622274551977171e-06,-0.012685270980000496,3.1885822409094544e-06,0,0,0,0,1,0,0,0,1,0,0
0.10195155441761017,6.341048720059916e-05,0.012981190346181393,2.6507212169235572e-05,0.11825701594352722,0.00012669585703406483,0.10950829833745956,0.010532745160162449,1.973145299416501e-05,-2.756500236955617e-07,6.230543658602983e-05,-4.5536491244391186e-14,0.8973493576049805,1.1062812518503051e-05,-0.013054819777607918,3.6224241739546414e-06,0,0,0,0,1,0,0,0,1,0,0
0.11511769890785217,-0.0007768557989038527,0.013238980434834957,2.3847420379752293e-05,0.1284588873386383,0.00014580745482817292,0.11070507764816284,0.009936044923961163,1.861363125499338e-05,-2.6002629738286487e-07,5.877396324649453e-05,-2.276484054974763e-14,0.8841332197189331,1.4915150131855626e-05,-0.01333671435713768,4.079493464814732e-06,0,0,0,0,1,0,0,0,1,0,16
0.12835673987865448,-0.0022525095846503973,0.013239067979156971,1.1924494174309075e-05,0.13996779918670654,7.986728451214731e-05,0.13554465770721436,0.015576904639601707,-0.00025980593636631966,-6.148678011186348e-08,1.0348776413593441e-05,-7.976236702234019e-07,0.8706738948822021,1.927352604980115e-05,-0.0135505897924304,4.5787705857947e-06,0,0,0,0,1,0,0,0,1,0,5
0.14159919321537018,-0.002246808959171176,0.013272990472614765,3.3491965041321237e-06,0.1554371565580368,-0.00017812152509577572,0.15394514799118042,0.015381600707769394,-0.0002565171744208783,-6.148678011186348e-08,1.0348776413593441e-05,-7.976236702234019e-07,0.8570301532745361,1.8320410163141787e-05,-0.013712574727833271,-1.0949557690764777e-05,0,0,0,0,1,0,0,0,1,0,16
0.15503834187984467,-0.0021965401247143745,0.013562160544097424,0.0001068623605533503,0.1703948825597763,-0.00042700974154286087,0.12457417696714401,0.014177164062857628,-0.00023464135301765054,1.2886821423307993e-06,4.0134709706762806e-05,-1.9326937490404816e-06,0.8432478308677673,-6.8420990828599315e-06,-0.013833887875080109,-3.6327066482044756e-05,0,0,0,0,1,0,0,0,1,0,16
0.16872265934944153,-0.002007445553317666,0.013774107210338116,0.00025425374042242765,0.18414990603923798,-0.0006542179617099464,0.10569604486227036,0.013359046541154385,-0.0002202734031016007,2.1933656171313487e-06,5.9885824157390743e-05,-1.4173904219205724e-06,0.8293617367744446,-5.523412983166054e-05,-0.013924346305429935,-5.370667713577859e-05,0,0,0,0,1,0,0,0,1,0,16
0.18258808553218842,-0.0017254763515666127,0.013934514485299587,0.0002651283866725862,0.19706511497497559,-0.000866975518874824,0.11271211504936218,0.012607406824827194,-0.00020768694230355322,2.9011753213126212e-06,7.457199535565451e-05,-3.6450600567408675e-13,0.8153980374336243,-0.0001092640814022161,-0.013993066735565662,-5.428340591606684e-05,0,0,0,0,1,0,0,0,1,0,18
0.19659268856048584,-0.0014964373549446464,0.014056352898478508,0.00020037427020724863,0.20929299294948578,-0.0010684099979698658,0.11237738281488419,0.01191899087280035,-0.00019634637283161283,2.7429748570284573e-06,7.050560816423967e-05,0.0,0.8013759851455688,-0.00016383387264795601,-0.014044256880879402,-5.4795855248812586e-05,0,0,0,0,1,0,0,0,1,0,16
0.21068301796913147,-0.0013308918569236994,0.014121788553893566,0.0001384736824547872,0.2208404690027237,-0.001258636126294732,0.11105412989854813,0.01125037856400013,-0.00018533198453951627,2.589079713288811e-06,6.654989556409419e-05,3.643616712598746e-13,0.7873106002807617,-0.0002183997567044571,-0.014081422239542007,-5.428385338746011e-05,0,0,0,0,1,0,0,0,1,0,5
0.22475780546665192,-0.0012305850395932794,0.014120860956609249,7.552142778877169e-05,0.23229549825191498,-0.0014183884486556053,0.12036360800266266,0.016202356666326523,2.2605232516070828e-05,9.56734311330365e-07,8.319316293636803e-06,-1.1234531029913342e-06,0.7732126116752625,-0.00027232401771470904,-0.014110172167420387,-5.362501906347461e-05,0,0,0,0,1,0,0,0,1,0,0
0.23847457766532898,-0.0011905782157555223,0.013386151753365993,1.1931623703276273e-05,0.24814927577972412,-0.0013970057480037212,0.16152344644069672,0.01575382985174656,2.121840589097701e-05,8.988106401375262e-07,1.2283413525437936e-05,-9.631056627767975e-07,0.7590903043746948,-0.00032391006243415177,-0.014131209813058376,-4.7396966692758724e-05,0,0,0,0,1,0,0,0,1,0,0
0.2517869472503662,0.0003574008005671203,0.013312527909874916,3.7955896914354526e-06,0.2637271285057068,-0.001376176136545837,0.1026705950498581,0.015166601166129112,1.9347617126186378e-05,7.958791456985637e-07,1.912770494527649e-05,-7.111343052201846e-07,0.7449498772621155,-0.00036482003633864224,-0.014147337526082993,-3.5596127418102697e-05,0,0,0,0,1,0,0,0,1,0,16
0.2650994062423706,0.0010159234516322613,0.013312522321939468,1.4232747389542055e-06,0.2791767418384552,-0.0011858047218993306,0.17040659487247467,0.01579306088387966,0.0002640741877257824,4.049072686029831e-07,-7.755484716653882e-07,1.8019230196841818e-07,0.7307958602905273,-0.00039392145117744803,-0.014158557169139385,-2.3879734726506285e-05,0,0,0,0,1,0,0,0,1,0,16
0.2784578502178192,0.0010097932536154985,0.013462585397064686,-2.7134015908814035e-05,0.2948586642742157,-0.000923589919693768,0.15044571459293365,0.01559169590473175,0.0002607142087072134,4.049072686029831e-07,-7.755484716653882e-07,1.8019230196841818e-07,0.7166318297386169,-0.0004119295335840434,-0.014167673885822296,-1.3201608453528024e-05,0,0,0,0,1,0,0,0,1,0,16
0.29205870628356934,0.0009153395658358932,0.013702932745218277,-0.00015613867435604334,0.30970314145088196,-0.0006761965341866016,0.13442237675189972,0.014072553254663944,0.00023360732302535325,-9.807495189306792e-07,3.102211849181913e-05,1.9044975942961173e-06,0.7024602293968201,-0.0004192516498733312,-0.014174685813486576,-2.509669229766587e-06,0,0,0,0,1,0,0,0,1,0,0
0.30586257576942444,0.0006877842824906111,0.01387876644730568,-0.00027296083862893283,0.3235870599746704,-0.00044584099669009447,0.10671132802963257,0.01351984590291977,0.0002240045287180692,-1.4114693840383552e-06,4.085476030013524e-05,1.926705181176658e-06,0.6882830262184143,-0.00041293108370155096,-0.014179594814777374,1.5555315258097835e-05,0,0,0,0,1,0,0,0,1,0,7
0.31981927156448364,0.00044273078674450517,0.014014454558491707,-0.000217033812077716,0.33652642369270325,-0.00023190121282823384,0.10754521191120148,0.012635868974030018,0.00020887529535684735,-2.918175596278161e-06,7.47506128391251e-05,7.290187334016429e-13,0.6741016507148743,-0.00038569941534660757,-0.014182399027049541,3.6786350392503664e-05,0,0,0,0,0,0,1,0,1,0,6
0.33290791511535645,0.0014051945181563497,0.013691924512386322,0.0001573671615915373,0.3487841486930847,-2.92763470497448e-05,0.11276646703481674,0.011951500549912453,0.00019756243273150176,-2.7599262466537766e-06,7.069695857353508e-05,3.644342314902682e-13,0.6599173545837402,-0.00033799465745687485,-0.014185204170644283,5.4213000112213194e-05,0,0,0,0,0,1,0,0,1,0,7
0.34593749046325684,0.002101479098200798,0.013037989847362041,0.00033551317756064236,0.3621079623699188,0.002084839390590787,0.15035368502140045,0.014260595664381981,0.0033693970181047916,3.620147708716104e-06,1.611021980352234e-05,1.747985152178444e-05,0.6457309722900391,-0.0002790881844703108,-0.01418730802834034,6.274641054915264e-05,0,0,0,0,0,0,1,0,1,0,6
0.3584507703781128,0.0033866961020976305,0.01239776611328125,0.001975612249225378,0.37627214193344116,0.0054312581196427345,0.13458320498466492,0.014085209928452969,0.003327837446704507,3.620147708716104e-06,1.611021980352234e-05,1.747985152178444e-05,0.631542980670929,-0.0002116483374265954,-0.01418871060013771,7.127982098609209e-05,0,0,0,0,0,1,0,0,1,0,12
0.3703594207763672,0.005877646617591381,0.01176700834184885,0.002545603085309267,0.3895987868309021,0.008544614538550377,0.13146385550498962,0.01280040293931961,0.0029663981404155493,-2.142487392120529e-05,4.942755549564026e-05,2.4914352252380922e-05,0.6173645257949829,0.00011664623889373615,-0.014161362312734127,0.0005843160324729979,0,0,0,0,0,1,0,0,1,0,12
0.38241034746170044,0.008461249060928822,0.012269089929759502,0.002599917585030198,0.4020722508430481,0.011427126824855804,0.11832619458436966,0.012131653726100922,0.0027967714704573154,-3.9069855120033026e-05,7.176125654950738e-05,5.831256484623015e-12,0.6032431125640869,0.0010130669688805938,-0.014080019667744637,0.0011512920027598739,0,0,0,0,0,1,0,0,1,0,16
0.3949115574359894,0.011056952178478241,0.01267615519464016,0.0025878041051328182,0.41386523842811584,0.014145825058221817,0.11485912650823593,0.011504106223583221,0.0026521000545471907,-3.704991831909865e-05,6.805115845054388e-05,-5.8301983033026694e-12,0.5892263650894165,0.0024499143473803997,-0.01396712101995945,0.0016328874044120312,0,0,0,0,0,1,0,0,1,0,6
0.40775424242019653,0.01365670282393694,0.012956647202372551,0.0026292065158486366,0.42501842975616455,0.016717027872800827,0.11186166107654572,0.010865478776395321,0.002504873787984252,-3.499157537589781e-05,6.427051994251087e-05,5.829178285898795e-12,0.5753239393234253,0.00430130772292614,-0.013844756409525871,0.002029645023867488,0,0,0,0,0,1,0,0,1,0,5
0.42075860500335693,0.01640894263982773,0.013046481646597385,0.0026754559949040413,0.43554919958114624,0.019144730642437935,0.11103268712759018,0.010258495807647705,0.002364944200962782,-3.3037813409464434e-05,6.068191578378901e-05,0.0,0.5615600943565369,0.006549835205078125,-0.013685226440429688,0.0024470416828989983,0,0,0,0,1,0,0,0,1,0,3
0.43296945095062256,0.019389864057302475,0.011752858757972717,0.002090073423460126,0.44548606872558594,0.021435527130961418,0.10831204056739807,0.0096793407574296,0.0022314286325126886,-3.11732292175293e-05,5.7257155276602134e-05,-2.9137202633283676e-12,0.5480358004570007,0.00934386532753706,-0.013382645323872566,0.0030758206266909838,0,0,1,0,0,0,0,0,1,0,6
0.443532258272171,0.02143041417002678,0.009226448833942413,0.0013418174348771572,0.48017099499702454,0.022047055885195732,0.2498590052127838,0.05929664149880409,-0.0010432732524350286,-3.1624044822819997e-06,4.1457162296865135e-05,0.0012337218504399061,0.5348518490791321,0.01275833323597908,-0.013011693954467773,0.0036889570765197277,0,0,0,0,0,1,0,0,1,0,4
0.45175856351852417,0.02265666425228119,0.0073944819159805775,0.0011787317926064134,0.5379698276519775,0.020809324458241463,0.37405896186828613,0.056595299392938614,-0.0013928873231634498,-3.1624044822819997e-06,4.1457162296865135e-05,0.0012337218504399061,0.522723913192749,0.01635081134736538,-0.010844538919627666,0.0031842568423599005,0,0,0,1,0,0,0,0,1,0,14
0.4589550197124481,0.02359212562441826,0.0068994127213954926,0.0005705647636204958,0.5931417942047119,0.01923658326268196,0.30518022179603577,0.05402528494596481,-0.001715875812806189,-3.1624044822819997e-06,4.1457162296865135e-05,0.0012337218504399061,0.5142369270324707,0.018746020272374153,-0.006302314810454845,0.0016676181694492698,0,0,0,0,0,0,0,0,1,0,16
0.46539440751075745,0.024124667048454285,0.006132967304438353,0.0005072098574601114,0.6450769901275635,0.01739123836159706,0.1281021535396576,0.04503790661692619,-0.0016881210030987859,-4.999255907023326e-07,6.279666558839381e-05,0.0011185079347342253,0.5110534429550171,0.01956103928387165,-0.0005133011727593839,0.00015905029431451112,0,0,0,0,0,0,0,0,1,0,6
0.4721020460128784,0.024593552574515343,0.007397988345474005,0.0003845783066935837,0.6889376044273376,0.015609110705554485,0.19514596462249756,0.04315993934869766,-0.0018677003681659698,-3.083181638885435e-07,6.431286601582542e-05,0.0011093269567936659,0.5133728384971619,0.019734365865588188,0.0035061556845903397,0.0002735396847128868,0,0,0,0,0,1,0,0,1,0,13
0.48029157519340515,0.024762829765677452,0.008799749426543713,-4.9366335588274524e-05,0.7305846214294434,0.013684961013495922,0.1277511864900589,0.03839152678847313,-0.0018341514514759183,3.4867716749431565e-06,8.768944098846987e-05,0.0009502366883680224,0.5177409648895264,0.01998128928244114,0.00508077023550868,3.141364504699595e-05,0,0,0,0,0,1,0,0,1,0,12
0.48952287435531616,0.024454401805996895,0.0093158558011055,-0.0003940180758945644,0.7676517963409424,0.011832837015390396,0.11553419381380081,0.034895770251750946,-0.0017856749473139644,8.439868906862102e-06,0.00011484952119644731,0.0007338182767853141,0.5236518979072571,0.019913814961910248,0.006583157926797867,-9.843322186497971e-05,0,0,0,0,0,1,0,0,1,0,15
0.49927374720573425,0.02403455227613449,0.01022838894277811,-0.00045162116293795407,0.8002033829689026,0.010139849036931992,0.1097724512219429,0.03074706345796585,-0.0016097720945253968,1.7836428014561534e-05,0.0001610952167538926,0.0002642585604917258,0.5312252640724182,0.019743995741009712,0.00809257198125124,-0.0002014080382650718,0,0,0,0,0,1,0,0,0,0,13
0.5099676847457886,0.02354896441102028,0.01109485886991024,-0.0005177115090191364,0.8292773962020874,0.008616558276116848,0.10932648926973343,0.027830753475427628,-0.001458069309592247,2.0367760953377e-05,0.0001646173041081056,5.876325034209762e-12,0.540157675743103,0.019465843215584755,0.009389066137373447,-0.0003096681903116405,0,0,0,0,0,1,0,0,1,0,3
0.5214525461196899,0.02301502786576748,0.011855239048600197,-0.0005568124470300972,0.8557555079460144,0.007229355163872242,0.10950957983732224,0.025428446009755135,-0.0013322110753506422,1.860988231783267e-05,0.00015040959988255054,1.1734176130762108e-11,0.550087571144104,0.019117360934615135,0.010218590497970581,-0.00035596892121247947,0,0,1,0,0,0,0,0,1,0,1
0.5336316823959351,0.022438857704401016,0.012470517307519913,-0.000597665086388588,0.8800241351127625,0.005957908928394318,0.10963078588247299,0.023364631459116936,-0.0012240865034982562,1.7099624528782442e-05,0.0001382033951813355,0.0,0.5608839392662048,0.018718069419264793,0.011028087697923183,-0.00040589881245978177,1,0,0,0,0,0,0,0,1,0,9
0.5463489890098572,0.021827369928359985,0.012932918965816498,-0.000624456035438925,0.9023818373680115,0.004786580801010132,0.10971879959106445,0.02156972885131836,-0.0011300506303086877,1.5786134099471383e-05,0.00012758738012053072,2.9270175692930334e-12,0.572515606880188,0.018263570964336395,0.011848721653223038,-0.00045732190483249724,1,0,0,0,0,0,0,0,1,0,18
0.5594739317893982,0.021193699911236763,0.01329570822417736,-0.0006452722009271383,0.9230677485466003,0.0037028398364782333,0.10978376120328903,0.019991911947727203,-0.0010473871370777488,1.4631452359026298e-05,0.00011825507681351155,-5.849326665391397e-12,0.5847657322883606,0.01777198538184166,0.012406428344547749,-0.0004943831008858979,1,0,0,0,0,0,0,0,1,0,14
0.5729114413261414,0.020541787147521973,0.01355779729783535,-0.0006592280697077513,0.9422762393951416,0.002696492476388812,0.10983236879110336,0.018591802567243576,-0.0009740343666635454,1.3606815628008917e-05,0.0001099736982723698,-5.8454534615504095e-12,0.5975160002708435,0.017243197187781334,0.012895975261926651,-0.0005327972467057407,0,0,0,0,0,0,0,0,1,0,8
0.5865774750709534,0.019878078252077103,0.01376391015946865,-0.0006707199499942362,0.9601679444313049,0.0017591394716873765,0.10986918956041336,0.017338937148451805,-0.0009083959739655256,1.2689921277342364e-05,0.0001025631427182816,-2.9211143053042843e-12,0.61064612865448,0.016687912866473198,0.01321330014616251,-0.0005537300021387637,0,0,0,0,0,0,0,1,1,0,0
0.6004210710525513,0.019204117357730865,0.013917086645960808,-0.0006796831730753183,0.9768763780593872,0.000883779430296272,0.10989741235971451,0.016209406778216362,-0.000849219155497849,1.1863268809975125e-05,9.588197281118482e-05,-5.839516370453879e-12,0.6240448355674744,0.01611332781612873,0.013495082035660744,-0.0005808041896671057,0,0,0,0,0,0,0,1,1,0,18
0.6143925189971924,0.018523482605814934,0.014026117511093616,-0.0006848304183222353,0.99251389503479,6.451764784287661e-05,0.10991925746202469,0.015184158459305763,-0.0007955055916681886,1.1112935681012459e-05,8.981762948678806e-05,1.4593034896800972e-12,0.6376703381538391,0.015518514439463615,0.01366423536092043,-0.0005909804021939635,0,0,0,0,0,0,0,1,1,0,11
0.6284611821174622,0.017837267369031906,0.014110894873738289,-0.0006900563603267074,1.0071762800216675,-0.0007036523893475533,0.10993631929159164,0.014247827231884003,-0.0007464507361873984,1.042767871695105e-05,8.427917782682925e-05,-2.9176220901067085e-12,0.6514391899108887,0.014913836494088173,0.013793816789984703,-0.0006003602757118642,0,0,0,0,0,0,0,1,1,0,18
