lt_dp_posx,lt_dp_posy,lt_dp_velx,lt_dp_vely,ball_posx,ball_posy,ball_posz,ball_vel_x,ball_vel_y,ball_rot_x,ball_rot_y,ball_rot_z,rt_gk_posx,rt_gk_posy,rt_gk_velx,rt_gk_vely,action_left,action_top_left,action_top,action_top_right,action_right,action_bottom_right,action_bottom,action_bottom_left,action_sprint,action_dribble,sel_action
-1.0110293626785278,-0.0,0.0,-0.0,0.019999999552965164,-0.0,0.11061639338731766,-0.0,0.0,0.0,-0.0,0.0,1.0110293626785278,0.0,-0.0,0.0,0,0,0,0,0,0,0,0,0,0,5
0.0022227545268833637,1.214716660591364e-10,0.003935635089874268,2.5671381687075723e-11,0.019999999552965164,-0.0,0.11059734225273132,-0.0,0.0,0.0,-0.0,0.0,1.0110293626785278,0.0,-0.0,0.0,0,0,0,0,1,0,0,0,0,0,5
0.005271322093904018,-2.6352731108403304e-09,0.005585023667663336,-4.004820364222894e-10,0.019999999552965164,-0.0,0.10930104553699493,-0.0,0.0,0.0,-0.0,0.0,1.010831356048584,-1.629409801529036e-11,-0.0013190157478675246,-1.0758220703177557e-10,0,0,0,0,1,0,0,0,0,0,13
0.010625659488141537,-4.5637658097064104e-09,0.007103427313268185,-2.554758071759977e-10,0.025320498272776604,-5.634832600520667e-10,0.1260860562324524,0.008659591898322105,-9.180178284218243e-10,2.2965069516184267e-12,6.04173601459479e-06,-4.012789232843428e-12,1.007331371307373,-2.408699628642097e-10,-0.004367968533188105,-2.2775932528862342e-10,0,0,0,0,1,0,0,0,1,0,0
0.01848970539867878,-4.6795465280524695e-09,0.008461274206638336,-1.3390841213656302e-10,0.03355647996068001,-1.4382255386635734e-09,0.11838945001363754,0.007918355986475945,-8.42004965750931e-10,1.176400036412284e-11,4.684515806729905e-05,0.0,1.0020980834960938,-4.118137775233066e-10,-0.0059268055483698845,-1.0783250681267731e-10,0,0,0,0,1,0,0,0,1,0,16
0.027614345774054527,-4.809848963560626e-09,0.009638728573918343,-8.884844249212875e-11,0.041250068694353104,-2.2563302337630375e-09,0.1135486587882042,0.007504452485591173,-7.979922833634134e-10,1.1148005261973903e-11,4.439179610926658e-05,-6.943675111245361e-19,0.9953674674034119,-4.9759536768778645e-11,-0.007369237951934338,6.022891074763947e-10,0,0,0,0,1,0,0,0,1,0,16
0.03612228110432625,-6.656200479682184e-09,0.009277104400098324,-1.8268359047723948e-10,0.048517677932977676,-3.0291376074131904e-09,0.11264698207378387,0.007074202410876751,-7.522412137639378e-10,1.0508609607495778e-11,4.1845705709420145e-05,-2.0829425256238677e-18,0.9872784614562988,3.887979382888318e-10,-0.008651789277791977,2.8345639724314253e-10,0,0,0,0,1,0,0,0,1,0,16
0.04460865631699562,-8.484513536188842e-09,0.010067443363368511,-1.1342846106821014e-10,0.05758916214108467,8.605913535575382e-06,0.13116511702537537,0.013979627750813961,2.82593955489574e-05,2.9465124384842056e-07,7.136271051422227e-06,3.4855759167840006e-07,0.9781137704849243,1.4081589227998847e-08,-0.009335489943623543,9.038920723014598e-08,0,0,0,0,1,0,0,0,1,0,5
0.055106088519096375,4.77037247037515e-07,0.010675542056560516,2.4280604975501774e-06,0.07142878323793411,3.651112274383195e-05,0.13711479306221008,0.013769258745014668,2.7762731406255625e-05,2.854166609722597e-07,8.147850167006254e-06,3.5950483834312763e-07,0.968501091003418,3.200530898084253e-07,-0.010017086751759052,4.896153882327781e-07,0,0,0,0,1,0,0,0,1,0,18
0.06596015393733978,6.92342246111366e-06,0.011177010834217072,9.552155461278744e-06,0.08453243225812912,6.21985673205927e-05,0.12683330476284027,0.012486477382481098,2.3782886273693293e-05,-6.458757439986584e-08,4.5695003791479394e-05,4.101929391708836e-07,0.9580104947090149,1.0791773092933e-06,-0.010855057276785374,9.851463573795627e-07,0,0,0,0,1,0,0,0,1,0,18
0.07753842324018478,2.0731586118927225e-05,0.011883500963449478,1.7103986465372145e-05,0.09663836658000946,8.502074342686683e-05,0.1176246926188469,0.011771108955144882,2.2048556274967268e-05,-3.080120904996875e-07,6.962900806684047e-05,0.0,0.9471069574356079,2.414531309113954e-06,-0.010882405564188957,1.6471323078803835e-06,0,0,0,0,1,0,0,0,1,0,16
0.08977188169956207,3.966278745792806e-05,0.012501724064350128,2.055774712061975e-05,0.10808058828115463,0.00010645325528457761,0.11083377152681351,0.011161502450704575,2.090670204779599e-05,-2.920708368492342e-07,6.602532812394202e-05,4.554409760025753e-14,0.9358362555503845,4.5374390538199805e-06,-0.01156821008771658,2.495082526365877e-06,0,0,0,0,1,0,0,0,1,0,16
0.10254812240600586,6.3369981944561e-05,0.012981190346181393,2.649111411301419e-05,0.1188960000872612,0.00012671167496591806,0.10950885713100433,0.010538773611187935,1.9740258721867576e-05,-2.757730328539765e-07,6.234108150238171e-05,-4.5536562395158756e-14,0.9239458441734314,7.403536983474623e-06,-0.012150231748819351,3.0699388844368514e-06,0,0,0,0,1,0,0,0,1,0,18
0.11571427434682846,-0.0007769088260829449,0.013238980434834957,2.3831020371289924e-05,0.1291036754846573,0.00014583177107851952,0.11070510745048523,0.009941724129021168,1.8621918570715934e-05,-2.6014203058366547e-07,5.880753815290518e-05,-6.829461990506477e-14,0.911514401435852,1.0772861060104333e-05,-0.012642495334148407,3.6477613321039826e-06,0,0,0,0,1,0,0,0,1,0,18
0.12895330786705017,-0.0022525659296661615,0.013239067979156971,1.1915582035726402e-05,0.140615314245224,7.988599827513099e-05,0.13553325831890106,0.01557299867272377,-0.0002598423161543906,-6.126012408458337e-08,1.036990033753682e-05,-7.978075018399977e-07,0.8986548185348511,1.4764882507734e-05,-0.013021862134337425,4.2675405893533025e-06,0,0,0,0,1,0,0,0,1,0,16
0.14219574630260468,-0.0022468690294772387,0.013272990472614765,3.3491965041321237e-06,0.15608079731464386,-0.0001781393657438457,0.15389469265937805,0.015377793461084366,-0.0002565539616625756,-6.126012408458337e-08,1.036990033753682e-05,-7.978075018399977e-07,0.8854668736457825,1.4141606698103715e-05,-0.013312171213328838,-6.375813882186776e-06,0,0,0,0,1,0,0,0,1,0,13
0.15563490986824036,-0.002196631161496043,0.013562160544097424,0.00010679462866391987,0.17103396356105804,-0.00042704708175733685,0.12458185106515884,0.014172323048114777,-0.00023464793048333377,1.2913152431792696e-06,4.019002153654583e-05,-1.932192162712454e-06,0.8720290064811707,8.911899129770973e-08,-0.013531656935811043,-2.0148068870184943e-05,0,0,0,0,1,0,0,0,1,0,16
0.16931922733783722,-0.0020076557993888855,0.013774283230304718,0.00025409332010895014,0.18478500843048096,-0.0006542741321027279,0.10572804510593414,0.013355893082916737,-0.00022030368563719094,2.1954676867608214e-06,5.991645957692526e-05,-1.4151382856653072e-06,0.8584018349647522,-2.6584802981233224e-05,-0.013698549941182137,-3.175219535478391e-05,0,0,0,0,1,0,0,0,1,0,0
0.1831846684217453,-0.001725860289297998,0.013934689573943615,0.00026497329236008227,0.19769737124443054,-0.0008670638198964298,0.11271274089813232,0.01260455697774887,-0.000207717705052346,2.90160551230656e-06,7.455514423782006e-05,7.290113066167614e-13,0.8446321487426758,-6.515711720567197e-05,-0.013823368586599827,-4.392299888422713e-05,0,0,0,0,1,0,0,0,1,0,16
0.19718925654888153,-0.0014969457406550646,0.014056352898478508,0.00020027445862069726,0.20992252230644226,-0.001068528858013451,0.11237554252147675,0.011916355229914188,-0.00019637640798464417,2.7433950435806764e-06,7.049003761494532e-05,3.6443049099277314e-13,0.8307552933692932,-0.00011510786862345412,-0.013917334377765656,-5.312293069437146e-05,0,0,0,0,1,0,0,0,1,0,13
0.2112855464220047,-0.0013310274807736278,0.014121859334409237,0.00013841709005646408,0.22146748006343842,-0.0012587840901687741,0.11105363070964813,0.011247918009757996,-0.0001853607827797532,2.5894830741890473e-06,6.653536547673866e-05,3.643614002093315e-13,0.8167979121208191,-0.0001679316774243489,-0.013986756093800068,-5.2566250815289095e-05,0,0,0,0,1,0,0,0,1,0,13
0.22538252174854279,-0.0012291098246350884,0.014120737090706825,7.549019937869161e-05,0.2329203486442566,-0.001418543979525566,0.12036368995904922,0.016202325001358986,2.2783331587561406e-05,9.569889698468614e-07,8.313909347634763e-06,-1.1230620202695718e-06,0.8027804493904114,-0.00022015640570316464,-0.01404004916548729,-5.193593824515119e-05,0,0,0,0,1,0,0,0,1,0,5
0.23909927904605865,-0.0011891196481883526,0.013386151753365993,1.1927167179237586e-05,0.24877412617206573,-0.0013969874707981944,0.16152387857437134,0.015753796324133873,2.1391195332398638e-05,8.989440516415925e-07,1.2278042959223967e-05,-9.624997119317413e-07,0.7887182235717773,-0.0002678928431123495,-0.014078617095947266,-4.2743027734104544e-05,0,0,0,0,1,0,0,0,1,0,16
0.2524116039276123,0.000357985234586522,0.013312599621713161,3.7958748180244584e-06,0.2643519937992096,-0.00137598707806319,0.10267231613397598,0.015166591852903366,1.9513561710482463e-05,7.958136052366171e-07,1.9121653167530894e-05,-7.102553354343399e-07,0.7746224999427795,-0.0003043721953872591,-0.014108069241046906,-3.1343904993264005e-05,0,0,0,0,1,0,0,0,1,0,0
0.2657240331172943,0.0010161364916712046,0.013312522321939468,1.4232747389542055e-06,0.2798015773296356,-0.0011855685152113438,0.17040634155273438,0.01579304225742817,0.0002640736638568342,4.045866432988987e-07,-7.778239137223864e-07,1.8104755383774318e-07,0.7605017423629761,-0.00032962075783871114,-0.01413050852715969,-2.0694968043244444e-05,0,0,0,0,1,0,0,0,1,0,5
0.2790824770927429,0.0010100062936544418,0.013462585397064686,-2.7134015908814035e-05,0.29548346996307373,-0.0009233541204594076,0.1504458338022232,0.015591677278280258,0.0002607136848382652,4.045866432988987e-07,-7.778239137223864e-07,1.8104755383774318e-07,0.7463624477386475,-0.00034510751720517874,-0.014145934954285622,-1.1221322893106844e-05,0,0,0,0,1,0,0,0,1,0,0
0.29268333315849304,0.0009155547013506293,0.013702932745218277,-0.0001561351091368124,0.31032794713974,-0.0006759605021215975,0.1344221979379654,0.01407252624630928,0.00023360838531516492,-9.809391485759988e-07,3.1020234018797055e-05,1.904934265439806e-06,0.7322092056274414,-0.0003511075337883085,-0.0141578558832407,-1.7253976238862379e-06,0,0,0,0,1,0,0,0,1,0,6
0.30648720264434814,0.000688004307448864,0.01387876644730568,-0.0002729546104092151,0.32421186566352844,-0.00044560377136804163,0.10671103000640869,0.013519799336791039,0.00022400567831937224,-1.4116085367277265e-06,4.0852839447325096e-05,1.9270405573479366e-06,0.7180460691452026,-0.00034182443050667644,-0.01416697259992361,1.8293358152732253e-05,0,0,0,0,0,1,0,0,1,0,6
0.32044389843940735,0.0004429569817148149,0.014014454558491707,-0.00021702845697291195,0.3371511399745941,-0.0002316628088010475,0.10754548758268356,0.012635797262191772,0.0002088762412313372,-2.9181892386986874e-06,7.475016900571063e-05,0.0,0.7038753032684326,-0.00031251166365109384,-0.014173283241689205,3.833083246718161e-05,0,0,0,0,0,1,0,0,1,0,7
0.33353251218795776,0.0014054286293685436,0.013691570609807968,0.00015737237117718905,0.3494088053703308,-2.9037024432909675e-05,0.11276651173830032,0.01195143349468708,0.00019756334950216115,-2.7599380700848997e-06,7.069655111990869e-05,0.0,0.6896989941596985,-0.00026684990734793246,-0.014178192242980003,4.7820296458667144e-05,0,0,0,0,0,0,1,0,1,0,12
0.34656211733818054,0.002101719845086336,0.013037989847362041,0.0003355185326654464,0.36273258924484253,0.00208508362993598,0.15035368502140045,0.014260595664381981,0.0033694044686853886,3.6201511193212355e-06,1.6110083379317075e-05,1.7479884263593704e-05,0.6755185127258301,-0.0002176833077101037,-0.014182399027049541,5.02678012708202e-05,0,0,0,0,0,0,1,0,1,0,6
0.3590753972530365,0.003386939875781536,0.01239776611328125,0.0019756159745156765,0.3768967390060425,0.005431510973721743,0.1345832198858261,0.014085211791098118,0.003327844897285104,3.6201511193212355e-06,1.6110083379317075e-05,1.7479884263593704e-05,0.6613349914550781,-0.00015233384328894317,-0.014183100312948227,0.00014429005386773497,0,0,0,0,0,1,0,0,1,0,8
0.37098395824432373,0.005877894349396229,0.011766658164560795,0.002545606577768922,0.3902234137058258,0.008544874377548695,0.13146385550498962,0.012800402007997036,0.0029664048925042152,-2.1424861188279465e-05,4.942740633850917e-05,2.4914461391745135e-05,0.6471630930900574,0.0002450300380587578,-0.014157154597342014,0.0006043026805855334,0,0,0,0,0,0,0,1,1,0,6
0.3830345869064331,0.00846150703728199,0.012268739752471447,0.002599931787699461,0.4026968777179718,0.01142739225178957,0.11832620203495026,0.012131649069488049,0.002796776592731476,-3.9069920603651553e-05,7.176122744567692e-05,5.831256484623015e-12,0.6330375671386719,0.0011017312062904239,-0.014094044454395771,0.0010629091411828995,0,0,0,0,0,1,0,0,1,0,6
0.39553558826446533,0.011057214811444283,0.01267580408602953,0.002587796887382865,0.41448986530303955,0.01414609607309103,0.11485911905765533,0.011504095047712326,0.0026521040126681328,-3.704997288878076e-05,6.805108569096774e-05,-5.8301983033026694e-12,0.6189827919006348,0.0023660026490688324,-0.014023921452462673,0.0014086266746744514,0,0,0,0,0,1,0,0,1,0,12
0.4083782434463501,0.013656959868967533,0.012956647202372551,0.0026292065158486366,0.4256429970264435,0.016717301681637764,0.11186166107654572,0.010865462012588978,0.002504877047613263,-3.499162630760111e-05,6.427042535506189e-05,-5.829178285898795e-12,0.6050034165382385,0.003948748577386141,-0.013940474949777126,0.0017249234952032566,0,0,0,0,0,1,0,0,1,0,14
0.4213826060295105,0.01640917919576168,0.013046467676758766,0.002675442025065422,0.4361737370491028,0.019145004451274872,0.11103268712759018,0.01025848276913166,0.0023649469949305058,-3.30378461512737e-05,6.068185030017048e-05,0.0,0.5911194682121277,0.005856556352227926,-0.013826875016093254,0.002078605117276311,0,0,0,0,0,0,0,0,1,0,6
0.43359342217445374,0.019390055909752846,0.011752490885555744,0.0020900643430650234,0.4461106061935425,0.021435804665088654,0.10831203311681747,0.009679327718913555,0.002231431193649769,-3.117326195933856e-05,5.725707524106838e-05,-8.741161440506406e-12,0.5773777961730957,0.008160511031746864,-0.01366734504699707,0.0024876168463379145,0,0,0,0,0,1,0,0,1,0,4
0.444156289100647,0.02143057808279991,0.009226448833942413,0.0013418032322078943,0.4809739589691162,0.022219009697437286,0.1748834252357483,0.05951707065105438,-0.0006465620244853199,-1.0770198059617542e-05,3.66903877875302e-05,0.0004313643148634583,0.5638118982315063,0.010870697908103466,-0.013478714041411877,0.0028914455324411392,0,0,0,1,0,0,0,0,1,0,18
0.4523825943470001,0.022656822577118874,0.0073944819159805775,0.0011787317926064134,0.538949728012085,0.02151176892220974,0.16258041560649872,0.05674062296748161,-0.0007571594323962927,-1.0770198059617542e-05,3.66903877875302e-05,0.0004313643148634583,0.5517517924308777,0.01345781609416008,-0.010390492156147957,0.0022289855405688286,0,0,0,1,0,0,0,0,1,0,11
0.4595790505409241,0.023592276498675346,0.006899062544107437,0.0005705647636204958,0.5910072326660156,0.020788591355085373,0.13055214285850525,0.048297345638275146,-0.0006876914412714541,-8.542781870346516e-06,6.483963807113469e-05,0.00037550245178863406,0.5439774990081787,0.015125550329685211,-0.006244462914764881,0.00133952172473073,0,0,0,1,0,0,0,0,1,0,0
0.4660184383392334,0.024124806746840477,0.00613261666148901,0.0005071813357062638,0.6347825527191162,0.02015913464128971,0.10427318513393402,0.0400758795440197,-0.0005729278200305998,-4.561459718388505e-06,0.00010833427222678438,0.00027805945137515664,0.5389301776885986,0.01620829477906227,-0.0040738023817539215,0.0008738497272133827,0,0,0,1,0,0,0,0,1,0,4
0.47272348403930664,0.024612857028841972,0.007391677238047123,0.0004353135300334543,0.6713012456893921,0.01965080387890339,0.10886133462190628,0.03424213081598282,-0.0004712893278338015,2.8072886379959527e-06,0.0001749827351886779,9.613978181732818e-05,0.5361369252204895,0.016807513311505318,-0.0017457148060202599,0.00037451108801178634,0,0,0,1,0,0,0,0,1,0,0
0.4809069037437439,0.024896152317523956,0.008797995746135712,0.00012556901492644101,0.7034974694252014,0.01921060122549534,0.10910484194755554,0.03070208430290222,-0.00041915508336387575,5.855066774529405e-06,0.00018159771570935845,0.0,0.5365281701087952,0.016758807003498077,0.0026152413338422775,-0.00044650724157691,0,0,0,1,0,0,0,0,1,0,16
0.49015045166015625,0.02483060397207737,0.009333035908639431,-0.00012987537775188684,0.7325992584228516,0.018813293427228928,0.10934408009052277,0.02786628156900406,-0.0003804397420026362,5.3143585319048725e-06,0.0001648273173486814,4.407350786411746e-12,0.5395267009735107,0.01633260026574135,0.0031976138707250357,-0.00038179769762791693,0,0,0,1,0,0,0,0,1,0,5
0.49996575713157654,0.024685638025403023,0.010275139473378658,-0.00015930696099530905,0.7591127753257751,0.018451320007443428,0.1095123291015625,0.025463804602622986,-0.0003476403362583369,4.856243776885094e-06,0.00015061869635246694,-1.4668043255700036e-12,0.543107271194458,0.016004670411348343,0.0036327277775853872,-0.00025232156622223556,0,0,0,0,1,0,0,0,1,0,13
0.5107356905937195,0.0245067086070776,0.011148522607982159,-0.00019461344345472753,0.7834164500236511,0.01811951957643032,0.10963268578052521,0.023399347439408302,-0.0003194557211827487,4.462572633201489e-06,0.000138408737257123,0.0,0.5475426316261292,0.015802809968590736,0.005085678771138191,-0.00012102024629712105,0,0,0,0,1,0,0,0,1,0,12
0.5223073959350586,0.024303972721099854,0.011877014301717281,-0.00020929213496856391,0.8058083057403564,0.01781381666660309,0.10972019284963608,0.02160351537168026,-0.0002949383051600307,4.120107405469753e-06,0.0001277870760532096,7.317675111695454e-13,0.5534808039665222,0.0158199705183506,0.0066876038908958435,7.530824223067611e-05,0,0,0,0,1,0,0,0,1,0,18
0.5344353914260864,0.024090731516480446,0.01246859785169363,-0.00022623201948590577,0.8265272974967957,0.017530955374240875,0.109784796833992,0.020024579018354416,-0.00027338211657479405,3.819002358795842e-06,0.00011844820983242244,7.311775967674961e-13,0.5613449215888977,0.01587044447660446,0.008180441334843636,6.720323290210217e-05,0,0,0,0,1,0,0,0,1,0,17
0.5470620393753052,0.023874899372458458,0.012879994697868824,-0.0001995406928472221,0.8457679152488708,0.01726827397942543,0.10983314365148544,0.018623249605298042,-0.0002542506263125688,3.551762119968771e-06,0.00011015964992111549,-2.1920763815241884e-12,0.5705013275146484,0.015910258516669273,0.009369758889079094,5.893523484701291e-05,0,0,0,0,1,0,0,0,1,1,12
0.5600916743278503,0.023732826113700867,0.013255619443953037,-9.847334877122194e-05,0.8636902570724487,0.017023591324687004,0.10986978560686111,0.017369111999869347,-0.00023712865367997438,3.3125868412753334e-06,0.00010274153464706615,1.4605758009295089e-12,0.5806105136871338,0.01593705080449581,0.010146012529730797,4.3495667341630906e-05,0,0,0,0,1,0,0,0,1,1,7
0.5733707547187805,0.02372940257191658,0.01300438679754734,0.00026371600688435137,0.8804281949996948,0.0167950838804245,0.10989786684513092,0.016238274052739143,-0.000221690017497167,3.0969231374911033e-06,9.605266677681357e-05,7.29947894663463e-13,0.5914552807807922,0.015984414145350456,0.010940556414425373,6.25092870905064e-05,0,0,0,0,0,0,1,0,1,1,11
0.5849776268005371,0.024858316406607628,0.01007045991718769,0.0017426726408302784,0.8960939645767212,0.016581211239099503,0.10991961508989334,0.015211719088256359,-0.00020767515525221825,2.901145535361138e-06,8.99805236258544e-05,-7.296592258350387e-13,0.6027060151100159,0.01625831611454487,0.011472410522401333,0.00025902120978571475,0,0,0,0,0,0,1,0,1,1,3
0.5922232866287231,0.026969948783516884,0.004663251340389252,0.0025731429923325777,0.9107832908630371,0.01638066954910755,0.10993659496307373,0.014274101704359055,-0.00019487451936583966,2.7223311462876154e-06,8.443450496997684e-05,7.294121903700379e-13,0.6138296127319336,0.01669999584555626,0.011595387011766434,0.00028337183175608516,0,0,1,0,0,0,0,0,1,1,8
0.5942544937133789,0.02992221899330616,-0.0005950518534518778,0.0030103838071227074,0.9245779514312744,0.016192341223359108,0.1099499762058258,0.013412905856966972,-0.00018311728490516543,2.558090500315302e-06,7.934045424917713e-05,-1.0937988795950426e-12,0.6252641677856445,0.01706545241177082,0.012286270037293434,0.00013346876949071884,0,0,0,0,0,0,0,1,1,1,6
0.591875433921814,0.03291046619415283,-0.0037146105896681547,0.0030149538069963455,0.9375485181808472,0.01601526327431202,0.10996058583259583,0.012617837637662888,-0.0001722628076095134,2.4064606805040967e-06,7.463756628567353e-05,0.0,0.6378143429756165,0.01717965118587017,0.012748382054269314,8.835176413413137e-05,0,0,0,0,0,1,0,0,1,1,9
0.5900776386260986,0.035853974521160126,-0.0010244721779599786,0.0029453064780682325,0.9497562646865845,0.015848597511649132,0.10996905714273453,0.011880319565534592,-0.00016219403187278658,2.265804596390808e-06,7.027502579148859e-05,3.644266420750608e-13,0.6507657766342163,0.01722467690706253,0.013103204779326916,9.254405085812323e-06,0,0,0,0,0,1,0,0,1,1,13
0.5919045805931091,0.03861701115965843,0.0029863587114959955,0.002853204496204853,0.9612547755241394,0.015691617503762245,0.10997585207223892,0.011193175800144672,-0.00015281295054592192,2.134755050064996e-06,6.621044303756207e-05,0.0,0.6640236973762512,0.017208853736519814,0.0133731784299016,-2.553873673605267e-05,0,0,0,0,0,1,0,0,1,1,3
0.5963420271873474,0.04153022542595863,0.004815873224288225,0.0030778676737099886,0.9720908403396606,0.015543676912784576,0.10998133569955826,0.010550339706242085,-0.00014403669047169387,2.012154482144979e-06,6.240794755285606e-05,0.0,0.6775145530700684,0.01717085763812065,0.013577938079833984,-4.7968904254958034e-05,0,0,1,0,0,0,0,0,1,1,12
0.6006473898887634,0.04330052435398102,0.003481612540781498,0.0006369711481966078,0.9823061227798462,0.015404213219881058,0.10998577624559402,0.009946637786924839,-0.00013579479127656668,1.8970180235555745e-06,5.883691483177245e-05,1.8211921228895867e-13,0.6911814212799072,0.017112094908952713,0.01373291015625,-6.469528307206929e-05,0,0,1,0,0,0,0,0,1,1,16
0.6036958694458008,0.0424349382519722,0.0026120860129594803,-0.0020188007038086653,0.9919370412826538,0.01527272816747427,0.10998938232660294,0.009377644397318363,-0.00012802667333744466,1.7885000715978094e-06,5.547119508264586e-05,-3.64189418639721e-13,0.704980731010437,0.01704326830804348,0.013848613016307354,-7.209595059975982e-05,0,0,1,0,0,0,0,0,1,1,0
0.6056406497955322,0.039517272263765335,0.0010406270157545805,-0.003617688314989209,1.00101637840271,0.015148774720728397,0.10999232530593872,0.008839545771479607,-0.00012068040814483538,1.685874394752318e-06,5.228819645708427e-05,0.0,0.7188796401023865,0.01696731336414814,0.013936267234385014,-7.909735722932965e-05,0,0,1,0,0,0,0,0,1,1,18
0.6058847308158875,0.03530329465866089,-0.0002748825936578214,-0.004653611220419407,1.0095728635787964,0.015031957998871803,0.10999472439289093,0.008329029195010662,-0.0001137106737587601,1.588508098393504e-06,4.926833571516909e-05,-1.8205334700698017e-13,0.7328529357910156,0.016885459423065186,0.014000780880451202,-8.390280709136277e-05,0,0,1,0,0,0,0,0,1,0,1
