lt_dp_posx,lt_dp_posy,lt_dp_velx,lt_dp_vely,ball_posx,ball_posy,ball_posz,ball_vel_x,ball_vel_y,ball_rot_x,ball_rot_y,ball_rot_z,rt_gk_posx,rt_gk_posy,rt_gk_velx,rt_gk_vely,action_left,action_top_left,action_top,action_top_right,action_right,action_bottom_right,action_bottom,action_bottom_left,action_sprint,action_dribble,sel_action
-1.0110293626785278,-0.0,0.0,-0.0,0.019999999552965164,-0.0,0.11061639338731766,0.0,-0.0,0.0,-0.0,0.0,1.0110293626785278,0.0,-0.0,0.0,0,0,0,0,0,0,0,0,0,0,5
0.0,-0.0,0.0,-0.0,0.019999999552965164,-0.0,0.11059734225273132,0.0,-0.0,0.0,-0.0,0.0,1.010373830795288,-5.519753491084467e-12,-0.0026071772444993258,-2.123035081069702e-11,0,0,0,0,1,0,0,0,0,0,5
0.0005595720722340047,7.62247973074004e-11,0.0026072831824421883,1.992972731290621e-10,0.019999999552965164,-0.0,0.10930104553699493,0.0,-0.0,0.0,-0.0,0.0,1.0064098834991455,-3.00978929279605e-11,-0.0046870289370417595,-2.241041033301805e-11,0,0,0,0,1,0,0,0,0,0,5
0.003790798597037792,-4.2200493099997516e-10,0.0047781276516616344,-1.0988730064775964e-10,0.019999999552965164,-0.0,0.11075475811958313,0.0,-0.0,0.0,-0.0,0.0,1.0008678436279297,-4.4611182803411253e-11,-0.006225530058145523,-5.997169774674127e-12,0,0,0,0,1,0,0,0,0,0,13
0.007220607250928879,-3.3801015320022998e-09,0.006362335756421089,-3.6541070169704426e-10,0.020917296409606934,-7.92504256663662e-11,0.1157693862915039,0.009172989055514336,-7.925042844192376e-10,-1.975893624064917e-12,-1.3215454600867815e-05,-9.232022698396625e-13,0.9938530325889587,4.599451930431542e-10,-0.007639211602509022,5.673173597564585e-10,0,0,0,0,1,0,0,0,1,0,5
0.01438907440751791,-3.6193081864865917e-09,0.007803343702107668,-9.658961824809964e-11,0.02969912439584732,-8.365065862214749e-10,0.11140777915716171,0.00851544737815857,-7.33417548914872e-10,-7.225288943535357e-12,-3.683616887428798e-05,-2.109536503813736e-12,0.9855127334594727,8.679552077062169e-10,-0.008886702358722687,2.6002719422102416e-10,0,0,0,0,1,0,0,0,1,0,18
0.022906016558408737,-3.739859977258675e-09,0.009073887020349503,-1.6276528735925666e-10,0.037924520671367645,-1.544549044218968e-09,0.10684056580066681,0.008032718673348427,-6.914334660379495e-10,-9.659500629921602e-12,-4.751733649754897e-05,0.0,0.9762466549873352,1.0389740179306273e-09,-0.009335489943623543,2.095761064691004e-10,0,0,0,0,1,0,0,0,1,0,16
0.03259078413248062,-3.85799125979247e-09,0.010156127624213696,-6.699159976752966e-11,0.04571395367383957,-2.215041261521833e-09,0.1131139025092125,0.007591758854687214,-6.534770502497622e-10,-9.12899009858359e-12,-4.490760693443008e-05,-6.943786780628056e-19,0.9664705991744995,1.1964038648670794e-09,-0.010197303257882595,1.0799314914544667e-10,0,0,0,0,1,0,0,0,1,0,13
0.040964774787425995,-6.6093215345119916e-09,0.009499174542725086,-1.7666254570336548e-10,0.05306529253721237,-2.8478233105033723e-09,0.11167235672473907,0.007155665196478367,-6.159394660976147e-10,-8.60452334383588e-12,-4.23276360379532e-05,0.0,0.9558171629905701,1.2311586194968527e-09,-0.011003718711435795,-2.480610161725849e-11,0,0,0,0,1,0,0,0,1,0,16
0.04952162876725197,-8.712957466627813e-09,0.010158954188227654,-1.0775091929815517e-10,0.06294082850217819,1.1811383956228383e-05,0.1357617974281311,0.014059150591492653,2.9371487471507862e-05,3.8051769024605164e-07,-4.3488424125825986e-05,-2.470205728855035e-08,0.9449081420898438,2.110912333819215e-09,-0.011030365712940693,6.612568825836718e-10,0,0,0,0,1,0,0,0,1,0,16
0.060070719569921494,8.696800932739279e-07,0.010675542056560516,3.5139494229952106e-06,0.07691004872322083,4.0998183976626024e-05,0.1275327056646347,0.013875016942620277,2.9005921533098444e-05,3.80928781851253e-07,-4.4129727029940113e-05,-2.393684006563035e-08,0.9335045218467712,2.5284156990323936e-09,-0.011688821017742157,2.1491708412924027e-10,0,0,0,0,1,0,0,0,1,0,13
0.07098269462585449,8.631969649286475e-06,0.011254759505391121,1.116910334530985e-05,0.0902237519621849,6.921740714460611e-05,0.1242324635386467,0.012994016520678997,2.766469151538331e-05,3.864913082907151e-07,-7.686745811952278e-05,9.113758060947177e-14,0.9214994311332703,1.3270614829252736e-07,-0.012258922681212425,4.675672187204327e-07,0,0,0,0,1,0,0,0,1,0,13
0.08263005316257477,2.443234006932471e-05,0.011945822276175022,1.930225880641956e-05,0.10287228226661682,9.614657028578222e-05,0.11378893256187439,0.012350794859230518,2.629525442898739e-05,3.6735474395754864e-07,-7.306146289920434e-05,-9.111938634176475e-14,0.908973217010498,1.5027047766125179e-06,-0.01272664312273264,2.1855435079487506e-06,0,0,0,0,1,0,0,0,1,0,5
0.09492450207471848,4.5350130676524714e-05,0.012555718421936035,2.289591429871507e-05,0.11484425514936447,0.00012163527571829036,0.11224844306707382,0.011667870916426182,2.4841294361976907e-05,3.4702551943155413e-07,-6.901827146066353e-05,0.0,0.896040678024292,4.639565304387361e-06,-0.01308637484908104,3.6970602650399087e-06,0,0,0,0,1,0,0,0,1,0,18
0.10774736851453781,7.182310946518555e-05,0.01302221231162548,2.9563085263362154e-05,0.12614856660366058,0.0001457025355193764,0.10975518077611923,0.011011205613613129,2.3443210011464544e-05,3.275013114034664e-07,-6.513523840112612e-05,-4.554223751590536e-14,0.8827971816062927,8.680537575855851e-06,-0.013360556215047836,4.36433538197889e-06,0,0,0,0,1,0,0,0,1,0,16
0.12068764865398407,0.00010411426774226129,0.013374942354857922,3.3468899346189573e-05,0.13681185245513916,0.00016840500757098198,0.11078740656375885,0.010384606197476387,2.210916136391461e-05,3.088568973907968e-07,-6.142714846646413e-05,4.553476329717879e-14,0.8693169951438904,1.3432356354314834e-05,-0.013568822294473648,5.060362582298694e-06,0,0,0,0,1,0,0,0,1,0,13
0.1336432695388794,-0.001504118088632822,0.013404997996985912,2.158586539735552e-05,0.14687037467956543,0.00018981991161126643,0.11049699783325195,0.009796757251024246,2.0857618437730707e-05,2.9137754609109834e-07,-5.795073229819536e-05,0.0,0.8556575179100037,1.8636626919033006e-05,-0.013726599514484406,5.225850600254489e-06,0,0,0,0,1,0,0,0,1,0,18
0.14687886834144592,-0.0021854264196008444,0.013404997065663338,8.094039912975859e-06,0.16072432696819305,1.470519055146724e-05,0.15244998037815094,0.0155479172244668,-0.00025720379198901355,-7.442829428327968e-07,-5.0697686674539e-05,-4.443117518349027e-07,0.8418632745742798,2.387488348176703e-05,-0.013844406232237816,5.246877663012128e-06,0,0,0,0,1,0,0,0,1,0,5
0.16027243435382843,-0.002176050329580903,0.013462760485708714,2.9035874831606634e-05,0.17615815997123718,-0.00024058911367319524,0.12190023809671402,0.01529730949550867,-0.00025280300178565085,-8.328810281454935e-07,-5.1963790610898286e-05,-5.082873713035951e-07,0.8279680609703064,2.64903483184753e-05,-0.013932760804891586,-5.3103490245121066e-06,0,0,0,0,1,0,0,0,1,0,16
0.17387333512306213,-0.0020789173431694508,0.013702932745218277,0.00015952976536937058,0.1908036768436432,-0.0004792766412720084,0.1275317519903183,0.014353560283780098,-0.00023320749460253865,-3.2581037885393016e-06,-8.491164771839976e-05,0.0,0.8139971494674683,6.571573976543732e-06,-0.013999378308653831,-3.1904997740639374e-05,0,0,0,0,1,0,0,0,1,0,5
0.18767714500427246,-0.0018471500370651484,0.013878591358661652,0.0002776660257950425,0.20478211343288422,-0.0007063893717713654,0.12059228122234344,0.013654124923050404,-0.00022184358385857195,-3.0991880066721933e-06,-8.077003440121189e-05,7.292576373503501e-13,0.7999697923660278,-4.004851871286519e-05,-0.014048464596271515,-5.868089647265151e-05,0,0,0,0,1,0,0,0,1,0,16
0.2016337662935257,-0.0015981917968019843,0.014014629647135735,0.00022014148999005556,0.21804697811603546,-0.0009219080093316734,0.1096053421497345,0.012931098230183125,-0.00021009625925216824,-2.9351333523663925e-06,-7.649449980817735e-05,7.290860623565543e-13,0.7859001159667969,-9.800706175155938e-05,-0.01408492773771286,-5.7359779020771384e-05,0,0,0,0,1,0,0,0,1,0,5
0.21570619940757751,-0.0014128944603726268,0.014115256257355213,0.00015747193538118154,0.2305658757686615,-0.0011253072880208492,0.11093052476644516,0.012189292348921299,-0.00019804381008725613,-2.7665817015076755e-06,-7.210177864180878e-05,-3.6445976445143025e-13,0.771798849105835,-0.00015461863949894905,-0.014112977311015129,-5.599365249508992e-05,0,0,0,0,1,0,0,0,1,0,18
0.22984346747398376,-0.00013853436394128948,0.014139624312520027,0.00010032274440163746,0.24236619472503662,-0.0013170312158763409,0.11041644215583801,0.011488799937069416,-0.00018666268442757428,-2.6076477297465317e-06,-6.795967783546075e-05,0.0,0.7576740384101868,-0.00021042214939370751,-0.014133312739431858,-5.624564437312074e-05,0,0,0,0,1,0,0,0,1,0,0
0.24390028417110443,0.000930895796045661,0.013827050104737282,4.360104867373593e-05,0.2559218406677246,-0.0012820842675864697,0.14655357599258423,0.01573873497545719,0.00025141675723716617,-6.680234587719269e-09,-5.432411126093939e-05,1.8619250852225377e-07,0.7435317039489746,-0.00026740512112155557,-0.014148740097880363,-5.758403131039813e-05,0,0,0,0,1,0,0,0,1,0,13
0.2573859691619873,0.0009454009705223143,0.013405434787273407,-7.032599569356535e-06,0.2715510427951813,-0.0010324337054044008,0.1375834345817566,0.01553715392947197,0.00024821708211675286,-6.680234587719269e-09,-5.432411126093939e-05,1.8619250852225377e-07,0.7293761968612671,-0.00032443689997307956,-0.014160661026835442,-5.036338552599773e-05,0,0,0,0,1,0,0,0,1,0,16
0.2709382176399231,0.0008775556925684214,0.013660683296620846,-0.00013001351908314973,0.2865613102912903,-0.0007970658480189741,0.12966954708099365,0.01462287362664938,0.00022681127302348614,3.168613375237328e-06,-8.650127711007372e-05,7.295023959907887e-13,0.7152106761932373,-0.0003520124882925302,-0.014169075526297092,-8.922872439143248e-06,0,0,0,0,1,0,0,0,1,0,6
0.2847062945365906,0.0006691103335469961,0.013847035355865955,-0.000270653486950323,0.30085718631744385,-0.0005753266741521657,0.11803700029850006,0.013963758014142513,0.00021658783953171223,3.025714931936818e-06,-8.260027243522927e-05,0.0,0.7010378837585449,-0.00033812152105383575,-0.014175387099385262,3.256197669543326e-05,0,0,0,0,0,1,0,0,1,0,7
0.2985830307006836,0.0004995714407414198,0.013956918381154537,-0.000245672301389277,0.31440380215644836,-0.00036520909634418786,0.10803014039993286,0.013195713050663471,0.00020467488502617925,2.859397227439331e-06,-7.805990753695369e-05,3.6457390383513866e-13,0.6868596076965332,-0.0002982682199217379,-0.014180295169353485,3.954155181418173e-05,0,0,0,0,0,0,1,0,1,0,7
0.31179943680763245,0.0015014668460935354,0.013623418286442757,0.00012776869698427618,0.32717862725257874,-0.00016706275346223265,0.11099299788475037,0.012436939403414726,0.000192905732546933,2.694800741664949e-06,-7.356653804890811e-05,-7.289740100620279e-13,0.6726773381233215,-0.00025963710504584014,-0.014183801598846912,3.7885889469180256e-05,0,0,0,0,0,0,1,0,1,0,7
0.32489240169525146,0.0020991452038288116,0.012901250272989273,0.00048031468759290874,0.3409994840621948,0.0022589971777051687,0.15065898001194,0.014389470219612122,0.0033609066158533096,1.747932765283622e-05,-5.441969187813811e-05,2.3933966986078303e-06,0.6584922671318054,-0.00021982267207931727,-0.014185905456542969,4.758924842462875e-05,0,0,0,0,0,0,1,0,1,0,12
0.33734220266342163,0.0034996424801647663,0.012239287607371807,0.002096300944685936,0.3552776575088501,0.005593213252723217,0.11714266240596771,0.014116313308477402,0.003291221335530281,1.9729932319023646e-05,-5.672153929481283e-05,3.5925579595641466e-06,0.6443052887916565,-0.00015752279432490468,-0.01418730802834034,7.433658902300522e-05,0,0,0,0,0,0,1,0,1,0,12
0.34922128915786743,0.005999841261655092,0.011833625845611095,0.0025309587363153696,0.3688679039478302,0.008732832968235016,0.12074419856071472,0.01333290059119463,0.003077148925513029,4.29909850936383e-05,-7.887488754931837e-05,-5.833443537245353e-12,0.6301171183586121,-6.847362965345383e-05,-0.014188009314239025,0.00010108704736921936,0,0,0,0,0,0,1,0,1,0,12
0.36133211851119995,0.008566374890506268,0.012322734110057354,0.0025829344522207975,0.38181304931640625,0.01172049529850483,0.11452047526836395,0.012644842267036438,0.0029183479491621256,4.0771079511614516e-05,-7.480210479116067e-05,1.1664331826810592e-11,0.6159464716911316,0.00037386524491012096,-0.014146636240184307,0.0007212795317173004,0,0,0,0,0,0,1,0,1,0,18
0.3738780617713928,0.011149918660521507,0.012713320553302765,0.0025803749449551105,0.3940677344799042,0.014548776671290398,0.11211387068033218,0.01194111816585064,0.002755932044237852,3.849834683933295e-05,-7.063236262183636e-05,-5.830928621886056e-12,0.6018525958061218,0.0014348778640851378,-0.01404145173728466,0.0013382856268435717,0,0,0,0,0,0,1,0,1,0,15
0.38674819469451904,0.013753670267760754,0.012978035025298595,0.002638232661411166,0.40563833713531494,0.017219197005033493,0.10897978395223618,0.011271858587861061,0.002601470798254013,3.634316453826614e-05,-6.667831621598452e-05,-5.8298214346275135e-12,0.587884247303009,0.003060384886339307,-0.013916983269155025,0.0018082826863974333,0,0,0,0,0,0,1,0,0,0,12
0.3998296856880188,0.01643710397183895,0.013157550245523453,0.0027183853089809418,0.4165540635585785,0.019738484174013138,0.11143950372934341,0.010630015283823013,0.00245333812199533,3.427256888244301e-05,-6.28794077783823e-05,-5.828817897096661e-12,0.574034571647644,0.0050735510885715485,-0.01379111222922802,0.002180289477109909,0,0,0,0,0,0,1,0,0,0,5
0.4126889705657959,0.019499793648719788,0.012716115452349186,0.002639109268784523,0.4268505275249481,0.022114843130111694,0.10860402137041092,0.01002909243106842,0.002314649522304535,3.2335854484699667e-05,-5.93261283938773e-05,2.913966377221522e-12,0.5603265762329102,0.007462762296199799,-0.01362351793795824,0.0025887310039252043,0,0,0,0,1,0,0,0,0,0,5
0.42420926690101624,0.022245794534683228,0.010963804088532925,0.001859972719103098,0.4365657567977905,0.024357061833143234,0.111269012093544,0.06430330127477646,0.000545796356163919,1.1504997928568628e-05,1.3518328159989323e-05,0.00031717628007754683,0.5468531847000122,0.010360827669501305,-0.013342324644327164,0.003149399533867836,0,0,0,0,1,0,0,0,0,0,8
0.4333082139492035,0.023677611723542213,0.008374802768230438,0.0012873035157099366,0.49756211042404175,0.024843206629157066,0.6388190388679504,0.05959654599428177,0.00044185761362314224,1.1458798326202668e-05,9.895331459119916e-06,0.00031389688956551254,0.53369140625,0.013812676072120667,-0.01300608366727829,0.0036972134839743376,0,0,0,0,0,0,0,1,0,0,3
0.44099244475364685,0.024900496006011963,0.007388521451503038,0.0011952584609389305,0.5555645227432251,0.025232288986444473,1.0681052207946777,0.05674267187714577,0.00034645936102606356,1.1458798326202668e-05,9.895331459119916e-06,0.00031389688956551254,0.5218318104743958,0.01737177185714245,-0.010354729369282722,0.0032633827067911625,0,0,1,0,0,0,0,0,0,0,16
0.4478612244129181,0.025540923699736595,0.00638541067019105,0.0005426019197329879,0.6108678579330444,0.025527965277433395,1.4039490222930908,0.054163992404937744,0.0002546531904954463,1.1458798326202668e-05,9.895331459119916e-06,0.00031389688956551254,0.5141369700431824,0.02015584520995617,-0.005263440776616335,0.0023771559353917837,0,0,1,0,0,0,0,0,0,0,0
0.4540877342224121,0.026062995195388794,0.006611557677388191,0.000523551250807941,0.6637262105941772,0.025733735412359238,1.6502907276153564,0.05182325467467308,0.00016627465083729476,1.1458798326202668e-05,9.895331459119916e-06,0.00031389688956551254,0.5118404030799866,0.022645944729447365,-0.00017320408369414508,0.002982699079439044,0,0,1,0,0,0,0,0,0,0,8
0.4615415632724762,0.026519158855080605,0.008116399869322777,0.00037091769627295434,0.714359700679779,0.02585291862487793,1.8104006052017212,0.049689240753650665,8.112181967590004e-05,1.1458798326202668e-05,9.895331459119916e-06,0.00031389688956551254,0.5145599246025085,0.025046179071068764,0.0046663424000144005,0.0017343240324407816,0,0,0,0,0,0,0,1,0,0,6
0.47038140892982483,0.02671455405652523,0.009325672872364521,4.0097671444527805e-05,0.7629605531692505,0.02588861808180809,1.8870363235473633,0.04773557931184769,-1.030534122037352e-06,1.1458798326202668e-05,9.895331459119916e-06,0.00031389688956551254,0.5204329490661621,0.026074625551700592,0.006646969821304083,0.0005623085307888687,0,0,0,0,0,1,0,0,0,0,12
0.479870080947876,0.02671758271753788,0.00981910340487957,-2.499866695870878e-06,0.8096961975097656,0.025843707844614983,1.882562518119812,0.04593987762928009,-8.041953697102144e-05,1.1458798326202668e-05,9.895331459119916e-06,0.00031389688956551254,0.5278604030609131,0.026564089581370354,0.00804101675748825,0.0004102738748770207,0,0,0,0,0,1,0,0,0,0,2
0.4902818202972412,0.026709502562880516,0.01078243087977171,-2.0681774913100526e-05,0.854714035987854,0.025720816105604172,1.7990429401397705,0.04428291320800781,-0.0001572865148773417,1.1458798326202668e-05,9.895331459119916e-06,0.00031389688956551254,0.5365828275680542,0.026836203411221504,0.009249589405953884,0.00014998124970588833,0,1,0,0,0,0,0,0,0,0,11
0.5015908479690552,0.02668769471347332,0.011654497124254704,-2.7432863134890795e-05,0.8981434106826782,0.02552233450114727,1.6383116245269775,0.04274822399020195,-0.00023187183251138777,1.1458798326202668e-05,9.895331459119916e-06,0.00031389688956551254,0.5459233522415161,0.026874855160713196,0.009437168017029762,1.1236473255848978e-05,0,1,0,0,0,0,0,0,0,0,3
0.5136659145355225,0.026660418137907982,0.01233012042939663,-3.6881141568301246e-05,0.9400985240936279,0.025250401347875595,1.4020287990570068,0.0413215234875679,-0.00030441134003922343,1.1458798326202668e-05,9.895331459119916e-06,0.00031389688956551254,0.5558866858482361,0.02687649242579937,0.010369455441832542,-8.184943908418063e-06,0,0,1,0,0,0,0,0,0,0,4
0.5263193845748901,0.02662314660847187,0.012869258411228657,-4.203077332931571e-05,0.9806804656982422,0.024906950071454048,1.0917243957519531,0.03999048471450806,-0.0003751341428142041,1.1458798326202668e-05,9.895331459119916e-06,0.00031389688956551254,0.5666725039482117,0.02685506083071232,0.010990395210683346,-2.954565206891857e-05,0,0,0,1,0,0,0,0,0,0,9
