lt_dp_posx,lt_dp_posy,lt_dp_velx,lt_dp_vely,ball_posx,ball_posy,ball_posz,ball_vel_x,ball_vel_y,ball_rot_x,ball_rot_y,ball_rot_z,rt_gk_posx,rt_gk_posy,rt_gk_velx,rt_gk_vely,action_left,action_top_left,action_top,action_top_right,action_right,action_bottom_right,action_bottom,action_bottom_left,action_sprint,action_dribble,sel_action
-1.0110293626785278,-0.0,0.0,-0.0,0.019999999552965164,-0.0,0.11061639338731766,0.0,-0.0,0.0,-0.0,0.0,1.0110293626785278,0.0,-0.0,0.0,0,0,0,0,0,0,0,0,0,0,5
0.0,-0.0,0.0,-0.0,0.019999999552965164,-0.0,0.11059734225273132,0.0,-0.0,0.0,-0.0,0.0,1.0110293626785278,0.0,-0.0,0.0,0,0,0,0,1,0,0,0,0,0,5
0.0,-0.0,0.0,-0.0,0.019999999552965164,-0.0,0.10930104553699493,0.0,-0.0,0.0,-0.0,0.0,1.0081888437271118,-2.067098402169787e-11,-0.004046103451400995,-2.511372360070041e-11,0,0,0,0,1,0,0,0,0,0,5
0.0011742409551516175,1.3643361440607293e-10,0.0034112136345356703,2.3963026007933763e-10,0.019999999552965164,-0.0,0.11075475811958313,0.0,-0.0,0.0,-0.0,0.0,1.0032682418823242,-4.086615421061701e-11,-0.005623172502964735,-1.397205094677556e-11,0,0,0,0,1,0,0,0,0,0,5
0.004355194512754679,-9.771559117410789e-10,0.005103938281536102,-2.3148706562725607e-10,0.019999999552965164,-0.0,0.11053141206502914,0.0,-0.0,0.0,-0.0,0.0,0.9968275427818298,2.1968640795400063e-10,-0.0070915501564741135,6.453007017626078e-10,0,0,0,0,1,0,0,0,0,0,13
0.008538313210010529,-3.439343698730113e-09,0.006663426756858826,-3.542344473306258e-10,0.02272110804915428,-2.401155385634013e-10,0.12206600606441498,0.008977130055427551,-7.917650979294422e-10,-3.3805985354823376e-12,-1.925346441566944e-05,-1.8745146494053566e-12,0.9889967441558838,7.456264494720699e-10,-0.008409163914620876,4.027952971163984e-10,0,0,0,0,1,0,0,0,1,0,16
0.015989981591701508,-3.657014246982726e-09,0.008070995099842548,-7.288332437571654e-11,0.03136187046766281,-1.0010482442979196e-09,0.11363866925239563,0.00835032295435667,-7.344803099051944e-10,-1.0293307872721869e-11,-4.953729148837738e-05,6.944848673739421e-19,0.9799808859825134,9.556182511971656e-10,-0.009335489943623543,4.211580736934728e-11,0,0,0,0,1,0,0,0,1,0,5
0.02475566230714321,-3.816629234876245e-09,0.009305577725172043,-1.575874986059489e-10,0.03948330506682396,-1.7153971576533422e-09,0.11435475945472717,0.00792497955262661,-6.970690691332493e-10,-9.737841609458453e-12,-4.6878129069227725e-05,0.0,0.9704952239990234,1.1550560508055696e-09,-0.00983055867254734,1.5889979609884364e-10,0,0,0,0,1,0,0,0,1,0,5
0.034221503883600235,-4.304198775173518e-09,0.010056434199213982,-2.5303861783676496e-10,0.04717102274298668,-2.3915975866373174e-09,0.11023221909999847,0.007491174153983593,-6.589126466671757e-10,-9.2050195590887e-12,-4.4313081161817536e-05,-1.388731506731469e-18,0.9601738452911377,1.2435432683588488e-09,-0.010699383914470673,2.7160411072979507e-11,0,0,0,0,1,0,0,0,1,0,16
0.04248494654893875,-5.735156793917895e-09,0.009685609489679337,-1.377486041898024e-10,0.05442111939191818,-3.0293054731345137e-09,0.10938604176044464,0.0070563675835728645,-6.206675173814347e-10,-8.670670084698351e-12,-4.174073183094151e-05,2.7772483600939804e-18,0.9492757320404053,1.8291181902441167e-09,-0.010805971920490265,8.433020393106005e-10,0,0,0,0,1,0,0,0,1,0,0
0.05221288278698921,-6.173943134513138e-09,0.01050952635705471,-7.845207816714606e-11,0.06711333245038986,2.3539816538686864e-05,0.14591693878173828,0.014017813839018345,2.926232264144346e-05,3.8007601688150316e-07,-4.3082745833089575e-05,-2.6629042082504384e-08,0.9381436109542847,2.4290964795170567e-09,-0.011441286653280258,4.1629644176310876e-10,0,0,0,0,1,0,0,0,1,0,13
0.06288903951644897,3.1001504794403445e-06,0.010763458907604218,6.489365205197828e-06,0.08094481378793716,5.2501141908578575e-05,0.11522690206766129,0.013381498865783215,2.8419235604815185e-05,3.926411125121376e-07,-6.93334877723828e-05,-4.6652202101427065e-09,0.9263702630996704,1.241632396897785e-08,-0.012035930529236794,7.278524094544991e-08,0,0,0,0,1,0,0,0,1,0,18
0.07409841567277908,1.3910388588556089e-05,0.011549495160579681,1.4633183127443772e-05,0.09398728609085083,8.024661656236276e-05,0.10902407765388489,0.012782126665115356,2.71947355940938e-05,3.7993970636307495e-07,-7.561677193734795e-05,-1.3669725345156342e-13,0.9140385389328003,6.998930075496901e-07,-0.012554140761494637,1.3665304550158908e-06,0,0,0,0,1,0,0,0,1,0,13
0.08601444959640503,3.233020834159106e-05,0.012209135107696056,2.019296334765386e-05,0.10639084875583649,0.00010663591092452407,0.11389370262622833,0.012094142846763134,2.5731002097018063e-05,3.594509507820476e-07,-7.153906335588545e-05,4.5556186454480743e-14,0.9012559056282043,3.022866621904541e-06,-0.01295384205877781,3.095465672231512e-06,0,0,0,0,1,0,0,0,1,0,13
0.09853748977184296,5.5072068789741024e-05,0.012757848016917706,2.5386449124198407e-05,0.11811836808919907,0.00013158691581338644,0.1114998608827591,0.01142380852252245,2.4304825274157338e-05,3.395256840121874e-07,-6.757347728125751e-05,4.5547394252488244e-14,0.8881267309188843,6.622097771469271e-06,-0.013260280713438988,3.901298896380467e-06,0,0,0,0,1,0,0,0,1,0,18
0.11153464019298553,8.424968837061897e-05,0.01317543163895607,3.229550566175021e-05,0.12918555736541748,0.00015513304970227182,0.11083120852708817,0.010777592658996582,2.2929967599338852e-05,3.2032312446972355e-07,-6.375171506078914e-05,4.553939826146616e-14,0.8747334480285645,1.0954821846098639e-05,-0.013492387719452381,4.675050149671733e-06,0,0,0,0,1,0,0,0,1,0,0
0.1238897442817688,-4.0095332224154845e-05,0.013405018486082554,2.9636057661264203e-05,0.1396242380142212,0.00017734196444507688,0.1104738712310791,0.010166743770241737,2.163035242119804e-05,3.021727934537921e-07,-6.013937672832981e-05,1.365968156728098e-13,0.8611396551132202,1.6004822100512683e-05,-0.013669097796082497,5.312939265422756e-06,0,0,0,0,1,0,0,0,1,0,16
0.13466542959213257,-0.0006011612131260335,0.013405082747340202,1.6164800399565138e-05,0.1500743329524994,0.000187491430551745,0.11951543390750885,0.015621257945895195,-8.760225318837911e-05,-8.034831466829928e-08,-4.608477320289239e-05,-4.047637958137784e-08,0.8473947644233704,2.166652302548755e-05,-0.013801630586385727,5.939047241554363e-06,0,0,0,0,1,0,0,0,1,0,16
0.1480685919523239,-0.0005924055585637689,0.013386151753365993,2.6901409455604153e-06,0.16540931165218353,0.00010194352944381535,0.15080535411834717,0.015240778215229511,-8.499582327203825e-05,-1.9504635417888494e-07,-5.070620682090521e-05,-1.4329451403227722e-07,0.8335364460945129,2.7926476832362823e-05,-0.01390050444751978,6.521764589706436e-06,0,0,0,0,1,0,0,0,1,0,16
0.16151389479637146,-0.0005818722420372069,0.013568121008574963,2.4915329049690627e-05,0.18036244809627533,1.9023133063456044e-05,0.1231798455119133,0.014477768912911415,-7.930370338726789e-05,-9.631978628021898e-07,-8.029711898416281e-05,-1.3574313584285846e-07,0.8195932507514954,2.9180773708503693e-05,-0.01397483516484499,-3.0729188438272104e-06,0,0,0,0,1,0,0,0,1,0,0
0.17520558834075928,-0.0005325039965100586,0.013783223927021027,6.903239409439266e-05,0.19450676441192627,-5.840642916155048e-05,0.11392323672771454,0.013819847255945206,-7.565123087260872e-05,-1.0566818673396483e-06,-8.173663809429854e-05,0.0,0.8055863380432129,2.0789311747648753e-05,-0.014030933380126953,-1.2753131159115583e-05,0,0,0,0,1,0,0,0,1,0,16
0.18908041715621948,-0.0004482886870391667,0.01394275389611721,8.365014946321025e-05,0.2079356610774994,-0.000131917666294612,0.11454194039106369,0.013096258975565434,-7.169023592723534e-05,-1.0014731515184394e-06,-7.74661311879754e-05,-1.8228105656825644e-13,0.7915317416191101,4.807736331713386e-06,-0.014072306454181671,-1.6421654436271638e-05,0,0,0,0,1,0,0,0,1,0,18
0.20309141278266907,-0.0003759416867978871,0.014061436988413334,6.311203469522297e-05,0.2206358015537262,-0.00020143941219430417,0.11014704406261444,0.012375476770102978,-6.774457870051265e-05,-9.464091021982313e-07,-7.320681470446289e-05,0.0,0.7774415016174316,-1.1406706107663922e-05,-0.014103160239756107,-1.6043062714743428e-05,0,0,0,0,1,0,0,0,1,0,5
0.21698367595672607,-0.00026906598941423,0.014141123741865158,4.384481144370511e-05,0.23262111842632294,-0.0002670480462256819,0.10926466435194016,0.011674540117383003,-6.390758790075779e-05,-8.927966632654716e-07,-6.905978807481006e-05,0.0,0.7633247375488281,-2.7260919523541816e-05,-0.014127002097666264,-1.5817500752746128e-05,0,0,0,0,1,0,0,0,1,0,18
0.22863619029521942,0.0003846451290883124,0.014141228049993515,2.5576560801710002e-05,0.24392548203468323,-0.00032892925082705915,0.11069917678833008,0.011007561348378658,-6.0256475990172476e-05,-8.417611638833478e-07,-6.511207902804017e-05,9.108438016412063e-14,0.7491881251335144,-4.331701711635105e-05,-0.01414383202791214,-1.62506039487198e-05,0,0,0,0,1,0,0,0,1,0,18
0.2420443445444107,0.0005121572758071125,0.013533234596252441,6.993385795794893e-06,0.25889408588409424,-0.00025248006568290293,0.15284356474876404,0.015309540554881096,9.084164048545063e-05,5.080564591253278e-08,-5.3893905715085566e-05,9.308212156611262e-08,0.7350369095802307,-5.9803849580930546e-05,-0.014157154597342014,-1.667953074502293e-05,0,0,0,0,1,0,0,0,1,0,5
0.2554630935192108,0.0005089447950012982,0.013516930863261223,-1.5654686649213545e-05,0.2740236818790436,-0.00016299331036861986,0.11552874743938446,0.014695494435727596,8.525356679456308e-05,8.796275210443127e-07,-7.793528493493795e-05,2.1554281204316794e-07,0.7208750247955322,-7.126791024347767e-05,-0.014166271314024925,-4.9942173063755035e-06,0,0,0,0,1,0,0,0,1,0,16
0.2691110372543335,0.0004668662149924785,0.013745006173849106,-6.440919969463721e-05,0.28835341334342957,-8.004350820556283e-05,0.11054418236017227,0.014049316756427288,8.131662616506219e-05,1.136098262577434e-06,-8.311451529152691e-05,1.8233892585921285e-13,0.7067050933837891,-6.816363020334393e-05,-0.014173283241689205,9.732488251756877e-06,0,0,0,0,1,0,0,0,1,0,6
0.2829532325267792,0.00037988589610904455,0.013914178125560284,-9.431935905013233e-05,0.30198290944099426,-1.1569726439120132e-06,0.10648694634437561,0.013303838670253754,7.70018741604872e-05,1.0757805739558535e-06,-7.870179251767695e-05,3.645867516308826e-13,0.6925292015075684,-5.1791128498734906e-05,-0.014178192242980003,1.860924021457322e-05,0,0,0,0,0,1,0,0,1,0,7
0.29693982005119324,0.00029660071595571935,0.01404004916548729,-7.361904135905206e-05,0.3148782253265381,7.348025974351913e-05,0.113223135471344,0.012565980665385723,7.27311780792661e-05,1.0160445071960567e-06,-7.433166319970042e-05,-1.8225069890742684e-13,0.6783488988876343,-3.313507841085084e-05,-0.014181697741150856,1.8694128812057897e-05,0,0,0,0,0,0,1,0,1,0,7
0.3106912672519684,0.000759422779083252,0.013905331492424011,-6.253532774280757e-05,0.32705122232437134,0.0001439368206774816,0.11170138418674469,0.011856533586978912,6.862492591608316e-05,9.586726719135186e-07,-7.013446156634018e-05,0.0,0.6641652584075928,-1.4394874597201124e-05,-0.014184502884745598,1.8777735022013076e-05,0,0,0,0,0,0,1,0,1,0,6
0.32377326488494873,0.0021436449605971575,0.013444838114082813,0.0003180367639288306,0.3388715088367462,0.0005675527499988675,0.11983098089694977,0.014561885967850685,0.0036362905520945787,1.3664799553225748e-05,-4.80287017126102e-05,-3.074387109336385e-07,0.6499794125556946,7.298253422050038e-06,-0.01418730802834034,2.407801730441861e-05,0,0,0,0,0,1,0,0,1,0,12
0.33668583631515503,0.0028438360895961523,0.012385495007038116,0.0014527508756145835,0.3531818389892578,0.004128987435251474,0.15067175030708313,0.01422369945794344,0.003539217635989189,1.7348615074297413e-05,-5.178971332497895e-05,2.5481670036242576e-06,0.6357916593551636,3.429129355936311e-05,-0.01418871060013771,2.937813042080961e-05,0,0,0,0,0,1,0,0,1,0,12
0.3488624095916748,0.005081136245280504,0.011816795915365219,0.002702400553971529,0.36714455485343933,0.007590041030198336,0.12330443412065506,0.01353954803198576,0.003329165279865265,4.2741623474285007e-05,-7.658058893866837e-05,2.8447143449739087e-06,0.6216053366661072,0.0001857425522757694,-0.014178192242980003,0.000375094183254987,0,0,0,0,0,1,0,0,1,0,12
0.36064448952674866,0.0077710989862680435,0.011960198171436787,0.0027184851933270693,0.3803780972957611,0.010842995718121529,0.11390013992786407,0.012932718731462955,0.003178991610184312,4.4403623178368434e-05,-7.648989412700757e-05,5.832687197809827e-12,0.607456624507904,0.0008752699941396713,-0.014115782454609871,0.0009464180329814553,0,0,0,0,0,1,0,0,1,0,13
0.3728604316711426,0.010508601553738117,0.012411439791321754,0.002743225311860442,0.3929440379142761,0.013931836001574993,0.11457094550132751,0.012253946624696255,0.003012143075466156,4.2078008846146986e-05,-7.248376641655341e-05,1.1662938843859383e-11,0.5933988094329834,0.002128971042111516,-0.014007792808115482,0.0014784518862143159,0,0,0,0,0,1,0,0,1,0,5
0.3854731023311615,0.013249903917312622,0.01275714673101902,0.0027498132549226284,0.40482765436172485,0.016852950677275658,0.1101025938987732,0.01157983485609293,0.0028464384377002716,3.9765480323694646e-05,-6.850022327853367e-05,1.1660647274147617e-11,0.5794482827186584,0.0038197380490601063,-0.013899452984333038,0.0018640282796695828,0,0,0,0,1,0,0,0,1,0,18
0.3983572721481323,0.016045207157731056,0.012975580990314484,0.002834143815562129,0.4160423278808594,0.019609631970524788,0.10925104469060898,0.010923919267952442,0.0026852088049054146,3.75127128791064e-05,-6.461957673309371e-05,-1.1658540452486044e-11,0.5656200647354126,0.005894298665225506,-0.013765867799520493,0.00224625738337636,0,0,0,0,1,0,0,0,1,0,5
0.4112846851348877,0.01904197223484516,0.012983206659555435,0.002866254188120365,0.42661988735198975,0.02220969647169113,0.11069868505001068,0.010299812071025372,0.002531797392293811,3.536830627126619e-05,-6.0925620346097276e-05,-1.1656649603897229e-11,0.5519677400588989,0.00841223169118166,-0.013541474007070065,0.0027646287344396114,0,0,0,0,1,0,0,0,1,0,5
0.4231801927089691,0.022148219868540764,0.0116100599989295,0.0022022139746695757,0.43659496307373047,0.024661656469106674,0.11053500324487686,0.00971481204032898,0.002387998392805457,3.3359981898684055e-05,-5.7466055295662954e-05,-5.827489966275801e-12,0.5385816693305969,0.011476613581180573,-0.013251163996756077,0.0033078582491725683,0,0,0,0,1,0,0,0,1,0,6
0.4333198368549347,0.024190282449126244,0.008720509707927704,0.0013310657814145088,0.4788764715194702,0.025058239698410034,0.25766655802726746,0.06325332820415497,-0.0010527039412409067,1.03962584034889e-05,-1.432301814929815e-05,0.0018150398973375559,0.5257627964019775,0.014976846054196358,-0.011890075169503689,0.0034325288143008947,0,0,0,0,0,1,0,0,1,0,6
0.441346138715744,0.02552245557308197,0.0073534599505364895,0.0012832680949941278,0.5403854846954346,0.023697054013609886,0.3901713490486145,0.060123931616544724,-0.0016083372756838799,1.03962584034889e-05,-1.432301814929815e-05,0.0018150398973375559,0.516059935092926,0.01801026426255703,-0.0075669847428798676,0.0026808972470462322,0,0,0,0,0,1,0,0,1,0,16
0.4484620988368988,0.02649819105863571,0.006878376007080078,0.0006682279636152089,0.5989106297492981,0.02179992012679577,0.3880682587623596,0.05725256726145744,-0.0021278858184814453,1.03962584034889e-05,-1.432301814929815e-05,0.0018150398973375559,0.5116487741470337,0.020337047055363655,-0.0017898924415931106,0.0024251819122582674,0,0,0,0,0,1,0,0,1,0,13
0.4548056721687317,0.02711445279419422,0.00611438462510705,0.0005939930560998619,0.6546873450279236,0.01940363273024559,0.2591823637485504,0.054599449038505554,-0.0026103106793016195,1.03962584034889e-05,-1.432301814929815e-05,0.0018150398973375559,0.5122576951980591,0.023063290864229202,0.0030173975974321365,0.0024522319436073303,0,0,0,0,0,1,0,0,1,0,11
0.46166446805000305,0.027640419080853462,0.007597456220537424,0.0003991926205344498,0.7058965563774109,0.016696302220225334,0.15255272388458252,0.04553622007369995,-0.0025445783976465464,6.239924005058128e-06,-3.68377186532598e-05,0.001650034449994564,0.517177402973175,0.024657806381583214,0.005989565514028072,0.0009851593058556318,0,0,0,0,0,1,0,0,1,0,16
0.47012290358543396,0.027765968814492226,0.008989045396447182,-0.00016291513748001307,0.7505053877830505,0.013987747021019459,0.18866491317749023,0.0438566654920578,-0.002838894259184599,6.239924005058128e-06,-3.68377186532598e-05,0.001650034449994564,0.524021327495575,0.02525913156569004,0.007497913669794798,0.0004497441404964775,0,0,0,0,0,1,0,0,1,0,12
0.47954607009887695,0.027347715571522713,0.009432794526219368,-0.000498054432682693,0.7927684187889099,0.011063852347433567,0.12609484791755676,0.038811419159173965,-0.0027803138364106417,5.840594212713768e-07,-6.045948975952342e-05,0.0014398496132344007,0.5322489142417908,0.02548525296151638,0.00878993235528469,2.7378209779271856e-05,0,0,0,0,0,1,0,0,1,0,18
0.4896050989627838,0.02681634947657585,0.010438510216772556,-0.0005833160830661654,0.8301615715026855,0.008257422596216202,0.09987182915210724,0.035697221755981445,-0.00276995194144547,-2.4728979042265564e-06,-7.220718543976545e-05,0.0013231522170826793,0.5414666533470154,0.025251181796193123,0.009316205978393555,-0.00038740166928619146,0,0,0,0,0,1,0,0,1,0,6
0.5005725622177124,0.026201577857136726,0.011339584365487099,-0.0006480434094555676,0.8626325130462646,0.0057114954106509686,0.11179491132497787,0.030535178259015083,-0.00241802167147398,-1.9352446543052793e-05,-0.00013202775153331459,0.0006342700798995793,0.5510559678077698,0.02482028119266033,0.009989388287067413,-0.00047466970863752067,0,0,0,0,0,1,0,0,1,0,5
0.5123687386512756,0.025539157912135124,0.012064925394952297,-0.0007069804705679417,0.8913120031356812,0.0034318019170314074,0.10928235948085785,0.027369903400540352,-0.0021770072635263205,-3.0411116313189268e-05,-0.00016189287998713553,-1.1748974189373929e-11,0.56151282787323,0.024286190047860146,0.010816139169037342,-0.0005825855187140405,0,0,0,0,1,0,0,0,1,0,1
0.5247851610183716,0.02481681853532791,0.012628400698304176,-0.0007647668826393783,0.9173635840415955,0.0013596543576568365,0.10952769964933395,0.025027895346283913,-0.0019907234236598015,-2.780882095976267e-05,-0.0001480406936025247,0.0,0.572375476360321,0.023676274344325066,0.010839630849659443,-0.0006244941032491624,1,0,0,0,0,0,0,0,1,0,17
0.5368945002555847,0.024108262732625008,0.010651344433426857,-0.0006325479480437934,0.9412591457366943,-0.0005409921868704259,0.10964427888393402,0.02301228977739811,-0.0018304019467905164,-2.5569494027877226e-05,-0.0001361196191282943,5.858658610330414e-12,0.5835986733436584,0.02300918661057949,0.01151666883379221,-0.0007000693585723639,1,0,0,0,0,0,0,0,1,1,5
0.5462164282798767,0.023448064923286438,0.007586922030895948,-0.00056823855265975,0.9632865786552429,-0.0022930637933313847,0.10972870886325836,0.02125665545463562,-0.0016907581593841314,-2.361892256885767e-05,-0.00012573575077112764,5.8530723670568996e-12,0.5954339504241943,0.022274959832429886,0.012092730961740017,-0.0007569504668936133,0,0,0,0,1,0,0,0,1,1,18
0.5540795922279358,0.02257462963461876,0.005901906173676252,-0.0006066447822377086,0.9836776852607727,-0.003914972767233849,0.10979112982749939,0.01971128210425377,-0.0015678390627726912,-2.1901945729041472e-05,-0.0001165953726740554,0.0,0.6078048348426819,0.021490223705768585,0.012579385191202164,-0.0008080279221758246,0,0,0,0,1,0,0,0,1,0,5
0.5593187212944031,0.021594282239675522,0.002955269766971469,-0.00045119799324311316,1.0026209354400635,-0.005421722773462534,0.10983792692422867,0.018338344991207123,-0.0014586346223950386,-2.0376508473418653e-05,-0.00010847471276065335,-5.8447821235652064e-12,0.6205984354019165,0.02065565623342991,0.01295384205877781,-0.0008552410872653127,0,0,0,0,1,0,0,0,1,0,13
