lt_dp_posx,lt_dp_posy,lt_dp_velx,lt_dp_vely,ball_posx,ball_posy,ball_posz,ball_vel_x,ball_vel_y,ball_rot_x,ball_rot_y,ball_rot_z,rt_gk_posx,rt_gk_posy,rt_gk_velx,rt_gk_vely,action_left,action_top_left,action_top,action_top_right,action_right,action_bottom_right,action_bottom,action_bottom_left,action_sprint,action_dribble,sel_action
-1.0110293626785278,-0.0,0.0,-0.0,0.019999999552965164,-0.0,0.11061639338731766,-0.0,0.0,0.0,-0.0,0.0,1.0110293626785278,0.0,-0.0,0.0,0,0,0,0,0,0,0,0,0,0,5
0.0,-0.0,0.0,-0.0,0.019999999552965164,-0.0,0.11059734225273132,-0.0,0.0,0.0,-0.0,0.0,1.010831356048584,-1.6283261197735932e-11,-0.0013190157478675246,-1.0749903051054943e-10,0,0,0,0,1,0,0,0,0,0,5
0.0011738373432308435,7.744034580259296e-11,0.0034112127032130957,2.5561308278354566e-11,0.019999999552965164,-0.0,0.10930104553699493,-0.0,0.0,0.0,-0.0,0.0,1.007331371307373,-2.399091758586991e-10,-0.004367968533188105,-2.2594515147744687e-10,0,0,0,0,1,0,0,0,0,0,5
0.00442265160381794,-8.389731687152846e-10,0.0050968751311302185,-3.420025096456669e-10,0.019999999552965164,-0.0,0.11075475811958313,-0.0,0.0,0.0,-0.0,0.0,1.0020980834960938,-4.074588721980632e-10,-0.0059268055483698845,-1.0296197922032846e-10,0,0,0,0,1,0,0,0,0,0,13
0.00917257834225893,-2.2344774919247357e-09,0.006656940560787916,-3.2433725150049497e-10,0.023521598428487778,-2.365284079708374e-10,0.1245177686214447,0.008653565309941769,-5.815478654191963e-10,8.111915002564918e-13,2.5089022983593168e-06,-2.1285896222716927e-12,0.9953674674034119,-3.863321121344576e-11,-0.007369237951934338,6.151215092842222e-10,0,0,0,0,1,0,0,0,1,0,5
0.016618236899375916,-2.4076329818711883e-09,0.008066108450293541,-8.788801630910115e-11,0.03175758942961693,-7.908435573078521e-10,0.11630871891975403,0.007858331315219402,-5.296175720204133e-10,7.081689835236604e-12,4.436245944816619e-05,-4.773446178260587e-13,0.9872784614562988,4.29974222893037e-10,-0.008651789277791977,3.2890734580348635e-10,0,0,0,0,1,0,0,0,1,0,5
0.02537941373884678,-2.574654711651192e-09,0.009301370941102505,-1.7123570617005868e-10,0.0393972210586071,-1.3057331882393441e-09,0.11498811841011047,0.007451809477061033,-5.022312010716234e-10,7.016100807971659e-12,4.4079752115067095e-05,0.0,0.9781137704849243,6.135023600251088e-10,-0.009335489943623543,2.395476594863055e-10,0,0,0,0,1,0,0,0,1,0,16
0.034132156521081924,-3.463002995474085e-09,0.009388974867761135,-2.1289396634482927e-10,0.04662004113197327,-1.7925310125121996e-09,0.10737019777297974,0.007032405119389296,-4.739645342866083e-10,6.621275142754124e-12,4.159919990343042e-05,1.3886183897827023e-18,0.968501091003418,7.98271115876048e-10,-0.010017086751759052,1.4289387728627645e-10,0,0,0,0,1,0,0,0,1,0,16
0.04203260689973831,-4.8359907189876594e-09,0.009879720397293568,-1.2068911148244155e-10,0.05418930947780609,2.9174168503232067e-06,0.11805228888988495,0.014280705712735653,2.919623329944443e-05,3.3874468385874934e-07,2.015978907365934e-06,2.8685761321867176e-07,0.9580104947090149,8.763019199165001e-10,-0.010855057276785374,2.2695720303111955e-11,0,0,0,0,1,0,0,0,1,0,5
0.052399106323719025,7.602933749240037e-08,0.010675586760044098,8.094853001239244e-07,0.06808121502399445,3.095630745519884e-05,0.143874853849411,0.0137999402359128,2.7823760319733992e-05,2.8574416433002625e-07,7.852933777030557e-06,3.5746427329286234e-07,0.9471069574356079,3.9674026197644707e-07,-0.010882405564188957,8.513712259627937e-07,0,0,0,0,1,0,0,0,1,0,16
0.06316081434488297,5.078705271444051e-06,0.011016691103577614,8.291357517009601e-06,0.08143512904644012,5.742504799854942e-05,0.12316391617059708,0.012638741172850132,2.4204722649301402e-05,-2.3726711262384015e-08,4.123845064896159e-05,4.413427632243838e-07,0.9358362555503845,1.8917230590886902e-06,-0.01156821008771658,1.999431333388202e-06,0,0,0,0,1,0,0,0,1,0,16
0.07459624856710434,1.7383581507601775e-05,0.011754298582673073,1.580666685185861e-05,0.09368103742599487,8.059756510192528e-05,0.11358216404914856,0.011889006942510605,2.226955803052988e-05,-3.1278011647373205e-07,7.049005944281816e-05,9.110762274819328e-14,0.9239458441734314,4.3790969357360154e-06,-0.012150231748819351,2.706750365177868e-06,0,0,0,0,1,0,0,0,1,0,0
0.0867052748799324,3.561630001058802e-05,0.012389439158141613,1.9670931578730233e-05,0.10523895174264908,0.000102247555332724,0.11358419060707092,0.011279221624135971,2.1127936634002253e-05,-2.951546491658519e-07,6.672012386843562e-05,-4.5545564661322174e-14,0.911514401435852,7.30430247131153e-06,-0.012642495334148407,3.125779130641604e-06,0,0,0,0,1,0,0,0,1,0,13
0.0993843674659729,5.8163168432656676e-05,0.012895552441477776,2.524073534004856e-05,0.11617346853017807,0.00012272977619431913,0.11179271340370178,0.010654293932020664,1.9957340555265546e-05,-2.787993764741259e-07,6.302300607785583e-05,0.0,0.8986548185348511,1.0675779776647687e-05,-0.013021862134337425,3.567544808902312e-06,0,0,0,0,1,0,0,0,1,0,16
0.11249476671218872,-0.0004143470723647624,0.013238980434834957,2.622875399538316e-05,0.12649552524089813,0.0001420647749910131,0.11068519949913025,0.010053449310362339,1.883185177575797e-05,-2.630779931678262e-07,5.946916280663572e-05,-2.27654978473147e-14,0.8854668736457825,1.4445906344917603e-05,-0.013312171213328838,3.987684522144264e-06,0,0,0,0,1,0,0,0,1,0,13
0.12573377788066864,-0.0022550304420292377,0.013238980434834957,1.4308394383988343e-05,0.13687163591384888,0.00013201682304497808,0.11983438581228256,0.015870139002799988,-0.00026511444593779743,-2.489134089955769e-07,6.192745786393061e-06,-4.67152801775228e-07,0.8720289468765259,1.871258791652508e-05,-0.013532358221709728,4.486445959628327e-06,0,0,0,0,1,0,0,0,1,0,5
0.13897283375263214,-0.0022472809068858624,0.013239067979156971,2.38311622524634e-06,0.15238872170448303,-0.00012679917563218623,0.15824487805366516,0.015420145355165005,-0.0002571709919720888,-6.145269537682907e-08,1.0351108358008787e-05,-7.976562415024091e-07,0.8584014177322388,1.9263326976215467e-05,-0.013698549941182137,-8.34827369544655e-06,0,0,0,0,1,0,0,0,1,0,0
0.15235328674316406,-0.0022164478432387114,0.013511145487427711,7.768210343783721e-05,0.167576864361763,-0.0003798856632784009,0.11589527875185013,0.014444848522543907,-0.00023942813277244568,1.032533987199713e-06,3.449430732871406e-05,-1.8853394294637837e-06,0.8446311950683594,-3.4276208680239506e-06,-0.013823368586599827,-3.395585736143403e-05,0,0,0,0,1,0,0,0,1,0,0
0.16599449515342712,-0.0020569106563925743,0.01373694185167551,0.00022586845443584025,0.1814953088760376,-0.0006099775200709701,0.11778201162815094,0.013579203747212887,-0.00022413079568650573,1.898345090012299e-06,5.348171544028446e-05,-1.7048748759407317e-06,0.8307541608810425,-5.017082003178075e-05,-0.01391663309186697,-5.377215347834863e-05,0,0,0,0,1,0,0,0,1,0,5
0.17982743680477142,-0.001779185957275331,0.013905588537454605,0.0002775020548142493,0.19456462562084198,-0.0008253338164649904,0.1121436133980751,0.012757467105984688,-0.00021016695245634764,2.936182227131212e-06,7.546893175458536e-05,0.0,0.8167973756790161,-0.00010438426397740841,-0.013986756093800068,-5.456335929920897e-05,0,0,0,0,1,0,0,0,1,0,18
0.19380734860897064,-0.0015371895860880613,0.014034789986908436,0.00021276755433063954,0.20693086087703705,-0.0010290559148415923,0.11327101290225983,0.012051300145685673,-0.000198533438378945,2.7734383820643416e-06,7.128595461836085e-05,7.288897133431171e-13,0.8027803897857666,-0.00015935188275761902,-0.014039347879588604,-5.5289812735281885e-05,0,0,0,0,1,0,0,0,1,0,5
0.20789217948913574,-0.0013586280401796103,0.014121698215603828,0.0001510560978204012,0.218611940741539,-0.0012214905582368374,0.11138108372688293,0.011379649862647057,-0.0001874686568044126,2.6188445190200582e-06,6.731242319801822e-05,-3.6437468168594445e-13,0.7887187600135803,-0.00021443053265102208,-0.014078617095947266,-5.46635092177894e-05,0,0,0,0,1,0,0,0,1,0,13
0.2219693511724472,-0.001245570252649486,0.014121674932539463,8.811054431134835e-05,0.22963565587997437,-0.0014030957827344537,0.11085901409387589,0.010735207237303257,-0.00017685210332274437,2.4705575469852192e-06,6.35010001133196e-05,7.286221864570563e-13,0.7746236324310303,-0.00026855155010707676,-0.01410736795514822,-5.367136327549815e-05,0,0,0,0,1,0,0,0,1,0,13
0.23581770062446594,-0.0011934363283216953,0.013533059507608414,2.4124374249367975e-05,0.2450241893529892,-0.001401265966705978,0.161333829164505,0.015794476494193077,2.1286312403390184e-05,8.988234299067699e-07,1.2282899660931434e-05,-9.630429076423752e-07,0.7605034708976746,-0.0003217908088117838,-0.01412910595536232,-5.316492752172053e-05,0,0,0,0,1,0,0,0,1,0,0
0.2491522878408432,-1.0731955626397394e-05,0.013312707655131817,4.2698598008428235e-06,0.26070061326026917,-0.0013801270397379994,0.12239403277635574,0.015528500080108643,2.0811223294003867e-05,8.826152679830557e-07,1.3367628525884356e-05,-9.209391578224313e-07,0.7463646531105042,-0.0003750984906218946,-0.014145934954285622,-5.34218197572045e-05,0,0,0,0,1,0,0,0,1,0,16
0.26246488094329834,0.0010156246135011315,0.013312697410583496,1.8982938172484864e-06,0.2760438323020935,-0.0012386427260935307,0.16264566779136658,0.015834026038646698,0.00026476397761143744,4.0487330466021376e-07,-7.757118396511942e-07,1.8028219983534655e-07,0.7322120070457458,-0.0004286541952751577,-0.0141578558832407,-5.366289406083524e-05,0,0,0,0,1,0,0,0,1,0,18
0.27579623460769653,0.0010143746621906757,0.01340525969862938,-1.1444127267168369e-05,0.29176610708236694,-0.0009757546940818429,0.16224044561386108,0.015631617978215218,0.000261375360423699,4.0487330466021376e-07,-7.757118396511942e-07,1.8028219983534655e-07,0.7180488109588623,-0.00046982630738057196,-0.014167673885822296,-3.0949318897910416e-05,0,0,0,0,1,0,0,0,1,0,18
0.289348304271698,0.0009451876976527274,0.013660508207976818,-0.00012819989933632314,0.3069107234477997,-0.000723005214240402,0.12772513926029205,0.01421547681093216,0.00023610671632923186,-8.709523058314517e-07,2.850646706065163e-05,1.8576369029688067e-06,0.703877866268158,-0.0004882706853095442,-0.01417398452758789,-8.209007319237571e-06,0,0,0,0,1,0,0,0,1,0,18
0.30311647057533264,0.0007425531512126327,0.013847210444509983,-0.00026167178293690085,0.320896714925766,-0.0004908785922452807,0.12039768695831299,0.013780053704977036,0.00022855722636450082,-1.1529945140864584e-06,3.4958782634930685e-05,1.9427257029747125e-06,0.6897011399269104,-0.000483982905279845,-0.014178893528878689,1.449387491447851e-05,0,0,0,0,1,0,0,0,1,0,5
0.3170456290245056,0.000486790289869532,0.01399061270058155,-0.00022998453641775995,0.3340197205543518,-0.0002737858158070594,0.11646080762147903,0.012775406241416931,0.00021118170116096735,-2.950477210106328e-06,7.557767094112933e-05,-7.290505005252967e-13,0.6755200624465942,-0.0004570172750391066,-0.014183100312948227,3.717135768965818e-05,0,0,0,0,1,0,0,0,1,0,6
0.33035531640052795,0.0011493887286633253,0.013769297860562801,-2.535621433708002e-06,0.3464149832725525,-6.88876534695737e-05,0.11196406185626984,0.012087337672710419,0.00019980772049166262,-2.7911826236959314e-06,7.149765588110313e-05,3.644487055892709e-13,0.6613358855247498,-0.00040787356556393206,-0.014185905456542969,5.649874947266653e-05,0,0,0,0,0,1,0,0,1,0,12
0.34334254264831543,0.002051485003903508,0.013251515105366707,0.00016776283155195415,0.3592819273471832,0.0014105550944805145,0.1414709836244583,0.014295610599219799,0.003377920249477029,3.620198185672052e-06,1.6110165233840235e-05,1.7479998859926127e-05,0.6471491456031799,-0.00034813027014024556,-0.01418730802834034,6.239794311113656e-05,0,0,0,0,0,1,0,0,1,0,3
0.3559970259666443,0.0030108324717730284,0.012411089614033699,0.0017083788989111781,0.3734813332557678,0.004765320103615522,0.1457282155752182,0.014120488427579403,0.003336057998239994,3.620198185672052e-06,1.6110165233840235e-05,1.7479998859926127e-05,0.6329607963562012,-0.0002824883267749101,-0.014189411886036396,6.829602352809161e-05,0,0,1,0,0,0,0,0,1,0,16
0.3680402338504791,0.00536990026012063,0.011754386126995087,0.002543920651078224,0.3870619535446167,0.007950155064463615,0.1284773349761963,0.01290747057646513,0.0029943292029201984,-1.9653403796837665e-05,4.7096062189666554e-05,2.593648423498962e-05,0.6187787055969238,-1.2814508409064729e-05,-0.014168374240398407,0.0005143984453752637,0,0,1,0,0,0,0,0,1,0,6
0.37998974323272705,0.007941649295389652,0.012176177464425564,0.0025966735556721687,0.39966779947280884,0.010866421274840832,0.11383723467588425,0.01226071361452341,0.0028264906723052263,-3.9675840525887907e-05,7.276620453922078e-05,0.0,0.6046457886695862,0.0008067386224865913,-0.014096148312091827,0.0010688009206205606,0,0,0,0,0,1,0,0,1,0,12
0.3924086093902588,0.010539417155086994,0.012602525763213634,0.002592245815321803,0.4115864038467407,0.013614094816148281,0.11452347040176392,0.011627190746366978,0.002680479781702161,-3.744498098967597e-05,6.877666601212695e-05,-5.83040083226849e-12,0.5906099677085876,0.0021647964604198933,-0.013987457379698753,0.0015636077150702477,0,0,0,0,0,1,0,0,1,0,12
0.4051938056945801,0.01313187275081873,0.01291036605834961,0.002614091383293271,0.4228670597076416,0.01621466688811779,0.11012730002403259,0.010995849967002869,0.002534933853894472,-3.5413599107414484e-05,6.504554039565846e-05,5.829382115907222e-12,0.576687216758728,0.003952763509005308,-0.013865793123841286,0.0019709994085133076,0,0,0,0,0,1,0,0,1,0,14
0.41822102665901184,0.015787644311785698,0.013112671673297882,0.002689067739993334,0.43351972103118896,0.01867048814892769,0.10928008705377579,0.01037904154509306,0.0023927383590489626,-3.342678246553987e-05,6.139626202639192e-05,5.828441895783243e-12,0.5629017949104309,0.006146000232547522,-0.013715730048716068,0.0023744108621031046,0,0,0,0,0,0,0,0,1,0,12
0.4306837320327759,0.018854456022381783,0.012128796428442001,0.0023676694836467505,0.44357267022132874,0.02098805084824562,0.1111873909831047,0.009792455472052097,0.0022575100883841515,-3.1536957976641133e-05,5.792513911728747e-05,-5.827597519131311e-12,0.5493382811546326,0.008859601803123951,-0.013429276645183563,0.00298917293548584,0,0,0,0,0,0,0,0,1,0,12
0.4416791796684265,0.0211517084389925,0.009950820356607437,0.001550747430883348,0.4682729244232178,0.022368112578988075,0.25827986001968384,0.05973048135638237,-0.0005731172859668732,1.5190767044259701e-05,3.3126787457149476e-05,0.0007282468723133206,0.5360974073410034,0.01218025479465723,-0.013077259063720703,0.0035894757602363825,0,0,0,0,0,0,0,0,1,0,6
0.45027539134025574,0.022418154403567314,0.008052237331867218,0.0012386073358356953,0.5265274047851562,0.021658973768353462,0.6211020350456238,0.05707477405667305,-0.0008151833317242563,1.5190767044259701e-05,3.3126787457149476e-05,0.0007282468723133206,0.523728609085083,0.01578797772526741,-0.011203219182789326,0.00328009482473135,0,0,0,0,0,1,0,0,1,0,3
0.4576038122177124,0.023478232324123383,0.0068994127213954926,0.000570550502743572,0.5822219848632812,0.020726783201098442,0.7971535325050354,0.05458834394812584,-0.0010228707687929273,1.5190767044259701e-05,3.3126787457149476e-05,0.0007282468723133206,0.5148013234138489,0.01834886521100998,-0.006784411147236824,0.001883920282125473,0,0,1,0,0,0,0,0,1,0,13
0.46419647336006165,0.02402344159781933,0.00613261666148901,0.0005071813357062638,0.635509192943573,0.019605040550231934,0.7982516288757324,0.05224185064435005,-0.0011978993425145745,1.5190767044259701e-05,3.3126787457149476e-05,0.0007282468723133206,0.5110751986503601,0.019352886825799942,-0.0011373969027772546,0.0002599646686576307,0,0,1,0,0,0,0,0,1,0,14
0.47066617012023926,0.02451668307185173,0.007088745478540659,0.0004499437636695802,0.686516284942627,0.01832517795264721,0.635278046131134,0.05001300573348999,-0.001342560164630413,1.5190767044259701e-05,3.3126787457149476e-05,0.0007282468723133206,0.512976884841919,0.01938464865088463,0.0033403143752366304,0.00011604368046391755,0,0,0,0,0,0,0,0,1,0,10
0.47857144474983215,0.02479574829339981,0.00853924173861742,0.00010238309914711863,0.7353509068489075,0.016916172578930855,0.31821855902671814,0.047884467989206314,-0.0014593860832974315,1.5190767044259701e-05,3.3126787457149476e-05,0.0007282468723133206,0.5171720385551453,0.01956077106297016,0.004899852443486452,6.843126902822405e-05,0,0,0,0,0,0,0,0,1,0,6
0.48769044876098633,0.024625370278954506,0.00932251662015915,-0.000313052732963115,0.7782688140869141,0.01544781681150198,0.22977229952812195,0.038351740688085556,-0.001466547604650259,1.5720610463176854e-05,5.189938019611873e-05,0.0006694592302665114,0.522906482219696,0.01954943872988224,0.006412407848984003,-2.3157403120421804e-05,0,0,0,0,0,1,0,0,1,0,16
0.4973367750644684,0.024296559393405914,0.010079631581902504,-0.0003523447667248547,0.8160087466239929,0.013935022987425327,0.34212058782577515,0.037235695868730545,-0.0015475265681743622,1.5720610463176854e-05,5.189938019611873e-05,0.0006694592302665114,0.5301833748817444,0.019492853432893753,0.007919376716017723,-8.158006676239893e-05,0,0,0,0,0,1,0,0,1,0,6
0.5079355835914612,0.023919517174363136,0.010982074774801731,-0.0004072315350640565,0.8526196479797363,0.01235216110944748,0.2923710346221924,0.03609655052423477,-0.0016090241260826588,1.5720610463176854e-05,5.189938019611873e-05,0.0006694592302665114,0.5389492511749268,0.019356131553649902,0.009260879829525948,-0.00015874499513301998,0,0,0,0,0,1,0,0,1,0,15
0.5193825364112854,0.02350546233355999,0.011791478842496872,-0.0004369288799352944,0.8880336284637451,0.010719104669988155,0.08873947709798813,0.034474533051252365,-0.0016369763761758804,1.5879806596785784e-05,5.5014013923937455e-05,0.000655429728794843,0.548791766166687,0.019160624593496323,0.010134300217032433,-0.00019537200569175184,0,0,0,0,0,1,0,0,0,0,0
0.531538188457489,0.02305544726550579,0.01242564246058464,-0.00047579509555362165,0.9189946055412292,0.009135186672210693,0.1970592737197876,0.03060407005250454,-0.0015965120401233435,1.6910005797399208e-05,7.558134529972449e-05,0.0005599790019914508,0.5595114231109619,0.018924038857221603,0.010962335392832756,-0.00023698032600805163,0,0,0,0,0,1,0,0,0,0,18
0.5442538261413574,0.022572698071599007,0.012922505848109722,-0.0004972070455551147,0.9491629600524902,0.007527231238782406,0.12437672913074493,0.029802054166793823,-0.00161542440764606,1.6910005797399208e-05,7.558134529972449e-05,0.0005599790019914508,0.571071982383728,0.018636202439665794,0.01179507002234459,-0.0002876136568374932,0,0,0,0,0,1,0,0,0,0,18
0.5573897361755371,0.022072141990065575,0.013291088864207268,-0.0005166983464732766,0.9770146608352661,0.005961659364402294,0.13246825337409973,0.027338888496160507,-0.0015582697233185172,1.8413615180179477e-05,0.00010162607213715091,0.0004049440030939877,0.5832786560058594,0.018309110775589943,0.012367603369057178,-0.0003295195638202131,0,0,0,0,0,1,0,0,0,0,15
0.57084059715271,0.021553516387939453,0.013569080270826817,-0.000532200385350734,1.0030027627944946,0.004454268608242273,0.11890153586864471,0.0249708853662014,-0.001461904845200479,2.0316900190664455e-05,0.00014185297186486423,7.092983287293464e-05,0.59599369764328,0.017938833683729172,0.012871826998889446,-0.0003768768219742924,0,0,0,0,0,1,0,0,0,0,6
