lt_dp_posx,lt_dp_posy,lt_dp_velx,lt_dp_vely,ball_posx,ball_posy,ball_posz,ball_vel_x,ball_vel_y,ball_rot_x,ball_rot_y,ball_rot_z,rt_gk_posx,rt_gk_posy,rt_gk_velx,rt_gk_vely,action_left,action_top_left,action_top,action_top_right,action_right,action_bottom_right,action_bottom,action_bottom_left,action_sprint,action_dribble,sel_action
-1.0110293626785278,-0.0,0.0,-0.0,0.019999999552965164,-0.0,0.11061639338731766,-0.0,0.0,0.0,-0.0,0.0,1.0110293626785278,0.0,-0.0,0.0,0,0,0,0,0,0,0,0,0,0,5
0.0,-0.0,0.0,-0.0,0.019999999552965164,-0.0,0.11059734225273132,-0.0,0.0,0.0,-0.0,0.0,1.0110293626785278,0.0,-0.0,0.0,0,0,0,0,1,0,0,0,0,0,5
0.0015068008797243237,9.178596077630274e-11,0.003586257342249155,2.5862914240781798e-11,0.019999999552965164,-0.0,0.10930104553699493,-0.0,0.0,0.0,-0.0,0.0,1.010831356048584,-1.6282759862651375e-11,-0.0013190157478675246,-1.0749517942443276e-10,0,0,0,0,1,0,0,0,0,0,5
0.004647698253393173,-1.8393966350060964e-09,0.0052653769962489605,-3.529589953643608e-10,0.019999999552965164,-0.0,0.11075475811958313,-0.0,0.0,0.0,-0.0,0.0,1.007331371307373,-2.398646004042604e-10,-0.004367968533188105,-2.258610104499681e-10,0,0,0,0,1,0,0,0,0,0,13
0.00921948254108429,-4.4786250263939564e-09,0.0068116821348667145,-3.289779004767013e-10,0.023587318137288094,-3.7949368647538506e-10,0.12494253367185593,0.008816434070467949,-9.333416262080618e-10,1.3980587521000842e-12,2.182822754548397e-06,-3.348624112373133e-12,1.0020980834960938,-4.0725670058527896e-10,-0.0059268055483698845,-1.0273589617915135e-10,0,0,0,0,1,0,0,0,1,0,18
0.016810275614261627,-4.649700624526076e-09,0.008202947676181793,-8.509173921034119e-11,0.031988270580768585,-1.270523131147172e-09,0.11617613583803177,0.008016404695808887,-8.517485050596463e-10,1.0933376599908673e-11,4.324937253841199e-05,-1.3775852203759542e-12,0.9953674674034119,-4.284708698953921e-11,-0.007369237951934338,6.019975629101282e-10,0,0,0,0,1,0,0,0,1,0,5
0.025697514414787292,-4.789135754634799e-09,0.009418541565537453,-1.1534930649537145e-10,0.03977688029408455,-2.098122120486323e-09,0.1151169091463089,0.0075969030149281025,-8.072302826178657e-10,1.1276890012068552e-11,4.4938005885342136e-05,0.0,0.9872784614562988,3.9502753845788163e-10,-0.008651789277791977,2.8242375105236306e-10,0,0,0,0,1,0,0,0,1,0,5
0.034604333341121674,-6.091731563628855e-09,0.009487872011959553,-2.184463998577968e-10,0.047142188996076584,-2.8807436436295575e-09,0.10721039026975632,0.007172056473791599,-7.620865605240112e-10,1.0646337110509219e-11,4.242529030307196e-05,-2.7773041947853277e-18,0.9781137704849243,6.637131955145037e-10,-0.009335489943623543,9.026459579786206e-10,0,0,0,0,1,0,0,0,1,0,13
0.04265647009015083,-8.25622059608122e-09,0.009879695251584053,-1.2069095722821999e-10,0.05483473464846611,2.9161387828935403e-06,0.1180512085556984,0.014280533418059349,2.9196851755841635e-05,3.3859953418868827e-07,2.3360701106867054e-06,2.8937307661180967e-07,0.968501091003418,1.3858348912876295e-09,-0.010017086751759052,5.861875429502561e-10,0,0,0,0,1,0,0,0,1,0,16
0.05302297696471214,7.257288814344065e-08,0.010675630532205105,8.091230370155245e-07,0.06872721761465073,3.095563442911953e-05,0.14384114742279053,0.013800550252199173,2.7824336939374916e-05,2.8538838137137645e-07,8.17432828625897e-06,3.5968724887425196e-07,0.9580104947090149,1.7598232870952302e-09,-0.010855057276785374,1.9253328098489675e-10,0,0,0,0,1,0,0,0,1,0,16
0.06378472596406937,5.073029115010286e-06,0.01101673487573862,8.287733180623036e-06,0.08208196610212326,5.7422937970841303e-05,0.12317598611116409,0.012641318142414093,2.4203960492741317e-05,-2.5629450561837075e-08,4.159415402682498e-05,4.4029320633853786e-07,0.9471069574356079,3.8261313761722704e-07,-0.010882405564188957,8.196109320124378e-07,0,0,0,0,1,0,0,0,1,0,5
0.07522019743919373,1.7372460206388496e-05,0.011754298582673073,1.57996346388245e-05,0.09433247894048691,8.060032996581867e-05,0.11358174681663513,0.01189576555043459,2.2281425117398612e-05,-3.129035803794977e-07,7.052490400383249e-05,0.0,0.9358362555503845,1.8224035329694743e-06,-0.01156821008771658,1.92587276615086e-06,0,0,0,0,1,0,0,0,1,0,18
0.08732923120260239,3.559710967238061e-05,0.012389439158141613,1.9662242266349494e-05,0.10589689761400223,0.0001022617143462412,0.11358577013015747,0.011285535991191864,2.1139008822501637e-05,-2.953090927348967e-07,6.675743497908115e-05,-4.554564597648511e-14,0.9239458441734314,4.224498297844548e-06,-0.012150231748819351,2.636869794514496e-06,0,0,0,0,1,0,0,0,1,0,16
0.10000831633806229,5.813370080431923e-05,0.012895552441477776,2.5228871891158633e-05,0.1168375015258789,0.00012275461631361395,0.11179311573505402,0.010660222731530666,1.9967737898696214e-05,-2.789444408790587e-07,6.30580325378105e-05,4.55379989630373e-14,0.911514401435852,7.171106517489534e-06,-0.012642495334148407,3.2376062790717697e-06,0,0,0,0,1,0,0,0,1,0,5
0.1131187379360199,-0.00041438761400058866,0.013238980434834957,2.6214351237285882e-05,0.127165287733078,0.00014209968503564596,0.1106850877404213,0.01005903072655201,1.8841637938749045e-05,-2.6321450263822044e-07,5.9502122894627973e-05,2.2765526646434907e-14,0.8986548185348511,1.0771070265036542e-05,-0.013021862134337425,3.890610969392583e-06,0,0,0,0,1,0,0,0,1,0,18
0.12635774910449982,-0.002255071420222521,0.013238980434834957,1.4298983842309099e-05,0.1375458687543869,0.0001320565352216363,0.11983069032430649,0.01586630567908287,-0.00026515196077525616,-2.488889379037573e-07,6.2115859691402875e-06,-4.6717417490071966e-07,0.8854668736457825,1.4476749129244126e-05,-0.013312171213328838,3.4674499147513416e-06,0,0,0,0,1,0,0,0,1,0,16
0.13959680497646332,-0.002247326076030731,0.013238980434834957,2.38311622524634e-06,0.15305915474891663,-0.00012679513019975275,0.15820355713367462,0.015416419133543968,-0.0002572067314758897,-6.124368923110524e-08,1.037153742800001e-05,-7.9782086004343e-07,0.8720289468765259,1.761494240781758e-05,-0.013532358221709728,2.875012796721421e-06,0,0,0,0,1,0,0,0,1,0,0
0.15297724306583405,-0.00221651210449636,0.013511145487427711,7.763576286379248e-05,0.16824308037757874,-0.0003799065889324993,0.11589778959751129,0.014439819380640984,-0.0002394308685325086,1.0349357353334199e-06,3.4548211260698736e-05,-1.885548044811003e-06,0.8584014177322388,1.6230560504482128e-05,-0.013698549941182137,-1.026451718644239e-05,0,0,0,0,1,0,0,0,1,0,16
0.1666184663772583,-0.002057071775197983,0.01373694185167551,0.0002257312007714063,0.18215732276439667,-0.0006100120372138917,0.11780847609043121,0.01357574574649334,-0.00022415487910620868,1.9003720126420376e-06,5.351539948605932e-05,-1.703185262158513e-06,0.8446311950683594,-8.24043218017323e-06,-0.013823368586599827,-3.5628465411718935e-05,0,0,0,0,1,0,0,0,1,0,16
0.18045149743556976,-0.0017795164603739977,0.013905763626098633,0.00027733450406230986,0.19522371888160706,-0.0008253990090452135,0.11213431507349014,0.012754657305777073,-0.00021019720588810742,2.936604914793861e-06,7.545232074335217e-05,0.0,0.8307540416717529,-5.646715726470575e-05,-0.013917334377765656,-5.481362677528523e-05,0,0,0,0,1,0,0,0,1,0,18
0.19443152844905853,-0.0015376561786979437,0.014034965075552464,0.00021265882242005318,0.20758728682994843,-0.0010291507933288813,0.11327002942562103,0.012048687785863876,-0.0001985628332477063,2.7738497010432184e-06,7.127051503630355e-05,-3.6444458562101545e-13,0.8167966604232788,-0.00011050394095946103,-0.013986756093800068,-5.3386840590974316e-05,0,0,0,0,1,0,0,0,1,0,16
0.20851831138134003,-0.0013590336311608553,0.014121806249022484,0.0001510008587501943,0.21926584839820862,-0.0012216140748932958,0.11138089001178741,0.011377200484275818,-0.00018749675655271858,2.619237420731224e-06,6.729795131832361e-05,-3.643744106354013e-13,0.8027791976928711,-0.0001630663755349815,-0.01404004916548729,-5.1877454097848386e-05,0,0,0,0,1,0,0,0,1,0,13
0.22261670231819153,-0.001244422048330307,0.01412188820540905,8.807786070974544e-05,0.23028720915317535,-0.0014032467734068632,0.11085904389619827,0.010732913389801979,-0.00017687883519101888,2.4709320314286742e-06,6.348743045236915e-05,-3.6431087638809367e-13,0.7887169718742371,-0.0002152338420273736,-0.014079318381845951,-5.286369560053572e-05,0,0,0,0,1,0,0,0,1,0,16
0.23646889626979828,-0.0011920182732865214,0.013533059507608414,2.41154612012906e-05,0.2456754744052887,-0.0014012681785970926,0.16133414208889008,0.015794435515999794,2.145301186828874e-05,8.989543971438252e-07,1.2277509085834026e-05,-9.624620815884555e-07,0.7746214270591736,-0.0002689770481083542,-0.014108069241046906,-5.4458752856589854e-05,0,0,0,0,1,0,0,0,1,0,16
0.2498033046722412,-9.956150279322173e-06,0.013312626630067825,4.270002591511002e-06,0.26135188341140747,-0.001379963825456798,0.12239547818899155,0.015528475865721703,2.097509968734812e-05,8.827175292935863e-07,1.3362018762563821e-05,-9.203164381688111e-07,0.7605010867118835,-0.00032278988510370255,-0.01412910595536232,-4.9983504140982404e-05,0,0,0,0,1,0,0,0,1,0,16
0.26311567425727844,0.0010158426593989134,0.013312522321939468,1.8982938172484864e-06,0.2766950726509094,-0.0012384018627926707,0.16264529526233673,0.015833983197808266,0.00026476357015781105,4.045758146276057e-07,-7.784857984916016e-07,1.810828109682916e-07,0.7463622093200684,-0.0003653080202639103,-0.014145934954285622,-3.640312570496462e-05,0,0,0,0,1,0,0,0,1,0,18
0.2764469087123871,0.0010145927080884576,0.01340525969862938,-1.1444127267168369e-05,0.2924172878265381,-0.0009755141218192875,0.16224020719528198,0.015631580725312233,0.0002613749820739031,4.045758146276057e-07,-7.784857984916016e-07,1.810828109682916e-07,0.7322092652320862,-0.00039422346162609756,-0.014158557169139385,-2.2784428438171744e-05,0,0,0,0,1,0,0,0,1,0,16
0.28999900817871094,0.0009454074897803366,0.013660508207976818,-0.00012819722178392112,0.3075619339942932,-0.0007227647583931684,0.12772506475448608,0.014215420000255108,0.00023610754578839988,-8.711110695003299e-07,2.8503587600425817e-05,1.8580633422971005e-06,0.7180455327033997,-0.0003998148313257843,-0.014167673885822296,8.479491953039542e-06,0,0,0,0,1,0,0,0,1,0,6
0.3037671744823456,0.0007427780656144023,0.013847561553120613,-0.0002616650890558958,0.32154786586761475,-0.0004906372632831335,0.12039761245250702,0.013779982924461365,0.00022855809947941452,-1.15312616344454e-06,3.4955981391249225e-05,1.943094730449957e-06,0.7038742899894714,-0.000374125549569726,-0.01417398452758789,3.9773713069735095e-05,0,0,0,0,0,1,0,0,1,0,16
0.31769633293151855,0.0004870215489063412,0.01399061270058155,-0.00022997830819804221,0.3346708118915558,-0.00027354355552233756,0.1164609044790268,0.01277528703212738,0.0002111823414452374,-2.950486987174372e-06,7.55769870011136e-05,-7.290503921050795e-13,0.6896975040435791,-0.0003242303791921586,-0.014178893528878689,5.079985930933617e-05,0,0,0,0,0,1,0,0,1,0,6
0.331005722284317,0.0011494916398078203,0.013769358396530151,-2.5287056359957205e-06,0.3470659852027893,-6.864478200441226e-05,0.11196406930685043,0.012087225914001465,0.00019980838987976313,-2.791191036521923e-06,7.149697921704501e-05,0.0,0.6755164265632629,-0.00027480637072585523,-0.014183100312948227,4.829731915378943e-05,0,0,0,0,0,1,0,0,1,0,12
0.343992680311203,0.002051474992185831,0.013251515105366707,0.00016776996199041605,0.35993289947509766,0.001410793629474938,0.1414707452058792,0.014295553788542747,0.003377909306436777,3.6201531656843144e-06,1.6110021533677354e-05,1.747987153066788e-05,0.6613323092460632,-0.0002269269316457212,-0.014185204170644283,5.219327795202844e-05,0,0,0,0,0,1,0,0,1,0,12
0.35664716362953186,0.0030108271166682243,0.012411089614033699,0.0017083825077861547,0.3741321265697479,0.004765545949339867,0.14572745561599731,0.014120426028966904,0.0033360456582158804,3.6201531656843144e-06,1.6110021533677354e-05,1.747987153066788e-05,0.6471462845802307,-0.000158507187734358,-0.01418730802834034,8.169681677827612e-05,0,0,0,0,0,1,0,0,1,0,4
0.3686903715133667,0.00536990026012063,0.011754386126995087,0.0025439239107072353,0.3877127170562744,0.007950364612042904,0.12847748398780823,0.012907400727272034,0.0029943150002509356,-1.9653643903438933e-05,4.709620407084003e-05,2.593614954093937e-05,0.6329588890075684,-6.058157669031061e-05,-0.014188009314239025,0.00011120404087705538,0,0,0,1,0,0,0,0,1,0,12
0.38063958287239075,0.007941660471260548,0.012175826355814934,0.0025966877583414316,0.4003185033798218,0.01086661871522665,0.11383721232414246,0.012260661460459232,0.002826480660587549,-3.96756840927992e-05,7.276588439708576e-05,-5.831552688656538e-12,0.6187822818756104,0.0002907048910856247,-0.014155752956867218,0.0006379965343512595,0,0,0,1,0,0,0,0,1,0,12
0.3930582106113434,0.01053943857550621,0.012602174654603004,0.002592245815321803,0.41223710775375366,0.013614283874630928,0.1145234927535057,0.011627135798335075,0.002680468373000622,-3.744481728062965e-05,6.87763313180767e-05,0.0,0.6046772003173828,0.0012855633394792676,-0.014052671380341053,0.0012861270224675536,0,0,0,1,0,0,0,0,1,0,15
0.4058433175086975,0.013131891377270222,0.01291036605834961,0.002614091383293271,0.4235176146030426,0.016214843839406967,0.11012726277112961,0.010995800606906414,0.002534921746701002,-3.541342812241055e-05,6.504524208139628e-05,5.829382115907222e-12,0.5907078981399536,0.0029044959228485823,-0.013905413448810577,0.0018446889007464051,0,0,0,1,0,0,0,0,0,0,5
0.41887056827545166,0.015787649899721146,0.013112671673297882,0.002689053537324071,0.43417030572891235,0.01867065578699112,0.1092800721526146,0.010378990322351456,0.00239272671751678,-3.3426618756493554e-05,6.139596371212974e-05,2.9142209478916214e-12,0.5768824219703674,0.0049851140938699245,-0.013755349442362785,0.0022729546763002872,0,0,0,0,1,0,0,0,0,0,11
0.4313332438468933,0.018854429945349693,0.012128785252571106,0.002367679262533784,0.44422322511672974,0.020988212898373604,0.1111873909831047,0.009792407974600792,0.0022574984468519688,-3.153680154355243e-05,5.79248444410041e-05,-8.741396495537401e-12,0.5632241368293762,0.0074912551790475845,-0.013574081473052502,0.002696083392947912,0,0,0,0,1,0,0,0,0,0,12
0.44232872128486633,0.021151652559638023,0.009950820356607437,0.001550733228214085,0.4714450538158417,0.022624004632234573,0.18555404245853424,0.06803930550813675,0.0002716786984819919,-1.2660430911637377e-05,3.371702041476965e-05,0.0009426269680261612,0.5498420000076294,0.010560445487499237,-0.01321294717490673,0.0033717264886945486,0,0,0,0,1,0,0,0,0,0,7
0.45092499256134033,0.02241808921098709,0.008052587509155273,0.0012385788140818477,0.5375086665153503,0.022711139172315598,0.3088119626045227,0.06449372321367264,-6.246766133699566e-05,-1.2660430911637377e-05,3.371702041476965e-05,0.0009426269680261612,0.5368648767471313,0.014294485561549664,-0.012772574089467525,0.004027135204523802,0,0,0,0,0,0,1,0,0,0,14
0.4582533836364746,0.023478161543607712,0.006899062544107437,0.000570550502743572,0.6001853346824646,0.02246979996562004,0.24893949925899506,0.061227425932884216,-0.00038587479502893984,-1.2660430911637377e-05,3.371702041476965e-05,0.0009426269680261612,0.5248251557350159,0.018345186486840248,-0.01088626217097044,0.003702361136674881,0,0,0,0,0,0,0,0,0,0,16
0.46484607458114624,0.02402336150407791,0.006132967304438353,0.0005071813357062638,0.6576902866363525,0.021968867629766464,0.1477147936820984,0.051450375467538834,-0.0004984623519703746,-1.1031128451577388e-05,5.5717631767038256e-05,0.0008653765544295311,0.5161761045455933,0.021278655156493187,-0.00653968146070838,0.002212587045505643,0,0,0,0,0,0,0,0,0,0,7
0.4713142216205597,0.024524539709091187,0.007084888406097889,0.0004758389841299504,0.7079898715019226,0.02134784497320652,0.13573987782001495,0.04936012998223305,-0.0007200164836831391,-1.1031128451577388e-05,5.5717631767038256e-05,0.0008653765544295311,0.51262366771698,0.02253798022866249,-0.0009210670832544565,0.0007049318519420922,0,0,0,0,0,0,1,0,0,0,16
0.4792131781578064,0.02487499825656414,0.008533982560038567,0.00021762825781479478,0.7525114417076111,0.02065141871571541,0.10575206577777863,0.04130002483725548,-0.0006879973225295544,-7.1652602855465375e-06,9.319141827290878e-05,0.0006990500260144472,0.5148124098777771,0.02323680743575096,0.0037291471380740404,0.0005892731714993715,0,0,0,0,0,0,1,0,0,0,12
0.48824888467788696,0.024891231209039688,0.009244747459888458,-9.414026135345921e-05,0.7897894382476807,0.02002791315317154,0.1079152524471283,0.03476593270897865,-0.000587725720833987,1.1890971336470102e-06,0.00015858409460633993,0.0003268697182647884,0.5198581218719482,0.023630162701010704,0.005657938774675131,0.0002463507989887148,0,0,0,0,0,0,1,0,0,0,3
0.49781426787376404,0.024783562868833542,0.010066157206892967,-0.00012325626448728144,0.8223133683204651,0.019477451220154762,0.1090681403875351,0.03094344586133957,-0.0005227955989539623,7.30279407434864e-06,0.00018302525859326124,-1.1779149704238545e-11,0.5266859531402588,0.02367290109395981,0.007341539021581411,-1.2839106489082042e-07,0,0,1,0,0,0,0,0,0,0,15
0.5083966851234436,0.024645423516631126,0.010985022410750389,-0.00015676252951379865,0.8516344428062439,0.018982063978910446,0.10932809114456177,0.028068844228982925,-0.00047422884381376207,6.6244983827346005e-06,0.00016602552204858512,2.93864368602903e-12,0.5349669456481934,0.023630263283848763,0.008641603402793407,-6.44342799205333e-05,0,0,1,0,0,0,0,0,0,0,4
0.5198253989219666,0.024485986679792404,0.011786851100623608,-0.00017094347276724875,0.878333568572998,0.01853097788989544,0.10950107127428055,0.025636443868279457,-0.000433132954640314,6.050507636246039e-06,0.00015163992065936327,0.0,0.5444080233573914,0.02352043427526951,0.009687954559922218,-0.00013038000906817615,0,0,0,1,0,0,0,0,0,0,4
0.5319641828536987,0.02430911362171173,0.012423335574567318,-0.0001910732826218009,0.9027965068817139,0.018117671832442284,0.10962456464767456,0.023548441007733345,-0.0003978558233939111,5.557768417929765e-06,0.00013929069973528385,-1.4651136207022297e-12,0.5545750260353088,0.023378869518637657,0.010361695662140846,-0.0001456528843846172,0,0,0,1,0,0,0,0,0,0,12
0.5446571707725525,0.024115538224577904,0.012913385406136513,-0.00020113120262976736,0.9253267049789429,0.017737019807100296,0.10971424728631973,0.021733742207288742,-0.00036719616036862135,5.129508281243034e-06,0.00012855751265306026,-1.463636286822001e-12,0.5655550360679626,0.02321946620941162,0.011155256070196629,-0.0001630561746424064,0,0,0,1,0,0,0,0,0,0,8
0.5577825307846069,0.023913664743304253,0.013289829716086388,-0.00021226222452241927,0.9461672902107239,0.01738491654396057,0.10978037863969803,0.020139504224061966,-0.00034026100183837116,4.753268513013609e-06,0.00011912809713976458,1.46243802658097e-12,0.5773511528968811,0.02304336428642273,0.011980005539953709,-0.00017877407663036138,0,0,0,0,0,0,0,1,0,0,13
0.5712305903434753,0.023700887337327003,0.01357339695096016,-0.00022190382878761739,0.9655157923698425,0.01705802045762539,0.10982981324195862,0.018725568428635597,-0.00031637228676117957,4.419573542691069e-06,0.00011076490045525134,-1.4614528120668324e-12,0.5897489190101624,0.022855138406157494,0.012514415197074413,-0.0001899070484796539,0,0,0,0,0,0,0,1,1,0,18
0.5849180221557617,0.02348514460027218,0.013782761059701443,-0.00022334125242196023,0.983534574508667,0.01675359159708023,0.10986725240945816,0.01746094971895218,-0.0002950061170849949,4.121111942367861e-06,0.00010328480129828677,-1.4606331552244334e-12,0.6026199460029602,0.022657301276922226,0.01300421729683876,-0.00020005513215437531,0,0,0,0,0,0,0,1,1,0,5
0.5987870097160339,0.023262515664100647,0.013939999043941498,-0.00022936197638045996,1.000359296798706,0.016469337046146393,0.10989591479301453,0.01632128655910492,-0.0002757513721007854,3.852139798254939e-06,9.654370660427958e-05,-7.299720723719094e-13,0.6158638000488281,0.02245156280696392,0.013302749022841454,-0.00020594177476596087,0,0,0,0,1,0,0,0,1,0,16
