lt_dp_posx,lt_dp_posy,lt_dp_velx,lt_dp_vely,ball_posx,ball_posy,ball_posz,ball_vel_x,ball_vel_y,ball_rot_x,ball_rot_y,ball_rot_z,rt_gk_posx,rt_gk_posy,rt_gk_velx,rt_gk_vely,action_left,action_top_left,action_top,action_top_right,action_right,action_bottom_right,action_bottom,action_bottom_left,action_sprint,action_dribble,sel_action
-1.0110293626785278,-0.0,0.0,-0.0,0.019999999552965164,-0.0,0.11061639338731766,0.0,-0.0,0.0,-0.0,0.0,1.0110293626785278,0.0,-0.0,0.0,0,0,0,0,0,0,0,0,0,0,5
0.0,-0.0,0.0,-0.0,0.019999999552965164,-0.0,0.11059734225273132,0.0,-0.0,0.0,-0.0,0.0,1.0110293626785278,0.0,-0.0,0.0,0,0,0,0,1,0,0,0,0,0,5
0.00032308624940924346,5.012149029148816e-11,0.0019679905381053686,1.5585761847791701e-10,0.019999999552965164,-0.0,0.10930104553699493,0.0,-0.0,0.0,-0.0,0.0,1.0097103118896484,-1.053061197270333e-11,-0.0033988673239946365,-2.5076950932456654e-11,0,0,0,0,1,0,0,0,0,0,5
0.00346941570751369,-6.651652839639866e-11,0.004606739617884159,-1.0011581147439941e-10,0.019999999552965164,-0.0,0.11075475811958313,0.0,-0.0,0.0,-0.0,0.0,1.005424976348877,-3.4275877275335986e-11,-0.0050032841973006725,-2.029609813547495e-11,0,0,0,0,1,0,0,0,0,0,13
0.0072206053882837296,-1.5883747650491387e-09,0.006202893331646919,-3.5571864898109595e-10,0.020900558680295944,-4.999721470166918e-11,0.11566377431154251,0.009005608968436718,-4.999721747722674e-10,-1.3729235847151355e-12,-1.2968798728252295e-05,-5.856774483795069e-13,0.9995788931846619,-4.5175412022313566e-11,-0.0065179429948329926,-1.7381629989488001e-12,0,0,0,0,1,0,0,0,1,0,18
0.014238657429814339,-1.8248648148144753e-09,0.007660851813852787,-9.95643775758559e-11,0.02951611578464508,-5.276450387725617e-10,0.11027590185403824,0.008348003029823303,-4.624153560062183e-10,-4.771135309750152e-12,-3.732015466084704e-05,-1.223029815443366e-12,0.9922854900360107,5.619938958645321e-10,-0.007902874611318111,5.09649544788715e-10,0,0,0,0,1,0,0,0,1,0,13
0.02262367494404316,-1.9539567741588826e-09,0.008950777351856232,-1.8719571726055761e-10,0.03758316487073898,-9.743351681024137e-10,0.107444629073143,0.00787985511124134,-4.363154837427885e-10,-6.095439691183868e-12,-4.661308048525825e-05,0.0,0.9837011694908142,8.923081717959747e-10,-0.009114601649343967,1.7078014002969155e-10,0,0,0,0,1,0,0,0,1,0,13
0.03205844387412071,-2.2025756774013416e-09,0.009951052255928516,-2.721601000121865e-10,0.045222748070955276,-1.3973463497407579e-09,0.11318864673376083,0.007444428279995918,-4.1220543645081875e-10,-5.758455344506697e-12,-4.403610364533961e-05,-1.7358997268078575e-18,0.9743693470954895,1.0541986172896145e-09,-0.009437869302928448,1.939365196212961e-10,0,0,0,0,1,0,0,0,1,0,0
0.04024920240044594,-3.132879511369424e-09,0.009588802233338356,-1.5734924474486434e-10,0.052430372685194016,-1.7964403298265097e-09,0.11169138550758362,0.007014590781182051,-3.8840500260484134e-10,-5.4259240329923575e-12,-4.1493152821203694e-05,0.0,0.9644050598144531,1.2029449658612634e-09,-0.010371208190917969,1.0043640225054773e-10,0,0,0,0,1,0,0,0,1,0,5
0.049514032900333405,-3.5913427787193086e-09,0.010337285697460175,-9.28635154884283e-11,0.06368239969015121,1.768489892128855e-05,0.1434321403503418,0.014048906974494457,2.9327509764698334e-05,3.8005308056199283e-07,-4.279286440578289e-05,-2.459872305848876e-08,0.9536177515983582,2.1188782284298213e-08,-0.010990395210683346,1.3284903843668872e-07,0,0,0,0,1,0,0,0,1,0,5
0.060139648616313934,1.8403250123810722e-06,0.010675542056560516,5.268630502541782e-06,0.07761934399604797,4.679743142332882e-05,0.11461465060710907,0.01373550295829773,2.8797894628951326e-05,3.8255660683716997e-07,-4.697274198406376e-05,-1.9977946408289426e-08,0.9426805973052979,5.121694357512752e-07,-0.011172715574502945,8.087536116363481e-07,0,0,0,0,1,0,0,0,1,0,18
0.07119016349315643,1.1092251043010037e-05,0.01140530500560999,1.2710568626062013e-05,0.09079436212778091,7.479307532776147e-05,0.11870206892490387,0.012912080623209476,2.7478703486849554e-05,3.8390263057408447e-07,-7.638469833182171e-05,1.3670283709275172e-13,0.9311493039131165,1.6557522712901118e-06,-0.011804524809122086,1.4270887049860903e-06,0,0,0,0,1,0,0,0,1,0,18
0.08297347277402878,2.8337686671875417e-05,0.012080897577106953,1.9659955796669237e-05,0.10333219915628433,0.00010147530701942742,0.10670075565576553,0.01223208848387003,2.6031579182017595e-05,3.636766336967412e-07,-7.236035889945924e-05,-4.555806686762365e-14,0.9190320372581482,3.396196916582994e-06,-0.012362704612314701,2.1055088836874347e-06,0,0,0,0,1,0,0,0,1,0,0
0.09538528323173523,5.008978769183159e-05,0.012659587897360325,2.408994987490587e-05,0.1151905283331871,0.00012671145668718964,0.11036428809165955,0.011557010933756828,2.459492316120304e-05,3.435936264395423e-07,-6.836446846136823e-05,-9.10982105180834e-14,0.9064158201217651,6.186058271850925e-06,-0.012806584127247334,3.3677865758363623e-06,0,0,0,0,1,0,0,0,1,0,16
0.10829773545265198,7.790386734995991e-05,0.013101013377308846,3.0926592444302514e-05,0.12638430297374725,0.00015053334936965257,0.11027523875236511,0.010902435518801212,2.3201893782243133e-05,3.241272565901454e-07,-6.44912724965252e-05,-4.5540909368244065e-14,0.8934142589569092,1.01562300187652e-05,-0.013147382065653801,4.285107479518047e-06,0,0,0,0,1,0,0,0,1,0,5
0.12107253074645996,4.833556886296719e-05,0.013405117206275463,3.234649921068922e-05,0.13694272935390472,0.00017300312174484134,0.10931479185819626,0.010283277370035648,2.1884234229219146e-05,3.057226081182307e-07,-6.0829326685052365e-05,4.5533601167975155e-14,0.8801179528236389,1.4807405023020692e-05,-0.013407538644969463,4.9649465836409945e-06,0,0,0,0,1,0,0,0,1,0,13
0.13190044462680817,-0.0006368888425640762,0.013405021280050278,1.886921927507501e-05,0.14690251648426056,0.00019419896125327796,0.11076351255178452,0.009700190275907516,2.064334876195062e-05,2.8838087473559426e-07,-5.737884566769935e-05,-4.552710273120382e-14,0.8665978312492371,2.0135210434091277e-05,-0.013604585081338882,5.619740932161221e-06,0,0,0,0,1,0,0,0,1,0,5
0.1448391079902649,-0.0007539879879914224,0.013405084609985352,5.3909761845716275e-06,0.1617206186056137,0.00010312662925571203,0.15310484170913696,0.015286575071513653,-0.00010265957826049998,-2.539984222948988e-07,-5.070270344731398e-05,-1.7531175444673863e-07,0.852908194065094,2.462775410094764e-05,-0.013753245584666729,3.3847616123239277e-06,0,0,0,0,1,0,0,0,1,0,18
0.15825243294239044,-0.0007463383954018354,0.013516930863261223,2.013171797443647e-05,0.17682819068431854,1.887044277282257e-06,0.11548401415348053,0.014662185683846474,-9.695854532765225e-05,-9.77895410869678e-07,-7.442843343596905e-05,-2.8405028729139303e-07,0.839091420173645,2.6703210096457042e-05,-0.01386404037475586,1.0238977665721904e-06,0,0,0,0,1,0,0,0,1,0,0
0.1719004213809967,-0.0006976640434004366,0.013745006173849106,7.279288547579199e-05,0.19111096858978271,-9.234718163497746e-05,0.11024405807256699,0.013999268412590027,-9.234229946741834e-05,-1.2901400623377413e-06,-8.281839836854488e-05,-1.8233578167291264e-13,0.8251792788505554,2.5159033611998893e-05,-0.013947486877441406,-4.977116986992769e-06,0,0,0,0,1,0,0,0,1,0,18
0.1857425719499588,-0.0006005394970998168,0.013914178125560284,0.00010483795631444082,0.20469215512275696,-0.00018193165306001902,0.10663392394781113,0.013257825747132301,-8.745156083023176e-05,-1.2217712992423913e-06,-7.842958439141512e-05,-1.8229063820495578e-13,0.8111956715583801,1.5514993719989434e-05,-0.014009896665811539,-1.3471953934640624e-05,0,0,0,0,1,0,0,0,1,0,5
0.19972923398017883,-0.0005085136508569121,0.014040224254131317,8.080671250354499e-05,0.21754300594329834,-0.0002666985965333879,0.11323954164981842,0.012522803619503975,-8.260317554231733e-05,-1.1539557362993946e-06,-7.40762916393578e-05,3.6449657311518613e-13,0.7971587181091309,-2.3943903215695173e-06,-0.014056879095733166,-2.028859125857707e-05,0,0,0,0,1,0,0,0,1,0,13
0.21382300555706024,-0.0004407565575093031,0.014133312739431858,5.725272058043629e-05,0.22967451810836792,-0.00034672088804654777,0.11170554161071777,0.011816355399787426,-7.794326666044071e-05,-1.0888479664572515e-06,-6.989682879066095e-05,0.0,0.7830818891525269,-2.26392294280231e-05,-0.014091940596699715,-2.02067330974387e-05,0,0,0,0,1,0,0,0,1,0,5
0.22587166726589203,0.00036432407796382904,0.014140954241156578,3.517978984746151e-05,0.24111799895763397,-0.0004222045827191323,0.1107015535235405,0.011142978444695473,-7.3501534643583e-05,-1.0268041705785436e-06,-6.591401324840263e-05,-1.8217545527665635e-13,0.7689753770828247,-4.2794588807737455e-05,-0.014117886312305927,-2.0111610865569673e-05,0,0,0,0,1,0,0,0,1,0,16
0.23895499110221863,0.0007103123934939504,0.013680142350494862,1.2762684491463006e-05,0.25524455308914185,-0.00035621534334495664,0.1510060876607895,0.015365071594715118,0.00012441920989658684,1.1187378134991377e-07,-5.391289232647978e-05,1.3733684056660422e-07,0.754846453666687,-6.15626631770283e-05,-0.01413752045482397,-1.7148366168839857e-05,0,0,0,0,1,0,0,0,1,0,16
0.25238698720932007,0.0007112564635463059,0.013462760485708714,-1.1371938853699248e-05,0.2704921364784241,-0.00023278775915969163,0.11839707940816879,0.015082411468029022,0.00012176639575045556,2.1638066982632154e-07,-5.623986362479627e-05,2.0750641738231934e-07,0.7407010793685913,-7.668277248740196e-05,-0.014151545241475105,-1.3458836292556953e-05,0,0,0,0,1,0,0,0,1,0,16
0.2659885585308075,0.0006667897687293589,0.013704510405659676,-7.47727244743146e-05,0.2849862575531006,-0.00011793016892625019,0.12017247825860977,0.0142111387103796,0.00011237598664592952,1.5700106814620085e-06,-8.40704160509631e-05,5.47047379183957e-13,0.7265433073043823,-8.692996925674379e-05,-0.014162063598632812,-5.048303137300536e-06,0,0,0,0,1,0,0,0,1,0,7
0.27979594469070435,0.00055693433387205,0.013883674517273903,-0.0001322085881838575,0.29878032207489014,-8.852267455949914e-06,0.11480221152305603,0.013474578969180584,0.00010655158257577568,1.4885908967698924e-06,-7.971055310918018e-05,5.469107155001152e-13,0.7123762965202332,-8.345763490069658e-05,-0.014170478098094463,1.0446297892485745e-05,0,0,0,0,0,0,1,0,1,0,7
0.29375654458999634,0.0004376764118205756,0.014017609879374504,-0.00010625187132973224,0.31183919310569763,9.441252768738195e-05,0.11213070154190063,0.012723908759653568,0.00010061560169560835,1.4055261772227823e-06,-7.526261470047757e-05,5.467787680957237e-13,0.6982024908065796,-6.448267959058285e-05,-0.014176088385283947,2.595449041109532e-05,0,0,0,0,0,0,1,0,1,0,6
0.30730998516082764,0.0007824735366739333,0.013886021450161934,-9.063905599759892e-05,0.3241681456565857,0.0001919053465826437,0.10892973840236664,0.012010348029434681,9.497308928985149e-05,1.3267979284137255e-06,-7.104688847903162e-05,0.0,0.6840238571166992,-3.834348899545148e-05,-0.014180295169353485,2.628981019370258e-05,0,0,0,0,0,1,0,0,1,0,6
0.3199927508831024,0.0019446236547082663,0.013446420431137085,0.0002907428133767098,0.3361169993877411,0.0006332275806926191,0.11905869096517563,0.014506425708532333,0.003583064302802086,1.3695636880584061e-05,-4.834404171560891e-05,-2.67847354962214e-07,0.6698414087295532,-1.1870269190694671e-05,-0.014183801598846912,2.6623014491633512e-05,0,0,0,0,0,1,0,0,1,0,12
0.3329111933708191,0.002611537231132388,0.012391805648803711,0.0014061847468838096,0.35035979747772217,0.004138241987675428,0.1491917073726654,0.014154843054711819,0.003482559695839882,1.7769474652595818e-05,-5.251765833236277e-05,2.782808905976708e-06,0.6556577682495117,0.00010249340994050726,-0.014179594814777374,0.0002771115396171808,0,0,0,0,0,1,0,0,1,0,12
0.34509626030921936,0.004815001040697098,0.011829418130218983,0.00267840176820755,0.3642462193965912,0.007541266735643148,0.1234356015920639,0.013465466909110546,0.0032738468144088984,4.38811766798608e-05,-7.795983401592821e-05,1.5165957165663713e-06,0.6414926648139954,0.0006089183734729886,-0.014148038811981678,0.0006939088343642652,0,0,0,0,0,1,0,0,1,0,12
0.356891006231308,0.007481246255338192,0.011972119100391865,0.002694978378713131,0.3774144947528839,0.010742496699094772,0.1138637363910675,0.012873014435172081,0.0031294526997953653,4.371179238660261e-05,-7.613701018271968e-05,-5.832576609188234e-12,0.627375066280365,0.0015270658768713474,-0.01409123931080103,0.0010799901792779565,0,0,0,0,0,1,0,0,1,0,12
0.3691186010837555,0.01019658800214529,0.012421958148479462,0.0027225064113736153,0.38992199301719666,0.013783077709376812,0.11460207402706146,0.012196498923003674,0.002964989747852087,4.141927638556808e-05,-7.214394281618297e-05,-5.831368807968085e-12,0.6133115291595459,0.0027541453018784523,-0.014037945307791233,0.0013472717255353928,0,0,0,0,0,1,0,0,1,0,6
0.3817408084869385,0.01291903480887413,0.012766263447701931,0.0027318461798131466,0.40175095200538635,0.016658710315823555,0.110049307346344,0.011526954360306263,0.0028022215701639652,3.914773333235644e-05,-6.818737892899662e-05,-1.7490708534295685e-11,0.5993080735206604,0.004247900564223528,-0.013972731307148933,0.0016134142642840743,0,0,0,0,0,1,0,0,1,0,12
0.3946343958377838,0.01569548062980175,0.012985398061573505,0.0028144230600446463,0.41291487216949463,0.019372668117284775,0.10923715680837631,0.010874759405851364,0.002643671352416277,3.6932393413735554e-05,-6.43287057755515e-05,-1.74875808278685e-11,0.5853853225708008,0.006033140234649181,-0.013876311480998993,0.0019360387232154608,0,0,0,0,0,1,0,0,1,0,5
0.40767785906791687,0.01859777607023716,0.013099612668156624,0.0028763958252966404,0.4234459400177002,0.02193278633058071,0.11118925362825394,0.010256798006594181,0.00249344389885664,3.483289765426889e-05,-6.0671824030578136e-05,0.0,0.5715734362602234,0.008153394795954227,-0.0137564018368721,0.0022705376613885164,0,0,0,0,1,0,0,0,1,0,5
0.4199831187725067,0.021861588582396507,0.011935821734368801,0.002417710144072771,0.43338140845298767,0.024348095059394836,0.10842853039503098,0.009677876718342304,0.0023527073208242655,3.286750506958924e-05,-5.724852599087171e-05,5.827439225614128e-12,0.5579030513763428,0.01063132006675005,-0.013571977615356445,0.002701188437640667,0,0,0,0,1,0,0,0,1,0,3
0.4306439459323883,0.02419275790452957,0.00944067444652319,0.0015412791399285197,0.4660292863845825,0.025888320058584213,0.2328488975763321,0.06683330237865448,0.00034812826197594404,1.639329821045976e-05,4.350217295723269e-06,0.0008333747973665595,0.5444911122322083,0.013647159561514854,-0.013272551819682121,0.003271382302045822,0,0,1,0,0,0,0,0,1,0,5
0.43897029757499695,0.025533175095915794,0.0076844412833452225,0.0013096480397507548,0.5309107899665833,0.026077723130583763,0.4657805562019348,0.06334201246500015,6.138535536592826e-05,1.639329821045976e-05,4.350217295723269e-06,0.0008333747973665595,0.531409740447998,0.017225725576281548,-0.012916326522827148,0.0038276449777185917,0,0,0,0,1,0,0,0,1,0,8
0.4461840093135834,0.02662421204149723,0.0068804798647761345,0.0006608415278606117,0.592499852180481,0.025987442582845688,0.6019263863563538,0.060203295201063156,-0.00021231571736279875,1.639329821045976e-05,4.350217295723269e-06,0.0008333747973665595,0.5201432108879089,0.020558802410960197,-0.00963246077299118,0.0028429990634322166,0,0,0,0,0,0,0,1,1,0,16
0.4526819884777069,0.027248376980423927,0.006115787196904421,0.0005874622147530317,0.6511190533638,0.025631092488765717,0.6462778449058533,0.057364869862794876,-0.0004720724537037313,1.639329821045976e-05,4.350217295723269e-06,0.0008333747973665595,0.5132103562355042,0.022600289434194565,-0.00454117264598608,0.0013346164487302303,0,0,0,0,0,0,0,1,1,0,2
0.4592456817626953,0.027822786942124367,0.007227238267660141,0.0005302246427163482,0.7070446610450745,0.025022786110639572,0.6030248403549194,0.05478397011756897,-0.0007176591898314655,1.639329821045976e-05,4.350217295723269e-06,0.0008333747973665595,0.5118337869644165,0.022994304075837135,0.0013554797042161226,-0.00023271478130482137,0,1,0,0,0,0,0,0,1,0,9
0.4673401713371277,0.028193436563014984,0.008726540021598339,0.0002022426633629948,0.7605143189430237,0.02417658269405365,0.4757276177406311,0.052425310015678406,-0.0009493203833699226,1.639329821045976e-05,4.350217295723269e-06,0.0008333747973665595,0.5153750777244568,0.022847916930913925,0.004398472141474485,-9.339962161902804e-06,0,1,0,0,0,0,0,0,1,0,11
0.4766745865345001,0.028170820325613022,0.009459523484110832,-0.00012391791096888483,0.8117334842681885,0.023106129840016365,0.26745015382766724,0.05025947093963623,-0.00116761086974293,1.639329821045976e-05,4.350217295723269e-06,0.0008333747973665595,0.5206096768379211,0.022858042269945145,0.005907170940190554,-2.3385555323329754e-06,0,1,0,0,0,0,0,0,1,0,12
0.48657816648483276,0.02803758531808853,0.010290578007698059,-0.00015700132644269615,0.8583037257194519,0.021956365555524826,0.17324168980121613,0.041838955134153366,-0.0010288694174960256,1.3836101061315276e-05,-1.6386755305575207e-05,0.0007584996637888253,0.5273256301879883,0.022856907919049263,0.007355213165283203,2.851896852007485e-07,0,1,0,0,0,0,0,0,1,0,1
0.4974086284637451,0.027865419164299965,0.011167368851602077,-0.00019801483722403646,0.8993760347366333,0.020863641053438187,0.24368932843208313,0.04045549035072327,-0.0011444599367678165,1.3836101061315276e-05,-1.6386755305575207e-05,0.0007584996637888253,0.5354010462760925,0.022859664633870125,0.008638465777039528,5.0335979722149204e-06,1,0,0,0,0,0,0,0,1,0,3
0.5090999603271484,0.027673818171024323,0.011983375996351242,-0.00021182192722335458,0.9391017556190491,0.01965717412531376,0.19342073798179626,0.03913766145706177,-0.0012567124795168638,1.3836101061315276e-05,-1.6386755305575207e-05,0.0007584996637888253,0.5445655584335327,0.022861039265990257,0.009437519125640392,-8.327539035235532e-06,0,0,1,0,0,0,0,0,1,0,15
0.5214446783065796,0.027454344555735588,0.012561364099383354,-0.00024469420895911753,0.9761810898780823,0.018425647169351578,0.14238294959068298,0.03440612182021141,-0.0011399212526157498,9.908967513183597e-06,-4.1011979192262515e-05,0.0006512886029668152,0.5545843839645386,0.022835053503513336,0.010463439859449863,-4.211929626762867e-05,0,0,1,0,0,0,0,0,0,0,6
0.5342733263969421,0.02720770426094532,0.013024713844060898,-0.00025730280322022736,1.010053277015686,0.01725245825946331,0.1253771036863327,0.033366426825523376,-0.0011966481106355786,9.80857112153899e-06,-4.15894428442698e-05,0.0006485480116680264,0.5656436681747437,0.02276012673974037,0.01138813141733408,-8.325821545440704e-05,0,0,0,0,0,1,0,0,0,0,18
