lt_dp_posx,lt_dp_posy,lt_dp_velx,lt_dp_vely,ball_posx,ball_posy,ball_posz,ball_vel_x,ball_vel_y,ball_rot_x,ball_rot_y,ball_rot_z,rt_gk_posx,rt_gk_posy,rt_gk_velx,rt_gk_vely,action_left,action_top_left,action_top,action_top_right,action_right,action_bottom_right,action_bottom,action_bottom_left,action_sprint,action_dribble,sel_action
-1.0110293626785278,-0.0,0.0,-0.0,0.019999999552965164,-0.0,0.11061639338731766,-0.0,0.0,0.0,-0.0,0.0,1.0110293626785278,0.0,-0.0,0.0,0,0,0,0,0,0,0,0,0,0,5
0.0008581235888414085,6.328988028103666e-11,0.0032361329067498446,2.5075216208980677e-11,0.019999999552965164,-0.0,0.11059734225273132,-0.0,0.0,0.0,-0.0,0.0,1.0110293626785278,0.0,-0.0,0.0,0,0,0,0,1,0,0,0,0,0,5
0.004069581162184477,-1.1122183174450129e-09,0.004941489081829786,-2.888698447112148e-10,0.019999999552965164,-0.0,0.10930104553699493,-0.0,0.0,0.0,-0.0,0.0,1.0106345415115356,-3.185919930648318e-11,-0.001967654563486576,-1.5576930023630808e-10,0,0,0,0,1,0,0,0,0,0,13
0.007871970534324646,-4.430309896719109e-09,0.006513637024909258,-3.619790300835035e-10,0.021814869716763496,-1.915935743390662e-10,0.11959394812583923,0.009008723311126232,-9.513364540580938e-10,2.6349452134089013e-13,-2.683718093976495e-06,-2.237318186618098e-12,1.0068784952163696,-2.617967509443986e-10,-0.004527849145233631,-2.197551030036493e-10,0,0,0,0,1,0,0,0,1,0,5
0.01518288068473339,-4.639084671964611e-09,0.007938067428767681,-5.406244202310617e-11,0.030372420325875282,-1.0971480390864485e-09,0.10589145123958588,0.008192607201635838,-8.683987418045547e-10,5.86353708642573e-12,2.143168603652157e-05,-4.888338431957573e-12,1.0014904737472534,-4.1530223704455693e-10,-0.006076167803257704,-8.241871074510243e-11,0,0,0,0,1,0,0,0,1,0,0
0.02382509410381317,-4.760563054873046e-09,0.009190686047077179,-1.3519350916535444e-10,0.038240332156419754,-1.931850901470966e-09,0.11269921809434891,0.007675737142562866,-8.1433315646251e-10,1.1375699861260191e-11,4.540265945252031e-05,0.0,0.9946169853210449,1.535783653028311e-11,-0.007505276706069708,5.767273880685764e-10,0,0,0,0,1,0,0,0,1,0,5
0.03297604247927666,-5.664031910157519e-09,0.00985135417431593,-2.3710408636468117e-10,0.045684799551963806,-2.721647351933143e-09,0.11210190504789352,0.007253612391650677,-7.695492576509366e-10,1.0750563633754595e-11,4.2907620809273794e-05,0.0,0.986401379108429,4.2176834247342754e-10,-0.008770297281444073,2.4646398810723724e-10,0,0,0,0,1,0,0,0,1,0,18
0.04093415290117264,-7.947916103034913e-09,0.009685578756034374,-1.2715355157677521e-10,0.05270359665155411,-3.4662854808686916e-09,0.11100553721189499,0.006829644087702036,-7.245700706093317e-10,1.0122128829559429e-11,4.039938357891515e-05,-2.777141446999808e-18,0.9771802425384521,7.54145745851531e-10,-0.009335489943623543,8.584095656516411e-10,0,0,0,0,1,0,0,0,1,0,13
0.05086436867713928,-8.419474895049461e-09,0.010593279264867306,-7.153703324158656e-11,0.0659412071108818,2.5387602363480255e-05,0.14662162959575653,0.013831785880029202,2.788744677673094e-05,2.854011427189107e-07,8.162169251590967e-06,3.596036322051077e-07,0.9674903154373169,1.4434761164139331e-09,-0.010107545182108879,5.465620733779986e-10,0,0,0,0,1,0,0,0,1,0,16
0.061566125601530075,3.511206614348339e-06,0.010849579237401485,6.5497110881551635e-06,0.07951919734477997,5.255360156297684e-05,0.11541631817817688,0.012867928482592106,2.4848404791555367e-05,2.9045475358202566e-08,3.576048766262829e-05,4.6686332666467933e-07,0.9569175243377686,1.7738458479854557e-09,-0.01093008928000927,1.5031038913537742e-10,0,0,0,0,1,0,0,0,1,0,16
0.07285244017839432,1.4273716260504443e-05,0.011619224213063717,1.4482860024145339e-05,0.09191896766424179,7.611871842527762e-05,0.113199383020401,0.012082209810614586,2.274630605825223e-05,-1.858649767427778e-07,5.81745698582381e-05,2.5651496571299504e-07,0.9460111856460571,5.052656320003734e-07,-0.010957437567412853,9.916651606545202e-07,0,0,0,0,1,0,0,0,1,0,18
0.08483362197875977,3.1703802960691974e-05,0.01227075606584549,1.89252314157784e-05,0.10360890626907349,9.802191198104993e-05,0.1122262105345726,0.011410904116928577,2.137391311407555e-05,-2.9857935146537784e-07,6.749647582182661e-05,0.0,0.9346734285354614,2.1532696337089874e-06,-0.011628516018390656,2.1854018541489495e-06,0,0,0,0,1,0,0,0,1,0,0
0.09741009771823883,5.315137968864292e-05,0.012805094011127949,2.3972756025614217e-05,0.11467443406581879,0.00011874891060870141,0.10859882086515427,0.010784344747662544,2.0200306607875973e-05,-2.8220210879226215e-07,6.379421392921358e-05,0.0,0.9227253198623657,4.769339739141287e-06,-0.012204927392303944,2.8456549898692174e-06,0,0,0,0,1,0,0,0,1,0,18
0.1104474663734436,-8.29827185953036e-05,0.01320716179907322,2.8766940886271186e-05,0.1251225471496582,0.00013831938849762082,0.10880786925554276,0.010176735930144787,1.906217948999256e-05,-2.662985423285136e-07,6.0199097788427025e-05,4.553238144053111e-14,0.9102458953857422,7.956423360155895e-06,-0.012685270980000496,3.4964491533173714e-06,0,0,0,0,1,0,0,0,1,0,13
0.12368638068437576,-0.001921282266266644,0.013239067979156971,1.668188451731112e-05,0.1349794715642929,0.00015678252384532243,0.11073844879865646,0.009600071236491203,1.7982019926421344e-05,-2.5120277769019594e-07,5.6786579079926014e-05,0.0,0.8973493576049805,1.1809201168944128e-05,-0.013054819777607918,3.982100224675378e-06,0,0,0,0,1,0,0,0,1,0,0
0.13692541420459747,-0.0022479197941720486,0.013239067979156971,4.76623245049268e-06,0.14994873106479645,-7.53213680582121e-05,0.15853574872016907,0.015455503948032856,-0.00025785883190110326,-6.124597717871438e-08,1.0370978998253122e-05,-7.978235885275353e-07,0.8841332197189331,1.3607866094389465e-05,-0.01333671435713768,-5.036216066400812e-07,0,0,0,0,1,0,0,0,1,0,0
0.15025413036346436,-0.0022306768223643303,0.013456800021231174,5.136979234521277e-05,0.16528017818927765,-0.00033108366187661886,0.11716284602880478,0.015122662298381329,-0.0002520995622035116,4.868169156679869e-08,1.2799633623217233e-05,-9.66540369518043e-07,0.8706738948822021,1.0183821359532885e-05,-0.0135505897924304,-5.752469860453857e-06,0,0,0,0,1,0,0,0,1,0,16
0.16384945809841156,-0.0021007845643907785,0.013697322458028793,0.0001970304292626679,0.17940828204154968,-0.0005650212406180799,0.12572741508483887,0.013744164258241653,-0.00022710666235070676,1.706927719169471e-06,4.929867645842023e-05,-1.828828317229636e-06,0.8570301532745361,-1.5618271618222934e-06,-0.013712574727833271,-2.002698602154851e-05,0,0,0,0,1,0,0,0,1,0,5
0.17764823138713837,-0.0018355266656726599,0.013874909840524197,0.0002877813531085849,0.1926412433385849,-0.0007832450210116804,0.11794976890087128,0.012886499986052513,-0.00021236721659079194,2.966855390695855e-06,7.623057899763808e-05,7.290758166460243e-13,0.8432478308677673,-3.310971078462899e-05,-0.013833887875080109,-4.059538696310483e-05,0,0,0,0,1,0,0,0,1,0,5
0.19160190224647522,-0.0015807996969670057,0.014012000523507595,0.00022535510652232915,0.20514601469039917,-0.0009893217356875539,0.10695638507604599,0.012190189212560654,-0.00020089220197405666,2.806562406476587e-06,7.211196498246863e-05,7.289199625837295e-13,0.8293615579605103,-8.338374755112454e-05,-0.013925047591328621,-5.421093737822957e-05,0,0,0,0,1,0,0,0,1,0,5
0.20567215979099274,-0.0013896836899220943,0.014113328419625759,0.00016345022595487535,0.21695904433727264,-0.0011839988874271512,0.11112900078296661,0.01151182595640421,-0.00018971285317093134,2.650306669238489e-06,6.80971352267079e-05,3.643882071080462e-13,0.8153972625732422,-0.00013701380521524698,-0.013993768021464348,-5.314142254064791e-05,0,0,0,0,1,0,0,0,1,0,16
0.21977268159389496,-0.0012623242801055312,0.014121749438345432,0.00010066223330795765,0.22810977697372437,-0.001367761055007577,0.11018561571836472,0.010860420763492584,-0.00017897780344355851,2.5002962047437904e-06,6.424277671612799e-05,0.0,0.8013747930526733,-0.00018953018297906965,-0.014044256880879402,-5.199520455789752e-05,0,0,0,0,1,0,0,0,1,0,16
0.2337304651737213,-0.0011974837398156524,0.013679967261850834,3.656666376627982e-05,0.24249009788036346,-0.0014055584324523807,0.1571343094110489,0.01583513244986534,2.1506697521544993e-05,8.989484285848448e-07,1.2277810128580313e-05,-9.624691301723942e-07,0.7873087525367737,-0.00024237653997261077,-0.014082123525440693,-5.381284427130595e-05,0,0,0,0,1,0,0,0,1,0,0
0.24711638689041138,-0.00037804539897479117,0.01331243570894003,4.7438452384085394e-06,0.25821343064308167,-0.0013841880718246102,0.13814039528369904,0.015631886199116707,2.1280315195326693e-05,8.989484285848448e-07,1.2277810128580313e-05,-9.624691301723942e-07,0.7732104063034058,-0.00029736061696894467,-0.014110172167420387,-5.593862078967504e-05,0,0,0,0,1,0,0,0,1,0,0
0.26042869687080383,0.0010154378833249211,0.013312522321939468,2.3724217044218676e-06,0.27350175380706787,-0.001291391090489924,0.1509428769350052,0.0158751979470253,0.0002654604322742671,4.0457089767187426e-07,-7.778847361805674e-07,1.8108886479240027e-07,0.7590875625610352,-0.0003513007250148803,-0.014131911098957062,-4.751794767798856e-05,0,0,0,0,1,0,0,0,1,0,13
0.2737444043159485,0.0010163182159885764,0.013344252482056618,-1.8706660966927302e-06,0.2892645001411438,-0.0010278241243213415,0.17014312744140625,0.015671642497181892,0.00026204134337604046,4.0457089767187426e-07,-7.778847361805674e-07,1.8108886479240027e-07,0.7449465394020081,-0.00038837778265587986,-0.014148038811981678,-2.85260994132841e-05,0,0,0,0,1,0,0,0,1,0,18
0.28724464774131775,0.0009696335182525218,0.013615629635751247,-0.00010002047929447144,0.30468231439590454,-0.0007701998692937195,0.11693178117275238,0.014495951123535633,0.0002410474990028888,-6.417596978280926e-07,2.3244336261996068e-05,1.709183607090381e-06,0.7307920455932617,-0.00040636962512508035,-0.01415925845503807,-8.817262823868077e-06,0,0,0,0,1,0,0,0,1,0,0
0.30097484588623047,0.0007938117487356067,0.01381460390985012,-0.00023569591576233506,0.318758100271225,-0.0005365132237784564,0.13001006841659546,0.013940073549747467,0.0002313529112143442,-1.0177943750022678e-06,3.18633065035101e-05,1.9165884168614866e-06,0.7166274785995483,-0.00040100322803482413,-0.014168374240398407,1.6975916878436692e-05,0,0,0,0,1,0,0,0,1,0,7
0.3148750364780426,0.0005336661706678569,0.013965018093585968,-0.00024292012676596642,0.33208516240119934,-0.000315882614813745,0.12117227911949158,0.012896623462438583,0.00021319801453500986,-2.838149839590187e-06,7.316970004467294e-05,3.3048235081878374e-07,0.7024555802345276,-0.00036982953315600753,-0.014174685813486576,4.279315908206627e-05,0,0,0,0,0,0,1,0,1,0,7
0.32838761806488037,0.0009286390268243849,0.013805334456264973,-0.00016053741273935884,0.3446168303489685,-0.00010872792336158454,0.11239105463027954,0.01222959253937006,0.0002021615655394271,-2.8242741336725885e-06,7.234450458781794e-05,0.0,0.688278317451477,-0.0003202499356120825,-0.014179594814777374,5.007262370781973e-05,0,0,0,0,0,0,1,0,1,0,12
0.3413122296333313,0.0020178479608148336,0.013368270359933376,0.0001692476071184501,0.35704752802848816,0.0007347821374423802,0.1285507082939148,0.014405906200408936,0.0034078967291861773,4.592065579345217e-06,1.4799195014347788e-05,1.626099765417166e-05,0.6740970015525818,-0.0002705481892917305,-0.014182399027049541,4.939752761856653e-05,0,0,0,0,0,0,1,0,1,0,0
0.3541412651538849,0.0026797400787472725,0.012407583184540272,0.0014420866500586271,0.37128183245658875,0.004097923636436462,0.15288683772087097,0.014155554585158825,0.0033442960120737553,3.6201536204316653e-06,1.6110056094476022e-05,1.7479878806625493e-05,0.6599128246307373,-0.0001962571986950934,-0.014183801598846912,0.00017504922288935632,0,0,0,0,0,0,1,0,1,0,12
0.36631065607070923,0.004860171116888523,0.01184169016778469,0.0025627787690609694,0.38509923219680786,0.0073495120741426945,0.12132281810045242,0.013078251853585243,0.0030398396775126457,-1.667887408984825e-05,4.316296326578595e-05,2.709329783101566e-05,0.6457405686378479,0.00020991808560211211,-0.014158557169139385,0.0005951730418018997,0,0,0,0,0,0,1,0,1,0,12
0.3781847357749939,0.007422610651701689,0.012079407460987568,0.002589957322925329,0.3978302478790283,0.010298212058842182,0.11544492840766907,0.012467448599636555,0.002880718559026718,-2.7712580049410462e-05,5.7600162108428776e-05,1.9193917978554964e-05,0.6316098570823669,0.001035655615851283,-0.014103160239756107,0.0010141398524865508,0,0,0,0,0,0,1,0,1,0,12
0.39051708579063416,0.010020792484283447,0.012525039725005627,0.0025959177874028683,0.409880667924881,0.013076679781079292,0.10648496448993683,0.01176281925290823,0.002711748704314232,-3.7885129131609574e-05,6.958504673093557e-05,0.0,0.6175394058227539,0.002230011625215411,-0.014042153023183346,0.0013326146872714162,0,0,0,0,0,0,1,0,1,0,12
0.4032391905784607,0.012609805911779404,0.01286092959344387,0.00259958952665329,0.42128774523735046,0.015706412494182587,0.11318567395210266,0.011119944043457508,0.0025635422207415104,-3.5812372516375035e-05,6.577797466889024e-05,-1.1659155411958277e-11,0.6035375595092773,0.0037310582119971514,-0.013966419734060764,0.0016386037459596992,0,0,0,0,0,0,1,0,1,0,14
0.4162253141403198,0.015250541269779205,0.013077259063720703,0.0026747656520456076,0.4320639669895172,0.018190713599324226,0.11169163137674332,0.01049905363470316,0.002420404925942421,-3.381247370271012e-05,6.210467836353928e-05,8.742930858451903e-12,0.5896248817443848,0.005550211761146784,-0.013859832659363747,0.001986367627978325,0,0,0,0,0,0,0,0,1,0,5
0.4289226531982422,0.018265873193740845,0.012462145648896694,0.002555649494752288,0.44223466515541077,0.020535409450531006,0.10880304127931595,0.009906910359859467,0.002283894456923008,-3.1906198273645714e-05,5.8603349316399544e-05,-2.913879641047723e-12,0.5758423805236816,0.00775031978264451,-0.013715378940105438,0.0023743680212646723,0,0,0,0,1,0,0,0,1,0,6
0.44027847051620483,0.020831461995840073,0.010659483261406422,0.0017490186728537083,0.4575176537036896,0.022459175437688828,0.13730233907699585,0.0662090927362442,-0.0007315149996429682,-2.402136306045577e-05,4.86363896925468e-05,0.0014624911127611995,0.5622198581695557,0.010338522493839264,-0.013533059507608414,0.0027826742734760046,0,0,0,0,0,1,0,0,1,0,0
0.44925710558891296,0.022167367860674858,0.008381464518606663,0.001268523745238781,0.5218698978424072,0.02148052304983139,0.2737422585487366,0.06286513805389404,-0.001180752762593329,-2.402136306045577e-05,4.86363896925468e-05,0.0014624911127611995,0.5488675236701965,0.013463715091347694,-0.013194014318287373,0.0034030687529593706,0,0,0,0,0,1,0,0,1,0,11
0.45683252811431885,0.0233437679708004,0.007229342125356197,0.0009759904351085424,0.5829859972000122,0.020054161548614502,0.19274728000164032,0.0597098171710968,-0.0016263480065390468,-2.402136306045577e-05,4.86363896925468e-05,0.0014624911127611995,0.5358911156654358,0.017200052738189697,-0.012788351625204086,0.004006173461675644,0,0,0,0,0,1,0,0,1,0,0
0.46359503269195557,0.023921914398670197,0.006132967304438353,0.00050716707482934,0.6372146606445312,0.01846158877015114,0.15924181044101715,0.05055193603038788,-0.0015745020937174559,-2.0103887436562218e-05,7.078633643686771e-05,0.0013276214012876153,0.5240388512611389,0.021185768768191338,-0.01051390916109085,0.0036644451320171356,0,0,0,0,0,1,0,0,1,0,2
