lt_dp_posx,lt_dp_posy,lt_dp_velx,lt_dp_vely,ball_posx,ball_posy,ball_posz,ball_vel_x,ball_vel_y,ball_rot_x,ball_rot_y,ball_rot_z,rt_gk_posx,rt_gk_posy,rt_gk_velx,rt_gk_vely,action_left,action_top_left,action_top,action_top_right,action_right,action_bottom_right,action_bottom,action_bottom_left,action_sprint,action_dribble,sel_action
-1.0110293626785278,-0.0,0.0,-0.0,0.019999999552965164,-0.0,0.11061639338731766,-0.0,0.0,0.0,-0.0,0.0,1.0110293626785278,0.0,-0.0,0.0,0,0,0,0,0,0,0,0,0,0,5
0.00015037840057630092,2.3500980675383865e-11,0.0013189289020374417,1.1476692859946347e-11,0.019999999552965164,-0.0,0.11059734225273132,-0.0,0.0,0.0,-0.0,0.0,1.010373830795288,-5.178543011075121e-11,-0.0026071772444993258,-1.9923605820704182e-10,0,0,0,0,1,0,0,0,0,0,5
0.0031691715121269226,-1.4729044373051892e-10,0.004441720433533192,-1.5998294355945575e-10,0.019999999552965164,-0.0,0.10930104553699493,-0.0,0.0,0.0,-0.0,0.0,1.0064098834991455,-2.8306179622461514e-10,-0.0046870289370417595,-2.1158365337559104e-10,0,0,0,0,1,0,0,0,0,0,13
0.006755347363650799,-1.9727848243888957e-09,0.006048678886145353,-3.8464093021772783e-10,0.019999999552965164,-0.0,0.11075475811958313,0.009132358245551586,-6.102525151874261e-10,-9.59495612302963e-13,-9.290648449677974e-06,-1.3514365950102747e-13,1.0008678436279297,-4.217382554294602e-10,-0.006225530058145523,-5.989382600990467e-11,0,0,0,0,1,0,0,0,1,0,18
0.013472572900354862,-2.37383379619871e-09,0.0075225005857646465,-1.3983243729587258e-10,0.028564196079969406,-5.73483871502134e-10,0.11566279828548431,0.008220103569328785,-5.511436307337192e-10,2.7343413991354204e-12,1.540233461128082e-05,-3.048026457966313e-12,0.9938530325889587,7.280062663816977e-11,-0.007639211602509022,5.566447858207368e-10,0,0,0,0,1,0,0,0,1,0,5
0.021728597581386566,-2.4931621211976562e-09,0.008830099366605282,-1.7714442412941622e-10,0.03639110177755356,-1.098855562098322e-09,0.11137876659631729,0.007626119069755077,-5.119860091440387e-10,7.1525793100823964e-12,4.511214137892239e-05,1.3887662483171962e-18,0.9855127334594727,4.598615654938243e-10,-0.008886702358722687,2.300195173221553e-10,0,0,0,0,1,0,0,0,1,0,18
0.030884457752108574,-2.8915978500521078e-09,0.009742104448378086,-2.557867528896196e-10,0.04378143325448036,-1.5950123444241626e-09,0.11308388411998749,0.007199582643806934,-4.833501376921845e-10,6.7522693165955605e-12,4.258733315509744e-05,0.0,0.9762466549873352,8.702367160218216e-10,-0.009335489943623543,8.21837042863649e-10,0,0,0,0,1,0,0,0,1,0,5
0.03871670365333557,-4.315660273590538e-09,0.009488384239375591,-1.456915837971806e-10,0.05075136199593544,-2.0629438157726554e-09,0.11133387684822083,0.0067814127542078495,-4.5527595582406377e-10,6.360022317825065e-12,4.0113383874995634e-05,1.0414196674212259e-18,0.9664705991744995,1.5447617629504862e-09,-0.010197303257882595,5.349367060425436e-10,0,0,0,0,1,0,0,0,1,0,13
0.0481535941362381,-4.8779331685011584e-09,0.010424151085317135,-8.550311153543433e-11,0.06255174428224564,1.9807825083262287e-05,0.14545662701129913,0.013862494379281998,2.7951748052146286e-05,2.8574416433002625e-07,7.852865564927924e-06,3.574637617020926e-07,0.9558171629905701,1.869443044810737e-09,-0.011003718711435795,1.5326984126318166e-10,0,0,0,0,1,0,0,0,1,0,18
0.05880432575941086,2.2622923552262364e-06,0.010675586760044098,5.6682042668398935e-06,0.0762847363948822,4.744746911455877e-05,0.1118934229016304,0.013442620635032654,2.679966200958006e-05,2.377745857984337e-07,1.3073053196421824e-05,4.052881195093505e-07,0.9449081420898438,3.0050608756937436e-07,-0.011030365712940693,5.480493427967303e-07,0,0,0,0,1,0,0,0,1,0,0
0.06993506848812103,1.1484446986287367e-05,0.011478145606815815,1.257419899047818e-05,0.08886968344449997,7.155008643167093e-05,0.12182199954986572,0.01223134994506836,2.3126956875785254e-05,-1.3186331671022344e-07,5.258679448161274e-05,3.3605005000936217e-07,0.9335045218467712,1.1539522120074253e-06,-0.011688821017742157,1.1044085113098845e-06,0,0,0,0,1,0,0,0,1,0,18
0.08178512752056122,2.796519038383849e-05,0.01214584894478321,1.8356384316575713e-05,0.10068909823894501,9.37250952119939e-05,0.11328832805156708,0.011536143720149994,2.1609197574434802e-05,-3.0189087851795193e-07,6.824287993367761e-05,9.109768196952431e-14,0.9214994311332703,2.507707677068538e-06,-0.012258922681212425,1.6096246326924302e-06,0,0,0,0,1,0,0,0,1,0,16
0.094253309071064,4.844326031161472e-05,0.012709463015198708,2.2758025806979276e-05,0.11187440156936646,0.00011467708827694878,0.11222796887159348,0.010902363806962967,2.0422017769305967e-05,-2.8529396445264865e-07,6.449109059758484e-05,4.5540909368244065e-14,0.908973217010498,4.688720309786731e-06,-0.01272664312273264,2.6929467367153848e-06,0,0,0,0,1,0,0,0,1,0,5
0.10720869898796082,7.463372458005324e-05,0.013138792477548122,2.9030472433078103e-05,0.12243863940238953,0.0001344657503068447,0.11061705648899078,0.010290814563632011,1.9276472812634893e-05,-2.692860903152905e-07,6.087252404540777e-05,-2.2766841241569045e-14,0.896040678024292,7.977199857123196e-06,-0.01308637484908104,3.6509989058686187e-06,0,0,0,0,1,0,0,0,1,0,16
0.12043807655572891,-0.0015572881093248725,0.013239067979156971,1.9073913790634833e-05,0.13240589201450348,0.0001531361194793135,0.11057811975479126,0.009707863442599773,1.8184513464802876e-05,-2.540348020829697e-07,5.742492066929117e-05,0.0,0.8827971816062927,1.1921818440896459e-05,-0.013360556215047836,4.219393758830847e-06,0,0,0,0,1,0,0,0,1,0,16
0.13367711007595062,-0.0022489482071250677,0.013239067979156971,7.15291389496997e-06,0.14620883762836456,-2.373446841374971e-05,0.15489958226680756,0.01549815945327282,-0.00025848159566521645,-6.145284459080358e-08,1.035109926306177e-05,-7.976559572853148e-07,0.8693169951438904,1.6469546608277597e-05,-0.013568822294473648,4.8088995754369535e-06,0,0,0,0,1,0,0,0,1,0,13
0.1469651162624359,-0.0022397455759346485,0.013399124145507812,2.953495641122572e-05,0.1615997850894928,-0.0002804206742439419,0.13342636823654175,0.015303369611501694,-0.0002552294754423201,-6.145284459080358e-08,1.035109926306177e-05,-7.976559572853148e-07,0.8556575179100037,1.3868685527995694e-05,-0.013726599514484406,-1.3469517398334574e-05,0,0,0,0,1,0,0,0,1,0,13
0.1605115532875061,-0.0021386186126619577,0.013655073940753937,0.00016761489678174257,0.17601393163204193,-0.0005194554687477648,0.12947969138622284,0.013877090066671371,-0.00022935426386538893,1.5755190361232962e-06,4.6431094233412296e-05,-1.8863327113649575e-06,0.8418633937835693,-1.3711647625314072e-05,-0.013844406232237816,-3.8712048990419134e-05,0,0,0,0,1,0,0,0,1,0,13
0.17427434027194977,-0.0018932361854240298,0.013842477463185787,0.00029500556411221623,0.18942224979400635,-0.0007406195509247482,0.11955031007528305,0.013010967522859573,-0.00021434301743283868,2.9943535082566086e-06,7.69641701481305e-05,0.0,0.827968180179596,-6.351775664370507e-05,-0.013932760804891586,-5.352458902052604e-05,0,0,0,0,1,0,0,0,1,0,5
0.1882001906633377,-0.0016261148266494274,0.013987807556986809,0.00023852552112657577,0.20206771790981293,-0.0009489418589510024,0.1130528375506401,0.012335369363427162,-0.00020321320334915072,2.8389374620019225e-06,7.296949479496107e-05,0.0,0.8139973282814026,-0.00011705145152518526,-0.013998677022755146,-5.3529769502347335e-05,0,0,0,0,1,0,0,0,1,0,18
0.20224988460540771,-0.0014224890619516373,0.014095447026193142,0.00017581319843884557,0.214019775390625,-0.0011458405060693622,0.11263199150562286,0.011644234880805016,-0.0001918274792842567,2.679770204849774e-06,6.887839845148847e-05,-7.28803736110839e-13,0.7999699115753174,-0.00017055236094165593,-0.014048464596271515,-5.346883335732855e-05,0,0,0,0,1,0,0,0,1,0,18
0.21633881330490112,-0.0012832075590267777,0.01412188820540905,0.00011328830441925675,0.2253032624721527,-0.0013317250413820148,0.109975166618824,0.010991007089614868,-0.00018106619245372713,2.5294925762864295e-06,6.501578900497407e-05,3.643358943532238e-13,0.7859002947807312,-0.00022413485567085445,-0.01408492773771286,-5.367069388739765e-05,0,0,0,0,1,0,0,0,1,0,5
0.2303602546453476,-0.0012068294454365969,0.013827050104737282,4.9296821089228615e-05,0.23869405686855316,-0.0014097971143200994,0.14891332387924194,0.015875929966568947,2.140471406164579e-05,8.988235435936076e-07,1.228290238941554e-05,-9.630431350160507e-07,0.7717990875244141,-0.0002779005444608629,-0.014112276025116444,-5.383891038945876e-05,0,0,0,0,1,0,0,0,1,0,13
0.24382716417312622,-0.0007222496788017452,0.013312682509422302,5.2188283916621e-06,0.25445806980133057,-0.0013885432854294777,0.14991557598114014,0.015672573819756508,2.1151829059817828e-05,8.988235435936076e-07,1.228290238941554e-05,-9.630431350160507e-07,0.7576742172241211,-0.0003293284389656037,-0.014133312739431858,-4.6864017349435017e-05,0,0,0,0,1,0,0,0,1,0,0
0.2571396827697754,0.0010147233260795474,0.013312676921486855,2.8466208732425002e-06,0.26969772577285767,-0.001344757154583931,0.13528916239738464,0.015916766598820686,0.00026616515242494643,4.048735320338892e-07,-7.757137154840166e-07,1.8028180193141452e-07,0.7435317039489746,-0.0003697295323945582,-0.014148740097880363,-3.510751776047982e-05,0,0,0,0,1,0,0,0,1,0,16
0.2704523801803589,0.0010162651306018233,0.013312697410583496,4.7412785875167174e-07,0.28550130128860474,-0.0010805045021697879,0.1741456836462021,0.015711940824985504,0.0002627132926136255,4.048735320338892e-07,-7.757137154840166e-07,1.8028180193141452e-07,0.7293760776519775,-0.0003977501764893532,-0.014160661026835442,-1.928372512338683e-05,0,0,0,0,1,0,0,0,1,0,6
0.2838975489139557,0.00098803685978055,0.013567769899964333,-7.276436372194439e-05,0.30108925700187683,-0.0008198682917281985,0.11522019654512405,0.015382549725472927,0.00025708775501698256,3.1557920010527596e-07,1.2759451237798203e-06,3.5955881116933597e-07,0.7152105569839478,-0.00039944148738868535,-0.014169075526297092,1.2707874702755362e-05,0,0,0,0,0,1,0,0,1,0,5
0.2975873053073883,0.0008394285687245429,0.013779542408883572,-0.00020962867711205035,0.31533917784690857,-0.0005830927402712405,0.13555492460727692,0.013996867462992668,0.00023232442617882043,-9.924939377015107e-07,3.129048127448186e-05,1.908578269649297e-06,0.7010380625724792,-0.0003691226302180439,-0.014175387099385262,4.473111039260402e-05,0,0,0,0,1,0,0,0,1,0,7
0.3114570379257202,0.000582649779971689,0.01393801998347044,-0.0002551739162299782,0.3288729190826416,-0.000358865421731025,0.12166455388069153,0.01302383653819561,0.00021533628751058131,-2.623293084980105e-06,6.83734833728522e-05,7.766690828248102e-07,0.6868603825569153,-0.00031865647179074585,-0.014179594814777374,5.035581125412136e-05,0,0,0,0,0,0,1,0,1,0,6
0.3251512050628662,0.0007483274093829095,0.013893436640501022,-0.00021515686239581555,0.34153756499290466,-0.00014951021876186132,0.11578286439180374,0.012360021471977234,0.00020431526354514062,-2.8542865493363934e-06,7.31141262804158e-05,-3.6447854825406856e-13,0.6726786494255066,-0.0002688406966626644,-0.014183100312948227,4.9373240472050384e-05,0,0,0,0,0,1,0,0,1,0,6
0.3380739688873291,0.0018879780545830727,0.013500984758138657,0.00016552038141526282,0.35352426767349243,4.863433423452079e-05,0.1115843802690506,0.014778982847929,0.0035128488671034575,8.690808499522973e-06,9.262037565349601e-06,1.0326093615731224e-05,0.6584938168525696,-0.00021807309531141073,-0.014185905456542969,5.6132681493181735e-05,0,0,0,0,0,1,0,0,1,0,12
0.3510333299636841,0.0024110355880111456,0.012463681399822235,0.0010440598707646132,0.36782243847846985,0.0034284242428839207,0.1560518443584442,0.014190679416060448,0.003352618310600519,3.6201984130457276e-06,1.6110161595861427e-05,1.7480009773862548e-05,0.6443067789077759,-0.0001518330245744437,-0.014188009314239025,7.451014971593395e-05,0,0,0,0,0,1,0,0,1,0,12
0.3633122444152832,0.004346709232777357,0.01192864216864109,0.0025816296692937613,0.38184496760368347,0.006738047581166029,0.10035223513841629,0.013621499761939049,0.0031998290214687586,-1.9181720745109487e-06,2.351588409510441e-05,2.2865320715936832e-05,0.6301184296607971,-6.721470708725974e-05,-0.014189411886036396,9.288884757552296e-05,0,0,0,0,0,1,0,0,1,0,12
0.37514832615852356,0.006905127316713333,0.011979131028056145,0.002579284133389592,0.3947024941444397,0.0097198486328125,0.12494590878486633,0.012613466940820217,0.0029183432925492525,-2.458589369780384e-05,5.355796020012349e-05,2.2447662558988668e-05,0.6159451603889465,0.0003556062001734972,-0.01415084395557642,0.0006925261113792658,0,0,0,0,0,1,0,0,1,0,3
0.3873908519744873,0.009501464664936066,0.012444047257304192,0.002598755294457078,0.4068946838378906,0.012532532215118408,0.11463134735822678,0.0118979187682271,0.0027428921312093735,-3.831971844192594e-05,7.038335024844855e-05,-5.830857498223541e-12,0.6018432974815369,0.0013766951160505414,-0.014052671380341053,0.001289290958084166,0,0,1,0,0,0,0,0,1,0,12
0.4000445604324341,0.012090587057173252,0.012807635590434074,0.0025860073510557413,0.41843122243881226,0.015192123129963875,0.11210115253925323,0.011245334520936012,0.002592448377981782,-3.6214762076269835e-05,6.651706644333899e-05,-1.165955526571949e-11,0.5878607034683228,0.0029511796310544014,-0.01393065694719553,0.0017648428911343217,0,0,1,0,0,0,0,0,1,0,6
0.4129866361618042,0.014716343954205513,0.013039743527770042,0.0026598928961902857,0.42933186888694763,0.017705099657177925,0.10899712145328522,0.01062218938022852,0.002448792103677988,-3.421014116611332e-05,6.283509719651192e-05,-1.7486418563139594e-11,0.5740002393722534,0.004933181218802929,-0.013798825442790985,0.002159113995730877,0,0,0,0,0,1,0,0,1,0,14
0.42584365606307983,0.017650512978434563,0.01275753416121006,0.002616284182295203,0.439621239900589,0.020077165216207504,0.11143915355205536,0.010021953843533993,0.002310417126864195,-3.2276024285238236e-05,5.9282614529365674e-05,-5.827922346102188e-12,0.5602892637252808,0.007315242197364569,-0.013617557473480701,0.002602526918053627,0,0,0,0,0,0,0,0,1,0,4
0.4375339150428772,0.02038535103201866,0.011347521096467972,0.0019419321324676275,0.44933027029037476,0.02231544815003872,0.10863298177719116,0.009457907639443874,0.002180383773520589,-3.046010351681616e-05,5.594725371338427e-05,-2.9135693423859577e-12,0.5468478202819824,0.010274163447320461,-0.013286225497722626,0.0032481395173817873,0,0,0,1,0,0,0,0,1,0,4
0.44695568084716797,0.021913791075348854,0.00835481844842434,0.0012645168462768197,0.5076873302459717,0.02385951206088066,0.2689397931098938,0.06252115964889526,0.0011712175328284502,-1.8757893485599197e-05,3.991250559920445e-05,0.0019911243580281734,0.5337777137756348,0.013869273476302624,-0.01288266759365797,0.0038760986644774675,0,0,0,1,0,0,0,0,1,0,6
0.45474502444267273,0.023128442466259003,0.0073944819159805775,0.0011787317926064134,0.5685254335403442,0.02462661638855934,0.25407102704048157,0.059488266706466675,0.0004423827340360731,-1.8757893485599197e-05,3.991250559920445e-05,0.0019911243580281734,0.5220493674278259,0.017609551548957825,-0.010230611078441143,0.0034285217989236116,0,0,0,0,0,1,0,0,1,0,16
0.461717814207077,0.023818524554371834,0.006643814034759998,0.0005494321812875569,0.6251987218856812,0.024721704423427582,0.13591249287128448,0.05041584372520447,-6.309152377070859e-05,-1.694528509688098e-05,6.16589532000944e-05,0.001832578331232071,0.5144590139389038,0.020516734570264816,-0.005185253452509642,0.0024385571014136076,0,0,0,0,0,1,0,0,1,0,10
0.46792444586753845,0.02432839199900627,0.006454832386225462,0.0005109173362143338,0.6745164394378662,0.024384083226323128,0.13312870264053345,0.04841482639312744,-0.0005581827717833221,-1.694528509688098e-05,6.16589532000944e-05,0.001832578331232071,0.5122467279434204,0.02291329950094223,-0.00016373746620956808,0.002875396516174078,0,0,0,0,0,1,0,0,1,0,1
0.47523123025894165,0.024773461744189262,0.007978256791830063,0.0003563445061445236,0.7180876731872559,0.0237556342035532,0.10185453295707703,0.04033457860350609,-0.0006821813294664025,-1.1473197446321137e-05,0.00010112253949046135,0.001454827026464045,0.5149821639060974,0.02529207244515419,0.004673004150390625,0.0017044931882992387,1,0,0,0,0,0,0,0,1,0,13
0.4839525818824768,0.02494777739048004,0.00929376669228077,2.8233778266439913e-06,0.754639208316803,0.02310854196548462,0.10813532769680023,0.03421246260404587,-0.0006308791344054043,3.805471919804404e-07,0.00016521431098226458,0.0006222501397132874,0.520849883556366,0.02626708894968033,0.00662838714197278,0.0004926366382278502,1,0,0,0,0,0,0,0,1,0,12
0.4933529496192932,0.024877170100808144,0.009665769524872303,-8.273353159893304e-05,0.786738932132721,0.02251015417277813,0.10910498350858688,0.030588578432798386,-0.0005704592913389206,7.968611498654354e-06,0.0001809266395866871,-2.9439953079524184e-12,0.5282591581344604,0.026676418259739876,0.008022785186767578,0.00032078137155622244,1,0,0,0,0,0,0,0,1,0,0
0.5035571455955505,0.024782704189419746,0.010634124279022217,-0.00010821827891049907,0.815737247467041,0.021969350054860115,0.10935090482234955,0.027770427986979485,-0.0005179024883545935,7.234586519189179e-06,0.00016426059301011264,-5.876082172923125e-12,0.5370495915412903,0.026833049952983856,0.009299957193434238,2.824426701408811e-05,1,0,0,0,0,0,0,0,1,0,1
0.5146192908287048,0.024659767746925354,0.011441165581345558,-0.00013112195301800966,0.8421627879142761,0.02147652767598629,0.10951723158359528,0.025381652638316154,-0.00047335310955531895,6.612363449676195e-06,0.0001501330843893811,-2.9334579470380318e-12,0.5466357469558716,0.02674689330160618,0.009638301096856594,-0.00011514840298332274,1,0,0,0,0,0,0,0,1,0,18
0.5264413356781006,0.024521104991436005,0.01215757243335247,-0.00014539209951180965,0.8663904070854187,0.02102469652891159,0.10963622480630875,0.023328008130192757,-0.0004350540111772716,6.07740958002978e-06,0.00013798705185763538,-1.4649277884498657e-12,0.5569076538085938,0.02661384455859661,0.010554070584475994,-0.00014914882194716483,1,0,0,0,0,0,0,0,1,0,9
0.5388942956924438,0.024367276579141617,0.012719173915684223,-0.00015991694817785174,0.888715922832489,0.020608339458703995,0.1097227931022644,0.02154087834060192,-0.00040172500303015113,5.6118615248124115e-06,0.00012741681712213904,-1.4634864500817635e-12,0.5680239796638489,0.02644602209329605,0.011430964805185795,-0.00018045988690573722,1,0,0,0,0,0,0,0,1,0,1
0.5518223643302917,0.024202970787882805,0.013128187507390976,-0.00016690535994712263,0.9093763828277588,0.020223034545779228,0.10978672653436661,0.019969036802649498,-0.0003724111302290112,5.20239200341166e-06,0.00011811983131337911,-1.4623152948950446e-12,0.5799184441566467,0.026258226484060287,0.012085330672562122,-0.00019860570318996906,1,0,0,0,0,0,0,0,1,0,13
0.5651218891143799,0.024031996726989746,0.013451999053359032,-0.00017292218399234116,0.9285647869110107,0.019865183159708977,0.10983460396528244,0.018573574721813202,-0.00034638657234609127,4.838864697376266e-06,0.00010986594861606136,1.4613512223232705e-12,0.5923722982406616,0.026052115485072136,0.01259655598551035,-0.00021814520005136728,1,0,0,0,0,0,0,0,1,0,0
0.5786962509155273,0.02385561540722847,0.013685731217265129,-0.00017712201224640012,0.9464402794837952,0.019531812518835068,0.10987089574337006,0.01732434704899788,-0.00032308915979228914,4.5134229367249645e-06,0.000102476857136935,-1.4605480453538933e-12,0.6052995920181274,0.02583412453532219,0.013042260892689228,-0.00022579818323720247,1,0,0,0,0,0,0,0,1,0,1
0.5924776792526245,0.02367667481303215,0.013868175446987152,-0.00017871185264084488,0.9631357192993164,0.01922045461833477,0.10989872366189957,0.01619766280055046,-0.000302077125525102,4.219902166369138e-06,9.581248014001176e-05,0.0,0.6185562610626221,0.025607392191886902,0.013329904526472092,-0.00023579630942549556,1,0,0,0,0,0,0,0,1,0,9
0.6064155101776123,0.02349618263542652,0.013997958041727543,-0.0001807397056836635,0.9787628650665283,0.01892901584506035,0.10992027819156647,0.01517464779317379,-0.0002829984587151557,3.953387931687757e-06,8.976132812676951e-05,-7.296491427548346e-13,0.632067084312439,0.025374233722686768,0.013583295047283173,-0.000238524517044425,1,0,0,0,0,0,0,0,1,0,16
0.6204658150672913,0.02331368811428547,0.01409948617219925,-0.00018199867918156087,0.9934167265892029,0.018655728548765182,0.10993712395429611,0.014240067452192307,-0.0002655690477695316,3.709911879923311e-06,8.423321560258046e-05,0.0,0.6457734107971191,0.025137539952993393,0.0137399323284626,-0.00024487284827046096,1,0,0,0,0,0,0,0,1,0,15
0.6346037983894348,0.02313004434108734,0.01417591143399477,-0.0001829115062719211,1.007178783416748,0.01839907467365265,0.10995038598775864,0.013381516560912132,-0.00024955760454759,3.4862428037740756e-06,7.915483001852408e-05,-7.29191717858263e-13,0.6596100330352783,0.024895433336496353,0.013856557197868824,-0.0002503396535757929,1,0,0,0,0,0,0,0,0,0,16
