lt_dp_posx,lt_dp_posy,lt_dp_velx,lt_dp_vely,ball_posx,ball_posy,ball_posz,ball_vel_x,ball_vel_y,ball_rot_x,ball_rot_y,ball_rot_z,rt_gk_posx,rt_gk_posy,rt_gk_velx,rt_gk_vely,action_left,action_top_left,action_top,action_top_right,action_right,action_bottom_right,action_bottom,action_bottom_left,action_sprint,action_dribble,sel_action
-1.0110293626785278,-0.0,0.0,-0.0,0.019999999552965164,-0.0,0.11061639338731766,0.0,-0.0,0.0,-0.0,0.0,1.0110293626785278,0.0,-0.0,0.0,0,0,0,0,0,0,0,0,0,0,5
0.0,-0.0,0.0,-0.0,0.019999999552965164,-0.0,0.11059734225273132,0.0,-0.0,0.0,-0.0,0.0,1.0110293626785278,0.0,-0.0,0.0,0,0,0,0,1,0,0,0,0,0,5
0.00032308624940924346,5.012149029148816e-11,0.0019679905381053686,1.5585761847791701e-10,0.019999999552965164,-0.0,0.10930104553699493,0.0,-0.0,0.0,-0.0,0.0,1.0093543529510498,-1.3062736656244134e-11,-0.0035601502750068903,-2.532124683540804e-11,0,0,0,0,1,0,0,0,0,0,5
0.00346941570751369,-6.651652839639866e-11,0.004606739617884159,-1.0011581147439941e-10,0.019999999552965164,-0.0,0.11075475811958313,0.0,-0.0,0.0,-0.0,0.0,1.0049090385437012,-3.6163953776036095e-11,-0.005159658379852772,-1.8880749394489804e-11,0,0,0,0,1,0,0,0,0,0,13
0.0072206053882837296,-1.5883747650491387e-09,0.006202893331646919,-3.5571864898109595e-10,0.020900558680295944,-4.999721470166918e-11,0.11566377431154251,0.009005608968436718,-4.999721747722674e-10,-1.3729235847151355e-12,-1.2968798728252295e-05,-5.856774483795069e-13,0.998912513256073,2.2564736537611374e-11,-0.006663799285888672,6.774014682520146e-10,0,0,0,0,1,0,0,0,1,0,13
0.014238657429814339,-1.8248648148144753e-09,0.007660851813852787,-9.95643775758559e-11,0.02951611578464508,-5.276450387725617e-10,0.11027590185403824,0.008348003029823303,-4.624153560062183e-10,-4.771135309750152e-12,-3.732015466084704e-05,-1.223029815443366e-12,0.9914822578430176,6.102631178173112e-10,-0.0080326022580266,4.810646325736911e-10,0,0,0,0,1,0,0,0,1,0,16
0.02262367494404316,-1.9539567741588826e-09,0.008950777351856232,-1.8719571726055761e-10,0.03758316487073898,-9.743351681024137e-10,0.107444629073143,0.00787985511124134,-4.363154837427885e-10,-6.095439691183868e-12,-4.661308048525825e-05,0.0,0.9827787280082703,9.06382524590299e-10,-0.009224695153534412,1.3343159910306213e-10,0,0,0,0,1,0,0,0,1,0,18
0.03205844387412071,-2.2025756774013416e-09,0.009951052255928516,-2.721601000121865e-10,0.045222748070955276,-1.3973463497407579e-09,0.11318864673376083,0.007444428279995918,-4.1220543645081875e-10,-5.758455344506697e-12,-4.403610364533961e-05,-1.7358997268078575e-18,0.9734154939651489,1.0742254863416179e-09,-0.009538145735859871,1.890613082755621e-10,0,0,0,0,1,0,0,0,1,0,13
0.04024920240044594,-3.132879511369424e-09,0.009588802233338356,-1.5734924474486434e-10,0.052430372685194016,-1.7964403298265097e-09,0.11169138550758362,0.007014590781182051,-3.8840500260484134e-10,-5.4259240329923575e-12,-4.1493152821203694e-05,0.0,0.963359534740448,1.2130177973190825e-09,-0.010455355979502201,8.793561018238805e-11,0,0,0,0,1,0,0,0,1,0,18
0.049514032900333405,-3.5913427787193086e-09,0.010337285697460175,-9.28635154884283e-11,0.06368239969015121,1.768489892128855e-05,0.1434321403503418,0.014048906974494457,2.9327509764698334e-05,3.8005308056199283e-07,-4.279286440578289e-05,-2.459872305848876e-08,0.9525248408317566,4.072127524068492e-08,-0.010928686708211899,1.9666023831632629e-07,0,0,0,0,1,0,0,0,1,0,18
0.060139648616313934,1.8403250123810722e-06,0.010675542056560516,5.268630502541782e-06,0.07761934399604797,4.679743142332882e-05,0.11461465060710907,0.01373550295829773,2.8797894628951326e-05,3.8255660683716997e-07,-4.697274198406376e-05,-1.9977946408289426e-08,0.9415563941001892,5.944637564425648e-07,-0.011242137290537357,8.575991046200215e-07,0,0,0,0,1,0,0,0,1,0,16
0.07119016349315643,1.1092251043010037e-05,0.01140530500560999,1.2710568626062013e-05,0.09079436212778091,7.479307532776147e-05,0.11870206892490387,0.012912080623209476,2.7478703486849554e-05,3.8390263057408447e-07,-7.638469833182171e-05,1.3670283709275172e-13,0.9299631714820862,1.7916095202963334e-06,-0.011861324310302734,1.4708643902849872e-06,0,0,0,0,1,0,0,0,1,0,18
0.08297347277402878,2.8337686671875417e-05,0.012080897577106953,1.9659955796669237e-05,0.10333219915628433,0.00010147530701942742,0.10670075565576553,0.01223208848387003,2.6031579182017595e-05,3.636766336967412e-07,-7.236035889945924e-05,-4.555806686762365e-14,0.9177908301353455,3.592316488720826e-06,-0.012411790899932384,2.2013948637322756e-06,0,0,0,0,1,0,0,0,1,0,18
0.09538528323173523,5.008978769183159e-05,0.012659587897360325,2.408994987490587e-05,0.1151905283331871,0.00012671145668718964,0.11036428809165955,0.011557010933756828,2.459492316120304e-05,3.435936264395423e-07,-6.836446846136823e-05,-9.10982105180834e-14,0.9051313996315002,6.48210743747768e-06,-0.012844450771808624,3.45926173395128e-06,0,0,0,0,1,0,0,0,1,0,5
0.10829773545265198,7.790386734995991e-05,0.013101013377308846,3.0926592444302514e-05,0.12638430297374725,0.00015053334936965257,0.11027523875236511,0.010902435518801212,2.3201893782243133e-05,3.241272565901454e-07,-6.44912724965252e-05,-4.5540909368244065e-14,0.8920965194702148,1.0495736205484718e-05,-0.01317683421075344,4.300014552427456e-06,0,0,0,0,1,0,0,0,1,0,18
0.12107253074645996,4.833556886296719e-05,0.013405117206275463,3.234649921068922e-05,0.13694272935390472,0.00017300312174484134,0.10931479185819626,0.010283277370035648,2.1884234229219146e-05,3.057226081182307e-07,-6.0829326685052365e-05,4.5533601167975155e-14,0.8787750601768494,1.5169212019827683e-05,-0.013429276645183563,4.984107363270596e-06,0,0,0,0,1,0,0,0,1,0,13
0.13190044462680817,-0.0006368888425640762,0.013405021280050278,1.886921927507501e-05,0.14690251648426056,0.00019419896125327796,0.11076351255178452,0.009700190275907516,2.064334876195062e-05,2.8838087473559426e-07,-5.737884566769935e-05,-4.552710273120382e-14,0.8652356863021851,2.0494731870712712e-05,-0.013621414080262184,5.467440132633783e-06,0,0,0,0,1,0,0,0,1,0,18
0.1448391079902649,-0.0007539879879914224,0.013405084609985352,5.3909761845716275e-06,0.1617206186056137,0.00010312662925571203,0.15310484170913696,0.015286575071513653,-0.00010265957826049998,-2.539984222948988e-07,-5.070270344731398e-05,-1.7531175444673863e-07,0.8515316843986511,2.4854103685356677e-05,-0.013765166513621807,3.3674664337013382e-06,0,0,0,0,1,0,0,0,1,0,0
0.15825243294239044,-0.0007463383954018354,0.013516930863261223,2.013171797443647e-05,0.17682819068431854,1.887044277282257e-06,0.11548401415348053,0.014662185683846474,-9.695854532765225e-05,-9.77895410869678e-07,-7.442843343596905e-05,-2.8405028729139303e-07,0.8377040028572083,2.707384010136593e-05,-0.013873857446014881,1.2876425898866728e-06,0,0,0,0,1,0,0,0,1,0,0
0.1719004213809967,-0.0006976640434004366,0.013745006173849106,7.279288547579199e-05,0.19111096858978271,-9.234718163497746e-05,0.11024405807256699,0.013999268412590027,-9.234229946741834e-05,-1.2901400623377413e-06,-8.281839836854488e-05,-1.8233578167291264e-13,0.8237837553024292,2.5361136067658663e-05,-0.013955200091004372,-5.440077075036243e-06,0,0,0,0,1,0,0,0,1,0,13
0.1857425719499588,-0.0006005394970998168,0.013914178125560284,0.00010483795631444082,0.20469215512275696,-0.00018193165306001902,0.10663392394781113,0.013257825747132301,-8.745156083023176e-05,-1.2217712992423913e-06,-7.842958439141512e-05,-1.8229063820495578e-13,0.8097941279411316,1.5095549315446988e-05,-0.014015506021678448,-1.4223278412828222e-05,0,0,0,0,1,0,0,0,1,0,0
0.19972923398017883,-0.0005085136508569121,0.014040224254131317,8.080671250354499e-05,0.21754300594329834,-0.0002666985965333879,0.11323954164981842,0.012522803619503975,-8.260317554231733e-05,-1.1539557362993946e-06,-7.40762916393578e-05,3.6449657311518613e-13,0.7957526445388794,-3.4441341085766908e-06,-0.014060385525226593,-2.0361560018500313e-05,0,0,0,0,1,0,0,0,1,0,18
0.21382300555706024,-0.0004407565575093031,0.014133312739431858,5.725272058043629e-05,0.22967451810836792,-0.00034672088804654777,0.11170554161071777,0.011816355399787426,-7.794326666044071e-05,-1.0888479664572515e-06,-6.989682879066095e-05,0.0,0.781672477722168,-2.372462950006593e-05,-0.014094044454395771,-2.0211871742503718e-05,0,0,0,0,1,0,0,0,1,0,18
0.22587166726589203,0.00036432407796382904,0.014140954241156578,3.517978984746151e-05,0.24111799895763397,-0.0004222045827191323,0.1107015535235405,0.011142978444695473,-7.3501534643583e-05,-1.0268041705785436e-06,-6.591401324840263e-05,-1.8217545527665635e-13,0.7675633430480957,-4.384785643196665e-05,-0.014119990170001984,-2.004900306928903e-05,0,0,0,0,1,0,0,0,1,0,16
0.23895499110221863,0.0007103123934939504,0.013680142350494862,1.2762684491463006e-05,0.25524455308914185,-0.00035621534334495664,0.1510060876607895,0.015365071594715118,0.00012441920989658684,1.1187378134991377e-07,-5.391289232647978e-05,1.3733684056660422e-07,0.7534326314926147,-6.240483344299719e-05,-0.014138221740722656,-1.707957562757656e-05,0,0,0,0,1,0,0,0,1,0,0
0.25238698720932007,0.0007112564635463059,0.013462760485708714,-1.1371938853699248e-05,0.2704921364784241,-0.00023278775915969163,0.11839707940816879,0.015082411468029022,0.00012176639575045556,2.1638066982632154e-07,-5.623986362479627e-05,2.0750641738231934e-07,0.7392858266830444,-7.767380884615704e-05,-0.014152947813272476,-1.3785913324682042e-05,0,0,0,0,1,0,0,0,1,0,5
0.2659885585308075,0.0006667897687293589,0.013704510405659676,-7.47727244743146e-05,0.2849862575531006,-0.00011793016892625019,0.12017247825860977,0.0142111387103796,0.00011237598664592952,1.5700106814620085e-06,-8.40704160509631e-05,5.47047379183957e-13,0.7251269817352295,-8.775177411735058e-05,-0.014163466170430183,-4.177806204097578e-06,0,0,0,0,1,0,0,0,1,0,16
0.27979594469070435,0.00055693433387205,0.013883674517273903,-0.0001322085881838575,0.29878032207489014,-8.852267455949914e-06,0.11480221152305603,0.013474578969180584,0.00010655158257577568,1.4885908967698924e-06,-7.971055310918018e-05,5.469107155001152e-13,0.7109591364860535,-8.317270112456754e-05,-0.014171179383993149,1.1746305972337723e-05,0,0,0,0,1,0,0,0,1,0,6
0.29375654458999634,0.0004376764118205756,0.014017609879374504,-0.00010625187132973224,0.31183919310569763,9.441252768738195e-05,0.11213070154190063,0.012723908759653568,0.00010061560169560835,1.4055261772227823e-06,-7.526261470047757e-05,5.467787680957237e-13,0.6967847943305969,-6.281890091486275e-05,-0.014176789671182632,2.6110954422620125e-05,0,0,0,0,0,1,0,0,1,0,6
0.30730998516082764,0.0007824735366739333,0.013886021450161934,-9.063905599759892e-05,0.3241681456565857,0.0001919053465826437,0.10892973840236664,0.012010348029434681,9.497308928985149e-05,1.3267979284137255e-06,-7.104688847903162e-05,0.0,0.6826058030128479,-3.659294452518225e-05,-0.01418099645525217,2.6319721655454487e-05,0,0,0,0,0,1,0,0,1,0,6
0.3199927508831024,0.0019446236547082663,0.013446420431137085,0.0002907428133767098,0.3361169993877411,0.0006332275806926191,0.11905869096517563,0.014506425708532333,0.003583064302802086,1.3695636880584061e-05,-4.834404171560891e-05,-2.67847354962214e-07,0.668423056602478,-1.0159353223571088e-05,-0.014183801598846912,2.652654075063765e-05,0,0,0,0,0,1,0,0,1,0,12
0.3329111933708191,0.002611537231132388,0.012391805648803711,0.0014061847468838096,0.35035979747772217,0.004138241987675428,0.1491917073726654,0.014154843054711819,0.003482559695839882,1.7769474652595818e-05,-5.251765833236277e-05,2.782808905976708e-06,0.6542398929595947,0.00013191696780268103,-0.014178192242980003,0.00031530816340819,0,0,0,0,0,1,0,0,1,0,7
0.34509626030921936,0.004815001040697098,0.011829418130218983,0.00267840176820755,0.3642462193965912,0.007541266735643148,0.1234356015920639,0.013465466909110546,0.0032738468144088984,4.38811766798608e-05,-7.795983401592821e-05,1.5165957165663713e-06,0.6400776505470276,0.0006738683441653848,-0.01414453238248825,0.0007272430812008679,0,0,0,0,0,0,1,0,1,0,12
0.356891006231308,0.007481246255338192,0.011972119100391865,0.002694978378713131,0.3774144947528839,0.010742496699094772,0.1138637363910675,0.012873014435172081,0.0031294526997953653,4.371179238660261e-05,-7.613701018271968e-05,-5.832576609188234e-12,0.6259636282920837,0.0016182258259505033,-0.014090538024902344,0.0010936222970485687,0,0,0,0,0,0,1,0,1,0,12
0.3691186010837555,0.01019658800214529,0.012421958148479462,0.0027225064113736153,0.38992199301719666,0.013783077709376812,0.11460207402706146,0.012196498923003674,0.002964989747852087,4.141927638556808e-05,-7.214394281618297e-05,-5.831368807968085e-12,0.611901581287384,0.002856058767065406,-0.014037244021892548,0.0013556759804487228,0,0,0,0,0,0,1,0,1,0,7
0.3817408084869385,0.01291903480887413,0.012766263447701931,0.0027318461798131466,0.40175095200538635,0.016658710315823555,0.110049307346344,0.011526954360306263,0.0028022215701639652,3.914773333235644e-05,-6.818737892899662e-05,-1.7490708534295685e-11,0.5978989601135254,0.004355356562882662,-0.013972731307148933,0.0016166262794286013,0,0,0,0,0,0,1,0,1,0,12
0.3946343958377838,0.01569548062980175,0.012985398061573505,0.0028144230600446463,0.41291487216949463,0.019372668117284775,0.10923715680837631,0.010874759405851364,0.002643671352416277,3.6932393413735554e-05,-6.43287057755515e-05,-1.74875808278685e-11,0.5839781761169434,0.006148167885839939,-0.013874558731913567,0.0019426801009103656,0,0,0,0,0,0,1,0,1,0,5
0.40767785906791687,0.01859777607023716,0.013099612668156624,0.0028763958252966404,0.4234459400177002,0.02193278633058071,0.11118925362825394,0.010256798006594181,0.00249344389885664,3.483289765426889e-05,-6.0671824030578136e-05,0.0,0.5701676607131958,0.008273057639598846,-0.013755700550973415,0.0022735465317964554,0,0,0,0,1,0,0,0,1,0,5
0.4199831187725067,0.021861588582396507,0.011935821734368801,0.002417710144072771,0.43338140845298767,0.024348095059394836,0.10842853039503098,0.009677876718342304,0.0023527073208242655,3.286750506958924e-05,-5.724852599087171e-05,5.827439225614128e-12,0.5565032362937927,0.010764679871499538,-0.013560406863689423,0.0027261709328740835,0,0,0,0,1,0,0,0,1,0,5
0.4306439459323883,0.02419275790452957,0.00944067444652319,0.0015412791399285197,0.46546438336372375,0.02601572498679161,0.26076751947402954,0.06544168293476105,0.0006820925627835095,2.2377962523023598e-05,5.806853096146369e-06,0.0005525220767594874,0.5431037545204163,0.013804139569401741,-0.013259579427540302,0.003293883753940463,0,0,0,0,1,0,0,0,1,0,12
0.43897029757499695,0.025533175095915794,0.0076844412833452225,0.0013096480397507548,0.5290255546569824,0.02659379504621029,0.5632972121238708,0.06207761541008949,0.000493610801640898,2.2377962523023598e-05,5.806853096146369e-06,0.0005525220767594874,0.5300576090812683,0.017390578985214233,-0.012686322443187237,0.0037149949930608273,0,0,0,0,1,0,0,0,1,0,10
0.4461840093135834,0.02662421204149723,0.0068804798647761345,0.0006608415278606117,0.589413583278656,0.02698586881160736,0.7687121629714966,0.05905245989561081,0.00030972223612479866,2.2377962523023598e-05,5.806853096146369e-06,0.0005525220767594874,0.519089937210083,0.020552420988678932,-0.009261860512197018,0.0026107404846698046,0,0,0,0,1,0,0,0,1,0,5
0.4526819884777069,0.027248376980423927,0.006115787196904421,0.0005874622147530317,0.6469393372535706,0.027196751907467842,0.8819340467453003,0.05631689354777336,0.00013077553012408316,2.2377962523023598e-05,5.806853096146369e-06,0.0005525220767594874,0.5126056671142578,0.02234148606657982,-0.004035234451293945,0.001093388767912984,0,0,0,0,1,0,0,0,1,0,4
0.4592445194721222,0.027828851714730263,0.007224082946777344,0.0005479634855873883,0.7018696069717407,0.027231482788920403,0.9070767760276794,0.05383031815290451,-4.308287680032663e-05,2.2377962523023598e-05,5.806853096146369e-06,0.0005525220767594874,0.5118341445922852,0.022622358053922653,0.0020567108877003193,-0.00010035825107479468,0,0,0,1,0,0,0,0,1,0,4
0.46727654337882996,0.028241991996765137,0.008661606349050999,0.00026939017698168755,0.7544339895248413,0.02709515579044819,0.8476244211196899,0.05155906081199646,-0.00021186412777751684,2.2377962523023598e-05,5.806853096146369e-06,0.0005525220767594874,0.5152357816696167,0.02269904688000679,0.004099747631698847,0.0001997468643821776,0,0,0,1,0,0,0,0,1,0,6
0.47659239172935486,0.02831665799021721,0.009450029581785202,-1.3260386367619503e-05,0.8048323392868042,0.026792781427502632,0.7065687775611877,0.049474917352199554,-0.00037569680716842413,2.2377962523023598e-05,5.806853096146369e-06,0.0005525220767594874,0.5201855301856995,0.02285110391676426,0.005639651324599981,0.00010600500536384061,0,0,0,0,0,1,0,0,1,0,10
0.48648637533187866,0.028298670426011086,0.01028493233025074,-3.320235919090919e-05,0.8532381653785706,0.026329202577471733,0.4865158200263977,0.047554101794958115,-0.0005347939440980554,2.2377962523023598e-05,5.806853096146369e-06,0.0005525220767594874,0.5266472101211548,0.02296694740653038,0.007112937979400158,0.00012198989134049043,0,0,0,0,0,1,0,0,1,0,7
0.4973125457763672,0.028256133198738098,0.011164954863488674,-6.028109055478126e-05,0.8998035192489624,0.025709006935358047,0.18976879119873047,0.04577641189098358,-0.0006894263788126409,2.2377962523023598e-05,5.806853096146369e-06,0.0005525220767594874,0.5344969034194946,0.023092743009328842,0.008426344022154808,0.00012747978325933218,0,0,0,0,0,0,1,0,1,0,18
0.5090001225471497,0.028201641514897346,0.011981649324297905,-6.648247654084116e-05,0.9394926428794861,0.025212425738573074,0.23563498258590698,0.03695595636963844,-0.00042026452138088644,1.9635588614619337e-05,-1.627283745619934e-05,0.0004919006605632603,0.543548047542572,0.0232160072773695,0.009525873698294163,0.00011826816626125947,0,0,0,0,0,0,1,0,1,0,8
0.5213310718536377,0.028129825368523598,0.012558238580822945,-8.637181599624455e-05,0.9758535623550415,0.024759162217378616,0.3125721216201782,0.03588085249066353,-0.0004809482488781214,1.9635588614619337e-05,-1.627283745619934e-05,0.0004919006605632603,0.5537186861038208,0.02331552840769291,0.010556400753557682,9.158285683952272e-05,0,0,0,0,0,0,0,1,1,0,6
0.5341585278511047,0.028044071048498154,0.01302470825612545,-9.196136670652777e-05,1.0111631155014038,0.024242836982011795,0.27312469482421875,0.03484794497489929,-0.0005458689411170781,1.9635588614619337e-05,-1.627283745619934e-05,0.0004919006605632603,0.5648670792579651,0.023380465805530548,0.011459797620773315,6.321447290247306e-05,0,0,0,0,0,1,0,0,1,0,16
