lt_dp_posx,lt_dp_posy,lt_dp_velx,lt_dp_vely,ball_posx,ball_posy,ball_posz,ball_vel_x,ball_vel_y,ball_rot_x,ball_rot_y,ball_rot_z,rt_gk_posx,rt_gk_posy,rt_gk_velx,rt_gk_vely,action_left,action_top_left,action_top,action_top_right,action_right,action_bottom_right,action_bottom,action_bottom_left,action_sprint,action_dribble,sel_action
-1.0110293626785278,-0.0,0.0,-0.0,0.019999999552965164,-0.0,0.11061639338731766,-0.0,0.0,0.0,-0.0,0.0,1.0110293626785278,0.0,-0.0,0.0,0,0,0,0,0,0,0,0,0,0,5
0.0,-0.0,0.0,-0.0,0.019999999552965164,-0.0,0.11059734225273132,-0.0,0.0,0.0,-0.0,0.0,1.010831356048584,-1.6283261197735932e-11,-0.0013190157478675246,-1.0749903051054943e-10,0,0,0,0,1,0,0,0,0,0,5
4.241273563820869e-05,1.1441222969033049e-11,0.0006617647595703602,5.902629513637736e-12,0.019999999552965164,-0.0,0.10930104553699493,-0.0,0.0,0.0,-0.0,0.0,1.007331371307373,-2.399091758586991e-10,-0.004367968533188105,-2.2594515147744687e-10,0,0,0,0,1,0,0,0,0,0,5
0.003006112528964877,1.519928627402578e-10,0.004283254500478506,2.455746196672326e-11,0.019999999552965164,-0.0,0.11075475811958313,-0.0,0.0,0.0,-0.0,0.0,1.0020980834960938,-4.074588721980632e-10,-0.0059268055483698845,-1.0296197922032846e-10,0,0,0,0,1,0,0,0,0,0,5
0.005976419895887375,-3.335942633242439e-09,0.005899912212044001,-4.0283978930411024e-10,0.019999999552965164,-0.0,0.11053141206502914,-0.0,0.0,0.0,-0.0,0.0,0.9953674674034119,-3.836735443241146e-11,-0.007369237951934338,6.158926701971268e-10,0,0,0,0,1,0,0,0,0,0,13
0.01208920031785965,-4.567149325396258e-09,0.007388565689325333,-2.3666513193632e-10,0.027043690904974937,-7.464242002264143e-10,0.12339748442173004,0.008541037328541279,-9.062132710901949e-10,3.165869476295935e-12,9.764514288690407e-06,-4.503728119609196e-12,0.9872784614562988,4.3204559374565576e-10,-0.008651789277791977,3.3163902180000093e-10,0,0,0,0,1,0,0,0,1,0,5
0.020219657570123672,-4.706699918699542e-09,0.00871200766414404,-1.5976672762541e-10,0.03515337407588959,-1.6084203968702582e-09,0.11658526211977005,0.007856030017137527,-8.355862113340606e-10,1.167331856177789e-11,4.647200694307685e-05,1.3888268392970657e-18,0.9781137704849243,6.18113338290982e-10,-0.009335489943623543,2.3669274873405755e-10,0,0,0,0,1,0,0,0,1,0,18
0.02957405149936676,-4.8246446837652e-09,0.009851332753896713,-6.344568620475499e-11,0.04277469217777252,-2.4190416336722365e-09,0.10804859548807144,0.007430294528603554,-7.903038778955818e-10,1.1040613735746607e-11,4.3953197746304795e-05,-6.943580502462801e-19,0.968501091003418,7.931450496379e-10,-0.010017086751759052,1.2729424458957084e-10,0,0,0,0,1,0,0,0,1,0,18
0.03769775107502937,-7.0189694056921326e-09,0.009381312876939774,-1.677382677200967e-10,0.049968358129262924,-3.1841775882668344e-09,0.11133904755115509,0.007003610488027334,-7.449207917176182e-10,1.0406486436465023e-11,4.142869875067845e-05,-1.3886115655426487e-18,0.9580104947090149,8.469724921411625e-10,-0.010855057276785374,-8.72369711191201e-12,0,0,0,0,1,0,0,0,1,0,0
0.046701423823833466,-8.300626852530968e-09,0.01024884358048439,-1.0085627472067316e-10,0.060423411428928375,1.4213128451956436e-05,0.14029178023338318,0.013894477859139442,2.8018954253639095e-05,2.853884950582142e-07,8.174314643838443e-06,3.5968724887425196e-07,0.9471069574356079,1.5819843213193963e-09,-0.010882405564188957,7.602824481089954e-10,0,0,0,0,1,0,0,0,1,0,18
0.05729321017861366,1.2056464129273081e-06,0.010675586760044098,4.04682032240089e-06,0.07422768324613571,4.204155629849993e-05,0.1264386922121048,0.013696878217160702,2.7570509701035917e-05,2.7805009494841215e-07,8.972260729933623e-06,3.6781787571271707e-07,0.9358362555503845,2.085668748819103e-09,-0.01156821008771658,3.0178687326909426e-10,0,0,0,0,1,0,0,0,1,0,16
0.06827076524496078,9.047485946211964e-06,0.011330842971801758,1.0950497198791709e-05,0.08706510066986084,6.690617010463029e-05,0.12639231979846954,0.012363479472696781,2.3459364456357434e-05,-9.719367710658844e-08,4.9115191359305754e-05,3.7784417372677126e-07,0.9239458441734314,4.4666322196462716e-08,-0.012150231748819351,2.0634205100122927e-07,0,0,0,0,1,0,0,0,1,0,18
0.07998651266098022,2.4302562451339327e-05,0.012014280073344707,1.793093906599097e-05,0.09903013706207275,8.939954568631947e-05,0.11751991510391235,0.011658850125968456,2.18382465391187e-05,-3.0508408599416725e-07,6.896725244587287e-05,4.5550423242307625e-14,0.911514401435852,9.415778663424135e-07,-0.012642495334148407,1.5764284171382315e-06,0,0,0,0,1,0,0,0,1,0,13
0.09234046190977097,4.392753180582076e-05,0.01260839868336916,2.1595851649180986e-05,0.11034836620092392,0.00011059979442507029,0.11176735907793045,0.01103160809725523,2.0663363102357835e-05,-2.88655627400658e-07,6.525339267682284e-05,0.0,0.8986548185348511,3.390860229046666e-06,-0.013021862134337425,3.1561294235871173e-06,0,0,0,0,1,0,0,0,1,0,18
0.10520878434181213,6.88562067807652e-05,0.013062270358204842,2.775341272354126e-05,0.12104087322950363,0.00013062800280749798,0.11096873879432678,0.010417248122394085,1.9512603103066795e-05,-2.7258738555246964e-07,6.162100908113644e-05,0.0,0.8854668736457825,6.792513886466622e-06,-0.013312171213328838,3.67226289199607e-06,0,0,0,0,1,0,0,0,1,0,16
0.11841432750225067,-0.0011668828083202243,0.013238980434834957,2.1448546249303035e-05,0.13113075494766235,0.00014952743367757648,0.10908352583646774,0.00982715841382742,1.840729601099156e-05,-2.571494519543194e-07,5.813113966723904e-05,4.552848847710553e-14,0.8720289468765259,1.0815846508194227e-05,-0.013532358221709728,4.30052978117601e-06,0,0,0,0,1,0,0,0,1,0,5
0.13165336847305298,-0.0022505433298647404,0.013238980434834957,9.53246490098536e-06,0.14378005266189575,2.8020092941005714e-05,0.14720965921878815,0.01553349383175373,-0.00025917895254679024,-6.124694351683502e-08,1.03714810393285e-05,-7.978154599186382e-07,0.8584014177322388,1.433226771041518e-05,-0.013698549941182137,1.3945191312814131e-06,0,0,0,0,1,0,0,0,1,0,16
0.14491237699985504,-0.002244810340926051,0.01333785429596901,1.3207847587182187e-05,0.15920622646808624,-0.00022935336164664477,0.14560677111148834,0.015338599681854248,-0.00025590992299839854,-6.124694351683502e-08,1.03714810393285e-05,-7.978154599186382e-07,0.8446311354637146,1.225356936629396e-05,-0.013824069872498512,-4.807367986359168e-06,0,0,0,0,1,0,0,0,1,0,16
0.1584068089723587,-0.0021707252599298954,0.013610019348561764,0.00013718871923629194,0.1738969385623932,-0.00047350279055535793,0.12911537289619446,0.013999149203300476,-0.00023158753174357116,1.458725705560937e-06,4.386553700896911e-05,-1.9176081877958495e-06,0.8307538032531738,3.7686925224988954e-06,-0.013917334377765656,-1.3476057574735023e-05,0,0,0,0,1,0,0,0,1,0,16
0.17213158309459686,-0.0019526202231645584,0.013809168711304665,0.0002823003742378205,0.18747469782829285,-0.0006976953009143472,0.11690200865268707,0.013137148693203926,-0.00021650073176715523,3.0241931199270766e-06,7.770342199364677e-05,-1.093700434037781e-12,0.8167964816093445,-2.049719296337571e-05,-0.013986756093800068,-3.3118321880465373e-05,0,0,0,0,1,0,0,0,1,0,16
0.18602795898914337,-0.0016748751513659954,0.013961861841380596,0.0002517244720365852,0.20025207102298737,-0.000908267218619585,0.11498134583234787,0.01246572844684124,-0.00020543579012155533,2.869898253266001e-06,7.37383306841366e-05,-3.644902034274228e-13,0.8027790784835815,-6.448177009588107e-05,-0.01404004916548729,-5.289010005071759e-05,0,0,0,0,1,0,0,0,1,0,13
0.2000558078289032,-0.0014587660552933812,0.01407651323825121,0.00018800952238962054,0.21233978867530823,-0.001107473042793572,0.10733341425657272,0.011778132058680058,-0.0001941042282851413,2.711704837565776e-06,6.967374793021008e-05,-3.644158813684989e-13,0.7887169122695923,-0.00012079515727236867,-0.014079318381845951,-5.6087788834702224e-05,0,0,0,0,1,0,0,0,1,0,16
0.21415798366069794,-0.0013055858435109258,0.014122053049504757,0.00012583087664097548,0.2237517386674881,-0.0012955424608662724,0.11101736128330231,0.011116599664092064,-0.00018320207891520113,2.5592573820176767e-06,6.57568234601058e-05,7.286965085159802e-13,0.774621307849884,-0.00017633740208111703,-0.014108069241046906,-5.5090069508878514e-05,0,0,0,0,1,0,0,0,1,0,13
0.22823882102966309,-0.0012158802710473537,0.013973958790302277,6.225334072951227e-05,0.2361682653427124,-0.0014141842257231474,0.1366603821516037,0.01591673493385315,2.1644036678480916e-05,8.989547382043384e-07,1.2277506357349921e-05,-9.624525318940869e-07,0.7605006694793701,-0.0002312015712959692,-0.01413050852715969,-5.5414362577721477e-05,0,0,0,0,1,0,0,0,1,0,16
0.2418159395456314,-0.0010356814600527287,0.01331257726997137,5.692813829227816e-06,0.25197291374206543,-0.0013927083928138018,0.15771448612213135,0.0157131589949131,2.1359845050028525e-05,8.989547382043384e-07,1.2277506357349921e-05,-9.624525318940869e-07,0.7463613748550415,-0.0002879028324969113,-0.014146636240184307,-5.7752247812459245e-05,0,0,0,0,1,0,0,0,1,0,13
0.2551282048225403,0.0007008041720837355,0.013312598690390587,3.3214616905752337e-06,0.26731935143470764,-0.0013726969482377172,0.12169528752565384,0.014493726193904877,1.609471109986771e-05,4.6273788711914676e-07,4.0967697714222595e-05,-1.26034052527757e-07,0.7322083711624146,-0.0003469351213425398,-0.0141578558832407,-6.007810588926077e-05,0,0,0,0,1,0,0,0,1,0,16
0.2684406638145447,0.0010163704864680767,0.013312522321939468,9.482557175033435e-07,0.2830081880092621,-0.0011328340042382479,0.17423634231090546,0.015752354636788368,0.0002633901603985578,4.045696471166593e-07,-7.784909143992991e-07,1.8109751920292183e-07,0.718045175075531,-0.0003953572304453701,-0.014167673885822296,-3.887982165906578e-05,0,0,0,0,1,0,0,0,1,0,16
0.2818373143672943,0.0010015333537012339,0.013516930863261223,-4.7964447730919346e-05,0.29864999651908875,-0.0008712877170182765,0.13477066159248352,0.015551920980215073,0.00026005672407336533,4.045696471166593e-07,-7.784909143992991e-07,1.8109751920292183e-07,0.7038741707801819,-0.00042256389860995114,-0.01417398452758789,-1.765190427249763e-05,0,0,0,0,1,0,0,0,1,0,18
0.2954840064048767,0.0008802689844742417,0.013742377050220966,-0.00018325219571124762,0.31318947672843933,-0.0006293377373367548,0.13702869415283203,0.014029022306203842,0.00023286655778065324,-9.92648210740299e-07,3.1287687306758016e-05,1.9089857232756913e-06,0.6896973252296448,-0.0004273743543308228,-0.014179594814777374,6.898471383465221e-06,0,0,0,0,1,0,0,0,1,0,6
0.30932164192199707,0.0006344734574668109,0.01390891894698143,-0.0002656755968928337,0.32691213488578796,-0.00040180838550440967,0.1179390624165535,0.013180705718696117,0.00021800785907544196,-2.380953901592875e-06,6.290128658292815e-05,1.1727767059710459e-06,0.6755163669586182,-0.00040575736784376204,-0.014182399027049541,3.366129385540262e-05,0,0,0,0,0,1,0,0,1,0,7
0.3231600522994995,0.0005906957667320967,0.01397055946290493,-0.00021634867880493402,0.3397103548049927,-0.00019023061031475663,0.11499188840389252,0.012490235269069672,0.00020647035853471607,-2.8842791834904347e-06,7.388147059828043e-05,7.289858820758166e-13,0.6613323092460632,-0.00035817865864373744,-0.014185204170644283,5.505453373189084e-05,0,0,0,0,0,0,1,0,1,0,6
0.33615946769714355,0.0016544031677767634,0.013610436581075191,0.00015643666847608984,0.3518329858779907,1.0163327715417836e-05,0.1094159260392189,0.011815926060080528,0.00019532369333319366,-2.728718072830816e-06,6.989671965129673e-05,0.0,0.6471460461616516,-0.00030319360666908324,-0.01418730802834034,5.492775744642131e-05,0,0,0,0,0,1,0,0,1,0,12
0.3491796851158142,0.0022211724426597357,0.012725591659545898,0.0006778120878152549,0.3656335771083832,0.002757722046226263,0.15521031618118286,0.014225621707737446,0.0033609725069254637,3.6201518014422618e-06,1.611002517165616e-05,1.7479878806625493e-05,0.6329580545425415,-0.00024833634961396456,-0.01418871060013771,5.47991985513363e-05,0,0,0,0,0,1,0,0,1,0,12
0.36156773567199707,0.003835879033431411,0.01214847806841135,0.0023421416990458965,0.379752516746521,0.0060930014587938786,0.11946135014295578,0.013959389179944992,0.00329392496496439,2.3928607788548106e-06,1.7755037333699875e-05,1.8869559426093474e-05,0.6187741756439209,-2.481350747984834e-05,-0.014174685813486576,0.0004297180275898427,0,0,0,0,0,1,0,0,1,0,0
0.37340766191482544,0.0063899364322423935,0.011874647811055183,0.00256455410271883,0.39282500743865967,0.009134948253631592,0.13028568029403687,0.012716412544250488,0.0029448424465954304,-2.274045800731983e-05,5.115166277391836e-05,2.3988815883058123e-05,0.6046246290206909,0.0006622575456276536,-0.014123495668172836,0.0008973832009360194,0,0,0,0,0,1,0,0,1,0,14
0.3855559825897217,0.008981609717011452,0.012358146719634533,0.0026003525126725435,0.40515992045402527,0.01198276411741972,0.11858455836772919,0.012015930376946926,0.002770102582871914,-3.8698814023518935e-05,7.107954297680408e-05,-5.831057858785016e-12,0.5905449986457825,0.001811800291761756,-0.01404004916548729,0.0013466122327372432,0,0,0,0,0,0,0,0,1,0,6
0.39813539385795593,0.01157402154058218,0.012745576910674572,0.00258257077075541,0.4168262481689453,0.014672273769974709,0.11102482676506042,0.011379598639905453,0.002623404609039426,-3.664992982521653e-05,6.731628673151135e-05,-5.82999534065598e-12,0.5765632390975952,0.0033907671459019184,-0.013929255306720734,0.001768575282767415,0,0,0,0,0,1,0,0,1,0,7
0.4110301733016968,0.014185121282935143,0.01299942284822464,0.0026445782277733088,0.42785194516181946,0.017214100807905197,0.11248774826526642,0.010743930004537106,0.002476859139278531,-3.460148582234979e-05,6.355384539347142e-05,-1.1657982738888517e-11,0.5627085566520691,0.005389688536524773,-0.013789008371531963,0.0021867488976567984,0,0,0,0,0,0,1,0,1,0,5
0.42398276925086975,0.017030149698257446,0.012941752560436726,0.002654035110026598,0.43826180696487427,0.019613925367593765,0.10797764360904694,0.010139056481420994,0.002337414538487792,-3.265391933382489e-05,5.997667176416144e-05,5.8280906142793576e-12,0.5490540266036987,0.007902690209448338,-0.01353516336530447,0.0027782893739640713,0,0,0,0,1,0,0,0,1,0,4
0.435930460691452,0.019895631819963455,0.011681126430630684,0.002037107478827238,0.4480838477611542,0.021878257393836975,0.1113424226641655,0.009567704983055592,0.002205698052421212,-3.081314207520336e-05,5.6595636124257e-05,5.82728743730998e-12,0.5356861352920532,0.011000691913068295,-0.013222062960267067,0.003357552457600832,0,0,0,1,0,0,0,0,1,0,16
0.44594287872314453,0.021669404581189156,0.008467365987598896,0.001153321354649961,0.4920836091041565,0.022818919271230698,0.3380413055419922,0.058018624782562256,0.00024840456899255514,-1.4297529560280964e-05,4.892961078439839e-05,0.0016222393605858088,0.5232023596763611,0.014447800815105438,-0.011236176826059818,0.0032678174320608377,0,0,0,1,0,0,0,0,1,0,8
0.45391565561294556,0.02289259433746338,0.0073944819159805775,0.0011787174735218287,0.5486950874328613,0.022780846804380417,0.4737301766872406,0.055473726242780685,-0.00026822005747817457,-1.4297529560280964e-05,4.892961078439839e-05,0.0016222393605858088,0.5144008994102478,0.017285937443375587,-0.006489893887192011,0.002483645686879754,0,0,0,0,0,0,0,1,1,0,5
0.4610130786895752,0.02370641753077507,0.0068994127213954926,0.0005705647636204958,0.6028075218200684,0.022241933271288872,0.4013791084289551,0.05300920829176903,-0.0007560049998573959,-1.4297529560280964e-05,4.892961078439839e-05,0.0016222393605858088,0.510999858379364,0.019620686769485474,-0.0013628426240757108,0.00276133487932384,0,0,0,0,1,0,0,0,1,0,13
0.46729910373687744,0.024226274341344833,0.006132967304438353,0.0005071813357062638,0.654491662979126,0.021231358870863914,0.13533160090446472,0.05060867965221405,-0.0012144676875323057,-1.4297529560280964e-05,4.892961078439839e-05,0.0016222393605858088,0.5126256942749023,0.022277917712926865,0.0038672895170748234,0.0021695236209779978,0,0,0,0,1,0,0,0,1,0,15
0.4743029475212097,0.024678191170096397,0.007694258354604244,0.0003562019264791161,0.6980982422828674,0.020159799605607986,0.2287282794713974,0.042264893651008606,-0.001163101871497929,-1.1559664926608093e-05,6.848495831945911e-05,0.0014793353620916605,0.5180423855781555,0.02361968532204628,0.006316339131444693,0.0008108228212222457,0,0,0,0,1,0,0,0,0,0,18
0.48280471563339233,0.024830564856529236,0.009103677235543728,-5.746089300373569e-05,0.7395554780960083,0.018846498802304268,0.16856516897678375,0.04078628495335579,-0.0014339248882606626,-1.1559664926608093e-05,6.848495831945911e-05,0.0014793353620916605,0.5251712203025818,0.024189040064811707,0.00776543328538537,0.0004589557647705078,0,0,0,0,1,0,0,0,0,0,15
0.49227339029312134,0.024624666199088097,0.009556158445775509,-0.00024685703101567924,0.7773098349571228,0.017455127090215683,0.15536221861839294,0.03578651696443558,-0.0013624154962599277,-6.337222203001147e-06,9.368897008243948e-05,0.0012326010037213564,0.5336447954177856,0.02446139231324196,0.009020286612212658,0.00010534907050896436,0,0,0,0,1,0,0,0,0,0,10
0.5024421215057373,0.02436128817498684,0.010551554150879383,-0.00029339949833229184,0.8120501041412354,0.016045812517404556,0.1222982332110405,0.03269924223423004,-0.0013420586474239826,1.3257817954581697e-07,0.00011939485557377338,0.0009245048277080059,0.5429443120956421,0.024371905252337456,0.00933163333684206,-0.00016968786076176912,0,0,0,0,1,0,0,0,0,0,1
0.5135236382484436,0.024057304486632347,0.0114482706412673,-0.0003218854544684291,0.843025803565979,0.014752260409295559,0.11038811504840851,0.029469916597008705,-0.0012327954173088074,1.22489736895659e-05,0.0001601026888238266,0.00028623518301174045,0.5527147650718689,0.02417059615254402,0.010189940221607685,-0.00023137438984122127,1,0,0,0,0,0,0,0,0,0,1
0.5254168510437012,0.023732494562864304,0.012162077240645885,-0.0003557441814336926,0.8709797859191895,0.013585633598268032,0.10848027467727661,0.026805492118000984,-0.00111842539627105,1.5624194929841906e-05,0.00015856215031817555,-1.7616850686574814e-11,0.5633584260940552,0.023899134248495102,0.010992499068379402,-0.0003035131376236677,1,0,0,0,0,0,0,0,0,0,3
0.5379238128662109,0.023371299728751183,0.012715712189674377,-0.000392367277527228,0.8965193629264832,0.01252003014087677,0.10872646421194077,0.024555014446377754,-0.0010245268931612372,1.43124761962099e-05,0.00014525024744216353,0.0,0.5742563605308533,0.02358427830040455,0.011018444783985615,-0.00032985038706101477,0,0,1,0,0,0,0,0,0,0,16
0.5509179830551147,0.022991469129920006,0.013155724853277206,-0.00040170096326619387,0.9199833869934082,0.01154102198779583,0.10898641496896744,0.02261221408843994,-0.0009434657986275852,1.3180069800000638e-05,0.0001337580179097131,0.0,0.5856462717056274,0.023229889571666718,0.011673744767904282,-0.0003739549720194191,0,0,1,0,0,0,0,0,0,0,16
0.5642552375793457,0.022584684193134308,0.013461124151945114,-0.00042768119601532817,0.941644012928009,0.010637259110808372,0.1091691181063652,0.020915033295750618,-0.0008726533269509673,1.2190843335702084e-05,0.00012371879711281508,-2.9260194527730432e-12,0.5977587699890137,0.022835902869701385,0.012348884716629982,-0.00040587951662018895,0,0,1,0,0,0,0,0,0,0,2
0.5778550505638123,0.022158989682793617,0.013699622824788094,-0.00043569461558945477,0.9617202877998352,0.009799599647521973,0.1093055009841919,0.019417157396674156,-0.0008101568091660738,1.1317782082187477e-05,0.00011485852155601606,0.0,0.6104270219802856,0.02241372875869274,0.012801284901797771,-0.00043395638931542635,0,1,0,0,0,0,0,0,0,0,0
0.5916550159454346,0.021722950041294098,0.013874429278075695,-0.00044918121420778334,0.9803914427757263,0.009020569734275341,0.10940808802843094,0.018083196133375168,-0.0007544987020082772,1.0540250514168292e-05,0.00010696778917917982,1.1688235448947815e-11,0.6234862804412842,0.021966248750686646,0.013190158642828465,-0.00045686934026889503,0,1,0,0,0,0,0,0,0,0,18
0.605603814125061,0.021274954080581665,0.014004262164235115,-0.0004599481471814215,0.997805655002594,0.008293984457850456,0.10948625206947327,0.016885632649064064,-0.000704532372765243,9.842229701462202e-06,9.988383681047708e-05,-5.8411183875839434e-12,0.6368618011474609,0.021501213312149048,0.013439162634313107,-0.0004733159439638257,0,1,0,0,0,0,0,0,0,0,0
0.619661808013916,0.02082490548491478,0.014100244268774986,-0.0004596385406330228,1.0140869617462158,0.007614669390022755,0.10954644531011581,0.015802757814526558,-0.0006593504804186523,9.211047654389404e-06,9.347831655759364e-05,-1.459646314407037e-12,0.6504449248313904,0.02102201245725155,0.013625969178974628,-0.0004874363075941801,0,1,0,0,0,0,0,0,0,0,1
