lt_dp_posx,lt_dp_posy,lt_dp_velx,lt_dp_vely,ball_posx,ball_posy,ball_posz,ball_vel_x,ball_vel_y,ball_rot_x,ball_rot_y,ball_rot_z,rt_gk_posx,rt_gk_posy,rt_gk_velx,rt_gk_vely,action_left,action_top_left,action_top,action_top_right,action_right,action_bottom_right,action_bottom,action_bottom_left,action_sprint,action_dribble,sel_action
-1.0110293626785278,-0.0,0.0,-0.0,0.019999999552965164,-0.0,0.11061639338731766,-0.0,0.0,0.0,-0.0,0.0,1.0110293626785278,0.0,-0.0,0.0,0,0,0,0,0,0,0,0,0,0,5
0.0011741208145394921,7.735240920014874e-11,0.0034112120047211647,2.5561334299206706e-11,0.019999999552965164,-0.0,0.11059734225273132,-0.0,0.0,0.0,-0.0,0.0,1.0109632015228271,-5.533240966110187e-12,-0.0006619621999561787,-5.533241226318708e-11,0,0,0,0,1,0,0,0,0,0,5
0.004422922618687153,-8.490598224497603e-10,0.005096871871501207,-3.511485824336802e-10,0.019999999552965164,-0.0,0.10930104553699493,-0.0,0.0,0.0,-0.0,0.0,1.007768154144287,-2.1727848686925455e-10,-0.004207386635243893,-2.3121579650897672e-10,0,0,0,0,1,0,0,0,0,0,13
0.009172579273581505,-2.248098374124652e-09,0.006656940560787916,-3.111293167545881e-10,0.02351834625005722,-2.3498894496931655e-10,0.1237609013915062,0.008640825748443604,-5.774550837500669e-10,8.578172894235792e-13,2.8631586701521883e-06,-2.160265672943029e-12,1.0026906728744507,-3.96983113049032e-10,-0.005775339435786009,-1.1826414847426747e-10,0,0,0,0,1,0,0,0,1,0,18
0.016618236899375916,-2.3979764840476037e-09,0.008066108450293541,-6.756445403155453e-11,0.03173869848251343,-7.851597705332836e-10,0.11614876240491867,0.007883042097091675,-5.281650672372962e-10,7.136320180622935e-12,4.499864735407755e-05,-3.712325585825127e-13,0.9961044192314148,-1.0157552576828266e-10,-0.007231095340102911,6.246214656613347e-10,0,0,0,0,1,0,0,0,1,0,5
0.025379417464137077,-2.5590771723926764e-09,0.009301392361521721,-1.6886948783767508e-10,0.03938759118318558,-1.2976458796387647e-09,0.11215836554765701,0.007456739898771048,-4.996117408673229e-10,6.979599190271024e-12,4.410948167787865e-05,1.3887229247326137e-18,0.9881436228752136,3.8080377740001836e-10,-0.008531177416443825,3.448350494039687e-10,0,0,0,0,1,0,0,0,1,0,18
0.034123267978429794,-3.4658411696142366e-09,0.00938898604363203,-2.1288948381936734e-10,0.04660476744174957,-1.781206515616418e-09,0.10997506976127625,0.007023810409009457,-4.706049439029414e-10,6.574312275131611e-12,4.154816269874573e-05,-6.9430821261437375e-19,0.9790472984313965,6.128748064604395e-10,-0.009335489943623543,9.47609435364427e-10,0,0,0,0,1,0,0,0,1,0,0
0.04200782999396324,-4.873198733434947e-09,0.009879701770842075,-1.2068802901499254e-10,0.05416184291243553,2.9176910629757913e-06,0.11805255711078644,0.014280873350799084,2.919882899732329e-05,3.387698939150141e-07,1.9754040749830892e-06,2.8654977768383105e-07,0.9695028066635132,1.3751425553820695e-09,-0.009924523532390594,6.41902253573079e-10,0,0,0,0,1,0,0,0,1,0,5
0.052374325692653656,7.600381479733187e-08,0.010675586760044098,8.096020565062645e-07,0.06805383414030075,3.095910506090149e-05,0.14388057589530945,0.013800008222460747,2.78262778010685e-05,2.8579501076819724e-07,7.81202379585011e-06,3.571963418380619e-07,0.9590960144996643,1.8112182864626902e-09,-0.010777922347187996,2.6199989400232937e-10,0,0,0,0,1,0,0,0,1,0,13
0.0631360337138176,5.079401944385609e-06,0.011016691103577614,8.292555321531836e-06,0.08140779286623001,5.743060683016665e-05,0.12316214293241501,0.012638581916689873,2.420726559648756e-05,-2.3475928756511166e-08,4.119111326872371e-05,4.415138903368643e-07,0.9481951594352722,3.0304443043860374e-07,-0.01080527063459158,7.496607850043802e-07,0,0,0,0,1,0,0,0,1,0,0
0.07457146793603897,1.738605715218e-05,0.011754298582673073,1.580894968356006e-05,0.09365328401327133,8.060479012783617e-05,0.11358226090669632,0.011888263747096062,2.227019467682112e-05,-3.127945547021227e-07,7.048631960060447e-05,-9.110760241940255e-14,0.9369930624961853,1.6424950217697187e-06,-0.011505099013447762,1.8127055909644696e-06,0,0,0,0,1,0,0,0,1,0,13
0.08668049424886703,3.562166239134967e-05,0.012389439158141613,1.9674327631946653e-05,0.10521049052476883,0.00010225542064290494,0.11358392238616943,0.011278527788817883,2.1128564185346477e-05,-2.95163374630647e-07,6.671601295238361e-05,-9.109112254638077e-14,0.9251608848571777,3.991480753029464e-06,-0.012094132602214813,2.6165109829889843e-06,0,0,0,0,1,0,0,0,1,0,5
0.09935958683490753,5.8172412536805496e-05,0.012895552441477776,2.5244913558708504e-05,0.11614431440830231,0.00012273821630515158,0.11179264634847641,0.010653635486960411,1.9957918993895873e-05,-2.7880747666131356e-07,6.301909888861701e-05,0.0,0.9127786755561829,6.898688297951594e-06,-0.012599019333720207,3.1912836675473955e-06,0,0,0,0,1,0,0,0,1,0,0
0.11246998608112335,-0.00041433333535678685,0.013238980434834957,2.6232888558297418e-05,0.12646575272083282,0.00014207376807462424,0.11068522185087204,0.010052826255559921,1.883240111055784e-05,-2.6308561018595356e-07,5.946546298218891e-05,0.0,0.899957001209259,1.045573390001664e-05,-0.012988903559744358,3.849670974886976e-06,0,0,0,0,1,0,0,0,1,0,16
0.12570899724960327,-0.0022550132125616074,0.013238980434834957,1.4309534890344366e-05,0.13684134185314178,0.00013202668924350291,0.1198347881436348,0.015870558097958565,-0.00026511034229770303,-2.4892960936995223e-07,6.190531166794244e-06,-4.6713086021554773e-07,0.8867981433868408,1.4059464774618391e-05,-0.013286225497722626,3.1488254990108544e-06,0,0,0,0,1,0,0,0,1,0,5
0.13894805312156677,-0.0022472627460956573,0.013239067979156971,2.384898834861815e-06,0.15235882997512817,-0.00012678543862421066,0.15824943780899048,0.01542055793106556,-0.0002571671502664685,-6.148716380494079e-08,1.03487554952153e-05,-7.976235565365641e-07,0.8733821511268616,1.654112020332832e-05,-0.01351272314786911,1.9502072063914966e-06,0,0,0,0,1,0,0,0,1,0,13
0.1523285061120987,-0.002216427819803357,0.013511145487427711,7.768745126668364e-05,0.16754749417304993,-0.0003798691323027015,0.11589499562978745,0.014445397071540356,-0.00023942781263031065,1.0323091146346997e-06,3.448934148764238e-05,-1.8853313576983055e-06,0.8597712516784668,1.5315283235395327e-05,-0.013683823868632317,-8.707504093763418e-06,0,0,0,0,1,0,0,0,1,0,18
0.16596972942352295,-0.002056879922747612,0.013737117871642113,0.0002258844906464219,0.18146640062332153,-0.0006099596503190696,0.11777903139591217,0.013579584658145905,-0.00022412821999751031,1.8981190805789083e-06,5.347800106392242e-05,-1.7050655287675909e-06,0.8460135459899902,-7.353014552791137e-06,-0.01381285022944212,-3.369227852090262e-05,0,0,0,0,1,0,0,0,1,0,0
0.17980265617370605,-0.001779136247932911,0.013905588537454605,0.00027752164169214666,0.194536030292511,-0.0008253127452917397,0.11214467138051987,0.012757774442434311,-0.00021016367827542126,2.9361351607803954e-06,7.547071436420083e-05,3.6452316317346634e-13,0.8321457505226135,-5.3854892030358315e-05,-0.01390891894698143,-5.494853394338861e-05,0,0,0,0,1,0,0,0,1,0,18
0.19378255307674408,-0.0015371241606771946,0.014034789986908436,0.00021278181520756334,0.20690259337425232,-0.0010290318168699741,0.11327112466096878,0.01205158606171608,-0.00019853038247674704,2.773394953692332e-06,7.128762808861211e-05,3.644448837766129e-13,0.8181953430175781,-0.00010801102325785905,-0.013981145806610584,-5.349401180865243e-05,0,0,0,0,1,0,0,0,1,0,5
0.20786720514297485,-0.0013585687847808003,0.014121775515377522,0.00015106430510059,0.21858397126197815,-0.0012214635498821735,0.11138110607862473,0.011379918083548546,-0.00018746576097328216,2.618803819132154e-06,6.73140020808205e-05,3.6437468168594445e-13,0.8041831851005554,-0.0001606649166205898,-0.014035141095519066,-5.1955546950921416e-05,0,0,0,0,1,0,0,0,1,0,5
0.22194206714630127,-0.0012456751428544521,0.014121596701443195,8.811557927401736e-05,0.2296079397201538,-0.001403065980412066,0.11085900664329529,0.010735458694398403,-0.00017684942577034235,2.470520030328771e-06,6.350246985675767e-05,7.286222948772736e-13,0.7901248931884766,-0.00021267296688165516,-0.014075110666453838,-5.2678544307127595e-05,0,0,0,0,1,0,0,0,1,0,18
0.23579001426696777,-0.0011935691582038999,0.013533059507608414,2.4125265554175712e-05,0.24499648809432983,-0.001401251764036715,0.161333829164505,0.015794480219483376,2.1269004719215445e-05,8.98811151728296e-07,1.228343626280548e-05,-9.631065722714993e-07,0.7760322093963623,-0.00026628203340806067,-0.014105264097452164,-5.436628998722881e-05,0,0,0,0,1,0,0,0,1,0,16
0.24912448227405548,-1.0798618859553244e-05,0.01331253070384264,4.269574674253818e-06,0.2606728971004486,-0.0013801298337057233,0.12239395827054977,0.015528498217463493,2.0794212105101906e-05,8.826061730360379e-07,1.336816876573721e-05,-9.210077109855774e-07,0.7619139552116394,-0.00032059778459370136,-0.014127703383564949,-5.119244087836705e-05,0,0,0,0,1,0,0,0,1,0,0
0.2624369263648987,0.001015615533106029,0.013312522321939468,1.8982938172484864e-06,0.27601611614227295,-0.0012386535527184606,0.16264554858207703,0.015834003686904907,0.0002647642104420811,4.049070696510171e-07,-7.755405704301666e-07,1.8019264302893134e-07,0.7477767467498779,-0.0003638170601334423,-0.01414453238248825,-3.6688317777588964e-05,0,0,0,0,1,0,0,0,1,0,5
0.2757681608200073,0.0010143655817955732,0.01340525969862938,-1.1444127267168369e-05,0.291738361120224,-0.000975765404291451,0.16224001348018646,0.015631595626473427,0.00026137562235817313,4.049070696510171e-07,-7.755405704301666e-07,1.8019264302893134e-07,0.7336251139640808,-0.0003925084020011127,-0.014157154597342014,-2.2143196474644355e-05,0,0,0,0,1,0,0,0,1,0,16
0.2893202304840088,0.0009451787918806076,0.013660508207976818,-0.00012819989933632314,0.30688297748565674,-0.000723015982657671,0.12772521376609802,0.014215442351996899,0.00023610646894667298,-8.709401413398155e-07,2.8506770831882022e-05,1.8575916556073935e-06,0.7194622755050659,-0.00039991948870010674,-0.01416697259992361,5.868669177289121e-06,0,0,0,0,1,0,0,0,1,0,14
0.3030884265899658,0.000742544827517122,0.013847561553120613,-0.000261671346379444,0.32086890935897827,-0.0004908895934931934,0.12039799988269806,0.013780029490590096,0.0002285571681568399,-1.1529825769684976e-06,3.4959008189616725e-05,1.9426845483394573e-06,0.7052916884422302,-0.00037780802813358605,-0.014173283241689205,3.540496254572645e-05,0,0,0,0,0,0,0,0,1,0,5
0.3170175850391388,0.00048678298480808735,0.01399061270058155,-0.00022998319764155895,0.3339919149875641,-0.0002737969043664634,0.11646071076393127,0.01277538575232029,0.00021118154108989984,-2.950475163743249e-06,7.55775545258075e-05,-3.6452525026264837e-13,0.6911153793334961,-0.0003308192826807499,-0.014178192242980003,4.939195787301287e-05,0,0,0,0,1,0,0,0,1,0,6
0.33032700419425964,0.0011492628837004304,0.013769307173788548,-2.535692829042091e-06,0.34638717770576477,-6.889894575579092e-05,0.11196405440568924,0.012087318114936352,0.00019980753131676465,-2.791179895211826e-06,7.14975394657813e-05,3.644487055892709e-13,0.6769347190856934,-0.0002822965616360307,-0.014181697741150856,4.7810714022489265e-05,0,0,0,0,0,1,0,0,1,0,12
0.343313992023468,0.0020512540359050035,0.013251515105366707,0.0001677610562182963,0.3592540919780731,0.0014105371665209532,0.1414707750082016,0.014295564033091068,0.003377904649823904,3.6201536204316653e-06,1.611020888958592e-05,1.747986789268907e-05,0.6627508401870728,-0.00023504298587795347,-0.014184502884745598,4.9370122724212706e-05,0,0,0,0,0,1,0,0,1,0,12
0.3559684753417969,0.00301060127094388,0.012411089614033699,0.0017083754064515233,0.3734533190727234,0.004765286576002836,0.1457274705171585,0.014120439067482948,0.003336042631417513,3.6201536204316653e-06,1.611020888958592e-05,1.747986789268907e-05,0.6485649943351746,-0.0001692505757091567,-0.014186606742441654,7.922959775896743e-05,0,0,0,0,0,1,0,0,1,0,12
0.3680117130279541,0.005369669757783413,0.011754386126995087,0.002543920651078224,0.38703393936157227,0.007950102910399437,0.12847749888896942,0.012907412834465504,0.002994310576468706,-1.965367300726939e-05,4.709641507361084e-05,2.5936087695299648e-05,0.6343777179718018,-7.359621668001637e-05,-0.01418730802834034,0.00010909319098573178,0,0,0,0,0,1,0,0,1,0,0
0.37996119260787964,0.00794141460210085,0.012176177464425564,0.0025966735556721687,0.39963972568511963,0.010866355150938034,0.11383721977472305,0.012260674498975277,0.0028264792636036873,-3.967566954088397e-05,7.276597170857713e-05,-5.831552688656538e-12,0.6201980113983154,0.00022820562298875302,-0.014162063598632812,0.0005795471370220184,0,0,0,0,0,1,0,0,1,0,0
0.39238008856773376,0.010539185255765915,0.012602525763213634,0.0025922530330717564,0.4115583300590515,0.013614018447697163,0.1145234927535057,0.011627142317593098,0.00268046697601676,-3.7444791814778e-05,6.877637497382239e-05,0.0,0.606084406375885,0.0011692297412082553,-0.01406318973749876,0.0012360921828076243,0,0,0,0,0,1,0,0,1,0,6
0.40516528487205505,0.013131649233400822,0.01291036605834961,0.0026141058187931776,0.42283886671066284,0.016214579343795776,0.11012726277112961,0.01099580992013216,0.002534921746701002,-3.541342812241055e-05,6.50453002890572e-05,5.829382115907222e-12,0.5921053886413574,0.0027508072089403868,-0.013912425376474857,0.0018222872167825699,0,0,0,0,0,1,0,0,1,0,14
0.4181925058364868,0.015787426382303238,0.013112671673297882,0.0026890821754932404,0.4334915280342102,0.01867038942873478,0.1092800721526146,0.010379001498222351,0.0023927262518554926,-3.3426615118514746e-05,6.139602919574827e-05,5.828441895783243e-12,0.5782724618911743,0.004810492508113384,-0.01376306265592575,0.0022532232105731964,0,0,0,0,0,0,0,0,1,0,5
0.43065521121025085,0.018854252994060516,0.012128796428442001,0.0023676990531384945,0.44354450702667236,0.020987944677472115,0.1111873909831047,0.009792421944439411,0.0022574986796826124,-3.1536805181531236e-05,5.792493175249547e-05,-8.741396495537401e-12,0.5646063089370728,0.007298360578715801,-0.013582145795226097,0.002679007826372981,0,0,0,0,1,0,0,0,1,0,4
0.4416506290435791,0.02115151658654213,0.009950820356607437,0.0015507617499679327,0.4694148004055023,0.022916661575436592,0.18802879750728607,0.06358750909566879,0.001257972209714353,-1.3141512681613676e-05,4.306992195779458e-05,0.0005417997017502785,0.5511983036994934,0.010319392196834087,-0.013244502246379852,0.0033187095541507006,0,0,0,1,0,0,0,0,1,0,15
0.4502468705177307,0.02241796813905239,0.008052587509155273,0.0012386073358356953,0.5312924385070801,0.024043569341301918,0.3058757185935974,0.060508765280246735,0.0010203954298049212,-1.3141512681613676e-05,4.306992195779458e-05,0.0005417997017502785,0.5381816625595093,0.013994853012263775,-0.012818855233490467,0.003964179661124945,0,0,0,1,0,0,0,0,0,0,10
0.4575752913951874,0.023478055372834206,0.0068994127213954926,0.0005705647636204958,0.5901939272880554,0.02493569441139698,0.22124221920967102,0.05761050060391426,0.0007880157209001482,-1.3141512681613676e-05,4.306992195779458e-05,0.0005417997017502785,0.5259474515914917,0.018070902675390244,-0.011226709932088852,0.003792709205299616,0,0,0,1,0,0,0,0,0,0,13
0.4641679525375366,0.0240232702344656,0.00613261666148901,0.0005072098574601114,0.6432648301124573,0.025617269799113274,0.1629171073436737,0.048919111490249634,0.0006119410390965641,-1.2768279702868313e-05,6.428630877053365e-05,0.0004993167822249234,0.516816258430481,0.02109716273844242,-0.00710802897810936,0.002314171753823757,0,0,0,1,0,0,0,0,1,0,17
0.47030794620513916,0.02409677393734455,0.006043910980224609,-0.0007437746971845627,0.6910321116447449,0.026142822578549385,0.10353083908557892,0.04619620367884636,0.0004548354772850871,-1.265345599676948e-05,6.776708323741332e-05,0.0004906698013655841,0.5126463770866394,0.022434387356042862,-0.0016783967148512602,0.0004967576824128628,0,0,0,1,0,0,0,0,1,1,1
0.47645992040634155,0.02218274585902691,0.00615821173414588,-0.00278865615837276,0.7321070432662964,0.026563087478280067,0.11471831053495407,0.03820425271987915,0.00038664115709252656,-1.0330693839932792e-05,0.00012346156290732324,0.0003301215183455497,0.5140771865844727,0.022377029061317444,0.0031657079234719276,-6.710513116559014e-05,1,0,0,0,0,0,0,0,1,1,14
0.482562392950058,0.01873987354338169,0.00570731982588768,-0.0035213653463870287,0.7673400044441223,0.026919309049844742,0.10903053730726242,0.03305432200431824,0.0003365635056979954,-7.842337254260201e-06,0.00015998930030036718,0.00017970881890505552,0.5181034207344055,0.022440988570451736,0.004725596401840448,9.529613453196362e-05,0,0,0,0,0,0,0,0,1,1,10
0.48673656582832336,0.01616835966706276,0.0028024702332913876,-0.0017248985823243856,0.7984099388122559,0.02723895199596882,0.10919743776321411,0.02964908629655838,0.00030615925788879395,-4.276689196558436e-06,0.00017537064559292048,-1.4709721071412551e-12,0.5236671566963196,0.022464817389845848,0.006245514843612909,4.72274114144966e-05,0,0,0,0,0,0,0,0,1,1,16
0.4877714216709137,0.015531383454799652,0.0,-0.0,0.8265534043312073,0.02752956561744213,0.10941003262996674,0.02697865292429924,0.000278584222542122,-3.891559572366532e-06,0.0001595778885530308,1.4682375324218122e-12,0.5307027101516724,0.02253645658493042,0.007657794281840324,9.406981553183869e-05,0,0,0,0,0,0,0,0,1,1,6
0.4889798164367676,0.016401059925556183,0.002246744465082884,0.0015973474364727736,0.8522524833679199,0.027794938534498215,0.10955928266048431,0.024704359471797943,0.0002550996432546526,-3.563542350093485e-06,0.00014612716040574014,0.0,0.5390577912330627,0.02266334742307663,0.008894064463675022,0.00015184924995992333,0,0,0,0,0,1,0,0,1,1,9
0.4918857216835022,0.018412407487630844,0.0034504076465964317,0.002339567756280303,0.8758541345596313,0.028038648888468742,0.10966666042804718,0.022741200402379036,0.00023482782125938684,-3.2803886824694928e-06,0.00013451612903736532,-7.322208160978616e-13,0.5485237836837769,0.022823728621006012,0.009909097105264664,0.00016700707783456892,0,0,0,0,0,1,0,0,1,1,10
0.4960000216960907,0.021129922941327095,0.004639345221221447,0.0030375837814062834,0.8976340293884277,0.028263546526432037,0.10974516719579697,0.02102677710354328,0.00021712444140575826,-3.033102984772995e-06,0.00012437591794878244,7.315467676072274e-13,0.5589157938957214,0.02299749106168747,0.010763547383248806,0.00017885671695694327,0,0,0,0,0,1,0,0,1,1,7
0.5012311935424805,0.024549562484025955,0.005695749539881945,0.0037188164424151182,0.9178140163421631,0.028471926227211952,0.10980340838432312,0.019514232873916626,0.00020150563796050847,-2.8149327135906788e-06,0.000115429655124899,0.0,0.5698089599609375,0.023176532238721848,0.010802465490996838,0.000175462948391214,0,0,0,0,0,0,1,0,1,1,1
0.5074383020401001,0.028594935312867165,0.006550901103764772,0.004264070652425289,0.9365752339363098,0.028665656223893166,0.10984720289707184,0.018167708069086075,0.00018760134116746485,-2.620707164169289e-06,0.00010746523184934631,-7.30542037453985e-13,0.5810072422027588,0.023355893790721893,0.011501242406666279,0.0001822504709707573,1,0,0,0,0,0,0,0,1,1,7
0.5120673179626465,0.03160799294710159,0.002857867395505309,0.0018603208009153605,0.9540678262710571,0.028846289962530136,0.10988052934408188,0.016959331929683685,0.0001751235977280885,-2.4464061425533146e-06,0.00010031774581875652,7.301620245925289e-13,0.592835009098053,0.02354111522436142,0.01208922453224659,0.00018818241369444877,0,0,0,0,0,0,1,0,1,1,3
0.5133972764015198,0.0322309248149395,0.0004129117005504668,5.2881976444041356e-05,0.9704176187515259,0.02901511825621128,0.1099061593413353,0.015867087990045547,0.0001638449466554448,-2.2888534658704884e-06,9.385715384269133e-05,3.6492068590000815e-13,0.6052126884460449,0.02373182401061058,0.012594111263751984,0.0001920324721140787,0,0,1,0,0,0,0,0,1,1,17
0.5142434239387512,0.0315086655318737,0.0004219197144266218,-0.0020636911503970623,0.985730767250061,0.029173241928219795,0.10992607474327087,0.014873359352350235,0.00015358366363216192,-2.1455111891555134e-06,8.797920600045472e-05,-3.647841035313293e-13,0.6180297136306763,0.02392459474503994,0.012983995489776134,0.00019317324040457606,0,0,1,0,0,0,0,0,1,1,18
0.5174107551574707,0.029046153649687767,0.0018620933406054974,-0.0031169080175459385,1.000097393989563,0.029321596026420593,0.10994167625904083,0.013963880017399788,0.00014419230865314603,-2.0143211258982774e-06,8.259960304712877e-05,7.293339651832931e-13,0.6311842799186707,0.02411884255707264,0.013282018713653088,0.0001947845594258979,0,0,1,0,0,0,0,0,1,0,18
0.5198078751564026,0.025381365790963173,0.001848022686317563,-0.003570527071133256,1.013595461845398,0.029460975900292397,0.10995399206876755,0.013126981444656849,0.0001355503627564758,-1.8935993466584478e-06,7.764928159303963e-05,-7.291314904275814e-13,0.6445960402488708,0.024313589558005333,0.013508516363799572,0.00019464196520857513,0,0,1,0,0,0,0,0,1,0,7
