lt_dp_posx,lt_dp_posy,lt_dp_velx,lt_dp_vely,ball_posx,ball_posy,ball_posz,ball_vel_x,ball_vel_y,ball_rot_x,ball_rot_y,ball_rot_z,rt_gk_posx,rt_gk_posy,rt_gk_velx,rt_gk_vely,action_left,action_top_left,action_top,action_top_right,action_right,action_bottom_right,action_bottom,action_bottom_left,action_sprint,action_dribble,sel_action
-1.0110293626785278,-0.0,0.0,-0.0,0.019999999552965164,-0.0,0.11061639338731766,-0.0,0.0,0.0,-0.0,0.0,1.0110293626785278,0.0,-0.0,0.0,0,0,0,0,0,0,0,0,0,0,5
0.0,-0.0,0.0,-0.0,0.019999999552965164,-0.0,0.11059734225273132,-0.0,0.0,0.0,-0.0,0.0,1.0097103118896484,-9.884149054784075e-11,-0.0033988673239946365,-2.35544500570839e-10,0,0,0,0,1,0,0,0,0,0,5
0.0,-0.0,0.0,-0.0,0.019999999552965164,-0.0,0.10930104553699493,-0.0,0.0,0.0,-0.0,0.0,1.005424976348877,-3.2258068438650866e-10,-0.0050032841973006725,-1.9212086088682412e-10,0,0,0,0,1,0,0,0,0,0,5
0.002222941257059574,1.2141374017282658e-10,0.003935635089874268,2.5671466688526046e-11,0.019999999552965164,-0.0,0.11075475811958313,-0.0,0.0,0.0,-0.0,0.0,0.9995788931846619,-4.2783665499257495e-10,-0.0065179429948329926,-2.046465080729476e-11,0,0,0,0,1,0,0,0,0,0,5
0.0052714101038873196,-2.5875643849815333e-09,0.005585019942373037,-3.848884266854924e-10,0.019999999552965164,-0.0,0.11053141206502914,-0.0,0.0,0.0,-0.0,0.0,0.9922854900360107,1.8493311049194716e-10,-0.007902874611318111,5.2071946754495e-10,0,0,0,0,1,0,0,0,0,0,13
0.01062566228210926,-4.511888640479356e-09,0.007103427313268185,-2.9620111918760017e-10,0.02532191388309002,-5.641108136167361e-10,0.12537787854671478,0.008654146455228329,-9.182553051267917e-10,2.423376603555294e-12,6.569759534613695e-06,-4.1066126194033714e-12,0.9837011694908142,5.348014808781443e-10,-0.009114601649343967,1.9760992842066116e-10,0,0,0,0,1,0,0,0,1,0,18
0.01848970726132393,-4.675544840182511e-09,0.00846126303076744,-1.546263395102443e-10,0.03354698792099953,-1.4384835544944963e-09,0.11837388575077057,0.007911511696875095,-8.419999142361689e-10,1.1762705393048023e-11,4.679934500018135e-05,-1.3888415217529385e-18,0.9743693470954895,7.058276740856684e-10,-0.009437869302928448,1.850662123548119e-10,0,0,0,0,1,0,0,0,1,0,16
0.027614349499344826,-4.811706144636219e-09,0.009638749994337559,-9.196939043665253e-11,0.04123377799987793,-2.2565664892226778e-09,0.11356095224618912,0.0074977632611989975,-7.979657490331249e-10,1.1147637500596996e-11,4.435222581378184e-05,-1.388733161092694e-18,0.9644050598144531,8.385401262245296e-10,-0.010371208190917969,7.727406908797363e-11,0,0,0,0,1,0,0,0,1,0,18
0.03610934317111969,-6.712881361892187e-09,0.009277140721678734,-1.8268740686888663e-10,0.04849487915635109,-3.0293441088957707e-09,0.11264882236719131,0.007067797239869833,-7.522055200936961e-10,1.0508111741858173e-11,4.1807827074080706e-05,0.0,0.9536177515983582,1.066059573950895e-09,-0.010990395210683346,1.0619265466971228e-09,0,0,0,0,1,0,0,0,1,0,0
0.04458244517445564,-8.596812151040467e-09,0.010067443363368511,-1.1342166095218431e-10,0.0575619600713253,8.605902621638961e-06,0.13116532564163208,0.013979604467749596,2.8259357350179926e-05,2.946660515590338e-07,7.121449016267434e-06,3.4845231766666984e-07,0.9426805973052979,1.843408092838672e-09,-0.011172715574502945,5.548743686745183e-10,0,0,0,0,1,0,0,0,1,0,18
0.0550798624753952,4.769332804244186e-07,0.01067549828439951,2.4281016521854326e-06,0.07140156626701355,3.6511075450107455e-05,0.13711687922477722,0.013769236393272877,2.7762695026467554e-05,2.854333160939859e-07,8.133003575494513e-06,3.5940200859840843e-07,0.9311493039131165,2.175494229206265e-09,-0.011804524809122086,1.4028289641032643e-10,0,0,0,0,1,0,0,0,1,0,0
0.06593388319015503,6.923396085767308e-06,0.011177010834217072,9.552246410748921e-06,0.08450516313314438,6.219857459655032e-05,0.12683244049549103,0.012486333958804607,2.3782826247042976e-05,-6.449503331396045e-08,4.567896030494012e-05,4.1026905250873824e-07,0.9190320372581482,2.2144703848425706e-07,-0.012362704612314701,6.220392378963879e-07,0,0,0,0,1,0,0,0,1,0,16
0.07751210778951645,2.0731738914037123e-05,0.011883413419127464,1.7104237485909835e-05,0.09661086648702621,8.502041600877419e-05,0.11762478947639465,0.011770819313824177,2.2048041500966065e-05,-3.08004928228911e-07,6.962730549275875e-05,-4.55518801389769e-14,0.9064158201217651,1.6432306892966153e-06,-0.012806584127247334,2.1009327610954642e-06,0,0,0,0,1,0,0,0,1,0,18
0.08974564075469971,3.966320582549088e-05,0.012501811608672142,2.055805452982895e-05,0.1080528050661087,0.00010645241127349436,0.11083365231752396,0.011161230504512787,2.090621092065703e-05,-2.920641009040992e-07,6.602374196518213e-05,-4.554409082399395e-14,0.8934142589569092,4.444338173925644e-06,-0.013147382065653801,3.133796781185083e-06,0,0,0,0,1,0,0,0,1,0,0
0.10252194106578827,6.337087688734755e-05,0.012981277890503407,2.6491670723771676e-05,0.11886794865131378,0.0001267103652935475,0.10950881987810135,0.010538519360125065,1.9739807612495497e-05,-2.757667800779018e-07,6.233958265511319e-05,4.5536562395158756e-14,0.8801179528236389,7.902475772425532e-06,-0.013407538644969463,3.7370850805018563e-06,0,0,0,0,1,0,0,0,1,0,16
0.11568813771009445,-0.0007769071380607784,0.013238980434834957,2.3831164071452804e-05,0.12907537817955017,0.00014583002484869212,0.11070510745048523,0.009941484779119492,1.8621489289216697e-05,-2.6013600518126623e-07,5.880613753106445e-05,-2.2764871042933732e-14,0.8665978312492371,1.1963077668042388e-05,-0.013604585081338882,4.321257165429415e-06,0,0,0,0,1,0,0,0,1,0,0
0.12892717123031616,-0.0022525633685290813,0.013239067979156971,1.1915582035726402e-05,0.14058691263198853,7.988450670382008e-05,0.13553376495838165,0.015573165379464626,-0.0002598405408207327,-6.126785478954844e-08,1.0369019946665503e-05,-7.978029543664888e-07,0.852908194065094,1.5388273823191412e-05,-0.013753245584666729,2.544384869906935e-06,0,0,0,0,1,0,0,0,1,0,5
0.14216960966587067,-0.002246866701170802,0.013272990472614765,3.3474138945166487e-06,0.1560525745153427,-0.00017813904560171068,0.15389691293239594,0.015377948991954327,-0.00025655209901742637,-6.126785478954844e-08,1.0369019946665503e-05,-7.978029543664888e-07,0.839091420173645,1.6891694031073712e-05,-0.01386404037475586,6.674106884929643e-07,0,0,0,0,1,0,0,0,1,0,13
0.15560877323150635,-0.0021966276690363884,0.013562160544097424,0.00010679997649276629,0.17100591957569122,-0.0004270456556696445,0.12458151578903198,0.014172532595694065,-0.000234647435718216,1.2911367548440467e-06,4.018621984869242e-05,-1.9322087609907612e-06,0.8251792788505554,1.1902417099918239e-05,-0.013947486877441406,-1.4445846318267286e-05,0,0,0,0,1,0,0,0,1,0,13
0.1692930907011032,-0.002007646718993783,0.013774107210338116,0.00025410045054741204,0.18475712835788727,-0.0006542715127579868,0.1057267040014267,0.013356017880141735,-0.00022030205582268536,2.195377646785346e-06,5.991518992232159e-05,-1.4152240055409493e-06,0.8111957311630249,-1.5791127225384116e-05,-0.014009896665811539,-3.8559599488507956e-05,0,0,0,0,1,0,0,0,1,0,13
0.18315863609313965,-0.0017258450388908386,0.013934864662587643,0.0002649750967975706,0.19766958057880402,-0.0008670595125295222,0.11271271109580994,0.012604670599102974,-0.000207716177101247,2.901584139181068e-06,7.455582817783579e-05,7.2901136082687e-13,0.7971590161323547,-6.690608279313892e-05,-0.01405617780983448,-5.7636891142465174e-05,0,0,0,0,1,0,0,0,1,0,18
0.19716334342956543,-0.001496927929110825,0.014056352898478508,0.0002002780238399282,0.20989485085010529,-0.0010685230372473598,0.11237561702728271,0.01191645860671997,-0.00019637486548162997,2.7433725335868075e-06,7.049063424346969e-05,3.6443049099277314e-13,0.783082902431488,-0.00012365660222712904,-0.01409123931080103,-5.601782686426304e-05,0,0,0,0,1,0,0,0,1,0,16
0.2112593650817871,-0.00133103271946311,0.014121981337666512,0.0001384219794999808,0.2214398831129074,-0.0012587768724188209,0.11105364561080933,0.011248010210692883,-0.00018535929848439991,2.5894614736898802e-06,6.653588206972927e-05,0.0,0.7689767479896545,-0.00017876317724585533,-0.014117185026407242,-5.435559432953596e-05,0,0,0,0,1,0,0,0,1,0,13
0.22535505890846252,-0.0012292085448279977,0.014120819978415966,7.549299334641546e-05,0.23289287090301514,-0.0014185365289449692,0.12036368250846863,0.016202328726649284,2.2771717340219766e-05,9.569746453053085e-07,8.314104888995644e-06,-1.123085667131818e-06,0.7548485994338989,-0.00023347283422481269,-0.0141361178830266,-5.5516851716674864e-05,0,0,0,0,1,0,0,0,1,0,5
0.2390718311071396,-0.0011892173206433654,0.013386151753365993,1.1927167179237586e-05,0.24874666333198547,-0.0013969913125038147,0.16152387857437134,0.015753794461488724,2.137992123607546e-05,8.989376283352613e-07,1.2278230315132532e-05,-9.625376833355404e-07,0.7407037615776062,-0.00029001483926549554,-0.01415084395557642,-5.7378827477805316e-05,0,0,0,0,1,0,0,0,1,0,16
0.25238412618637085,0.000357944518327713,0.013312598690390587,3.79573202735628e-06,0.26432451605796814,-0.0013760019792243838,0.1026722863316536,0.015166591852903366,1.9502733266563155e-05,7.958211085679068e-07,1.9121831428492442e-05,-7.103128609742271e-07,0.7265465259552002,-0.00034683445119298995,-0.014161362312734127,-5.29193966940511e-05,0,0,0,0,1,0,0,0,1,0,16
0.26569658517837524,0.0010161199606955051,0.013312522321939468,1.4232747389542055e-06,0.27977409958839417,-0.0011855864431709051,0.17040637135505676,0.01579304225742817,0.00026407369296066463,4.0460912487105816e-07,-7.777784389872977e-07,1.8099038356922392e-07,0.7123799920082092,-0.00039208956877700984,-0.014169776812195778,-3.898097565979697e-05,0,0,0,0,1,0,0,0,1,0,18
0.27905499935150146,0.0010099898790940642,0.013462585397064686,-2.7134015908814035e-05,0.2954559922218323,-0.0009233720484189689,0.1504458785057068,0.015591677278280258,0.0002607137430459261,4.0460912487105816e-07,-7.777784389872977e-07,1.8099038356922392e-07,0.6982064843177795,-0.00042339443461969495,-0.014176088385283947,-2.5022276531672105e-05,0,0,0,0,1,0,0,0,1,0,18
0.292655885219574,0.0009155380539596081,0.013702932745218277,-0.00015613601135555655,0.31030043959617615,-0.000675978371873498,0.1344221979379654,0.01407252624630928,0.0002336083707632497,-9.809239145397441e-07,3.102024129475467e-05,1.9049069805987529e-06,0.6840277910232544,-0.0004296711122151464,-0.014180295169353485,9.06413060874911e-06,0,0,0,0,1,0,0,0,1,0,6
0.3064597249031067,0.0006879872526042163,0.01387876644730568,-0.00027295504696667194,0.3241843581199646,-0.00044562172843143344,0.1067110225558281,0.013519799336791039,0.00022400562011171132,-1.4115963722360902e-06,4.085285036126152e-05,1.9270214579591993e-06,0.6698454022407532,-0.0004018507606815547,-0.014183801598846912,4.316836202633567e-05,0,0,0,0,0,1,0,0,1,0,7
0.3204164505004883,0.00044293905375525355,0.014014454558491707,-0.00021702890808228403,0.33712366223335266,-0.0002316808677278459,0.10754549503326416,0.012635797262191772,0.00020887622667942196,-2.918189011325012e-06,7.475016900571063e-05,0.0,0.6556605100631714,-0.00034747383324429393,-0.014185905456542969,5.569955101236701e-05,0,0,0,0,0,0,1,0,1,0,6
0.33350512385368347,0.0014054321218281984,0.013691868633031845,0.0001573724439367652,0.34938132762908936,-2.9055072445771657e-05,0.11276651173830032,0.01195143349468708,0.00019756334950216115,-2.7599380700848997e-06,7.069655111990869e-05,0.0,0.6414734721183777,-0.00029279664158821106,-0.01418730802834034,5.384024916565977e-05,0,0,0,0,0,1,0,0,1,0,12
0.34653472900390625,0.0021017335820943117,0.013037989847362041,0.0003355185326654464,0.36270514130592346,0.002085066633298993,0.15035369992256165,0.014260602183640003,0.003369406098499894,3.6201583952788496e-06,1.6110072465380654e-05,1.7479898815508932e-05,0.6272848844528198,-0.00023886629787739366,-0.01418871060013771,5.940322807873599e-05,0,0,0,0,0,1,0,0,1,0,6
0.3590480089187622,0.0033869538456201553,0.01239776611328125,0.0019756159745156765,0.3768692910671234,0.005431495141237974,0.13458330929279327,0.014085222035646439,0.0033278479240834713,3.6201583952788496e-06,1.6110072465380654e-05,1.7479898815508932e-05,0.6130955219268799,-0.00016007160593289882,-0.014189411886036396,9.466103074373677e-05,0,0,0,0,0,1,0,0,1,0,12
0.3709565997123718,0.005877908319234848,0.011766658164560795,0.002545606577768922,0.39019596576690674,0.0085448632016778,0.13146382570266724,0.012800410389900208,0.0029664072208106518,-2.1424866645247675e-05,4.9427417252445593e-05,2.4914508685469627e-05,0.5989058613777161,-4.601791806635447e-05,-0.014190113171935081,0.00012992038682568818,0,0,0,0,0,1,0,0,1,0,16
0.3830071985721588,0.00846152100712061,0.012268739752471447,0.002599931787699461,0.40266942977905273,0.011427383869886398,0.11832623183727264,0.01213166955858469,0.002796782646328211,-3.9070004277164117e-05,7.176135841291398e-05,0.0,0.5847336053848267,0.0003836289106402546,-0.014140325598418713,0.0007878124597482383,0,0,0,0,0,1,0,0,1,0,12
0.39550819993019104,0.011057227849960327,0.01267580408602953,0.002587796887382865,0.4144624173641205,0.014146091416478157,0.11485910415649414,0.011504123918712139,0.0026521109975874424,-3.705006747622974e-05,6.805126031395048e-05,-1.1660396606605339e-11,0.5706729292869568,0.001616435358300805,-0.013979041948914528,0.0015955062117427588,0,0,0,0,0,1,0,0,1,0,12
0.4083505868911743,0.013656961731612682,0.012956297025084496,0.0026291923131793737,0.42561566829681396,0.016717305406928062,0.11186166107654572,0.010865499265491962,0.0025048847310245037,-3.499173908494413e-05,6.427065090974793e-05,5.829178285898795e-12,0.5568274259567261,0.0036347531713545322,-0.013734662905335426,0.0023273974657058716,0,0,0,0,0,1,0,0,1,0,14
0.42135465145111084,0.016409143805503845,0.013045723550021648,0.002675421070307493,0.43614643812179565,0.019145015627145767,0.11103268712759018,0.010258518159389496,0.002364953514188528,-3.3037937100743875e-05,6.068205038900487e-05,0.0,0.543244481086731,0.0063061825931072235,-0.013448911719024181,0.0029509433079510927,0,0,0,0,0,0,0,0,1,0,5
0.4335651993751526,0.01938984915614128,0.01175279263406992,0.0020899013616144657,0.44608333706855774,0.02143581584095955,0.10831203311681747,0.009679355658590794,0.002231436315923929,-3.11733347189147e-05,5.7257253502029926e-05,-5.827440526656735e-12,0.529984176158905,0.009593354538083076,-0.013096191920340061,0.0035598445683717728,0,0,0,0,1,0,0,0,1,0,7
0.4441280663013458,0.021430352702736855,0.009226448833942413,0.0013418459566310048,0.48242276906967163,0.023761851713061333,0.2271985411643982,0.06254291534423828,0.0024016345851123333,1.780666252670926e-06,4.7220539272530004e-05,0.00044968671863898635,0.518558144569397,0.013189113698899746,-0.010211327113211155,0.003999172244220972,0,0,0,0,0,0,1,0,1,0,17
0.452354371547699,0.022656619548797607,0.0073944819159805775,0.0011787459952756763,0.5433026552200317,0.0260129664093256,0.294524610042572,0.05954471230506897,0.002131891204044223,1.780666252670926e-06,4.7220539272530004e-05,0.00044968671863898635,0.508881688117981,0.01770474575459957,-0.00920751504600048,0.004923871252685785,0,0,0,0,0,0,1,0,1,1,1
0.4595508277416229,0.023592093959450722,0.006899062544107437,0.0005705790244974196,0.6012704968452454,0.028008395805954933,0.15403589606285095,0.05669780075550079,0.0018874441739171743,1.780666252670926e-06,4.7220539272530004e-05,0.00044968671863898635,0.5000022053718567,0.02293180115520954,-0.008711043745279312,0.005154133308678865,1,0,0,0,0,0,0,0,1,1,16
0.46593111753463745,0.024138985201716423,0.006082211155444384,0.0005185598274692893,0.6515297293663025,0.02958105318248272,0.16659078001976013,0.048087943345308304,0.0014412961900234222,-2.6847865797208215e-07,6.927763024577871e-05,0.0004260765854269266,0.4942440688610077,0.026649989187717438,-0.004416536074131727,0.002798976143822074,1,0,0,0,0,0,0,0,1,1,3
0.47113916277885437,0.024103526026010513,0.004152689129114151,-0.0007186371367424726,0.6972278356552124,0.03088691271841526,0.12892119586467743,0.041843660175800323,0.0011362857185304165,-2.69500128524669e-06,9.768310701474547e-05,0.0003739199019037187,0.49094972014427185,0.028972303494811058,-0.0036277840845286846,0.002117384923622012,0,0,1,0,0,0,0,0,1,1,11
0.4738415777683258,0.022481324151158333,0.0017596471589058638,-0.0024815849028527737,0.7362914681434631,0.03190256655216217,0.11460576951503754,0.03632393479347229,0.0009098739828914404,-6.0370580285962205e-06,0.0001374833518639207,0.0002663059567566961,0.48823273181915283,0.03036625310778618,-0.002658167388290167,0.0012623907532542944,0,0,1,0,0,0,0,0,1,1,4
0.47490137815475464,0.01960022933781147,0.001832704758271575,-0.0033002702984958887,0.7700576782226562,0.03272984176874161,0.1088305115699768,0.03198936954140663,0.0007761614979244769,-1.0833270607690793e-05,0.00018915442342404276,1.4312797702586977e-06,0.4861098825931549,0.03109879419207573,-0.001624400494620204,0.0006289394223131239,0,0,0,1,0,0,0,0,1,1,13
0.47820281982421875,0.016368873417377472,0.004598446190357208,-0.0033924970775842667,0.8003266453742981,0.033464256674051285,0.10925605893135071,0.02894378826022148,0.0007022626232355833,-9.809829862206243e-06,0.00017119957192335278,-2.940447798444046e-12,0.4852222800254822,0.031286127865314484,-0.000721012766007334,0.00024202502390835434,0,0,0,1,0,0,0,0,1,1,12
0.4834958016872406,0.012919019907712936,0.005950065795332193,-0.0037873892579227686,0.8278257846832275,0.03413146734237671,0.10945094376802444,0.026380138471722603,0.0006400611018761992,-8.94107961357804e-06,0.00015603817882947624,2.9353225579342723e-12,0.48579710721969604,0.031130781397223473,0.0019330575596541166,2.3575099476147443e-05,0,0,0,1,0,0,0,0,1,1,12
0.4897966682910919,0.008981733582913876,0.00673783989623189,-0.004274000413715839,0.8529736995697021,0.034741632640361786,0.10958854109048843,0.02418925240635872,0.0005869035376235843,-8.198606337828096e-06,0.00014308067329693586,5.8626567142616715e-12,0.4894581139087677,0.030925575643777847,0.004260505549609661,4.175271533313207e-05,0,0,0,1,0,0,0,0,1,1,7
0.4969615936279297,0.004374705720692873,0.007461800239980221,-0.0048141092993319035,0.8760980367660522,0.03530270606279373,0.109687939286232,0.02229246124625206,0.0005408817669376731,-7.555779120593797e-06,0.00013186217984184623,4.392234839722953e-12,0.49448785185813904,0.03112143836915493,0.005739713553339243,0.0001154017518274486,0,0,0,0,0,0,1,0,1,1,5
0.5045304298400879,-2.7176438379683532e-05,0.007598189637064934,-0.00335283437743783,0.8974596261978149,0.03582099825143814,0.10976087301969528,0.020631689578294754,0.0005005865241400898,-6.992925591475796e-06,0.00012203935330035165,0.0,0.5011024475097656,0.03119267337024212,0.007232941687107086,8.665092173032463e-05,0,0,0,0,1,0,0,0,1,1,6
0.513249933719635,-0.0017882235115393996,0.009508343413472176,-0.0006273531471379101,0.9172691106796265,0.036301642656326294,0.10981516540050507,0.019163142889738083,0.00046495514106936753,-6.495205525425263e-06,0.00011335322051309049,1.4617499918823107e-12,0.5091163516044617,0.031243616715073586,0.008550570346415043,7.014133734628558e-05,0,0,0,0,0,1,0,0,1,1,3
0.5231993198394775,-0.0021270704455673695,0.00958162173628807,-0.00038387245149351656,0.9356998801231384,0.036748822778463364,0.10985611379146576,0.017853135243058205,0.00043317044037394226,-6.0512088566611055e-06,0.00010560465307207778,-2.9217622245225616e-12,0.5182958245277405,0.031229140236973763,0.00938726682215929,9.68350468610879e-06,0,0,1,0,0,0,0,0,1,1,6
0.5303531289100647,-0.0032619996927678585,0.004895995836704969,-0.0017783252988010645,0.9528953433036804,0.037166036665439606,0.10988735407590866,0.016675392165780067,0.00040459478623233736,-5.652034360537073e-06,9.8638360213954e-05,-2.920306357845348e-12,0.5282517075538635,0.03121589869260788,0.010317155160009861,5.688054807251319e-05,0,0,0,0,0,1,0,0,1,1,2
0.5326396226882935,-0.00615620706230402,0.0007177100633271039,-0.003686194308102131,0.9689757227897644,0.03755619376897812,0.10991144925355911,0.01560908555984497,0.0003787232271861285,-5.290625722409459e-06,9.233107266481966e-05,7.297686760443511e-13,0.5389941930770874,0.03129631280899048,0.01100028958171606,0.00011580331192817539,0,1,0,0,0,0,0,0,1,1,5
0.5345312356948853,-0.009158267639577389,0.003667789278551936,-0.001880932948552072,0.9840431809425354,0.03792177513241768,0.10993020236492157,0.014637514017522335,0.00035514996852725744,-4.961324975738535e-06,8.658417209517211e-05,2.188518029994091e-12,0.5499019622802734,0.03145334869623184,0.01108976174145937,0.0001559939846629277,0,0,0,0,1,0,0,0,1,1,18
0.5397794246673584,-0.010062106885015965,0.006123150233179331,-0.00035136795486323535,0.9981846809387207,0.038264889270067215,0.10994492471218109,0.01374710351228714,0.0003335460205562413,-4.659535079554189e-06,8.131733920890838e-05,2.1878408373171565e-12,0.5613399744033813,0.031655628234148026,0.011731437407433987,0.00018651550635695457,0,0,0,0,1,0,0,0,1,0,18
0.5466399192810059,-0.010139389894902706,0.007428141310811043,7.255225500557572e-05,1.0114752054214478,0.038587361574172974,0.10995656996965408,0.012926728464663029,0.00031364141614176333,-4.38147935710731e-06,7.646473386557773e-05,2.187254717622711e-12,0.573363721370697,0.03189919888973236,0.012284094467759132,0.00022559892386198044,0,0,0,0,1,0,0,0,1,0,18
