lt_dp_posx,lt_dp_posy,lt_dp_velx,lt_dp_vely,ball_posx,ball_posy,ball_posz,ball_vel_x,ball_vel_y,ball_rot_x,ball_rot_y,ball_rot_z,rt_gk_posx,rt_gk_posy,rt_gk_velx,rt_gk_vely,action_left,action_top_left,action_top,action_top_right,action_right,action_bottom_right,action_bottom,action_bottom_left,action_sprint,action_dribble,sel_action
-1.0110293626785278,-0.0,0.0,-0.0,0.019999999552965164,-0.0,0.11061639338731766,0.0,-0.0,0.0,-0.0,0.0,1.0110293626785278,0.0,-0.0,0.0,0,0,0,0,0,0,0,0,0,0,5
0.0,-0.0,0.0,-0.0,0.019999999552965164,-0.0,0.11059734225273132,0.0,-0.0,0.0,-0.0,0.0,1.0097103118896484,-1.053061197270333e-11,-0.0033988673239946365,-2.5076950932456654e-11,0,0,0,0,1,0,0,0,0,0,5
0.0,-0.0,0.0,-0.0,0.019999999552965164,-0.0,0.10930104553699493,0.0,-0.0,0.0,-0.0,0.0,1.005424976348877,-3.4275877275335986e-11,-0.0050032841973006725,-2.029609813547495e-11,0,0,0,0,1,0,0,0,0,0,5
0.002605511574074626,2.600850090850315e-10,0.004109719302505255,2.364695939061079e-10,0.019999999552965164,-0.0,0.11075475811958313,0.0,-0.0,0.0,-0.0,0.0,0.9995788931846619,-4.5175412022313566e-11,-0.0065179429948329926,-1.7381629989488001e-12,0,0,0,0,1,0,0,0,0,0,5
0.0056115807965397835,-2.2176995795319954e-09,0.005743090528994799,-3.6283451243512843e-10,0.019999999552965164,-0.0,0.11053141206502914,0.0,-0.0,0.0,-0.0,0.0,0.9922854900360107,5.675093173174162e-10,-0.007902874611318111,5.205507691563582e-10,0,0,0,0,1,0,0,0,0,0,13
0.011350344866514206,-3.5563638700608635e-09,0.007246829103678465,-2.685681677050411e-10,0.02625294402241707,-5.508862255254598e-10,0.12481161206960678,0.008746067062020302,-7.698181536675008e-10,-5.1716118366906816e-12,-2.7159967430634424e-05,-2.452642472797195e-12,0.9837011694908142,9.17081355300553e-10,-0.009114601649343967,1.972036561825874e-10,0,0,0,0,1,0,0,0,1,0,0
0.01934846118092537,-3.710904694642636e-09,0.008587582968175411,-1.7162836429829298e-10,0.034676697105169296,-1.2914774805139473e-09,0.11820586770772934,0.008197319693863392,-7.203754259776929e-10,-1.0063745843613692e-11,-4.8490652261534706e-05,-1.3889197937184013e-18,0.9743693470954895,1.0888869805825152e-09,-0.009437869302928448,1.8775496435363692e-10,0,0,0,0,1,0,0,0,1,0,0
0.028588932007551193,-3.866592823698056e-09,0.009745994582772255,-1.2152660822106753e-10,0.04263823851943016,-1.991132814183061e-09,0.11113595962524414,0.0077664474956691265,-6.825107701224908e-10,-9.534758399487586e-12,-4.594178608385846e-05,6.944014772284391e-19,0.9644050598144531,1.226460155656639e-09,-0.010371208190917969,8.429535541809585e-11,0,0,0,0,1,0,0,0,1,0,16
0.03760350123047829,-4.834217470772728e-09,0.009499413892626762,-2.1665121086034134e-10,0.05015954747796059,-2.652100761224574e-09,0.11245888471603394,0.00732439523562789,-6.436632338235881e-10,-8.991890565468452e-12,-4.3326072045601904e-05,-6.943448153564792e-19,0.9536177515983582,1.4616728938321444e-09,-0.010990395210683346,1.0628061763995333e-09,0,0,0,0,1,0,0,0,1,0,16
0.046081144362688065,-6.0161022830129696e-09,0.00997435487806797,-1.177801051133187e-10,0.05871996656060219,5.929561666562222e-06,0.12600195407867432,0.014217185787856579,2.958190998469945e-05,3.779904034217907e-07,-4.0399401768809184e-05,-3.0620935120850845e-08,0.9426805973052979,2.242280583431011e-09,-0.011172715574502945,5.602459607345622e-10,0,0,0,0,1,0,0,0,1,0,5
0.05651777237653732,2.5715735318954103e-07,0.010675586760044098,1.755066477926448e-06,0.07274871319532394,3.521084363455884e-05,0.138478621840477,0.013952975161373615,2.9125601940904744e-05,3.8007806324458215e-07,-4.310469012125395e-05,-2.6779904516160968e-08,0.9311493039131165,2.5819606452870403e-09,-0.011804524809122086,1.497596352484365e-10,0,0,0,0,1,0,0,0,1,0,16
0.06732172518968582,6.474503607023507e-06,0.011097727343440056,9.706889613880776e-06,0.08627032488584518,6.373366340994835e-05,0.12547649443149567,0.01311839185655117,2.7909436539630406e-05,3.898955753811606e-07,-7.76020169723779e-05,-1.822823982684449e-13,0.9190320372581482,2.596704291590868e-07,-0.012362704612314701,7.293494945770362e-07,0,0,0,0,1,0,0,0,1,0,18
0.07882937043905258,2.0627790945582092e-05,0.011819601058959961,1.7873400793178007e-05,0.09907367825508118,9.097286238102242e-05,0.11673243343830109,0.012505652382969856,2.6605830498738214e-05,3.7168308608670486e-07,-7.397546141874045e-05,4.5561834470173035e-14,0.9064158201217651,1.926787945194519e-06,-0.012806584127247334,2.463482360326452e-06,0,0,0,0,1,0,0,0,1,0,0
0.09100107848644257,4.078757410752587e-05,0.01244641374796629,2.1806707081850618e-05,0.11120808124542236,0.00011678885493893176,0.10919179767370224,0.011830311268568039,2.516903441573959e-05,3.516204287734581e-07,-6.998241588007659e-05,-9.110534592363106e-14,0.8934142589569092,5.210892595641781e-06,-0.013147382065653801,3.6725623431266285e-06,0,0,0,0,1,0,0,0,1,0,18
0.10372941941022873,6.591009150724858e-05,0.012938940897583961,2.813585706462618e-05,0.12266841530799866,0.0001411707344232127,0.11094443500041962,0.011163470335304737,2.3750313630443998e-05,3.3178227454300213e-07,-6.603410292882472e-05,9.108822908183295e-14,0.8801179528236389,9.257344572688453e-06,-0.013407538644969463,4.36784421253833e-06,0,0,0,0,1,0,0,0,1,0,18
0.11672907322645187,9.736754873301834e-05,0.013312306255102158,3.295168426120654e-05,0.13348016142845154,0.00016417275764979422,0.11041776835918427,0.010529456660151482,2.240145295218099e-05,3.12945132918685e-07,-6.22849547653459e-05,4.553645397494151e-14,0.8665978312492371,1.3997835594636854e-05,-0.013604585081338882,5.040686119173188e-06,0,0,0,0,1,0,0,0,1,0,13
0.12821722030639648,-0.0002628149522934109,0.01340509857982397,2.424450940452516e-05,0.14367815852165222,0.00018586908117868006,0.1092757135629654,0.009932606481015682,2.1131652829353698e-05,2.952090767394111e-07,-5.8754969359142706e-05,0.0,0.852908194065094,1.9330584109411575e-05,-0.013753245584666729,5.610369044006802e-06,0,0,0,0,1,0,0,0,1,0,13
0.1400681585073471,-0.0005855184281244874,0.013405084609985352,1.0775268492579926e-05,0.1562822163105011,0.00015367910964414477,0.14480365812778473,0.015353966504335403,-8.448858716292307e-05,-1.9117264571377746e-07,-5.070624320069328e-05,-1.4118796798356925e-07,0.839091420173645,2.5264034775318578e-05,-0.01386404037475586,6.191178272274556e-06,0,0,0,0,1,0,0,0,1,0,5
0.15345312654972076,-0.000580713851377368,0.013405434787273407,5.061671345174545e-06,0.17153164744377136,6.976960867177695e-05,0.133656844496727,0.015161794610321522,-8.343500667251647e-05,-1.9117264571377746e-07,-5.070624320069328e-05,-1.4118796798356925e-07,0.8251792788505554,2.971668254758697e-05,-0.013947486877441406,8.90354385774117e-07,0,0,0,0,1,0,0,0,1,0,5
0.16700588166713715,-0.000557259249035269,0.013661910779774189,4.2236148146912456e-05,0.1861397624015808,-9.559238606016152e-06,0.12543611228466034,0.014251346699893475,-7.69659091020003e-05,-1.0752598882390885e-06,-8.43055677250959e-05,-3.647033304694791e-13,0.8111956715583801,2.5504579753032885e-05,-0.014009896665811539,-8.398557838518173e-06,0,0,0,0,1,0,0,0,1,0,5
0.18077754974365234,-0.0004913617158308625,0.013852820731699467,8.466880535706878e-05,0.200007364153862,-8.445281127933413e-05,0.11882873624563217,0.013539440929889679,-7.312116213142872e-05,-1.0215155725745717e-06,-8.009174780454487e-05,-9.115372302456737e-13,0.7971585988998413,1.2249290193722118e-05,-0.014056879095733166,-1.586611324455589e-05,0,0,0,0,1,0,0,0,1,0,5
0.19471189379692078,-0.00040863349568098783,0.013994644396007061,7.444832590408623e-05,0.213147833943367,-0.00015541932953055948,0.11089959740638733,0.012812616303563118,-6.919589941389859e-05,-9.66694756243669e-07,-7.579354132758453e-05,-5.467941095564643e-13,0.7830818295478821,-3.5913737974624382e-06,-0.014091940596699715,-1.5818057363503613e-05,0,0,0,0,1,0,0,0,1,0,13
0.20876698195934296,-0.0003452913661021739,0.014099828898906708,5.4566589824389666e-05,0.22555707395076752,-0.00022243666171561927,0.1124788150191307,0.012088589370250702,-6.528567610075697e-05,-9.120343520407914e-07,-7.150792953325436e-05,9.111223060742635e-14,0.7689753174781799,-1.9378057913854718e-05,-0.014117185026407242,-1.575968235556502e-05,0,0,0,0,1,0,0,0,1,0,13
0.22173713147640228,-1.6895952285267413e-05,0.01414141058921814,3.6053395888302475e-05,0.23726625740528107,-0.00028567362460307777,0.1105983629822731,0.01140266191214323,-6.158126780064777e-05,-8.602684147263062e-07,-6.744919664924964e-05,9.109425318015382e-14,0.7548463940620422,-3.5211804060963914e-05,-0.01413752045482397,-1.5937786884023808e-05,0,0,0,0,1,0,0,0,1,0,5
0.23384900391101837,0.0004981582169421017,0.013974308967590332,1.7813661543186754e-05,0.24972303211688995,-0.00030048657208681107,0.1341818869113922,0.015434366650879383,9.010454959934577e-05,3.793717340272451e-08,-5.355002940632403e-05,8.262805550884877e-08,0.7407010197639465,-5.127865370013751e-05,-0.014151545241475105,-1.617181442270521e-05,0,0,0,0,1,0,0,0,1,0,0
0.24742943048477173,0.0005061149713583291,0.013344252482056618,9.536030347589985e-07,0.2650408446788788,-0.00021112403192091733,0.14396440982818604,0.015231049619615078,8.885947318049148e-05,4.904427441942971e-08,-5.389294165070169e-05,9.130063460816018e-08,0.7265436053276062,-6.608888361370191e-05,-0.014161362312734127,-1.0448191460454836e-05,0,0,0,0,1,0,0,0,1,0,18
0.2609299123287201,0.0004911854630336165,0.013616330921649933,-3.383998409844935e-05,0.27986595034599304,-0.00012574702850542963,0.1266479790210724,0.01440980564802885,8.199351577786729e-05,1.1454471859906334e-06,-8.523918950231746e-05,-1.8236176186747083e-13,0.7123770713806152,-6.847139593446627e-05,-0.014170478098094463,4.219303264108021e-06,0,0,0,0,1,0,0,0,1,0,16
0.2746626138687134,0.0004304998437874019,0.013818810693919659,-8.189088111976162e-05,0.2939308285713196,-4.571620229398832e-05,0.11849688738584518,0.013726879842579365,7.810755778336897e-05,1.091128524421947e-06,-8.119698031805456e-05,1.823188274614404e-13,0.6982036828994751,-5.6178163504227996e-05,-0.014175387099385262,1.890083512989804e-05,0,0,0,0,1,0,0,0,1,0,6
0.28856781125068665,0.00033970337244682014,0.013969399966299534,-8.516900561517105e-05,0.30726873874664307,3.0178227461874485e-05,0.11487046629190445,0.013006125576794147,7.40063696866855e-05,1.0338708307244815e-06,-7.693611405557021e-05,1.822758252927742e-13,0.6840256452560425,-3.7274479836924e-05,-0.014180295169353485,1.8905124306911603e-05,0,0,0,0,0,1,0,0,1,0,7
0.30260127782821655,0.0002661837206687778,0.014080720953643322,-6.428175402106717e-05,0.3198723793029785,0.00010189434397034347,0.11187469959259033,0.01227432768791914,6.984236097196117e-05,9.756516874404042e-07,-7.260371785378084e-05,1.822345171900025e-13,0.6698436737060547,-1.836815135902725e-05,-0.014183100312948227,1.8907099729403853e-05,0,0,0,0,0,0,1,0,1,0,7
0.31600096821784973,0.001288727973587811,0.013792560435831547,0.00026547422748990357,0.3317646086215973,0.00016956253966782242,0.11102891713380814,0.01158200018107891,6.590293196495622e-05,9.206504500980373e-07,-6.851078069303185e-05,-9.109885426312331e-14,0.6556587815284729,1.1975112101936247e-06,-0.014185905456542969,2.0787580069736578e-05,0,0,0,0,0,0,1,0,1,0,12
0.32912537455558777,0.0022676889784634113,0.013206636533141136,0.00031340564601123333,0.3446595370769501,0.00199740007519722,0.14497007429599762,0.01432869117707014,0.0035668713971972466,1.7348893379676156e-05,-5.1786875701509416e-05,2.546906671341276e-06,0.6414716839790344,2.370783477090299e-05,-0.014188009314239025,2.3919839804875664e-05,0,0,0,0,0,0,1,0,1,0,12
0.34167012572288513,0.003573278896510601,0.012386546470224857,0.001959520624950528,0.3588907718658447,0.005539922509342432,0.13328005373477936,0.014149278402328491,0.0035223558079451323,1.7348893379676156e-05,-5.1786875701509416e-05,2.546906671341276e-06,0.6272832751274109,6.654269236605614e-05,-0.014188009314239025,0.0001416666927980259,0,0,0,0,0,0,1,0,1,0,12
0.3535807132720947,0.006152328569442034,0.011642890982329845,0.002663671737536788,0.3725435733795166,0.008908949792385101,0.1257108449935913,0.013332277536392212,0.003278450109064579,4.580190943670459e-05,-7.886868843343109e-05,5.833441368841008e-12,0.6131133437156677,0.0005249044043011963,-0.014147337526082993,0.0007172369514591992,0,0,0,0,0,0,1,0,1,0,12
0.36551105976104736,0.008864489383995533,0.012150933034718037,0.002737493021413684,0.38551968336105347,0.012099826708436012,0.11871328204870224,0.01266940776258707,0.0031154488679021597,4.3523388740140945e-05,-7.494518649764359e-05,-1.1664419430346129e-11,0.5990139842033386,0.0015575240831822157,-0.014051970094442368,0.0012900804867967963,0,0,0,0,0,0,1,0,1,0,16
0.3778972625732422,0.011607341468334198,0.012563607655465603,0.002741927746683359,0.39781489968299866,0.015123258344829082,0.11098520457744598,0.011988538317382336,0.002948022447526455,4.118509968975559e-05,-7.091870065778494e-05,5.8310114549320335e-12,0.585019052028656,0.0030845243018120527,-0.013952044770121574,0.00168962765019387,0,0,0,0,0,0,1,0,1,0,3
0.39063405990600586,0.014360412955284119,0.012854267843067646,0.002782809780910611,0.4094259440898895,0.017978467047214508,0.11249517649412155,0.011310981586575508,0.002781408838927746,3.885602200170979e-05,-6.690814916510135e-05,-5.829883884672649e-12,0.5711268186569214,0.0049693710170686245,-0.013840198516845703,0.002044146880507469,0,0,1,0,0,0,0,0,1,0,5
0.4035975933074951,0.01719062402844429,0.013043249025940895,0.0028677391819655895,0.42038199305534363,0.020672600716352463,0.11059708148241043,0.010669195093214512,0.00262359157204628,3.665064650704153e-05,-6.31106086075306e-05,-5.828876877694844e-12,0.5573661923408508,0.007225729059427977,-0.013675058260560036,0.0024701205547899008,0,0,0,0,1,0,0,0,1,0,5
0.41626837849617004,0.02036174200475216,0.012606928125023842,0.0027840265538543463,0.4307132363319397,0.02321307733654976,0.11058024317026138,0.01006089337170124,0.0024740088265389204,3.456151171121746e-05,-5.951321145403199e-05,2.9139889286267096e-12,0.5438258647918701,0.009988363832235336,-0.013422615826129913,0.0030004808213561773,0,0,0,0,1,0,0,0,1,0,14
0.4275975525379181,0.02318391017615795,0.010920551605522633,0.0019945253152400255,0.44045713543891907,0.025609150528907776,0.109211266040802,0.06904749572277069,-0.0010550623992457986,2.0162495275144465e-05,6.293548722169362e-07,0.0021465602330863476,0.5305648446083069,0.013275541365146637,-0.013121436350047588,0.0035199823323637247,0,0,0,0,0,0,0,0,1,0,1
0.43667030334472656,0.02472671866416931,0.008336937054991722,0.0013875619042664766,0.5054214000701904,0.024235829710960388,0.27422255277633667,0.0633731558918953,-0.001668958575464785,1.96856381080579e-05,-4.022288067062618e-06,0.0021181278862059116,0.5191963315010071,0.016491368412971497,-0.00964613538235426,0.002884536748751998,1,0,0,0,0,0,0,0,1,0,7
0.4443185329437256,0.026041574776172638,0.007353109307587147,0.00128369580488652,0.5670181512832642,0.0222170390188694,0.32633861899375916,0.06018802151083946,-0.002299495041370392,1.96856381080579e-05,-4.022288067062618e-06,0.0021181278862059116,0.512444257736206,0.01897875964641571,-0.004186349920928478,0.0021643186919391155,0,0,0,0,0,0,1,0,1,0,13
0.4511680603027344,0.026764288544654846,0.006368931382894516,0.0006191182765178382,0.6255846619606018,0.01958850584924221,0.27280378341674805,0.05727769434452057,-0.002891861367970705,1.96856381080579e-05,-4.022288067062618e-06,0.0021181278862059116,0.5110242962837219,0.021562092006206512,0.0008046627044677734,0.002868195530027151,0,0,0,0,0,0,1,0,1,0,10
0.4573800265789032,0.027354903519153595,0.006602090783417225,0.0005698945606127381,0.6813727617263794,0.016389328986406326,0.11930254101753235,0.054601848125457764,-0.0034446571953594685,1.96856381080579e-05,-4.022288067062618e-06,0.0021181278862059116,0.5145095586776733,0.02376658096909523,0.005145634058862925,0.0015198757173493505,0,0,0,0,0,0,1,0,1,0,2
0.46488842368125916,0.027748415246605873,0.008194733411073685,0.00019379447621759027,0.7291048169136047,0.013212285004556179,0.16682662069797516,0.04624525457620621,-0.003287786850705743,1.4116794773144647e-05,-2.8077085516997613e-05,0.0019179668743163347,0.5206977725028992,0.02470618486404419,0.006915541365742683,0.000612159667070955,0,1,0,0,0,0,0,0,1,0,9
0.4738594591617584,0.02757970429956913,0.009359603747725487,-0.0004971663001924753,0.7739173769950867,0.009778237901628017,0.11697953194379807,0.04136667400598526,-0.003295965725556016,7.686220669711474e-06,-5.050879917689599e-05,0.0017010433366522193,0.5283924341201782,0.02512904815375805,0.008302576839923859,0.0002205086639150977,0,1,0,0,0,0,0,0,1,0,16
0.4834561049938202,0.027023576200008392,0.009854442439973354,-0.0006008888594806194,0.8122237324714661,0.006604672875255346,0.1149090826511383,0.03553708642721176,-0.0030108452774584293,-4.363354037195677e-06,-8.940998668549582e-05,0.0012797858798876405,0.5373280644416809,0.025059523060917854,0.009303583763539791,-0.0003248880966566503,0,1,0,0,0,0,0,0,1,0,5
0.4938870966434479,0.02638116478919983,0.010781492106616497,-0.0007022686186246574,0.8449468612670898,0.003796315286308527,0.10893737524747849,0.030691925436258316,-0.0026505307760089636,-2.114118069584947e-05,-0.00013854328426532447,0.0006470156367868185,0.54669588804245,0.024596601724624634,0.009605463594198227,-0.0005068961763754487,0,0,0,0,1,0,0,0,1,0,11
0.5051973462104797,0.02565944939851761,0.011644319631159306,-0.0007603286067023873,0.87379390001297,0.001301632379181683,0.10934457927942276,0.02755136415362358,-0.0023820940405130386,-3.327546073705889e-05,-0.00016296474495902658,0.0,0.55680251121521,0.024023931473493576,0.010492170229554176,-0.0006290714372880757,0,0,0,0,1,0,0,0,1,0,15
0.5172526240348816,0.024877114221453667,0.012296817265450954,-0.0008300438639707863,0.9000105261802673,-0.0009650631109252572,0.10951656103134155,0.025180723518133163,-0.002177128102630377,-3.0412669730139896e-05,-0.00014894435298629105,-3.519710217725347e-11,0.5676188468933105,0.02333800680935383,0.010824904777109623,-0.0007078693015500903,0,0,0,0,1,0,0,0,0,0,11
0.5298673510551453,0.024030668660998344,0.012826167047023773,-0.0008731592097319663,0.9240460991859436,-0.0030431796330958605,0.10963577032089233,0.023142820224165916,-0.002000930719077587,-2.7951609808951616e-05,-0.00013689140905626118,-5.859091857518539e-12,0.5785715579986572,0.02260161191225052,0.011246695183217525,-0.000771709019318223,0,0,0,0,1,0,0,0,0,0,2
0.5429295897483826,0.023154661059379578,0.013204013928771019,-0.0009104946511797607,0.9461942315101624,-0.004958094097673893,0.10972245782613754,0.021369455382227898,-0.0018476051045581698,-2.580992440925911e-05,-0.00012640270870178938,-5.85341714334775e-12,0.5901570916175842,0.021788286045193672,0.011843793094158173,-0.0008452879847027361,0,1,0,0,0,0,0,0,0,0,13
0.556308388710022,0.022240037098526955,0.013486375100910664,-0.0009463134920224547,0.966689944267273,-0.006730159278959036,0.10978648066520691,0.01980981044471264,-0.0017127571627497673,-2.3926329959067516e-05,-0.00011717790039256215,0.0,0.6023087501525879,0.02091541886329651,0.01238304004073143,-0.0008968217298388481,0,1,0,0,0,0,0,0,1,0,7
0.5699333548545837,0.021307559683918953,0.013708259910345078,-0.0009553409181535244,0.9857251644134521,-0.008375942707061768,0.10983441025018692,0.018425220623612404,-0.0015930464724078774,-2.22541275434196e-05,-0.00010898832260863855,-5.845011107064035e-12,0.6149289011955261,0.019989578053355217,0.012798168696463108,-0.00094842683756724,0,0,0,0,0,0,1,0,1,0,18
0.583736777305603,0.020354028791189194,0.013862701132893562,-0.0009796478552743793,1.00345778465271,-0.009909105487167835,0.10987075418233871,0.017185766249895096,-0.0014858830254524946,-2.07571720238775e-05,-0.0001016571040963754,8.762774360293601e-12,0.6279093623161316,0.019019266590476036,0.01311722956597805,-0.0009848597692325711,0,0,0,0,0,0,1,0,1,0,3
