lt_dp_posx,lt_dp_posy,lt_dp_velx,lt_dp_vely,ball_posx,ball_posy,ball_posz,ball_vel_x,ball_vel_y,ball_rot_x,ball_rot_y,ball_rot_z,rt_gk_posx,rt_gk_posy,rt_gk_velx,rt_gk_vely,action_left,action_top_left,action_top,action_top_right,action_right,action_bottom_right,action_bottom,action_bottom_left,action_sprint,action_dribble,sel_action
-1.0110293626785278,-0.0,0.0,-0.0,0.019999999552965164,-0.0,0.11061639338731766,0.0,-0.0,0.0,-0.0,0.0,1.0110293626785278,0.0,-0.0,0.0,0,0,0,0,0,0,0,0,0,0,5
0.0018559683812782168,1.9839568876633962e-10,0.003761105705052614,2.4271326615199484e-10,0.019999999552965164,-0.0,0.11059734225273132,0.0,-0.0,0.0,-0.0,0.0,1.0110293626785278,0.0,-0.0,0.0,0,0,0,0,1,0,0,0,0,0,5
0.0049512931145727634,-1.6236472166752947e-09,0.005425762385129929,-3.337355947152787e-10,0.019999999552965164,-0.0,0.10930104553699493,0.0,-0.0,0.0,-0.0,0.0,1.0109632015228271,-5.923189998376099e-13,-0.0006619621999561787,-5.923189889955882e-12,0,0,0,0,1,0,0,0,0,0,13
0.00991531927138567,-3.5084914973282366e-09,0.0069583710283041,-2.268875087807487e-10,0.02449852228164673,-8.590338856917512e-11,0.1256798505783081,0.008851847611367702,-1.68372107922643e-10,-4.2534384217876586e-13,-2.3405809770338237e-05,-5.800097273127303e-13,1.007768154144287,-2.382307025261543e-11,-0.004207386635243893,-2.597831498529768e-11,0,0,0,0,1,0,0,0,1,0,18
0.017643578350543976,-3.5967959721716625e-09,0.008333046920597553,-3.2113472991923686e-10,0.03303325176239014,-2.471300664108611e-10,0.11791633814573288,0.008274576626718044,-1.5567283573325597e-10,-2.1747248099557304e-12,-4.894658923149109e-05,3.472353768023702e-19,1.0026906728744507,-4.5552030897288986e-11,-0.005775339435786009,-1.6371513519852776e-11,0,0,0,0,1,0,0,0,1,0,0
0.026650458574295044,-4.11424982971198e-09,0.009529577568173409,-4.326899394335726e-10,0.041080355644226074,-3.985233254510945e-10,0.11473273485898972,0.007851239293813705,-1.477084565770781e-10,-2.063485450218283e-12,-4.644291038857773e-05,0.0,0.9961044192314148,2.753334504834726e-10,-0.007231095340102911,6.26438401152285e-10,0,0,0,0,1,0,0,0,1,0,16
0.035962894558906555,-6.030954846636405e-09,0.009889702312648296,-2.3433061047128945e-10,0.048690065741539,-5.416878057218355e-10,0.11181147396564484,0.0074097090400755405,-1.394018095401961e-10,-1.947381492173328e-12,-4.3829757487401366e-05,-3.471777068040388e-19,0.9881436228752136,7.623396913736258e-10,-0.008531177416443825,3.519957381126204e-10,0,0,0,0,1,0,0,0,1,0,13
0.044215764850378036,-9.828518443555367e-09,0.009783463552594185,-1.236793167880279e-10,0.05586325377225876,-6.766397997459705e-10,0.11103836447000504,0.01451859436929226,2.9956519938423298e-05,3.7271107089509314e-07,-3.400645437068306e-05,-4.113285356766028e-08,0.9790472984313965,9.341980522492577e-10,-0.009335489943623543,2.523208586513448e-10,0,0,0,0,1,0,0,0,1,0,16
0.05438217520713806,-1.0240802872374388e-08,0.010675630532205105,-6.379245742760276e-11,0.0699559897184372,2.9383883884293027e-05,0.14426137506961823,0.013985619880259037,2.919403777923435e-05,3.8007729585842753e-07,-4.310449003241956e-05,-2.6779995110359778e-08,0.9695028066635132,1.1273206812489889e-09,-0.009924523532390594,1.5349592430435877e-10,0,0,0,0,1,0,0,0,1,0,18
0.06510981172323227,4.601150521921227e-06,0.010934033431112766,7.948541679070331e-06,0.08364111185073853,5.81419444642961e-05,0.1224839836359024,0.0132269486784935,2.8132250008638948e-05,3.9321051303886634e-07,-7.52540145185776e-05,-1.5954085830216513e-09,0.9590960144996643,1.213865230553779e-09,-0.010777922347187996,3.0098624981267363e-11,0,0,0,0,1,0,0,0,1,0,16
0.07647150009870529,1.71236624737503e-05,0.011687506921589375,1.6469801266794093e-05,0.0965655967593193,8.563826122554019e-05,0.11547264456748962,0.012635420076549053,2.688141103135422e-05,3.755174020625418e-07,-7.473995356122032e-05,-9.11273010176239e-14,0.9481951594352722,3.8651575096082524e-07,-0.01080527063459158,9.584832696418744e-07,0,0,0,0,1,0,0,0,1,0,18
0.08851706981658936,3.6470133636612445e-05,0.012330885976552963,2.0911782485200092e-05,0.10883454233407974,0.0001117399733630009,0.11361880600452423,0.01196405291557312,2.5453096895944327e-05,3.5558113609113207e-07,-7.077202462824062e-05,0.0,0.9369930624961853,2.098513277815073e-06,-0.011505099013447762,2.3166267055785283e-06,0,0,0,0,1,0,0,0,1,0,5
0.10114561021327972,6.034951366018504e-05,0.01285102404654026,2.6753132260637358e-05,0.12042832374572754,0.00013640534598380327,0.1114083006978035,0.01129453256726265,2.4028713596635498e-05,3.3567974355719343e-07,-6.681102968286723e-05,-9.109152234593187e-14,0.9251608848571777,5.1000738494622055e-06,-0.012094132602214813,3.342233867442701e-06,0,0,0,0,1,0,0,0,1,0,16
0.11414693295955658,9.076930291485041e-05,0.013245770707726479,3.257258140365593e-05,0.1313672959804535,0.0001596776128280908,0.10943161696195602,0.010653255507349968,2.2664416974294e-05,3.1662179367231147e-07,-6.301790563156828e-05,4.553791764787436e-14,0.9127786755561829,8.805745892459527e-06,-0.012599019333720207,4.060179435327882e-06,0,0,0,0,1,0,0,0,1,0,16
0.12609386444091797,-0.00014671750250272453,0.013405095785856247,2.6941905161947943e-05,0.141684889793396,0.00018162798369303346,0.11077038198709488,0.010048496536910534,2.1377811208367348e-05,2.9864077077945694e-07,-5.9439102187752724e-05,4.55309347082572e-14,0.899957001209259,1.3321803635335527e-05,-0.012988903559744358,4.880684628005838e-06,0,0,0,0,1,0,0,0,1,0,18
0.13738729059696198,-0.000590020208619535,0.013405172154307365,1.347075703961309e-05,0.15320859849452972,0.000170511455507949,0.13429734110832214,0.015403167344629765,-8.503628487233073e-05,-1.843820172098276e-07,-5.039785901317373e-05,-1.3568607926117693e-07,0.8867981433868408,1.814450297388248e-05,-0.013286225497722626,4.604253717843676e-06,0,0,0,0,1,0,0,0,1,0,5
0.15077520906925201,-0.0005837582866661251,0.01334442850202322,2.0128154574194923e-06,0.16849638521671295,8.615149272372946e-05,0.1443362832069397,0.015201452188193798,-8.388463902520016e-05,-1.9198807876819046e-07,-5.070618135505356e-05,-1.4163087769247795e-07,0.8733821511268616,2.2415881176129915e-05,-0.01351272314786911,4.004770744359121e-06,0,0,0,0,1,0,0,0,1,0,16
0.1642758846282959,-0.0005674256826750934,0.01361650601029396,3.3366748539265245e-05,0.18328356742858887,5.315574981068494e-06,0.12649352848529816,0.014354665763676167,-7.774857658660039e-05,-1.070380335477239e-06,-8.438542863586918e-05,-1.829251061735704e-08,0.8597712516784668,2.5268927856814116e-05,-0.013683823868632317,3.0337611178765655e-07,0,0,0,0,1,0,0,0,1,0,13
0.1780088096857071,-0.000509890029206872,0.013818986713886261,7.662556890863925e-05,0.197292298078537,-7.055646710796282e-05,0.11852752417325974,0.013671541586518288,-7.4045718065463e-05,-1.0343867415940622e-06,-8.08696640888229e-05,0.0,0.8460135459899902,2.0844690880039707e-05,-0.013812148943543434,-8.158137461578008e-06,0,0,0,0,1,0,0,0,1,0,0
0.19191434979438782,-0.000425502221332863,0.013969751074910164,7.882464706199244e-05,0.21057753264904022,-0.00014250983076635748,0.11483485251665115,0.012955252081155777,-7.0166279328987e-05,-9.802247404877562e-07,-7.663521682843566e-05,-3.6454576878876266e-13,0.8321455717086792,8.343354238604661e-06,-0.01390891894698143,-1.5384299331344664e-05,0,0,0,0,1,0,0,0,1,0,18
0.2059481143951416,-0.0003579772310331464,0.014081071130931377,5.856503776158206e-05,0.22313208878040314,-0.00021050595387350768,0.11187049001455307,0.012226910330355167,-6.622153159696609e-05,-9.25071674373612e-07,-7.232329517137259e-05,-1.8223194220984285e-13,0.818195104598999,-6.894605576235335e-06,-0.013981145806610584,-1.511451046098955e-05,0,0,0,0,1,0,0,0,1,0,5
0.21940188109874725,-0.00014543037104886025,0.014141388237476349,3.977076994488016e-05,0.23497863113880157,-0.00027466731262393296,0.11102664470672607,0.011537703685462475,-6.248873978620395e-05,-8.729550700081745e-07,-6.824875890742987e-05,0.0,0.8041828274726868,-2.184992263210006e-05,-0.014035141095519066,-1.4822148841631133e-05,0,0,0,0,1,0,0,0,1,0,18
0.2310483604669571,0.0004960319492965937,0.014121310785412788,2.1662046492565423e-05,0.24662761390209198,-0.00032004789682105184,0.11938608437776566,0.015648063272237778,9.235753532266244e-05,-1.0223671864650896e-07,-4.9204067181563005e-05,-4.4108254826369375e-08,0.7901240587234497,-3.6316210753284395e-05,-0.01407651323825121,-1.4047095646674279e-05,0,0,0,0,1,0,0,0,1,0,18
0.24476534128189087,0.0005075071821920574,0.013386151753365993,3.422276222408982e-06,0.26199257373809814,-0.00023003433307167143,0.15052546560764313,0.01527041383087635,8.942066051531583e-05,4.94877561152407e-08,-5.389363650465384e-05,9.171519366191205e-08,0.7760307788848877,-4.98221161251422e-05,-0.014106666669249535,-1.3061242498224601e-05,0,0,0,0,1,0,0,0,1,0,16
0.2582106292247772,0.0004990869201719761,0.01356829609721899,-2.427097933832556e-05,0.27697858214378357,-0.0001429741532774642,0.12328734993934631,0.014527030289173126,8.299652836285532e-05,1.0772062069008825e-06,-8.371989679289982e-05,7.295127346651498e-08,0.7619121074676514,-6.163142097648233e-05,-0.014127703383564949,-8.542155228496995e-06,0,0,0,0,1,0,0,0,1,0,5
0.2719022035598755,0.0004478456103242934,0.013783047907054424,-7.293191447388381e-05,0.29117846488952637,-6.186824612086639e-05,0.11391431093215942,0.013875837437808514,7.925501995487139e-05,1.1070181926697842e-06,-8.20677523734048e-05,0.0,0.7477743029594421,-6.315649807220325e-05,-0.014145233668386936,4.220751634420594e-06,0,0,0,0,1,0,0,0,1,0,6
0.285776823759079,0.0003580337215680629,0.013942577876150608,-8.957340469351038e-05,0.304660826921463,1.5139202332647983e-05,0.11456210911273956,0.013147542253136635,7.50951876398176e-05,1.0490381328054355e-06,-7.776943675708026e-05,0.0,0.7336223125457764,-5.190395677345805e-05,-0.014157154597342014,1.7008780559990555e-05,0,0,0,0,0,1,0,0,1,0,6
0.2997876703739166,0.0002800333022605628,0.014061085879802704,-6.85433333273977e-05,0.3174104690551758,8.796191104920581e-05,0.11011955142021179,0.012423445470631123,7.095937326084822e-05,9.91320575849386e-07,-7.34905552235432e-05,0.0,0.7194595336914062,-3.3808806620072573e-05,-0.014166271314024925,1.7900638340506703e-05,0,0,0,0,0,1,0,0,1,0,6
0.3133726716041565,0.001001578290015459,0.013854563236236572,6.616201426368207e-05,0.3294418454170227,0.0001566821156302467,0.10925473272800446,0.011719262227416039,6.69372602715157e-05,9.351213634545275e-07,-6.932429823791608e-05,9.110243213029251e-14,0.7052888870239258,-1.6147259884746745e-05,-0.014173283241689205,1.746547241054941e-05,0,0,0,0,0,1,0,0,1,0,12
0.32648026943206787,0.0022053245920687914,0.013318131677806377,0.0003158333129249513,0.34179258346557617,0.0012840218842029572,0.13454332947731018,0.014371098019182682,0.0035778991878032684,1.715948383207433e-05,-5.159494685358368e-05,2.4184639642044203e-06,0.6911125183105469,4.352518317318754e-06,-0.014178192242980003,2.7944022804149427e-05,0,0,0,0,0,1,0,0,1,0,12
0.339196115732193,0.003188089234754443,0.012362704612314701,0.0017986128805205226,0.35605981945991516,0.004835172090679407,0.14408689737319946,0.014186584390699863,0.003531137015670538,1.7348349501844496e-05,-5.1787050324492157e-05,2.54687302003731e-06,0.6769319176673889,4.406609878060408e-05,-0.014181697741150856,4.934444586979225e-05,0,0,0,0,0,1,0,0,1,0,12
0.3512495160102844,0.005618635099381208,0.01172984391450882,0.002683289349079132,0.36987337470054626,0.008252020925283432,0.12669354677200317,0.013427460566163063,0.003301568329334259,4.6130589907988906e-05,-7.943516538944095e-05,-5.833624382167724e-12,0.6627483367919922,0.00011056759831262752,-0.014183801598846912,0.00012458779383450747,0,0,0,0,0,1,0,0,1,0,7
