lt_dp_posx,lt_dp_posy,lt_dp_velx,lt_dp_vely,ball_posx,ball_posy,ball_posz,ball_vel_x,ball_vel_y,ball_rot_x,ball_rot_y,ball_rot_z,rt_gk_posx,rt_gk_posy,rt_gk_velx,rt_gk_vely,action_left,action_top_left,action_top,action_top_right,action_right,action_bottom_right,action_bottom,action_bottom_left,action_sprint,action_dribble,sel_action
-1.0110293626785278,-0.0,0.0,-0.0,0.019999999552965164,-0.0,0.11061639338731766,-0.0,0.0,0.0,-0.0,0.0,1.0110293626785278,0.0,-0.0,0.0,0,0,0,0,0,0,0,0,0,0,5
0.0,-0.0,0.0,-0.0,0.019999999552965164,-0.0,0.11059734225273132,-0.0,0.0,0.0,-0.0,0.0,1.0110293626785278,0.0,-0.0,0.0,0,0,0,0,1,0,0,0,0,0,5
0.0,-0.0,0.0,-0.0,0.019999999552965164,-0.0,0.10930104553699493,-0.0,0.0,0.0,-0.0,0.0,1.010373830795288,-5.178543011075121e-11,-0.0026071772444993258,-1.9923605820704182e-10,0,0,0,0,1,0,0,0,0,0,5
0.0011742409551516175,1.3643361440607293e-10,0.0034112136345356703,2.3963026007933763e-10,0.019999999552965164,-0.0,0.11075475811958313,-0.0,0.0,0.0,-0.0,0.0,1.0064098834991455,-2.8306179622461514e-10,-0.0046870289370417595,-2.1158365337559104e-10,0,0,0,0,1,0,0,0,0,0,5
0.004423037171363831,-4.948248477631978e-10,0.00509687140583992,-2.6709676137492977e-10,0.019999999552965164,-0.0,0.11053141206502914,-0.0,0.0,0.0,-0.0,0.0,1.0008678436279297,-4.217382554294602e-10,-0.006225530058145523,-5.989382600990467e-11,0,0,0,0,1,0,0,0,0,0,13
0.009172579273581505,-1.6876557928924285e-09,0.006656940560787916,-3.3095143292527496e-10,0.023520536720752716,-2.0332635575215363e-10,0.12429210543632507,0.008649522438645363,-4.998005898038116e-10,6.688117941411331e-13,2.615536232042359e-06,-1.8590905724591433e-12,0.9938530325889587,7.771144838741861e-11,-0.007639211602509022,5.683351567142836e-10,0,0,0,0,1,0,0,0,1,0,0
0.016618236899375916,-1.8831725068224614e-09,0.008066108450293541,-1.1342336098119077e-10,0.031749386340379715,-6.79450051777053e-10,0.11630966514348984,0.007851784117519855,-4.5484810362594885e-10,6.129359172990512e-12,4.470821295399219e-05,-3.447311609349607e-13,0.9855127334594727,4.877190873386894e-10,-0.008886702358722687,2.6288890508929796e-10,0,0,0,0,1,0,0,0,1,0,0
0.025379417464137077,-2.0645987142131617e-09,0.009301392361521721,-1.8728241180099303e-10,0.039383139461278915,-1.121674975124165e-09,0.11498706787824631,0.00744605204090476,-4.3135151006623573e-10,6.025917612118015e-12,4.404568244353868e-05,0.0,0.9762466549873352,6.621745929358269e-10,-0.009335489943623543,2.1480488221481409e-10,0,0,0,0,1,0,0,0,1,0,16
0.03412363678216934,-2.8353506209555235e-09,0.009388971142470837,-2.12893841444739e-10,0.04660032317042351,-1.5397682018303271e-09,0.10737152397632599,0.00702687818557024,-4.070686565604831e-10,5.6867379728819945e-12,4.156647628406063e-05,3.4715431310234e-19,0.9664705991744995,8.308755350405761e-10,-0.010197303257882595,1.2500282753347136e-10,0,0,0,0,1,0,0,0,1,0,5
0.042008865624666214,-3.983873675394989e-09,0.009879683144390583,-1.2068625265815314e-10,0.05416471138596535,2.9177326723583974e-06,0.11805233359336853,0.014280710369348526,2.9196276955190115e-05,3.387498566098657e-07,2.003337840505992e-06,2.867589614652388e-07,0.9558171629905701,8.906944071185308e-10,-0.011003718711435795,6.7552556430594546e-12,0,0,0,0,1,0,0,0,1,0,5
0.05237536504864693,7.688269931804825e-08,0.010675586760044098,8.094976351458172e-07,0.06805659830570221,3.095665670116432e-05,0.14387618005275726,0.01379991415888071,2.7823793061543256e-05,2.8575780675055285e-07,7.840221769583877e-06,3.5737687653636385e-07,0.9449081420898438,2.8777145644198754e-07,-0.011030365712940693,5.264651576908363e-07,0,0,0,0,1,0,0,0,1,0,13
0.06313706934452057,5.079635229776613e-06,0.011016691103577614,8.291486665257253e-06,0.0814104676246643,5.742551002185792e-05,0.12316343933343887,0.012638636864721775,2.4204791770898737e-05,-2.3648130564879466e-08,4.12239387515001e-05,4.4138579369246145e-07,0.9335045218467712,1.1075991324105416e-06,-0.011688821017742157,1.0609007858874975e-06,0,0,0,0,1,0,0,0,1,0,5
0.07457250356674194,1.738470200507436e-05,0.011754298582673073,1.5806916053406894e-05,0.09365619719028473,8.05978779681027e-05,0.11358217895030975,0.01188874151557684,2.226913784397766e-05,-3.127756542653515e-07,7.048865518299863e-05,-9.110760919566613e-14,0.9214994311332703,2.4058097096713027e-06,-0.012258922681212425,1.5382436231448082e-06,0,0,0,0,1,0,0,0,1,0,13
0.08668146282434464,3.561761695891619e-05,0.012389264069497585,1.9671044356073253e-05,0.10521385818719864,0.00010224744619335979,0.11358413845300674,0.011278974823653698,2.1127556465216912e-05,-2.9514919219764124e-07,6.671863957308233e-05,-4.5545564661322174e-14,0.908973217010498,4.477484253584407e-06,-0.01272664312273264,2.5494746296317317e-06,0,0,0,0,1,0,0,0,1,0,16
0.09936050325632095,5.816458724439144e-05,0.012895464897155762,2.5240902687073685e-05,0.11614811420440674,0.00012272928142920136,0.11179269850254059,0.01065406110137701,1.995698403334245e-05,-2.787943458315567e-07,6.302160181803629e-05,4.553792103600615e-14,0.896040678024292,7.582837952213595e-06,-0.01308637484908104,3.444549747655401e-06,0,0,0,0,1,0,0,0,1,0,0
0.11247087270021439,-0.00041434523882344365,0.013238980434834957,2.622903775773011e-05,0.1264699399471283,0.0001420639455318451,0.11068520694971085,0.01005322951823473,1.8831509805750102e-05,-2.630731330555136e-07,5.946783130639233e-05,0.0,0.8827971816062927,1.1305565749353264e-05,-0.013360556215047836,3.982852376793744e-06,0,0,0,0,1,0,0,0,1,0,5
0.1257098913192749,-0.0022550278808921576,0.013238980434834957,1.4307681340142153e-05,0.13684585690498352,0.00013201583351474255,0.1198345199227333,0.01587028056383133,-0.0002651129907462746,-2.4891824068618007e-07,6.191914962982992e-06,-4.6714416157556116e-07,0.8693169951438904,1.5599174730596133e-05,-0.013568822294473648,4.540810095932102e-06,0,0,0,0,1,0,0,0,1,0,16
0.1389489471912384,-0.002247278578579426,0.013239067979156971,2.38311622524634e-06,0.15236306190490723,-0.00012679878273047507,0.1582464873790741,0.015420282259583473,-0.00025716962409205735,-6.146939313111943e-08,1.0350108823331539e-05,-7.976347546900797e-07,0.8556575179100037,1.2815916306863073e-05,-0.013726599514484406,-1.352027538814582e-05,0,0,0,0,1,0,0,0,1,0,0
0.15232938528060913,-0.002216444816440344,0.013510970398783684,7.768388604745269e-05,0.16755136847496033,-0.00037988435360603034,0.11589517444372177,0.014445047825574875,-0.0002394281909801066,1.0324060895072762e-06,3.449143696343526e-05,-1.885315214167349e-06,0.8418633937835693,-1.4644003385910764e-05,-0.013844406232237816,-3.845654646283947e-05,0,0,0,0,1,0,0,0,1,0,16
0.1659706085920334,-0.0020569039043039083,0.01373694185167551,0.00022587379498872906,0.18146999180316925,-0.0006099758320488036,0.11778106540441513,0.013579334132373333,-0.0002241299080196768,1.8982068468176294e-06,5.3479081543628126e-05,-1.7049742382369004e-06,0.827968180179596,-6.418721022782847e-05,-0.013932760804891586,-5.359956412576139e-05,0,0,0,0,1,0,0,0,1,0,13
0.17980355024337769,-0.0017791722202673554,0.013905588537454605,0.0002775091852527112,0.19453935325145721,-0.0008253310224972665,0.11214391142129898,0.012757563032209873,-0.00021016578830312937,2.9361640372371767e-06,7.54694701754488e-05,3.6452316317346634e-13,0.8139973282814026,-0.00011850201553897932,-0.013999378308653831,-5.4890213505132124e-05,0,0,0,0,1,0,0,0,1,0,16
0.1937834471464157,-0.001537169562652707,0.014034789986908436,0.00021277468476910144,0.20690573751926422,-0.001029052073135972,0.11327104270458221,0.012051389552652836,-0.00019853243429679424,2.7734220111597097e-06,7.128642755560577e-05,1.0933346242247843e-12,0.7999699115753174,-0.00017407488485332578,-0.014048464596271515,-5.612388122244738e-05,0,0,0,0,1,0,0,0,1,0,16
0.20786821842193604,-0.0013586104614660144,0.014121705666184425,0.00015105921193026006,0.21858693659305573,-0.0012214856687933207,0.11138109117746353,0.01137973740696907,-0.00018746769637800753,2.618829512357479e-06,6.731288885930553e-05,0.0,0.7859002947807312,-0.00022940034978091717,-0.01408492773771286,-5.466618313221261e-05,0,0,0,0,1,0,0,0,1,0,0
0.22194457054138184,-0.0012456096010282636,0.014121751300990582,8.811261795926839e-05,0.22961072623729706,-0.0014030899619683623,0.11085901409387589,0.010735280811786652,-0.00017685111379250884,2.4705423129489645e-06,6.350137846311554e-05,3.643111474386368e-13,0.7717990279197693,-0.00028324476443231106,-0.014112977311015129,-5.316648821462877e-05,0,0,0,0,1,0,0,0,1,0,5
0.23579278588294983,-0.0011934851063415408,0.013533059507608414,2.4125265554175712e-05,0.2449992597103119,-0.0014012655010446906,0.161333829164505,0.015794480219483376,2.1280480723362416e-05,8.988188255898422e-07,1.2283054275030736e-05,-9.630628028389765e-07,0.7576742172241211,-0.00033593602711334825,-0.014133312739431858,-5.2678769861813635e-05,0,0,0,0,1,0,0,0,1,0,5
0.24912723898887634,-1.075887030310696e-05,0.013312531635165215,4.269574674253818e-06,0.26067569851875305,-0.0013801322784274817,0.12239401042461395,0.015528500080108643,2.0805497115361504e-05,8.826118005345052e-07,1.3367784958973061e-05,-9.209607014781795e-07,0.7435317635536194,-0.0003887212660629302,-0.014149441383779049,-5.286971281748265e-05,0,0,0,0,1,0,0,0,1,0,5
0.26243966817855835,0.001015616930089891,0.013312522321939468,1.8982938172484864e-06,0.2760188579559326,-0.001238650525920093,0.16264553368091583,0.01583399437367916,0.0002647642104420811,4.0488470176569535e-07,-7.756288482596574e-07,1.802521580884786e-07,0.729376494884491,-0.0004410097608342767,-0.014159959740936756,-4.8517897084821016e-05,0,0,0,0,1,0,0,0,1,0,18
0.275770902633667,0.0010143669787794352,0.01340525969862938,-1.1444127267168369e-05,0.29174110293388367,-0.0009757623192854226,0.16223996877670288,0.01563159003853798,0.00026137568056583405,4.0488470176569535e-07,-7.756288482596574e-07,1.802521580884786e-07,0.7152115702629089,-0.00047716707922518253,-0.014168374240398407,-2.6039155272883363e-05,0,0,0,0,1,0,0,0,1,0,6
0.28932297229766846,0.0009451803052797914,0.013660508207976818,-0.00012819989933632314,0.3068857192993164,-0.0007230129558593035,0.12772521376609802,0.014215427450835705,0.00023610646894667298,-8.709562280273531e-07,2.8506714443210512e-05,1.857621668932552e-06,0.7010392546653748,-0.0004908289993181825,-0.014174685813486576,-3.531896027197945e-06,0,0,0,0,0,1,0,0,1,0,6
0.3030911684036255,0.0007425468065775931,0.013847561553120613,-0.000261670007603243,0.3208716809749603,-0.0004908863920718431,0.12039803713560104,0.013780022040009499,0.00022855729912407696,-1.1529965604495374e-06,3.49589427059982e-05,1.9427086499490542e-06,0.6868615746498108,-0.00048177133430726826,-0.014179594814777374,1.944146970345173e-05,0,0,0,0,0,1,0,0,1,0,16
0.3170202970504761,0.0004867857787758112,0.01399061270058155,-0.0002299827610841021,0.33399468660354614,-0.00027379347011446953,0.11646069586277008,0.01277538575232029,0.00021118175936862826,-2.9504783469747053e-06,7.557753997389227e-05,-3.6452525026264837e-13,0.6726798415184021,-0.00044962737592868507,-0.014183100312948227,4.2538271372905e-05,0,0,0,0,0,1,0,0,1,0,6
0.3303297162055969,0.001149247749708593,0.013769361190497875,-2.5326269224024145e-06,0.3463899493217468,-6.88952422933653e-05,0.11196405440568924,0.012087319977581501,0.00019980779325123876,-2.7911833058169577e-06,7.149755401769653e-05,3.644487055892709e-13,0.6584954261779785,-0.00039635092252865434,-0.014185204170644283,5.7768735132412985e-05,0,0,0,0,0,1,0,0,1,0,12
0.3433166444301605,0.002051223535090685,0.013251865282654762,0.00016776283155195415,0.3592568635940552,0.0014105408918112516,0.14147073030471802,0.014295553788542747,0.003377904649823904,3.620145662353025e-06,1.611021980352234e-05,1.7479858797742054e-05,0.6443088054656982,-0.00033670043922029436,-0.01418730802834034,6.118990131653845e-05,0,0,0,0,0,1,0,0,1,0,14
0.3559711277484894,0.003010573098435998,0.012411089614033699,0.0017083806451410055,0.37345609068870544,0.00476528936997056,0.14572736620903015,0.014120429754257202,0.0033360417000949383,3.620145662353025e-06,1.611021980352234e-05,1.7479858797742054e-05,0.6301205158233643,-0.0002736297028604895,-0.01418871060013771,6.460928125306964e-05,0,0,0,0,0,0,0,0,1,0,13
0.3680143654346466,0.005369642749428749,0.011754386126995087,0.002543920651078224,0.38703668117523193,0.00795010570436716,0.12847751379013062,0.012907409109175205,0.002994309877976775,-1.9653696654131636e-05,4.709644053946249e-05,2.5936044039553963e-05,0.6159436106681824,8.646953210700303e-05,-0.014159959740936756,0.0006017054547555745,0,0,0,0,0,0,0,0,1,0,12
0.37996354699134827,0.00794139876961708,0.012175826355814934,0.0025966805405914783,0.3996424674987793,0.010866357013583183,0.11383721232414246,0.012260674498975277,0.0028264787979424,-3.967566954088397e-05,7.27659571566619e-05,-1.1663105377313077e-11,0.6018218994140625,0.0009827298345044255,-0.014082824811339378,0.0011368249543011189,0,0,0,0,0,0,0,0,1,0,6
0.3923821747303009,0.010539175011217594,0.012602174654603004,0.0025922530330717564,0.41156110167503357,0.013614020310342312,0.1145234927535057,0.011627144180238247,0.0026804665103554726,-3.7444791814778e-05,6.877638224978e-05,-5.83040083226849e-12,0.5877962112426758,0.002385111292824149,-0.013979743234813213,0.001590952044352889,0,0,0,0,0,1,0,0,1,0,16
0.4051673114299774,0.013131625019013882,0.01291036605834961,0.002614077180624008,0.4228416383266449,0.016214581206440926,0.11012725532054901,0.010995810851454735,0.002534920582547784,-3.541341357049532e-05,6.504531484097242e-05,0.0,0.5738805532455444,0.004195904824882746,-0.013859131373465061,0.0019901462364941835,0,0,0,0,0,1,0,0,1,0,5
0.4181945323944092,0.015787381678819656,0.013112671673297882,0.002689053537324071,0.43349429965019226,0.01867039129137993,0.1092800721526146,0.010379002429544926,0.002392724622040987,-3.3426593290641904e-05,6.139602919574827e-05,5.828441895783243e-12,0.5601033568382263,0.006410484667867422,-0.013692939653992653,0.0024298089556396008,0,0,0,0,1,0,0,0,1,0,4
0.4306572377681732,0.018854152411222458,0.012128779664635658,0.002367674605920911,0.44354724884033203,0.020987944677472115,0.1111873909831047,0.009792422875761986,0.002257497515529394,-3.1536779715679586e-05,5.792494266643189e-05,-5.827597519131311e-12,0.5465643405914307,0.009175671264529228,-0.013403331860899925,0.003037648042663932,0,0,0,1,0,0,0,0,1,0,0
0.44165271520614624,0.02115136757493019,0.009950820356607437,0.001550733228214085,0.46857014298439026,0.022684164345264435,0.17151939868927002,0.06071575731039047,0.00043785403249785304,-8.617565981694497e-06,3.7156351027078927e-05,0.00194738176651299,0.5333499312400818,0.01254100538790226,-0.01305026188492775,0.003631063736975193,0,0,0,1,0,0,0,0,1,0,6
0.45024895668029785,0.02241780236363411,0.008052587509155273,0.0012385930167511106,0.5277112722396851,0.02275487780570984,0.24747194349765778,0.057878151535987854,-0.0002226488577434793,-8.617565981694497e-06,3.7156351027078927e-05,0.00194738176651299,0.5214532017707825,0.01604841649532318,-0.01038733683526516,0.003220918122678995,0,0,0,0,0,1,0,0,1,0,4
0.45757734775543213,0.02347787469625473,0.006899062544107437,0.000570550502743572,0.5841013193130493,0.022190965712070465,0.14028970897197723,0.05519307404756546,-0.0008360578794963658,-8.617565981694497e-06,3.7156351027078927e-05,0.00194738176651299,0.5137289762496948,0.0187989454716444,-0.005295697599649429,0.0023350475821644068,0,0,0,1,0,0,0,0,1,0,0
0.46417000889778137,0.02402307651937008,0.00613261666148901,0.0005071528139524162,0.633202850818634,0.021229775622487068,0.15006126463413239,0.04701753705739975,-0.0011180303990840912,-6.414145900635049e-06,6.142212077975273e-05,0.001764943590387702,0.5114009380340576,0.021198298782110214,-0.0002692727430257946,0.002926645101979375,0,0,0,1,0,0,0,0,1,0,8
0.4706392288208008,0.024519268423318863,0.007087342906743288,0.0004595831851474941,0.6772204637527466,0.019991591572761536,0.11928742378950119,0.04063040390610695,-0.0012633072910830379,-2.1196099169173976e-06,9.389698971062899e-05,0.0014602573355659842,0.5140510201454163,0.023631103336811066,0.004620762541890144,0.0017825353424996138,0,0,0,0,0,0,0,1,1,0,1
0.4786783456802368,0.02482479065656662,0.008610633201897144,0.0001464449887862429,0.7142463326454163,0.018762381747364998,0.10877947509288788,0.034510936588048935,-0.001188282622024417,8.224716111726593e-06,0.00015790054749231786,0.0006823543808422983,0.5198934674263,0.024701591581106186,0.00662102410569787,0.0005994687089696527,1,0,0,0,0,0,0,0,1,0,9
0.4879496693611145,0.02473200298845768,0.009462803602218628,-0.00022297589748632163,0.7465413808822632,0.017633337527513504,0.10909353196620941,0.03073257952928543,-0.0010780906304717064,1.5059560610097833e-05,0.00018177797028329223,0.0,0.5273052453994751,0.025176670402288437,0.008032252080738544,0.000345678417943418,1,0,0,0,0,0,0,0,1,0,8
0.4977665841579437,0.024498680606484413,0.0101896021515131,-0.00026073044864460826,0.7756693959236145,0.016611531376838684,0.1093396320939064,0.02788938395678997,-0.00097835180349648,1.3666578524862416e-05,0.0001649639307288453,1.1753121913204989e-11,0.5360196232795715,0.025306127965450287,0.009238018654286861,-5.946205055806786e-05,0,0,0,0,0,0,0,1,1,0,18
0.5085098147392273,0.024223430082201958,0.011076006107032299,-0.0003088566299993545,0.8022029399871826,0.015680743381381035,0.10950919985771179,0.02548147365450859,-0.0008938830578699708,1.2486802006606013e-05,0.00015072326641529799,0.0,0.545353889465332,0.02508457563817501,0.009428753517568111,-0.00026582530699670315,0,0,0,0,0,0,0,1,1,0,15
0.5201151967048645,0.023925717920064926,0.011908767744898796,-0.00032433471642434597,0.8265218734741211,0.014827638864517212,0.10963042825460434,0.02341293729841709,-0.0008213194087147713,1.147325565398205e-05,0.00013848915114067495,-5.859997383172999e-12,0.5553066730499268,0.024786517024040222,0.010357183404266834,-0.0003271125606261194,0,0,0,0,0,0,0,1,0,0,10
0.5323939919471741,0.02359222061932087,0.012508965097367764,-0.0003653855237644166,0.8489255309104919,0.014041726477444172,0.10971853882074356,0.021613992750644684,-0.0007582129910588264,1.0591775208013132e-05,0.0001278490963159129,-2.927086307710769e-12,0.566174328327179,0.024424823001027107,0.01126553863286972,-0.00038381991907954216,0,0,0,0,0,0,0,1,0,0,2
0.5451871156692505,0.023222530260682106,0.012988297268748283,-0.00038485144614242017,0.869653582572937,0.013314592652022839,0.10978356748819351,0.02003268338739872,-0.0007027409155853093,9.816920282901265e-06,0.00011849618022097275,2.9247223132938815e-12,0.5779032111167908,0.02402486465871334,0.01196130458265543,-0.0004158797673881054,0,1,0,0,0,0,0,0,0,0,3
0.5583851337432861,0.02283512055873871,0.013343613594770432,-0.0004054168239235878,0.8889012336730957,0.01263938844203949,0.10983221977949142,0.01862950809299946,-0.000653517956379801,9.129343197855633e-06,0.00011019672820111737,1.461388518878004e-12,0.5902313590049744,0.023593947291374207,0.012497288174927235,-0.00044733830145560205,0,0,1,0,0,0,0,0,0,0,5
0.5718851685523987,0.022427940741181374,0.013610072433948517,-0.0004235547094140202,0.9068290591239929,0.012010483071208,0.1098690778017044,0.017373936250805855,-0.0006094728014431894,8.514082765032072e-06,0.00010277016554027796,-5.8423153467823674e-12,0.6030539870262146,0.02314027212560177,0.012954287230968475,-0.0004636663943529129,0,0,0,0,1,0,0,0,0,0,2
0.5856133699417114,0.022013109177350998,0.013811016455292702,-0.0004274588427506387,0.9235710501670837,0.01142317708581686,0.10989732295274734,0.016242004930973053,-0.0005697648739442229,7.959404683788307e-06,9.60748438956216e-05,-5.839591397244215e-12,0.6162264347076416,0.022672375664114952,0.013260015286505222,-0.0004780380695592612,0,1,0,0,0,0,0,0,0,0,16
0.5995094776153564,0.021586861461400986,0.013958379626274109,-0.0004377599689178169,0.9392399787902832,0.010873513296246529,0.10991919040679932,0.015214594081044197,-0.0005337236798368394,7.455933427991113e-06,8.999765123007819e-05,-2.918639939106238e-12,0.6296682357788086,0.022192958742380142,0.01352258026599884,-0.00048551891813986003,0,1,0,0,0,0,0,0,0,0,6
0.6135299205780029,0.021154675632715225,0.014066571369767189,-0.0004395983705762774,0.9539317488670349,0.010358131490647793,0.10993626713752747,0.014276313595473766,-0.0005008088774047792,6.996137017267756e-06,8.444765990134329e-05,5.835301859768993e-12,0.6433170437812805,0.021706992760300636,0.013689368031919003,-0.0004933061427436769,0,0,0,0,0,1,0,0,0,0,4
0.6276421546936035,0.020717689767479897,0.014147648587822914,-0.000445966434199363,0.967728316783905,0.009874153882265091,0.10994971543550491,0.013414619490504265,-0.00047058070776984096,6.573869541171007e-06,7.935066241770983e-05,0.0,0.6571058034896851,0.02121417224407196,0.013815253973007202,-0.0004998722579330206,0,0,0,1,0,0,0,0,0,0,10
0.641822338104248,0.020275941118597984,0.014206018298864365,-0.00044532716856338084,0.9807003736495972,0.009419098496437073,0.10996037721633911,0.012619171291589737,-0.00044267665361985564,6.184064204717288e-06,7.464546797564253e-05,-1.4580295521274267e-12,0.6710187792778015,0.020719489082694054,0.013927378691732883,-0.0005005078855901957,0,0,0,1,0,0,0,0,0,0,18
0.6560516953468323,0.019833294674754143,0.014249781146645546,-0.00045021704863756895,0.99290931224823,0.008990812115371227,0.1099688857793808,0.011881379410624504,-0.0004167951992712915,5.822512775921496e-06,7.028131221886724e-05,-7.288535009905561e-13,0.6850051283836365,0.020220890641212463,0.013993482105433941,-0.0005047921440564096,0,0,0,1,0,0,0,0,0,0,13
0.6703183054924011,0.019386719912290573,0.014281398616731167,-0.000454115477623418,1.0044084787368774,0.008587413467466831,0.10997571796178818,0.011194045655429363,-0.00039268366526812315,5.485683686856646e-06,6.621559441555291e-05,1.4574239167938763e-12,0.6990554332733154,0.01972069777548313,0.01405835710465908,-0.0005042859702371061,0,0,0,1,0,0,0,0,1,0,4
