lt_dp_posx,lt_dp_posy,lt_dp_velx,lt_dp_vely,ball_posx,ball_posy,ball_posz,ball_vel_x,ball_vel_y,ball_rot_x,ball_rot_y,ball_rot_z,rt_gk_posx,rt_gk_posy,rt_gk_velx,rt_gk_vely,action_left,action_top_left,action_top,action_top_right,action_right,action_bottom_right,action_bottom,action_bottom_left,action_sprint,action_dribble,sel_action
-1.0110293626785278,-0.0,0.0,-0.0,0.019999999552965164,-0.0,0.11061639338731766,-0.0,0.0,0.0,-0.0,0.0,1.0110293626785278,0.0,-0.0,0.0,0,0,0,0,0,0,0,0,0,0,5
0.0,-0.0,0.0,-0.0,0.019999999552965164,-0.0,0.11059734225273132,-0.0,0.0,0.0,-0.0,0.0,1.0110293626785278,0.0,-0.0,0.0,0,0,0,0,1,0,0,0,0,0,5
0.0,-0.0,0.0,-0.0,0.019999999552965164,-0.0,0.10930104553699493,-0.0,0.0,0.0,-0.0,0.0,1.0100501775741577,-7.528704049075685e-11,-0.003236181568354368,-2.3501611767784425e-10,0,0,0,0,1,0,0,0,0,0,5
0.0011742409551516175,1.3643361440607293e-10,0.0034112136345356703,2.3963026007933763e-10,0.019999999552965164,-0.0,0.11075475811958313,-0.0,0.0,0.0,-0.0,0.0,1.0059254169464111,-3.033686080122777e-10,-0.00484480569139123,-2.0306796522095993e-10,0,0,0,0,1,0,0,0,0,0,5
0.004423037171363831,-4.948248477631978e-10,0.00509687140583992,-2.6709676137492977e-10,0.019999999552965164,-0.0,0.11053141206502914,-0.0,0.0,0.0,-0.0,0.0,1.0002306699752808,-4.257901808912834e-10,-0.0063720871694386005,-4.051920951542165e-11,0,0,0,0,1,0,0,0,0,0,13
0.009172579273581505,-1.6876557928924285e-09,0.006656940560787916,-3.3095143292527496e-10,0.023520536720752716,-2.0332635575215363e-10,0.12429210543632507,0.008649522438645363,-4.998005898038116e-10,6.688117941411331e-13,2.615536232042359e-06,-1.8590905724591433e-12,0.9930757880210876,1.3209593141549902e-10,-0.0077724456787109375,5.427671090352248e-10,0,0,0,0,1,0,0,0,1,0,18
0.016618236899375916,-1.8831725068224614e-09,0.008066108450293541,-1.1342336098119077e-10,0.031749386340379715,-6.79450051777053e-10,0.11630966514348984,0.007851784117519855,-4.5484810362594885e-10,6.129359172990512e-12,4.470821295399219e-05,-3.447311609349607e-13,0.9846126437187195,5.112136824969582e-10,-0.00900100264698267,2.2883216155289432e-10,0,0,0,0,1,0,0,0,1,0,18
0.025379417464137077,-2.0645987142131617e-09,0.009301392361521721,-1.8728241180099303e-10,0.039383139461278915,-1.121674975124165e-09,0.11498706787824631,0.00744605204090476,-4.3135151006623573e-10,6.025917612118015e-12,4.404568244353868e-05,0.0,0.975313127040863,6.834907084751762e-10,-0.009335489943623543,2.0197346572992103e-10,0,0,0,0,1,0,0,0,1,0,0
0.03412363678216934,-2.8353506209555235e-09,0.009388971142470837,-2.12893841444739e-10,0.04660032317042351,-1.5397682018303271e-09,0.10737152397632599,0.00702687818557024,-4.070686565604831e-10,5.6867379728819945e-12,4.156647628406063e-05,3.4715431310234e-19,0.9654421806335449,8.431846332257464e-10,-0.010284255258738995,1.1445942804666487e-10,0,0,0,0,1,0,0,0,1,0,16
0.042008865624666214,-3.983873675394989e-09,0.009879683144390583,-1.2068625265815314e-10,0.05416471138596535,2.9177326723583974e-06,0.11805233359336853,0.014280710369348526,2.9196276955190115e-05,3.387498566098657e-07,2.003337840505992e-06,2.867589614652388e-07,0.9547167420387268,9.207349882522919e-10,-0.011003718711435795,2.9745733653996353e-10,0,0,0,0,1,0,0,0,1,0,5
0.05237536504864693,7.688269931804825e-08,0.010675586760044098,8.094976351458172e-07,0.06805659830570221,3.095665670116432e-05,0.14387618005275726,0.01379991415888071,2.7823793061543256e-05,2.8575780675055285e-07,7.840221769583877e-06,3.5737687653636385e-07,0.9437978863716125,1.13227827114315e-09,-0.011102592572569847,1.434318913640098e-10,0,0,0,0,1,0,0,0,1,0,13
0.06313706934452057,5.079635229776613e-06,0.011016691103577614,8.291486665257253e-06,0.0814104676246643,5.742551002185792e-05,0.12316343933343887,0.012638636864721775,2.4204791770898737e-05,-2.3648130564879466e-08,4.12239387515001e-05,4.4138579369246145e-07,0.9323297739028931,1.2053487097318794e-09,-0.011747725307941437,1.3949925416201214e-11,0,0,0,0,1,0,0,0,1,0,13
0.07457250356674194,1.738470200507436e-05,0.011754298582673073,1.5806916053406894e-05,0.09365619719028473,8.05978779681027e-05,0.11358217895030975,0.01188874151557684,2.226913784397766e-05,-3.127756542653515e-07,7.048865518299863e-05,-9.110760919566613e-14,0.9202682971954346,1.7202258106863155e-07,-0.012311514467000961,5.417909960669931e-07,0,0,0,0,1,0,0,0,1,0,16
0.08668146282434464,3.561761695891619e-05,0.012389264069497585,1.9671044356073253e-05,0.10521385818719864,0.00010224744619335979,0.11358413845300674,0.011278974823653698,2.1127556465216912e-05,-2.9514919219764124e-07,6.671863957308233e-05,-4.5545564661322174e-14,0.9076964855194092,1.5559855910396436e-06,-0.012767314910888672,2.119488954122062e-06,0,0,0,0,1,0,0,0,1,0,18
0.09936050325632095,5.816458724439144e-05,0.012895464897155762,2.5240902687073685e-05,0.11614811420440674,0.00012272928142920136,0.11179269850254059,0.01065406110137701,1.995698403334245e-05,-2.787943458315567e-07,6.302160181803629e-05,4.553792103600615e-14,0.89472895860672,4.485686986299697e-06,-0.01311722956597805,3.3507978969282703e-06,0,0,0,0,1,0,0,0,1,0,13
0.11247087270021439,-0.00041434523882344365,0.013238980434834957,2.622903775773011e-05,0.1264699399471283,0.0001420639455318451,0.11068520694971085,0.01005322951823473,1.8831509805750102e-05,-2.630731330555136e-07,5.946783130639233e-05,0.0,0.8814587593078613,8.166754923877306e-06,-0.013384398072957993,3.976439529651543e-06,0,0,0,0,1,0,0,0,1,0,16
0.1257098913192749,-0.0022550278808921576,0.013238980434834957,1.4307681340142153e-05,0.13684585690498352,0.00013201583351474255,0.1198345199227333,0.01587028056383133,-0.0002651129907462746,-2.4891824068618007e-07,6.191914962982992e-06,-4.6714416157556116e-07,0.8679583072662354,1.2489727851061616e-05,-0.01358705386519432,4.600563443091232e-06,0,0,0,0,1,0,0,0,1,0,0
0.1389489471912384,-0.002247278578579426,0.013239067979156971,2.38311622524634e-06,0.15236306190490723,-0.00012679878273047507,0.1582464873790741,0.015420282259583473,-0.00025716962409205735,-6.146939313111943e-08,1.0350108823331539e-05,-7.976347546900797e-07,0.8542835116386414,7.691654900554568e-06,-0.01373992208391428,-1.6033975043683313e-05,0,0,0,0,1,0,0,0,1,0,5
0.15232938528060913,-0.002216444816440344,0.013510970398783684,7.768388604745269e-05,0.16755136847496033,-0.00037988435360603034,0.11589517444372177,0.014445047825574875,-0.0002394281909801066,1.0324060895072762e-06,3.449143696343526e-05,-1.885315214167349e-06,0.8404778838157654,-2.2055768567952327e-05,-0.013854924589395523,-4.064437962369993e-05,0,0,0,0,1,0,0,0,1,0,13
0.1659706085920334,-0.0020569039043039083,0.01373694185167551,0.00022587379498872906,0.18146999180316925,-0.0006099758320488036,0.11778106540441513,0.013579334132373333,-0.0002241299080196768,1.8982068468176294e-06,5.3479081543628126e-05,-1.7049742382369004e-06,0.8265741467475891,-7.263046427397057e-05,-0.013940474949777126,-5.355266330298036e-05,0,0,0,0,1,0,0,0,1,0,13
0.17980355024337769,-0.0017791722202673554,0.013905588537454605,0.0002775091852527112,0.19453935325145721,-0.0008253310224972665,0.11214391142129898,0.012757563032209873,-0.00021016578830312937,2.9361640372371767e-06,7.54694701754488e-05,3.6452316317346634e-13,0.81259685754776,-0.00012703081301879138,-0.01400498766452074,-5.508483445737511e-05,0,0,0,0,1,0,0,0,1,0,16
0.1937834471464157,-0.001537169562652707,0.014034789986908436,0.00021277468476910144,0.20690573751926422,-0.001029052073135972,0.11327104270458221,0.012051389552652836,-0.00019853243429679424,2.7734220111597097e-06,7.128642755560577e-05,1.0933346242247843e-12,0.7985646724700928,-0.00018290097068529576,-0.014052671380341053,-5.624698314932175e-05,0,0,0,0,1,0,0,0,1,0,0
0.20786821842193604,-0.0013586104614660144,0.014121705666184425,0.00015105921193026006,0.21858693659305573,-0.0012214856687933207,0.11138109117746353,0.01137973740696907,-0.00018746769637800753,2.618829512357479e-06,6.731288885930553e-05,0.0,0.7844913601875305,-0.0002382168750045821,-0.014089135453104973,-5.454653728520498e-05,0,0,0,0,1,0,0,0,1,0,0
0.22194457054138184,-0.0012456096010282636,0.014121751300990582,8.811261795926839e-05,0.22961072623729706,-0.0014030899619683623,0.11085901409387589,0.010735280811786652,-0.00017685111379250884,2.4705423129489645e-06,6.350137846311554e-05,3.643111474386368e-13,0.7703875303268433,-0.00029180734418332577,-0.014115081168711185,-5.2802646678173915e-05,0,0,0,0,1,0,0,0,1,0,16
0.23579278588294983,-0.0011934851063415408,0.013533059507608414,2.4125265554175712e-05,0.2449992597103119,-0.0014012655010446906,0.161333829164505,0.015794480219483376,2.1280480723362416e-05,8.988188255898422e-07,1.2283054275030736e-05,-9.630628028389765e-07,0.7562606334686279,-0.00034418125869706273,-0.014135416597127914,-5.239313395577483e-05,0,0,0,0,1,0,0,0,1,0,0
0.24912723898887634,-1.075887030310696e-05,0.013312531635165215,4.269574674253818e-06,0.26067569851875305,-0.0013801322784274817,0.12239401042461395,0.015528500080108643,2.0805497115361504e-05,8.826118005345052e-07,1.3367784958973061e-05,-9.209607014781795e-07,0.7421167492866516,-0.0003966634685639292,-0.014150142669677734,-5.255288488115184e-05,0,0,0,0,1,0,0,0,1,0,0
0.26243966817855835,0.001015616930089891,0.013312522321939468,1.8982938172484864e-06,0.2760188579559326,-0.001238650525920093,0.16264553368091583,0.01583399437367916,0.0002647642104420811,4.0488470176569535e-07,-7.756288482596574e-07,1.802521580884786e-07,0.7279603481292725,-0.0004479474446270615,-0.014161362312734127,-4.594940764945932e-05,0,0,0,0,1,0,0,0,1,0,16
0.275770902633667,0.0010143669787794352,0.01340525969862938,-1.1444127267168369e-05,0.29174110293388367,-0.0009757623192854226,0.16223996877670288,0.01563159003853798,0.00026137568056583405,4.0488470176569535e-07,-7.756288482596574e-07,1.802521580884786e-07,0.7137945890426636,-0.00048159697325900197,-0.014169776812195778,-2.358073106734082e-05,0,0,0,0,1,0,0,0,1,0,0
0.28932297229766846,0.0009451803052797914,0.013660508207976818,-0.00012819989933632314,0.3068857192993164,-0.0007230129558593035,0.12772521376609802,0.014215427450835705,0.00023610646894667298,-8.709562280273531e-07,2.8506714443210512e-05,1.857621668932552e-06,0.6996217370033264,-0.0004928619018755853,-0.014175387099385262,-1.1848740086861653e-06,0,0,0,0,1,0,0,0,1,0,6
0.3030911684036255,0.0007425468065775931,0.013847561553120613,-0.000261670007603243,0.3208716809749603,-0.0004908863920718431,0.12039803713560104,0.013780022040009499,0.00022855729912407696,-1.1529965604495374e-06,3.49589427059982e-05,1.9427086499490542e-06,0.6854435205459595,-0.00048132779193110764,-0.014180295169353485,2.2013970010448247e-05,0,0,0,0,0,1,0,0,1,0,6
0.3170202970504761,0.0004867857787758112,0.01399061270058155,-0.0002299827610841021,0.33399468660354614,-0.00027379347011446953,0.11646069586277008,0.01277538575232029,0.00021118175936862826,-2.9504783469747053e-06,7.557753997389227e-05,-3.6452525026264837e-13,0.6712614893913269,-0.00044650130439549685,-0.014183801598846912,4.531084778136574e-05,0,0,0,0,0,1,0,0,1,0,6
0.3303297162055969,0.001149247749708593,0.013769361190497875,-2.5326269224024145e-06,0.3463899493217468,-6.88952422933653e-05,0.11196405440568924,0.012087319977581501,0.00019980779325123876,-2.7911833058169577e-06,7.149755401769653e-05,3.644487055892709e-13,0.6570768356323242,-0.0003915291163139045,-0.014185905456542969,5.809670255985111e-05,0,0,0,0,0,1,0,0,1,0,12
0.3433166444301605,0.002051223535090685,0.013251865282654762,0.00016776283155195415,0.3592568635940552,0.0014105408918112516,0.14147073030471802,0.014295553788542747,0.003377904649823904,3.620145662353025e-06,1.611021980352234e-05,1.7479858797742054e-05,0.6428900361061096,-0.0003321848635096103,-0.014188009314239025,6.0364629462128505e-05,0,0,0,0,0,1,0,0,1,0,7
0.3559711277484894,0.003010573098435998,0.012411089614033699,0.0017083806451410055,0.37345609068870544,0.00476528936997056,0.14572736620903015,0.014120429754257202,0.0033360417000949383,3.620145662353025e-06,1.611021980352234e-05,1.7479858797742054e-05,0.6287017464637756,-0.0002653473347891122,-0.014188009314239025,0.00011489512689877301,0,0,0,0,0,0,1,0,1,0,16
0.3680143654346466,0.005369642749428749,0.011754386126995087,0.002543920651078224,0.38703668117523193,0.00795010570436716,0.12847751379013062,0.012907409109175205,0.002994309877976775,-1.9653696654131636e-05,4.709644053946249e-05,2.5936044039553963e-05,0.6145274043083191,0.0001380988978780806,-0.014155752956867218,0.0006393616204150021,0,0,0,0,0,0,1,0,1,0,0
0.37996354699134827,0.00794139876961708,0.012175826355814934,0.0025966805405914783,0.3996424674987793,0.010866357013583183,0.11383721232414246,0.012260674498975277,0.0028264787979424,-3.967566954088397e-05,7.27659571566619e-05,-1.1663105377313077e-11,0.6004102230072021,0.0010650500189512968,-0.01407791581004858,0.0011618217686191201,0,0,0,0,0,0,1,0,1,0,12
0.3923821747303009,0.010539175011217594,0.012602174654603004,0.0025922530330717564,0.41156110167503357,0.013614020310342312,0.1145234927535057,0.011627144180238247,0.0026804665103554726,-3.7444791814778e-05,6.877638224978e-05,-5.83040083226849e-12,0.5863877534866333,0.0024797855876386166,-0.013977289199829102,0.0015987769002094865,0,0,0,0,0,0,1,0,1,0,6
0.4051673114299774,0.013131625019013882,0.01291036605834961,0.002614077180624008,0.4228416383266449,0.016214581206440926,0.11012725532054901,0.010995810851454735,0.002534920582547784,-3.541341357049532e-05,6.504531484097242e-05,0.0,0.572475016117096,0.004298052284866571,-0.013855976052582264,0.001997326035052538,0,0,0,0,0,1,0,0,1,0,14
0.4181945323944092,0.015787381678819656,0.013112671673297882,0.002689053537324071,0.43349429965019226,0.01867039129137993,0.1092800721526146,0.010379002429544926,0.002392724622040987,-3.3426593290641904e-05,6.139602919574827e-05,5.828441895783243e-12,0.5587035417556763,0.006525649689137936,-0.01368066854774952,0.002456146292388439,0,0,0,0,0,0,0,0,1,0,4
0.4306572377681732,0.018854152411222458,0.012128779664635658,0.002367674605920911,0.44354724884033203,0.020987944677472115,0.1111873909831047,0.009792422875761986,0.002257497515529394,-3.1536779715679586e-05,5.792494266643189e-05,-5.827597519131311e-12,0.5451755523681641,0.009312384761869907,-0.013393513858318329,0.0030553084798157215,0,0,0,1,0,0,0,0,1,0,1
0.44165271520614624,0.02115136757493019,0.009950820356607437,0.001550733228214085,0.46912750601768494,0.02301875129342079,0.17730404436588287,0.06263190507888794,0.001566207967698574,-1.421717297489522e-05,4.596899088937789e-05,0.0014088035095483065,0.5319695472717285,0.012690747156739235,-0.013043600134551525,0.0036403608974069357,1,0,0,0,0,0,0,0,1,0,15
0.45024895668029785,0.02241780236363411,0.008052587509155273,0.0012385930167511106,0.5301024913787842,0.02428295463323593,0.25655674934387207,0.05964432284235954,0.0010213118512183428,-1.421717297489522e-05,4.596899088937789e-05,0.0014088035095483065,0.5203490853309631,0.016103096306324005,-0.009987985715270042,0.0031158113852143288,1,0,0,0,0,0,0,0,0,0,2
0.45757734775543213,0.02347787469625473,0.006899062544107437,0.000570550502743572,0.5881741046905518,0.025017958134412766,0.1294461041688919,0.056804459542036057,0.0005051310872659087,-1.421717297489522e-05,4.596899088937789e-05,0.0014088035095483065,0.5131428241729736,0.018780026584863663,-0.004692638758569956,0.0023503052070736885,0,1,0,0,0,0,0,0,0,0,0
0.46417000889778137,0.02402307651937008,0.00613261666148901,0.0005071528139524162,0.638325572013855,0.025346165522933006,0.1443312019109726,0.04861678183078766,0.00016776153643149883,-1.334868011326762e-05,6.862939335405827e-05,0.0012907057534903288,0.5113291144371033,0.02144714631140232,0.0003951437247451395,0.003005742561072111,0,1,0,0,0,0,0,0,0,0,2
0.4706375002861023,0.02452946826815605,0.007082083728164434,0.000492864812258631,0.6830299496650696,0.025385495275259018,0.11655351519584656,0.041295405477285385,-3.55433439835906e-05,-1.0749246030172799e-05,0.00010404371278127655,0.0010504813399165869,0.5144892930984497,0.023750314489006996,0.0049591064453125,0.0016065733507275581,0,1,0,0,0,0,0,0,0,0,2
0.4785318970680237,0.024926871061325073,0.008528723381459713,0.00029348870157264173,0.7205870747566223,0.025318019092082977,0.10899381339550018,0.03506980836391449,-8.320786582771689e-05,-3.92156334783067e-06,0.00016942908405326307,0.0004506445548031479,0.5205360054969788,0.02475898712873459,0.006784060504287481,0.0006569059332832694,0,1,0,0,0,0,0,0,0,0,2
0.4877726435661316,0.025053009390830994,0.009448911994695663,3.5925502743339166e-05,0.7534552216529846,0.025234470143914223,0.10905052721500397,0.0312940739095211,-7.989520963747054e-05,1.1160311714775162e-06,0.00018509846995584667,1.1045921122221358e-12,0.5280964970588684,0.02532927133142948,0.008170745335519314,0.00047444156371057034,0,1,0,0,0,0,0,0,0,0,3
0.4975777864456177,0.025084441527724266,0.01018401701003313,2.484374272171408e-05,0.7830948829650879,0.025158798322081566,0.10930581390857697,0.028363661840558052,-7.241372804855928e-05,1.0115438726643333e-06,0.0001677688560448587,0.0,0.5369367599487305,0.0256453026086092,0.009313050657510757,0.0001741653395583853,0,0,1,0,0,0,0,0,0,0,12
0.50831538438797,0.025105604901909828,0.011076082475483418,1.0294538697053213e-05,0.8100643157958984,0.025089945644140244,0.1094852164387703,0.025888217613101006,-6.609379488509148e-05,9.232735465047881e-07,0.000153128887177445,-1.100397984538093e-12,0.5462989211082458,0.02571307308971882,0.009537444449961185,4.554479164653458e-05,0,0,1,0,0,0,0,0,0,0,8
0.5199214220046997,0.025124356150627136,0.011909976601600647,1.1753647413570434e-05,0.8347597718238831,0.025026898831129074,0.10961315035820007,0.023766320198774338,-6.0676491557387635e-05,8.476071116092498e-07,0.00014057928638067096,0.0,0.5563536882400513,0.025744879618287086,0.010453603230416775,1.7995469534071162e-05,0,0,0,0,0,0,0,1,0,0,11
0.5322151780128479,0.025139715522527695,0.01252705231308937,4.085127329744864e-06,0.8574924468994141,0.024968858808279037,0.10970589518547058,0.021924464032053947,-5.597419658442959e-05,7.819251095497748e-07,0.00012968553346581757,1.829732383402255e-13,0.5671870708465576,0.025745773687958717,0.010928686708211899,-8.013830665731803e-06,0,0,0,0,0,0,0,1,0,0,9
0.5450204610824585,0.025146983563899994,0.012994120828807354,1.0287889153914875e-06,0.8785111904144287,0.024915194138884544,0.10977417230606079,0.020308123901486397,-5.184761175769381e-05,7.24283609088161e-07,0.00012012541992589831,3.656401082515609e-13,0.5782797336578369,0.025733549147844315,0.011338092386722565,-1.679329216131009e-05,0,0,0,0,0,0,0,1,0,0,4
0.558220624923706,0.025150040164589882,0.013349715620279312,-5.156116912985453e-06,0.8980178236961365,0.024865394458174706,0.10982514917850494,0.0188759732991457,-4.819125751964748e-05,6.732094561812119e-07,0.00011165454634465277,1.8269427312124498e-13,0.590067446231842,0.025713147595524788,0.01195615716278553,-2.5655368517618626e-05,0,0,0,1,0,0,0,0,0,0,9
0.5717251300811768,0.025146503001451492,0.013618532568216324,-1.1018379154847935e-05,0.9161784648895264,0.024819031357765198,0.10986369848251343,0.017596160992980003,-4.49238286819309e-05,6.275669193200883e-07,0.00010408458911115304,9.129487801590869e-14,0.6024829149246216,0.02568788453936577,0.012566277757287025,-2.7981137463939376e-05,0,0,0,1,0,0,0,0,0,0,12
0.585457980632782,0.025142645463347435,0.013819187879562378,-9.744985618453939e-06,0.933131217956543,0.024775750935077667,0.10989318042993546,0.016443712636828423,-4.198158785584383e-05,5.864665126864566e-07,9.726788994157687e-05,-1.8250197631342752e-13,0.615349292755127,0.02565968781709671,0.012969199568033218,-3.165292218909599e-05,0,0,0,1,0,0,0,0,0,0,12
0.5993617177009583,0.025135086849331856,0.013969467021524906,-1.2831306776206475e-05,0.9489920735359192,0.024735255166888237,0.10991597175598145,0.015398787334561348,-3.931383980670944e-05,5.492002514984051e-07,9.108715312322602e-05,1.82427600044395e-13,0.6285767555236816,0.02562873624265194,0.013325502164661884,-3.275355993537232e-05,0,0,0,1,0,0,0,0,0,0,14
0.6133919358253479,0.025126798078417778,0.014078475534915924,-1.1596731383178849e-05,0.9638595581054688,0.02469729818403721,0.10993374139070511,0.014445445500314236,-3.687992284540087e-05,5.1520049737519e-07,8.544810407329351e-05,-2.73546051261786e-13,0.6420748233795166,0.02559681050479412,0.013546870090067387,-3.441845183260739e-05,0,0,0,0,0,0,0,0,0,0,13
0.6275157928466797,0.025117021054029465,0.01416153647005558,-1.4170154827297665e-05,0.9778178930282593,0.02466166391968727,0.10994771867990494,0.013570696115493774,-3.464665496721864e-05,4.840034648623259e-07,8.02739305072464e-05,9.115465679368842e-14,0.6557590365409851,0.025563331320881844,0.013750371523201466,-3.435021062614396e-05,0,0,0,0,0,0,0,0,1,0,11
0.6417087912559509,0.025105664506554604,0.01421888917684555,-1.2987464288016781e-05,0.9909396171569824,0.024628160521388054,0.10995879024267197,0.0127638541162014,-3.258673314121552e-05,4.5522750724558136e-07,7.550133886979893e-05,-1.8226189329485776e-13,0.6696047782897949,0.025529852136969566,0.013864430598914623,-3.555196963134222e-05,0,0,0,0,0,0,0,0,1,0,6
0.6559517979621887,0.025094574317336082,0.014263869263231754,-1.5076812815095764e-05,1.003287672996521,0.02459663152694702,0.10996761918067932,0.012016057968139648,-3.067756551899947e-05,4.285573709239543e-07,7.107802230166271e-05,-9.111026549098872e-14,0.6835465431213379,0.025495462119579315,0.013951179571449757,-3.6757879570359364e-05,0,0,0,0,0,1,0,0,1,0,18
0.670232892036438,0.02508150413632393,0.014297408983111382,-1.6815287381177768e-05,1.014917016029358,0.02456694468855858,0.1099746972322464,0.01131988875567913,-2.890021823986899e-05,4.0372864873461367e-07,6.696007767459378e-05,1.3663823219579874e-13,0.6975739598274231,0.02546093612909317,0.014036193490028381,-3.620288771344349e-05,0,0,0,0,0,1,0,0,1,0,1
