lt_dp_posx,lt_dp_posy,lt_dp_velx,lt_dp_vely,ball_posx,ball_posy,ball_posz,ball_vel_x,ball_vel_y,ball_rot_x,ball_rot_y,ball_rot_z,rt_gk_posx,rt_gk_posy,rt_gk_velx,rt_gk_vely,action_left,action_top_left,action_top,action_top_right,action_right,action_bottom_right,action_bottom,action_bottom_left,action_sprint,action_dribble,sel_action
-1.0110293626785278,-0.0,0.0,-0.0,0.019999999552965164,-0.0,0.11061639338731766,-0.0,0.0,0.0,-0.0,0.0,1.0110293626785278,0.0,-0.0,0.0,0,0,0,0,0,0,0,0,0,0,5
0.0,-0.0,0.0,-0.0,0.019999999552965164,-0.0,0.11059734225273132,-0.0,0.0,0.0,-0.0,0.0,1.0110293626785278,0.0,-0.0,0.0,0,0,0,0,1,0,0,0,0,0,5
0.0018565163481980562,1.0645127834774115e-10,0.00376110733486712,2.5890145929907682e-11,0.019999999552965164,-0.0,0.10930104553699493,-0.0,0.0,0.0,-0.0,0.0,1.0100501775741577,-7.528429962766481e-11,-0.003236181568354368,-2.3500312806845614e-10,0,0,0,0,1,0,0,0,0,0,5
0.005117420107126236,-1.23186993938873e-09,0.005418794695287943,-3.821565286443729e-10,0.019999999552965164,-0.0,0.11075475811958313,-0.0,0.0,0.0,-0.0,0.0,1.0059254169464111,-3.033293616283572e-10,-0.00484480569139123,-2.030069862213324e-10,0,0,0,0,1,0,0,0,0,0,13
0.010548306629061699,-2.2963746459936374e-09,0.006952005438506603,-2.7291299775633604e-10,0.02522820234298706,-3.509962598347016e-10,0.12527400255203247,0.00850360281765461,-5.71340086352734e-10,1.4286799824778096e-12,6.630818916164571e-06,-2.5661989894176784e-12,1.0002306699752808,-4.256463237428676e-10,-0.0063720871694386005,-4.037514766963568e-11,0,0,0,0,1,0,0,0,1,0,0
0.018270881846547127,-2.433319101768916e-09,0.008328302763402462,-1.432253621258539e-10,0.03330766409635544,-8.946386409469653e-10,0.11863908171653748,0.007772594690322876,-5.234523370312161e-10,7.312615790677768e-12,4.5977663830854e-05,6.944023044090517e-19,0.9930757880210876,1.2590783970978237e-10,-0.0077724456787109375,5.289833571175961e-10,0,0,0,0,1,0,0,0,1,0,13
0.02727341093122959,-2.605279991740872e-09,0.009525523521006107,-1.604330696070022e-10,0.04086044430732727,-1.4032872641678296e-09,0.11335219442844391,0.0073664006777107716,-4.960967747713596e-10,6.930498709645239e-12,4.357512079877779e-05,2.777400147736384e-18,0.9846126437187195,4.796296693143631e-10,-0.00900100264698267,1.9327271727487272e-10,0,0,0,0,1,0,0,0,1,0,18
0.03562644124031067,-3.784601076972649e-09,0.009175658226013184,-1.806836069651041e-10,0.04799283668398857,-1.8836245896380888e-09,0.11261618137359619,0.006941673811525106,-4.67493210809522e-10,6.530752934968964e-12,4.1061739466385916e-05,0.0,0.975313127040863,9.487762797633081e-10,-0.009335489943623543,7.794178080722247e-10,0,0,0,0,1,0,0,0,1,0,0
0.044013068079948425,-4.914670004296795e-09,0.010067443363368511,-1.1342506101019723e-10,0.05697288364171982,8.607077688793652e-06,0.131169393658638,0.013979136943817139,2.8258777092560194e-05,2.9495265607693e-07,6.829412996012252e-06,3.463820519300498e-07,0.9654421806335449,1.5946998166427306e-09,-0.010284255258738995,5.012011916605275e-10,0,0,0,0,1,0,0,0,1,0,5
0.05451050400733948,4.808159701497061e-07,0.010675542056560516,2.429104142720462e-06,0.0708119198679924,3.651177030405961e-05,0.13715770840644836,0.013768683187663555,2.7762229365180247e-05,2.857582330761943e-07,7.840217222110368e-06,3.573763649455941e-07,0.9547167420387268,1.3450796032543622e-08,-0.011003718711435795,1.1583269099446625e-07,0,0,0,0,1,0,0,0,1,0,18
0.06536457687616348,6.929974915692583e-06,0.011177098378539085,9.55626273935195e-06,0.08391428738832474,6.220061186468229e-05,0.1268157809972763,0.012483330443501472,2.378188401053194e-05,-6.265454288723049e-08,4.535929474513978e-05,4.117671323911054e-07,0.9437978863716125,7.503867323066515e-07,-0.011102592572569847,1.2824392570109922e-06,0,0,0,0,1,0,0,0,1,0,5
0.07694283872842789,2.0744082576129586e-05,0.011883500963449478,1.7111353372456506e-05,0.09601514786481857,8.501601405441761e-05,0.11762622743844986,0.011764731258153915,2.20373894990189e-05,-3.0785605531491456e-07,6.959128222661093e-05,-4.5551805600077544e-14,0.9323297739028931,2.6335828806622885e-06,-0.011747725307941437,2.3820580281608272e-06,0,0,0,0,1,0,0,0,1,0,18
0.08917637914419174,3.968349483329803e-05,0.012501811608672142,2.0566829334711656e-05,0.10745122283697128,0.0001064377574948594,0.11083171516656876,0.011155528947710991,2.0896246496704407e-05,-2.919248345278902e-07,6.599001062568277e-05,-4.554401967322638e-14,0.9202682971954346,5.372583018470323e-06,-0.012311514467000961,2.9296209049789468e-06,0,0,0,0,1,0,0,0,1,0,5
0.10195267200469971,6.340148684103042e-05,0.012981190346181393,2.650336864462588e-05,0.11826086044311523,0.00012668607814703137,0.10950837284326553,0.0105331651866436,1.9730443455046043e-05,-2.756359265276842e-07,6.230789585970342e-05,0.0,0.9076964855194092,8.605292350694072e-06,-0.012767314910888672,3.4902036532002967e-06,0,0,0,0,1,0,0,0,1,0,13
0.11511886864900589,-0.0007768685463815928,0.013238980434834957,2.384471008554101e-05,0.12846311926841736,0.00014579668641090393,0.11070507764816284,0.009936442598700523,1.86126671906095e-05,-2.600127970708854e-07,5.877629155293107e-05,-9.105937575151768e-14,0.89472895860672,1.2369981959636789e-05,-0.01311722956597805,3.892936547345016e-06,0,0,0,0,1,0,0,0,1,0,16
0.1283579021692276,-0.002252524718642235,0.013239067979156971,1.19227115646936e-05,0.13997220993041992,7.985518459463492e-05,0.13554394245147705,0.015576662495732307,-0.0002598081191536039,-6.146942865825622e-08,1.0350085176469292e-05,-7.976352094374306e-07,0.8814587593078613,1.6263971701846458e-05,-0.013384398072957993,3.887269031110918e-06,0,0,0,0,1,0,0,0,1,0,16
0.1416003406047821,-0.0022468247916549444,0.013272990472614765,3.3491965041321237e-06,0.1554412990808487,-0.00017813575686886907,0.15394198894500732,0.015381364151835442,-0.000256519386311993,-6.146942865825622e-08,1.0350085176469292e-05,-7.976352094374306e-07,0.8679583072662354,2.0137324099778198e-05,-0.01358705386519432,3.860017386614345e-06,0,0,0,0,1,0,0,0,1,0,16
0.15503950417041779,-0.0021965578198432922,0.013562160544097424,0.00010685879533411935,0.17039868235588074,-0.00042702522478066385,0.12457466870546341,0.014176860451698303,-0.00023464171681553125,1.2887943512396305e-06,4.013697252958082e-05,-1.9326521396578755e-06,0.8542835116386414,1.4310576261777896e-05,-0.01373992208391428,-1.732683267618995e-05,0,0,0,0,1,0,0,0,1,0,16
0.16872382164001465,-0.0020074709318578243,0.013774107210338116,0.0002542430302128196,0.18415343761444092,-0.0006542344926856458,0.10569819808006287,0.013358838856220245,-0.00022027503291610628,2.1934383767074905e-06,5.9886446251766756e-05,-1.41730322411604e-06,0.8404779434204102,-1.705120303086005e-05,-0.013854223303496838,-4.251398422638886e-05,0,0,0,0,1,0,0,0,1,0,18
0.18258926272392273,-0.0017255109269171953,0.013934689573943615,0.0002651212562341243,0.197068452835083,-0.000866993679665029,0.11271215975284576,0.012607214972376823,-0.00020768858666997403,2.9011971491854638e-06,7.457084575435147e-05,3.6450595146397813e-13,0.8265742063522339,-6.928763468749821e-05,-0.013940474949777126,-5.4255666327662766e-05,0,0,0,0,1,0,0,0,1,0,18
0.19659383594989777,-0.001496477983891964,0.01405617780983448,0.00020037070498801768,0.20929615199565887,-0.0010684297885745764,0.11237724125385284,0.011918813921511173,-0.00019634801719803363,2.7429966849013e-06,7.050453132251278e-05,-3.6443076204331626e-13,0.8125969171524048,-0.0001227864995598793,-0.01400498766452074,-5.2866704209009185e-05,0,0,0,0,1,0,0,0,1,0,18
0.21068452298641205,-0.0013309101341292262,0.014121794141829014,0.00013846989895682782,0.22084346413612366,-0.0012586575467139482,0.11105409264564514,0.011250212788581848,-0.0001853335852501914,2.589101313787978e-06,6.654889148194343e-05,0.0,0.7985646724700928,-0.0001748833165038377,-0.014052671380341053,-5.1702216296689585e-05,0,0,0,0,1,0,0,0,1,0,5
0.22476065158843994,-0.0012305071577429771,0.014120909385383129,7.551981980213895e-05,0.232298344373703,-0.0014184098690748215,0.12036361545324326,0.016202356666326523,2.261606277897954e-05,9.567487495587557e-07,8.318947038787883e-06,-1.1234265002713073e-06,0.7844914197921753,-0.0002274198195664212,-0.014088434167206287,-5.321438948158175e-05,0,0,0,0,1,0,0,0,1,0,16
0.23847739398479462,-0.0011905014980584383,0.013385975733399391,1.1930732398468535e-05,0.24815212190151215,-0.0013970165746286511,0.16152344644069672,0.015753833577036858,2.1228919649729505e-05,8.988176318780461e-07,1.228306155098835e-05,-9.630656450099195e-07,0.7703875303268433,-0.0002814522013068199,-0.014115782454609871,-5.469804455060512e-05,0,0,0,0,1,0,0,0,1,0,13
0.251789927482605,0.00035742457839660347,0.013312703929841518,3.795446900767274e-06,0.263729989528656,-0.0013761764857918024,0.10267069935798645,0.015166610479354858,1.935771433636546e-05,7.958737455737719e-07,1.9127362975268625e-05,-7.110763249329466e-07,0.7562611103057861,-0.0003336350491736084,-0.014134715311229229,-4.785616692970507e-05,0,0,0,0,1,0,0,0,1,0,5
0.2651025652885437,0.0010159248486161232,0.013312697410583496,1.4232747389542055e-06,0.2791796326637268,-0.001185802393592894,0.1704067885875702,0.0157930888235569,0.0002640740422066301,4.048866912853555e-07,-7.756687523396977e-07,1.802473832412943e-07,0.7421176433563232,-0.0003757533268071711,-0.014149441383779049,-3.741822365554981e-05,0,0,0,0,1,0,0,0,1,0,7
0.2784610986709595,0.0010097945341840386,0.013462585397064686,-2.7134907213621773e-05,0.2948615849018097,-0.0009235877078026533,0.15044620633125305,0.01559172198176384,0.00026071403408423066,4.048866912853555e-07,-7.756687523396977e-07,1.802473832412943e-07,0.7279611229896545,-0.0004060192150063813,-0.014162063598632812,-1.9965505998698063e-05,0,0,0,0,0,0,1,0,1,0,13
0.2920619547367096,0.0009153406135737896,0.01370275765657425,-0.0001561395765747875,0.30970606207847595,-0.0006761940894648433,0.13442225754261017,0.014072597026824951,0.00023360761406365782,-9.807472451939248e-07,3.102175105595961e-05,1.9045240833293064e-06,0.7137948870658875,-0.0004074059543199837,-0.014169776812195778,1.3819668311043642e-05,0,0,0,0,0,0,1,0,1,0,5
0.3058658242225647,0.0006877843989059329,0.01387876644730568,-0.00027296217740513384,0.3235900104045868,-0.000445838290033862,0.1067110151052475,0.013519872911274433,0.00022400451416615397,-1.4114754094407544e-06,4.0854680264601484e-05,1.926729964907281e-06,0.6996217370033264,-0.0003749889729078859,-0.014175387099385262,4.763648030348122e-05,0,0,0,0,1,0,0,0,1,0,6
0.3198225498199463,0.00044273000094108284,0.014014454558491707,-0.00021703469974454492,0.33652937412261963,-0.00023189849162008613,0.10754528641700745,0.012635891325771809,0.00020887529535684735,-2.9181758236518363e-06,7.475074380636215e-05,3.645094209109301e-13,0.6854435205459595,-0.00032479356741532683,-0.014180295169353485,4.937056655762717e-05,0,0,0,0,0,1,0,0,1,0,7
0.33291158080101013,0.0014053898630663753,0.013691461645066738,0.00015736524073872715,0.3487870991230011,-2.927362402260769e-05,0.11276648193597794,0.01195151824504137,0.00019756243273150176,-2.7599262466537766e-06,7.06970677128993e-05,-3.644342314902682e-13,0.6712614893913269,-0.00027643321664072573,-0.014183100312948227,4.753332177642733e-05,0,0,0,0,0,0,1,0,1,0,12
0.3459413945674896,0.00210176850669086,0.013037989847362041,0.0003355114022269845,0.3621109426021576,0.0020848542917519808,0.1503540724515915,0.014260652475059032,0.003369416343048215,3.6201993225404294e-06,1.6110161595861427e-05,1.7480002497904934e-05,0.6570767164230347,-0.00022541936777997762,-0.014185905456542969,6.066875721444376e-05,0,0,0,0,0,0,1,0,1,0,12
0.3584546446800232,0.0033869841136038303,0.01239776611328125,0.0019756087567657232,0.37627530097961426,0.00543129350990057,0.1345842033624649,0.014085267670452595,0.003327857004478574,3.6201993225404294e-06,1.6110161595861427e-05,1.7480002497904934e-05,0.6428901553153992,-0.00014928795280866325,-0.01418730802834034,8.878322114469483e-05,0,0,0,0,0,0,1,0,1,0,6
0.3703633248806,0.005877933464944363,0.01176700834184885,0.002545603085309267,0.3896019756793976,0.008544676937162876,0.13146360218524933,0.012800473719835281,0.0029664214234799147,-2.142437733709812e-05,4.9426904297433794e-05,2.491501800250262e-05,0.6287025809288025,-3.8909754948690534e-05,-0.014186606742441654,0.00017820623179432005,0,0,0,0,0,1,0,0,1,0,12
0.3824142515659332,0.008461534045636654,0.012269089929759502,0.002599917585030198,0.40207546949386597,0.011427205987274647,0.11832626909017563,0.0121317058801651,0.002796788699924946,-3.907009158865549e-05,7.17615766916424e-05,-5.831256484623015e-12,0.6145389676094055,0.0004916171892546117,-0.014134715311229229,0.0008184417965821922,0,0,0,0,0,1,0,0,1,0,12
0.39491546154022217,0.011057231575250626,0.01267615519464016,0.002587796887382865,0.4138684570789337,0.014145921915769577,0.11485906690359116,0.011504149995744228,0.002652115421369672,-3.7050125683890656e-05,6.805142038501799e-05,-1.1660396606605339e-11,0.6004651784896851,0.001660505193285644,-0.014014103449881077,0.0014548024628311396,0,0,0,0,0,1,0,0,1,0,17
0.4077581465244293,0.013656976632773876,0.012956647202372551,0.0026292065158486366,0.425021767616272,0.01671713963150978,0.11186166107654572,0.010865513235330582,0.002504888456314802,-3.499178637866862e-05,6.42707382212393e-05,5.829178285898795e-12,0.5865306258201599,0.0034043167252093554,-0.013874909840524197,0.0019399066222831607,0,0,0,0,0,1,0,0,1,1,14
0.4207625091075897,0.016409210860729218,0.013046477921307087,0.0026754760183393955,0.43555253744125366,0.019144851714372635,0.11103268712759018,0.010258532129228115,0.002364956773817539,-3.3037988032447174e-05,6.068213770049624e-05,2.9141320433134776e-12,0.5727375745773315,0.005574719049036503,-0.013721690513193607,0.0023582905996590853,0,0,0,0,0,0,0,0,1,1,12
0.43297332525253296,0.019390124827623367,0.011752504855394363,0.0020900799427181482,0.44548943638801575,0.021435657516121864,0.10831202566623688,0.009679376147687435,0.0022314409725368023,-3.117340384051204e-05,5.7257366279372945e-05,-5.827440526656735e-12,0.5591220855712891,0.008176721632480621,-0.013499400578439236,0.0028512338176369667,0,0,0,0,0,0,0,0,1,1,10
0.44353610277175903,0.021430671215057373,0.009226097725331783,0.0013418174348771572,0.483286589384079,0.023098614066839218,0.2686270475387573,0.06539368629455566,0.0009931952226907015,-6.386207587638637e-06,2.883124034269713e-05,0.0018193669384345412,0.5458228588104248,0.011395450681447983,-0.013123891316354275,0.0035165955778211355,0,0,0,0,0,0,0,0,1,1,4
0.45176246762275696,0.022656921297311783,0.0073944819159805775,0.0011787317926064134,0.5468689203262329,0.023719262331724167,0.446866512298584,0.062140725553035736,0.00032235696562565863,-6.386207587638637e-06,2.883124034269713e-05,0.0018193669384345412,0.5329420566558838,0.015268465504050255,-0.012670896016061306,0.004161245655268431,0,0,0,1,0,0,0,0,1,1,12
0.4589589238166809,0.023592382669448853,0.0068994127213954926,0.0005705647636204958,0.6073366403579712,0.023693498224020004,0.4522165060043335,0.0591319240629673,-0.0003037253045476973,-6.386207587638637e-06,2.883124034269713e-05,0.0018193669384345412,0.5215891599655151,0.019029241055250168,-0.00988770928233862,0.0032045054249465466,0,0,0,1,0,0,0,0,1,1,13
0.46539828181266785,0.02412492223083973,0.006132967304438353,0.0005072098574601114,0.6649090051651001,0.0230669267475605,0.2954568564891815,0.0563238225877285,-0.0008838115609250963,-6.386207587638637e-06,2.883124034269713e-05,0.0018193669384345412,0.5142179727554321,0.021335352212190628,-0.005081120878458023,0.0015401383861899376,0,0,0,1,0,0,0,0,1,1,11
0.47152698040008545,0.02388296276330948,0.006094049196690321,-0.001178974169306457,0.717470645904541,0.021971723064780235,0.16293349862098694,0.04617767408490181,-0.0011186019983142614,-4.345042725617532e-06,5.036231959820725e-05,0.0016712794313207269,0.5122737884521484,0.02193744108080864,0.0007717048283666372,-4.061101208208129e-05,0,0,0,1,0,0,0,0,1,1,12
0.47769543528556824,0.021580269560217857,0.006162418983876705,-0.0030825012363493443,0.7627280354499817,0.02065333165228367,0.21670126914978027,0.04450422525405884,-0.0014771742280572653,-4.345042725617532e-06,5.036231959820725e-05,0.0016712794313207269,0.5152359008789062,0.021970676258206367,0.003811541711911559,0.00012713756586890668,0,0,0,1,0,0,0,0,1,1,5
0.4841071665287018,0.017983920872211456,0.007039573509246111,-0.0036427373997867107,0.8061866760253906,0.01899966597557068,0.09078745543956757,0.04183990880846977,-0.0017534304643049836,-3.5991663480672287e-06,5.518421676242724e-05,0.0016281611751765013,0.5198990106582642,0.022075198590755463,0.005354951601475477,-3.268273940193467e-05,0,0,0,0,1,0,0,0,1,1,13
0.49210333824157715,0.014583291485905647,0.008340231142938137,-0.00326632522046566,0.8439838290214539,0.017329979687929153,0.138409823179245,0.03719327971339226,-0.0017551674973219633,-1.3764845618879917e-07,7.711841317359358e-05,0.0014248398365452886,0.5260836482048035,0.022044656798243523,0.00684822304174304,-4.1480841900920495e-05,0,0,0,0,1,0,0,0,1,1,3
0.5009078979492188,0.012587547302246094,0.009463629685342312,-0.0011756172170862556,0.8785923719406128,0.015620769001543522,0.10925113409757614,0.0324934720993042,-0.0016515759052708745,7.2772013481881e-06,0.0001151199612650089,0.0009876459371298552,0.5336858034133911,0.021985597908496857,0.0081931846216321,-7.48480306356214e-05,0,0,1,0,0,0,0,0,1,1,15
0.5085020661354065,0.010870623402297497,0.005581998731940985,-0.002136421389877796,0.9088526964187622,0.014066522009670734,0.10969510674476624,0.028763722628355026,-0.0014860089868307114,1.9073457224294543e-05,0.000164883240358904,0.0001503419625805691,0.5425283908843994,0.021887771785259247,0.009333386085927486,-0.0001181113111670129,0,0,1,0,0,0,0,0,0,1,1
0.5117402076721191,0.008059045299887657,0.0012949611991643906,-0.003579601412639022,0.9361758232116699,0.012655570171773434,0.10946136713027954,0.026214485988020897,-0.001353700179606676,1.89099955605343e-05,0.00015505847113672644,5.870015411246765e-12,0.5523962378501892,0.021748410537838936,0.010280749760568142,-0.0001591501059010625,1,0,0,0,0,0,0,0,0,1,5
0.5136884450912476,0.004760795272886753,0.003048892831429839,-0.0022551692090928555,0.9611690640449524,0.01136492658406496,0.10959354043006897,0.024043044075369835,-0.0012415680103003979,1.7343800209346227e-05,0.00014221596939023584,0.0,0.5631162524223328,0.02156306616961956,0.010997758246958256,-0.00020468063303269446,0,0,0,0,1,0,0,0,0,1,5
0.5187436938285828,0.0036185341887176037,0.005899930372834206,-0.00044715614058077335,0.9841563701629639,0.010177884250879288,0.1096915602684021,0.022162126377224922,-0.0011444382835179567,1.5987094229785725e-05,0.00013109127758070827,-5.855896930556659e-12,0.5740296244621277,0.021343102678656578,0.011095930822193623,-0.00023809060803614557,0,0,0,0,1,0,0,0,0,1,8
0.5254786014556885,0.003474470926448703,0.007230262737721205,-3.144975198665634e-05,1.0053949356079102,0.00908113457262516,0.10976355522871017,0.020514503121376038,-0.001059355796314776,1.4798624761169776e-05,0.00012134608550695702,-2.925423141578176e-12,0.5854899287223816,0.021082067862153053,0.011738608591258526,-0.00027965701883658767,0,0,0,0,0,0,0,1,0,1,0
