lt_dp_posx,lt_dp_posy,lt_dp_velx,lt_dp_vely,ball_posx,ball_posy,ball_posz,ball_vel_x,ball_vel_y,ball_rot_x,ball_rot_y,ball_rot_z,rt_gk_posx,rt_gk_posy,rt_gk_velx,rt_gk_vely,action_left,action_top_left,action_top,action_top_right,action_right,action_bottom_right,action_bottom,action_bottom_left,action_sprint,action_dribble,sel_action
-1.0110293626785278,-0.0,0.0,-0.0,0.019999999552965164,-0.0,0.11061639338731766,0.0,-0.0,0.0,-0.0,0.0,1.0110293626785278,0.0,-0.0,0.0,0,0,0,0,0,0,0,0,0,0,5
0.000559650594368577,7.62100660356424e-11,0.0026072831824421883,1.9929723149569867e-10,0.019999999552965164,-0.0,0.11059734225273132,0.0,-0.0,0.0,-0.0,0.0,1.0110293626785278,0.0,-0.0,0.0,0,0,0,0,1,0,0,0,0,0,5
0.0037909799721091986,-4.2882783435338467e-10,0.00477812672033906,-1.2493993339912635e-10,0.019999999552965164,-0.0,0.10930104553699493,0.0,-0.0,0.0,-0.0,0.0,1.0106345415115356,-3.385134403691148e-12,-0.001967654563486576,-1.6533210564495526e-11,0,0,0,0,1,0,0,0,0,0,13
0.007220606319606304,-3.3994782544510826e-09,0.006362332962453365,-3.436693429836879e-10,0.0209170114248991,-1.8649751881705257e-11,0.11501296609640121,0.009170141071081161,-1.8649753963373428e-10,2.231189408577472e-13,-1.3295130884216633e-05,-1.8042921215259689e-13,1.0068784952163696,-2.7386436868281905e-11,-0.004527849145233631,-2.2493038681625777e-11,0,0,0,0,1,0,0,0,1,0,18
0.01438907440751791,-3.5843852330685877e-09,0.007803343702107668,-1.5713532905414773e-11,0.029684362933039665,-1.9517243377009663e-10,0.11064129322767258,0.008495262823998928,-1.7000123531119016e-10,-1.4969398333744555e-12,-3.7889494706178084e-05,-5.92098527325835e-13,1.0014904737472534,-4.20417901880743e-11,-0.006076167803257704,-6.3571955859209606e-12,0,0,0,0,1,0,0,0,1,0,0
0.022906016558408737,-3.949633953226339e-09,0.009073887020349503,-5.559878113459149e-10,0.03789382800459862,-3.5902933404052817e-10,0.10685884207487106,0.008017521351575851,-1.6000099856139371e-10,-2.2352547330434236e-12,-4.742744204122573e-05,-1.7360879620960016e-19,0.9946169853210449,7.569530419138104e-11,-0.007505276706069708,1.5321990898264914e-10,0,0,0,0,1,0,0,0,1,0,16
0.03245893493294716,-4.650997809108048e-09,0.010056402534246445,-2.7504162836144985e-10,0.045668408274650574,-5.141820302867472e-10,0.11311600357294083,0.007577183656394482,-1.512134167880319e-10,-2.1124317572951412e-12,-4.482140866457485e-05,-1.7359421715130391e-19,0.986401379108429,1.8151927183573946e-10,-0.008770297281444073,6.139649899594701e-11,0,0,0,0,1,0,0,0,1,0,0
0.040823813527822495,-8.616130031668945e-09,0.009685635566711426,-1.5893937554967152e-10,0.05300551652908325,-6.606044045120996e-10,0.11167290061712265,0.007141703274101019,-1.4252275748471988e-10,-1.9910084865515376e-12,-4.224505755701102e-05,0.0,0.9771802425384521,4.657804697494328e-10,-0.009335489943623543,8.650696270429137e-10,0,0,0,0,1,0,0,0,1,0,16
0.05011948570609093,-1.0503612202228396e-08,0.010337285697460175,-9.286011543041539e-11,0.06430814415216446,1.768596121110022e-05,0.1434319168329239,0.014049658551812172,2.932729694293812e-05,3.800752210736391e-07,-4.308273128117435e-05,-2.6630837979269018e-08,0.9674903154373169,1.1722517401224763e-09,-0.010107545182108879,5.731912167128428e-10,0,0,0,0,1,0,0,0,1,0,16
0.06074507534503937,1.832542920965352e-06,0.010675542056560516,5.266143944027135e-06,0.07824574410915375,4.67980898974929e-05,0.1145654171705246,0.013736046850681305,2.879684507206548e-05,3.8260566270764684e-07,-4.728198837256059e-05,-2.175382363134304e-08,0.9569175243377686,1.5427166211168242e-09,-0.01093008928000927,2.0146095902617844e-10,0,0,0,0,1,0,0,0,1,0,0
0.07179554551839828,1.1080046533606946e-05,0.011405261233448982,1.2704511391348206e-05,0.09142373502254486,7.47928861528635e-05,0.11872802674770355,0.012915725819766521,2.7478217816678807e-05,3.8389589462894946e-07,-7.640626427019015e-05,-9.113532411370029e-14,0.9460112452507019,5.82065183607483e-07,-0.010956736281514168,1.143411964221741e-06,0,0,0,0,1,0,0,0,1,0,16
0.08357881754636765,2.8317344913375564e-05,0.012080897577106953,1.965093360922765e-05,0.1039651483297348,0.0001014747322187759,0.10668723285198212,0.012235515750944614,2.6031062589026988e-05,3.6366941458254587e-07,-7.238064426928759e-05,0.0,0.9346734285354614,2.4822800241963705e-06,-0.011628516018390656,2.519871259210049e-06,0,0,0,0,1,0,0,0,1,0,5
0.0959906354546547,5.005963612347841e-05,0.012659676373004913,2.407892134215217e-05,0.11582677066326141,0.00012671035074163228,0.11036170274019241,0.011560228653252125,2.45943883783184e-05,3.4358612310825265e-07,-6.838348781457171e-05,9.109829860950991e-14,0.9227253198623657,5.498292921402026e-06,-0.012204927392303944,3.2792775073176017e-06,0,0,0,0,1,0,0,0,1,0,16
0.10890308767557144,7.786002970533445e-05,0.013101013377308846,3.091066173510626e-05,0.1270236372947693,0.00015053169045131654,0.110275499522686,0.010905447416007519,2.3201337171485648e-05,3.2411944062005205e-07,-6.450906948884949e-05,-9.108188649912391e-14,0.9102458953857422,9.166207746602595e-06,-0.012685270980000496,4.019858806714183e-06,0,0,0,0,1,0,0,0,1,0,5
0.12168461084365845,5.943779615336098e-05,0.013404990546405315,3.233024472137913e-05,0.13758495450019836,0.00017300092440564185,0.10931459814310074,0.010286103934049606,2.1883684894419275e-05,3.057149342566845e-07,-6.084604319767095e-05,9.106727009858609e-14,0.8973493576049805,1.3608193512482103e-05,-0.013054819777607918,4.7414177970495075e-06,0,0,0,0,1,0,0,0,1,0,0
0.1324603110551834,-0.0004988764994777739,0.01340507436543703,1.8859629562939517e-05,0.14754748344421387,0.00019419619638938457,0.11076351255178452,0.009702855721116066,2.06428248930024e-05,2.883735419345612e-07,-5.739460902987048e-05,2.276356661219496e-14,0.8841332197189331,1.8652663129614666e-05,-0.01333671435713768,5.3443545766640455e-06,0,0,0,0,1,0,0,0,1,0,5
0.14538942277431488,-0.0005930054467171431,0.013405084609985352,5.388302724895766e-06,0.16235919296741486,0.0001189578470075503,0.15304629504680634,0.015279188752174377,-8.52009397931397e-05,-1.95020803062107e-07,-5.07062031829264e-05,-1.4327947894798854e-07,0.8706738948822021,2.4365408535231836e-05,-0.0135505897924304,6.00393923377851e-06,0,0,0,0,1,0,0,0,1,0,0
0.15880274772644043,-0.0005863693659193814,0.013516930863261223,1.6907291865209118e-05,0.17745894193649292,3.4945722291013226e-05,0.11548739671707153,0.01465381495654583,-8.041520050028339e-05,-8.079067015387409e-07,-7.448333781212568e-05,-2.3681252514506923e-07,0.8570301532745361,2.8432617909857072e-05,-0.013712574727833271,3.540919522038166e-07,0,0,0,0,1,0,0,0,1,0,16
0.17245081067085266,-0.0005458185914903879,0.013745181262493134,6.0527945606736466e-05,0.19173431396484375,-4.3209463910898194e-05,0.1102888360619545,0.01399239432066679,-7.658822869416326e-05,-1.070035636985267e-06,-8.27777330414392e-05,0.0,0.8432477116584778,2.3481432435801253e-05,-0.013833887875080109,-9.119553396885749e-06,0,0,0,0,1,0,0,0,1,0,18
0.18629321455955505,-0.0004651381750591099,0.013914529234170914,8.706395601620898e-05,0.20530889928340912,-0.00011751084821298718,0.10661295801401138,0.013251318596303463,-7.253192598000169e-05,-1.0133313708138303e-06,-7.839105819584802e-05,-3.645804903633365e-13,0.8293613195419312,9.883515303954482e-06,-0.013925047591328621,-1.54672161443159e-05,0,0,0,0,1,0,0,0,1,0,16
0.20028012990951538,-0.0003887093625962734,0.01404040027409792,6.711582682328299e-05,0.21815350651741028,-0.000187816665857099,0.11323656141757965,0.012516802176833153,-6.851153011666611e-05,-9.57096972342697e-07,-7.404077769024298e-05,1.8224796129694132e-13,0.8153970837593079,-5.436919764179038e-06,-0.013993066735565662,-1.5196572348941118e-05,0,0,0,0,1,0,0,0,1,0,16
0.21437403559684753,-0.0003324253484606743,0.014133312739431858,4.756473936140537e-05,0.23027925193309784,-0.0002541877329349518,0.11170478165149689,0.011810747906565666,-6.464689067797735e-05,-9.031006129589514e-07,-6.986362132010981e-05,0.0,0.8013744950294495,-2.0474255506996997e-05,-0.014044256880879402,-1.4904280760674737e-05,0,0,0,0,1,0,0,0,1,0,16
0.2262994647026062,0.0002571657532826066,0.014141205698251724,2.9229804567876272e-05,0.24171730875968933,-0.00031679467065259814,0.11070176213979721,0.01113774161785841,-6.096312790759839e-05,-8.516444722772576e-07,-6.588300311705098e-05,0.0,0.787307858467102,-3.557492163963616e-05,-0.014082824811339378,-1.532752503408119e-05,0,0,0,0,1,0,0,0,1,0,16
0.23933036625385284,0.0005109126796014607,0.013680142350494862,1.0603708687995095e-05,0.2558301091194153,-0.000270588556304574,0.15089896321296692,0.015347547829151154,9.110074461204931e-05,5.094222288448691e-08,-5.389388752519153e-05,9.314340587707193e-08,0.7732089161872864,-5.1176950364606455e-05,-0.014110873453319073,-1.582552067702636e-05,0,0,0,0,1,0,0,0,1,0,5
0.2527623772621155,0.0005120120476931334,0.013462760485708714,-8.143057129927911e-06,0.27105990052223206,-0.00018021895084530115,0.11816184222698212,0.015062488615512848,8.91194140422158e-05,1.3247327501630934e-07,-5.6303528253920376e-05,1.4824789218437218e-07,0.7590855360031128,-6.505427154479548e-05,-0.014131911098957062,-8.918973435356747e-06,0,0,0,0,1,0,0,0,1,0,5
0.26636406779289246,0.000479585665743798,0.013704685494303703,-5.4661060858052224e-05,0.28553569316864014,-9.622072684578598e-05,0.12025301158428192,0.014194123446941376,8.218288712669164e-05,1.1481810133773251e-06,-8.396972407354042e-05,-1.8234806026251604e-13,0.7449440360069275,-6.609210686292499e-05,-0.014148038811981678,5.415261966845719e-06,0,0,0,0,1,0,0,0,1,0,16
0.2801719009876251,0.0003991850826423615,0.013884375803172588,-9.680496441433206e-05,0.29931384325027466,-1.64462071552407e-05,0.11476139724254608,0.013459021225571632,7.792671385686845e-05,1.088683575289906e-06,-7.961849769344553e-05,-5.469078965744667e-13,0.7307893633842468,-5.2929022785974666e-05,-0.01415925845503807,1.8289349100086838e-05,0,0,0,0,1,0,0,0,1,0,6
0.2941330671310425,0.0003118036256637424,0.014017960987985134,-7.79169422457926e-05,0.31235775351524353,5.907688682782464e-05,0.11212807148694992,0.012709435075521469,7.358665607171133e-05,1.027951157084317e-06,-7.517699123127386e-05,3.645175253221694e-13,0.7166247367858887,-3.4912449336843565e-05,-0.014168374240398407,1.779280137270689e-05,0,0,0,0,0,1,0,0,1,0,7
0.30802348256111145,0.0005508019821718335,0.014016701839864254,-6.3055515056476e-05,0.32467272877693176,0.00013037999451626092,0.10893736034631729,0.011996826156973839,6.946070789126679e-05,9.70383212006709e-07,-7.096686749719083e-05,-1.8221954164749504e-13,0.7024527788162231,-1.739432082104031e-05,-0.014174685813486576,1.7292966731474735e-05,0,0,0,0,0,0,1,0,1,0,6
0.3211865723133087,0.0018745472189038992,0.013600533828139305,0.0003109620593022555,0.3362904489040375,0.00019764568423852324,0.10870308429002762,0.011312550865113735,6.549882527906448e-05,9.150205073638062e-07,-6.691801536362618e-05,0.0,0.6882754564285278,1.715555185910489e-06,-0.014179594814777374,2.2023090423317626e-05,0,0,0,0,0,1,0,0,1,0,12
0.3342054784297943,0.002574892481788993,0.012534155510365963,0.0010356841376051307,0.3503350615501404,0.0034209005534648895,0.15302224457263947,0.01425962895154953,0.0035480791702866554,1.7348160326946527e-05,-5.178934588911943e-05,2.547923486417858e-06,0.674094021320343,2.7573802071856335e-05,-0.014183100312948227,2.8996355467825197e-05,0,0,0,0,0,1,0,0,1,0,12
0.34649497270584106,0.0045397840440273285,0.011945822276175022,0.002675731899216771,0.364429235458374,0.0069224778562784195,0.1155305728316307,0.013698514550924301,0.0033721199724823236,3.769548129639588e-05,-7.180275133578107e-05,5.542959115700796e-06,0.6599102020263672,9.090473758988082e-05,-0.014182399027049541,0.0001884622615762055,0,0,0,0,0,1,0,0,1,0,12
0.3582577705383301,0.0072281877510249615,0.011858519166707993,0.002703854814171791,0.3777834177017212,0.010205387137830257,0.11071482300758362,0.01309346966445446,0.0032184580340981483,4.496600740822032e-05,-7.745982293272391e-05,5.832991641779861e-12,0.6457440257072449,0.0005625826306641102,-0.014145934954285622,0.0007032108842395246,0,0,0,0,0,1,0,0,1,0,12
0.37038254737854004,0.009960051625967026,0.012328694574534893,0.002742847427725792,0.39048612117767334,0.013327783904969692,0.1064026951789856,0.012399055995047092,0.003047764766961336,4.257980253896676e-05,-7.334930705837905e-05,-5.831726594685005e-12,0.6316385269165039,0.0015479986323043704,-0.014065293595194817,0.001215874101035297,0,0,0,0,0,1,0,0,1,0,12
0.3829246163368225,0.012700754217803478,0.012702451087534428,0.0027357249055057764,0.40250495076179504,0.016282077878713608,0.11321002244949341,0.01171223632991314,0.0028789399657398462,4.021841596113518e-05,-6.928151560714468e-05,-1.166108615918704e-11,0.6176139116287231,0.0029490538872778416,-0.013993066735565662,0.001534969313070178,0,0,0,0,0,1,0,0,1,0,12
0.3957642614841461,0.015479320660233498,0.012938064523041248,0.0028168470598757267,0.4138511121273041,0.01907104067504406,0.11169804632663727,0.011051452718675137,0.002716515911743045,3.7949048419250175e-05,-6.53722308925353e-05,-1.1658939438885518e-11,0.6036660075187683,0.004647102672606707,-0.01390891894698143,0.0018312064930796623,0,0,0,0,0,1,0,0,1,0,5
0.40875735878944397,0.018382307142019272,0.013059943914413452,0.0028831488452851772,0.42455387115478516,0.021701835095882416,0.11070334166288376,0.010421670973300934,0.002561712171882391,3.578668474801816e-05,-6.164726073620841e-05,-5.828505213190116e-12,0.5898149013519287,0.006654637400060892,-0.013793216086924076,0.002173088490962982,0,0,0,0,1,0,0,0,1,0,5
0.4209345579147339,0.02160150744020939,0.011912545189261436,0.002423160243779421,0.4346463978290558,0.02418264001607895,0.10915517807006836,0.009828969836235046,0.002416021889075637,3.375183223397471e-05,-5.814198448206298e-05,-8.741473690732082e-12,0.5761056542396545,0.009040274657309055,-0.01363684143871069,0.0025588858406990767,0,0,0,0,1,0,0,0,1,0,12
0.4315390884876251,0.023912841454148293,0.009471528232097626,0.0015620552003383636,0.4661942720413208,0.026046456769108772,0.24798858165740967,0.06391052901744843,0.0010580068919807673,-6.402726285159588e-06,5.4462334446725436e-06,0.0007562726968899369,0.5625924468040466,0.011800374835729599,-0.013203130103647709,0.0028522105421870947,0,0,0,0,1,0,0,0,1,0,5
0.43987664580345154,0.025266150012612343,0.007681285496801138,0.0013177760411053896,0.5283144116401672,0.026926103979349136,0.5229024291038513,0.06070641055703163,0.0007380650495178998,-6.402726285159588e-06,5.4462334446725436e-06,0.0007562726968899369,0.5512794256210327,0.014451688155531883,-0.009429104626178741,0.0024923724122345448,0,0,0,0,1,0,0,0,1,0,13
0.44708752632141113,0.026364848017692566,0.006878376007080078,0.0006681709201075137,0.5874075293540955,0.027501674368977547,0.701899528503418,0.05781666189432144,0.0004468794504646212,-6.402726285159588e-06,5.4462334446725436e-06,0.0007562726968899369,0.5448760390281677,0.01692301779985428,-0.0037771814968436956,0.002590506337583065,0,0,0,0,1,0,0,0,1,0,1
0.4535839855670929,0.026995910331606865,0.00611438462510705,0.0005939645343460143,0.6437623500823975,0.027801433578133583,0.7894179821014404,0.05519624426960945,0.0001834494760259986,-6.402726285159588e-06,5.4462334446725436e-06,0.0007562726968899369,0.5437254905700684,0.01994415558874607,0.0011728090466931462,0.0027593669947236776,1,0,0,0,0,0,0,0,1,0,7
0.46014541387557983,0.02758166752755642,0.007223381660878658,0.0005507012829184532,0.6976273059844971,0.027852335944771767,0.7891747355461121,0.05280802771449089,-5.374570537242107e-05,-6.402726285159588e-06,5.4462334446725436e-06,0.0007562726968899369,0.5474168062210083,0.022170372307300568,0.0051396735943853855,0.0017132200300693512,0,0,0,0,0,0,1,0,1,0,9
0.46817782521247864,0.02799115888774395,0.008662307634949684,0.00025943704531528056,0.7492170333862305,0.027679629623889923,0.7043291926383972,0.05062108114361763,-0.0002665132051333785,-6.402726285159588e-06,5.4462334446725436e-06,0.0007562726968899369,0.5535527467727661,0.02354602888226509,0.006858390755951405,0.0012211252469569445,0,0,0,0,0,0,1,0,1,0,15
0.47736769914627075,0.028038538992404938,0.009335138835012913,-4.3035124690504745e-05,0.798718273639679,0.02730669640004635,0.5376086235046387,0.04860948398709297,-0.0004567815049085766,-6.402726285159588e-06,5.4462334446725436e-06,0.0007562726968899369,0.5612238049507141,0.024611832574009895,0.008312744088470936,0.0008909040479920805,0,0,0,0,0,0,1,0,0,0,11
0.48709097504615784,0.027985520660877228,0.010180123150348663,-6.202875374583527e-05,0.8462940454483032,0.02675495855510235,0.2914041578769684,0.04675133526325226,-0.000626488821581006,-6.402726285159588e-06,5.4462334446725436e-06,0.0007562726968899369,0.570193886756897,0.02522680163383484,0.00930954422801733,0.0003592534631025046,0,0,0,0,0,0,1,0,0,0,7
0.49777641892433167,0.027909621596336365,0.011072088964283466,-8.723952487343922e-05,0.8894780278205872,0.026064036414027214,0.1828334778547287,0.038517121225595474,-0.0007218656246550381,-6.7673117882804945e-06,-1.4538962204824202e-05,0.0006989187095314264,0.5796213150024414,0.025485189631581306,0.00972747802734375,0.0002325721870874986,0,0,0,0,0,0,1,0,0,0,11
0.5093299746513367,0.027820957824587822,0.011897035874426365,-9.443898306926712e-05,0.9273472428321838,0.025283856317400932,0.2803958058357239,0.03734762966632843,-0.0008257972076535225,-6.7673117882804945e-06,-1.4538962204824202e-05,0.0006989187095314264,0.5898504853248596,0.025675145909190178,0.010615237057209015,0.00015035200340207666,0,0,0,0,0,0,1,0,0,0,10
0.5216111540794373,0.027724793180823326,0.012520866468548775,-0.00010900356573984027,0.964076042175293,0.02440710924565792,0.261063814163208,0.03622987121343613,-0.0009165777591988444,-6.7673117882804945e-06,-1.4538962204824202e-05,0.0006989187095314264,0.6007356643676758,0.025784313678741455,0.01080527063459158,8.053756755543873e-05,0,0,0,0,0,0,1,0,0,0,7
0.5344343185424805,0.027617961168289185,0.013014055788516998,-0.00011434066982474178,0.9997124075889587,0.02344612218439579,0.12925371527671814,0.03515706956386566,-0.0009956829017028213,-6.7673117882804945e-06,-1.4538962204824202e-05,0.0006989187095314264,0.6118031740188599,0.02583768032491207,0.011375371366739273,3.333867425681092e-05,0,0,0,0,0,0,1,0,0,0,0
