lt_dp_posx,lt_dp_posy,lt_dp_velx,lt_dp_vely,ball_posx,ball_posy,ball_posz,ball_vel_x,ball_vel_y,ball_rot_x,ball_rot_y,ball_rot_z,rt_gk_posx,rt_gk_posy,rt_gk_velx,rt_gk_vely,action_left,action_top_left,action_top,action_top_right,action_right,action_bottom_right,action_bottom,action_bottom_left,action_sprint,action_dribble,sel_action
-1.0110293626785278,-0.0,0.0,-0.0,0.019999999552965164,-0.0,0.11061639338731766,-0.0,0.0,0.0,-0.0,0.0,1.0110293626785278,0.0,-0.0,0.0,0,0,0,0,0,0,0,0,0,0,5
0.0022227545268833637,1.214716660591364e-10,0.003935635089874268,2.5671381687075723e-11,0.019999999552965164,-0.0,0.11059734225273132,-0.0,0.0,0.0,-0.0,0.0,1.0085934400558472,-1.7055430678869499e-10,-0.003884820267558098,-2.392741005330379e-10,0,0,0,0,1,0,0,0,0,0,5
0.005271322093904018,-2.6352731108403304e-09,0.005585023667663336,-4.004820364222894e-10,0.019999999552965164,-0.0,0.10930104553699493,-0.0,0.0,0.0,-0.0,0.0,1.0038305521011353,-3.7194536339768547e-10,-0.0054703038185834885,-1.5051691837353331e-10,0,0,0,0,1,0,0,0,0,0,13
0.010625659488141537,-4.5637658097064104e-09,0.007103427313268185,-2.554758071759977e-10,0.025320498272776604,-5.634832600520667e-10,0.1260860562324524,0.008659591898322105,-9.180178284218243e-10,2.2965069516184267e-12,6.04173601459479e-06,-4.012789232843428e-12,0.9975366592407227,-2.2837763624661278e-10,-0.006950602866709232,6.532834273542676e-10,0,0,0,0,1,0,0,0,1,0,0
0.01848970539867878,-4.6795465280524695e-09,0.008461274206638336,-1.3390841213656302e-10,0.03355647996068001,-1.4382255386635734e-09,0.11838945001363754,0.007918355986475945,-8.42004965750931e-10,1.176400036412284e-11,4.684515806729905e-05,0.0,0.989837646484375,3.074590582130554e-10,-0.008285746909677982,4.079713789018058e-10,0,0,0,0,1,0,0,0,1,0,5
0.027614345774054527,-4.809848963560626e-09,0.009638728573918343,-8.884844249212875e-11,0.041250068694353104,-2.2563302337630375e-09,0.1135486587882042,0.007504452485591173,-7.979922833634134e-10,1.1148005261973903e-11,4.439179610926658e-05,-6.943675111245361e-19,0.9809144139289856,5.157513305320549e-10,-0.009325672872364521,3.256767425185991e-11,0,0,0,0,1,0,0,0,1,0,5
0.03612228110432625,-6.656200479682184e-09,0.009277104400098324,-1.8268359047723948e-10,0.048517677932977676,-3.0291376074131904e-09,0.11264698207378387,0.007074202410876751,-7.522412137639378e-10,1.0508609607495778e-11,4.1845705709420145e-05,-2.0829425256238677e-18,0.971478283405304,1.2348252420579797e-09,-0.00973448995500803,6.969514410037903e-10,0,0,0,0,1,0,0,0,1,0,0
0.04460865631699562,-8.484513536188842e-09,0.010067443363368511,-1.1342846106821014e-10,0.05758916214108467,8.605913535575382e-06,0.13116511702537537,0.013979627750813961,2.82593955489574e-05,2.9465124384842056e-07,7.136271051422227e-06,3.4855759167840006e-07,0.961243748664856,1.7302599353286041e-09,-0.010619443841278553,3.107128720980512e-10,0,0,0,0,1,0,0,0,1,0,0
0.055106088519096375,4.77037247037515e-07,0.010675542056560516,2.4280604975501774e-06,0.07142878323793411,3.651112274383195e-05,0.13711479306221008,0.013769258745014668,2.7762731406255625e-05,2.854166609722597e-07,8.147850167006254e-06,3.5950483834312763e-07,0.9503563046455383,1.7046976097390143e-07,-0.010805971920490265,5.576953867603152e-07,0,0,0,0,1,0,0,0,1,0,5
0.06596015393733978,6.92342246111366e-06,0.011177010834217072,9.552155461278744e-06,0.08453243225812912,6.21985673205927e-05,0.12683330476284027,0.012486477382481098,2.3782886273693293e-05,-6.458757439986584e-08,4.5695003791479394e-05,4.101929391708836e-07,0.9392877221107483,1.3452024631988024e-06,-0.011376773938536644,1.6528138075955212e-06,0,0,0,0,1,0,0,0,1,0,16
0.07753842324018478,2.0731586118927225e-05,0.011883500963449478,1.7103986465372145e-05,0.09663836658000946,8.502074342686683e-05,0.1176246926188469,0.011771108955144882,2.2048556274967268e-05,-3.080120904996875e-07,6.962900806684047e-05,0.0,0.9275738596916199,3.614837851273478e-06,-0.011977027170360088,2.656786591614946e-06,0,0,0,0,1,0,0,0,1,0,16
0.08977188169956207,3.966278745792806e-05,0.012501724064350128,2.055774712061975e-05,0.10808058828115463,0.00010645325528457761,0.11083377152681351,0.011161502450704575,2.090670204779599e-05,-2.920708368492342e-07,6.602532812394202e-05,4.554409760025753e-14,0.9152939915657043,6.473542725871084e-06,-0.012507859617471695,3.0700641673320206e-06,0,0,0,0,1,0,0,0,1,0,13
0.10254812240600586,6.3369981944561e-05,0.012981190346181393,2.649111411301419e-05,0.1188960000872612,0.00012671167496591806,0.10950885713100433,0.010538773611187935,1.9740258721867576e-05,-2.757730328539765e-07,6.234108150238171e-05,-4.5536562395158756e-14,0.9025512933731079,9.836840035859495e-06,-0.01291878055781126,3.5978878258902114e-06,0,0,0,0,1,0,0,0,1,0,16
0.11571427434682846,-0.0007769088260829449,0.013238980434834957,2.3831020371289924e-05,0.1291036754846573,0.00014583177107851952,0.11070510745048523,0.009941724129021168,1.8621918570715934e-05,-2.6014203058366547e-07,5.880753815290518e-05,-6.829461990506477e-14,0.8894527554512024,1.3668807696376462e-05,-0.013232932426035404,4.0278864616993815e-06,0,0,0,0,1,0,0,0,1,0,5
0.12895330786705017,-0.0022525659296661615,0.013239067979156971,1.1915582035726402e-05,0.140615314245224,7.988599827513099e-05,0.13553325831890106,0.01557299867272377,-0.0002598423161543906,-6.126012408458337e-08,1.036990033753682e-05,-7.978075018399977e-07,0.8760826587677002,1.7994787413044833e-05,-0.013472052291035652,4.564093160297489e-06,0,0,0,0,1,0,0,0,1,0,0
0.14219574630260468,-0.0022468690294772387,0.013272990472614765,3.3491965041321237e-06,0.15608079731464386,-0.0001781393657438457,0.15389469265937805,0.015377793461084366,-0.0002565539616625756,-6.126012408458337e-08,1.036990033753682e-05,-7.978075018399977e-07,0.8625065684318542,2.181323361583054e-05,-0.013653671368956566,-5.617874876406859e-07,0,0,0,0,1,0,0,0,1,0,18
0.15563490986824036,-0.002196631161496043,0.013562160544097424,0.00010679462866391987,0.17103396356105804,-0.00042704708175733685,0.12458185106515884,0.014172323048114777,-0.00023464793048333377,1.2913152431792696e-06,4.019002153654583e-05,-1.932192162712454e-06,0.8487749099731445,6.712793037877418e-06,-0.013789709657430649,-2.700093318708241e-05,0,0,0,0,1,0,0,0,1,0,0
0.16931922733783722,-0.0020076557993888855,0.013774283230304718,0.00025409332010895014,0.18478500843048096,-0.0006542741321027279,0.10572804510593414,0.013355893082916737,-0.00022030368563719094,2.1954676867608214e-06,5.991645957692526e-05,-1.4151382856653072e-06,0.8349266648292542,-3.4006458008661866e-05,-0.013892089948058128,-5.1985458412673324e-05,0,0,0,0,1,0,0,0,1,0,18
0.1831846684217453,-0.001725860289297998,0.013934689573943615,0.00026497329236008227,0.19769737124443054,-0.0008670638198964298,0.11271274089813232,0.01260455697774887,-0.000207717705052346,2.90160551230656e-06,7.455514423782006e-05,7.290113066167614e-13,0.8209908604621887,-8.828648424241692e-05,-0.01396852359175682,-5.405257979873568e-05,0,0,0,0,1,0,0,0,1,0,0
0.19718925654888153,-0.0014969457406550646,0.014056352898478508,0.00020027445862069726,0.20992252230644226,-0.001068528858013451,0.11237554252147675,0.011916355229914188,-0.00019637640798464417,2.7433950435806764e-06,7.049003761494532e-05,3.6443049099277314e-13,0.8069896697998047,-0.0001420315238647163,-0.014026024378836155,-5.348286867956631e-05,0,0,0,0,1,0,0,0,1,0,5
0.2112855464220047,-0.0013310274807736278,0.014121859334409237,0.00013841709005646408,0.22146748006343842,-0.0012587840901687741,0.11105363070964813,0.011247918009757996,-0.0001853607827797532,2.5894830741890473e-06,6.653536547673866e-05,3.643614002093315e-13,0.7929392457008362,-0.00019534063176251948,-0.014068800024688244,-5.341535870684311e-05,0,0,0,0,1,0,0,0,1,0,5
0.22538252174854279,-0.0012291098246350884,0.014120737090706825,7.549019937869161e-05,0.2329203486442566,-0.001418543979525566,0.12036368995904922,0.016202325001358986,2.2783331587561406e-05,9.569889698468614e-07,8.313909347634763e-06,-1.1230620202695718e-06,0.7788521647453308,-0.0002490096667315811,-0.014100355096161366,-5.3871441195951775e-05,0,0,0,0,1,0,0,0,1,0,16
0.23909927904605865,-0.0011891196481883526,0.013386151753365993,1.1927167179237586e-05,0.24877412617206573,-0.0013969874707981944,0.16152387857437134,0.015753796324133873,2.1391195332398638e-05,8.989440516415925e-07,1.2278042959223967e-05,-9.624997119317413e-07,0.7647379636764526,-0.0003029957297258079,-0.014124196954071522,-5.307758692651987e-05,0,0,0,0,1,0,0,0,1,0,5
0.2524116039276123,0.000357985234586522,0.013312599621713161,3.7958748180244584e-06,0.2643519937992096,-0.00137598707806319,0.10267231613397598,0.015166591852903366,1.9513561710482463e-05,7.958136052366171e-07,1.9121653167530894e-05,-7.102553354343399e-07,0.7506036162376404,-0.00034958249307237566,-0.014141728170216084,-4.1268951463280246e-05,0,0,0,0,1,0,0,0,1,0,18
0.2657240331172943,0.0010161364916712046,0.013312522321939468,1.4232747389542055e-06,0.2798015773296356,-0.0011855685152113438,0.17040634155273438,0.01579304225742817,0.0002640736638568342,4.045866432988987e-07,-7.778239137223864e-07,1.8104755383774318e-07,0.7364540696144104,-0.0003843377635348588,-0.014155051670968533,-2.9421325962175615e-05,0,0,0,0,1,0,0,0,1,0,6
0.2790824770927429,0.0010100062936544418,0.013462585397064686,-2.7134015908814035e-05,0.29548346996307373,-0.0009233541204594076,0.1504458338022232,0.015591677278280258,0.0002607136848382652,4.045866432988987e-07,-7.778239137223864e-07,1.8104755383774318e-07,0.7222931385040283,-0.00040179750067181885,-0.01416557002812624,-3.9645824472245295e-06,0,0,0,0,0,1,0,0,1,0,7
0.29268333315849304,0.0009155547013506293,0.013702932745218277,-0.0001561351091368124,0.31032794713974,-0.0006759605021215975,0.1344221979379654,0.01407252624630928,0.00023360838531516492,-9.809391485759988e-07,3.1020234018797055e-05,1.904934265439806e-06,0.7081238627433777,-0.0003885424812324345,-0.01417258195579052,2.734790905378759e-05,0,0,0,0,0,0,1,0,1,0,6
0.30648720264434814,0.000688004307448864,0.01387876644730568,-0.0002729546104092151,0.32421186566352844,-0.00044560377136804163,0.10671103000640869,0.013519799336791039,0.00022400567831937224,-1.4116085367277265e-06,4.0852839447325096e-05,1.9270405573479366e-06,0.6939485669136047,-0.0003458672435954213,-0.014177490957081318,4.915177487418987e-05,0,0,0,0,0,1,0,0,1,0,7
0.32044389843940735,0.0004429569817148149,0.014014454558491707,-0.00021702845697291195,0.3371511399745941,-0.0002316628088010475,0.10754548758268356,0.012635797262191772,0.0002088762412313372,-2.9181892386986874e-06,7.475016900571063e-05,0.0,0.6797686815261841,-0.00029695589910261333,-0.014181697741150856,4.8713962314650416e-05,0,0,0,0,0,0,1,0,1,0,6
0.33353251218795776,0.0014054286293685436,0.013691570609807968,0.00015737237117718905,0.3494088053703308,-2.9037024432909675e-05,0.11276651173830032,0.01195143349468708,0.00019756334950216115,-2.7599380700848997e-06,7.069655111990869e-05,0.0,0.6655853390693665,-0.00024848454631865025,-0.014184502884745598,4.827236625715159e-05,0,0,0,0,0,1,0,0,1,0,12
0.34656211733818054,0.002101719845086336,0.013037989847362041,0.0003355185326654464,0.36273258924484253,0.00208508362993598,0.15035368502140045,0.014260595664381981,0.0033694044686853886,3.6201511193212355e-06,1.6110083379317075e-05,1.7479884263593704e-05,0.6513992547988892,-0.0001903942902572453,-0.01418730802834034,6.795223453082144e-05,0,0,0,0,0,1,0,0,1,0,8
0.3590753972530365,0.003386939875781536,0.01239776611328125,0.0019756159745156765,0.3768967390060425,0.005431510973721743,0.1345832198858261,0.014085211791098118,0.003327844897285104,3.6201511193212355e-06,1.6110083379317075e-05,1.7479884263593704e-05,0.6372115612030029,-0.00011038761294912547,-0.014188009314239025,8.98696162039414e-05,0,0,0,0,0,0,0,1,1,0,7
0.37098395824432373,0.005877894349396229,0.011766658164560795,0.002545606577768922,0.3902234137058258,0.008544874377548695,0.13146385550498962,0.012800402007997036,0.0029664048925042152,-2.1424861188279465e-05,4.942740633850917e-05,2.4914461391745135e-05,0.6230260133743286,7.983625982888043e-05,-0.014176088385283947,0.0004060838255099952,0,0,0,0,0,0,1,0,1,0,6
0.3830345869064331,0.00846150703728199,0.012268739752471447,0.002599931787699461,0.4026968777179718,0.01142739225178957,0.11832620203495026,0.012131649069488049,0.002796776592731476,-3.9069920603651553e-05,7.176122744567692e-05,5.831256484623015e-12,0.608883798122406,0.0008210650412365794,-0.014104562811553478,0.001014981186017394,0,0,0,0,0,1,0,0,1,0,0
0.39553558826446533,0.011057214811444283,0.01267580408602953,0.002587796887382865,0.41448986530303955,0.01414609607309103,0.11485911905765533,0.011504095047712326,0.0026521040126681328,-3.704997288878076e-05,6.805108569096774e-05,-5.8301983033026694e-12,0.5948464870452881,0.0021670081187039614,-0.013976939022541046,0.0015995897119864821,0,0,0,0,0,1,0,0,1,0,12
0.4083782434463501,0.013656959868967533,0.012956647202372551,0.0026292065158486366,0.4256429970264435,0.016717301681637764,0.11186166107654572,0.010865462012588978,0.002504877047613263,-3.499162630760111e-05,6.427042535506189e-05,-5.829178285898795e-12,0.5809345245361328,0.0039873928762972355,-0.013854573480784893,0.0020005092956125736,0,0,0,0,0,1,0,0,1,0,14
0.4213826060295105,0.01640917919576168,0.013046467676758766,0.002675442025065422,0.4361737370491028,0.019145004451274872,0.11103268712759018,0.01025848276913166,0.0023649469949305058,-3.30378461512737e-05,6.068185030017048e-05,0.0,0.5671594142913818,0.0062066116370260715,-0.013705561868846416,0.0023975183721631765,0,0,0,0,0,0,0,0,1,0,12
0.43359342217445374,0.019390055909752846,0.011752490885555744,0.0020900643430650234,0.4461106061935425,0.021435804665088654,0.10831203311681747,0.009679327718913555,0.002231431193649769,-3.117326195933856e-05,5.725707524106838e-05,-8.741161440506406e-12,0.5535855889320374,0.00889661442488432,-0.013433484360575676,0.002979840151965618,0,0,0,0,0,0,0,0,1,0,1
0.444156289100647,0.02143057808279991,0.009226448833942413,0.0013418032322078943,0.48270103335380554,0.022760923951864243,0.22871056199073792,0.06302837282419205,0.00030573902768082917,-1.828887252486311e-05,3.528171146172099e-05,0.002148514613509178,0.5403559803962708,0.012234597466886044,-0.01305166445672512,0.0036282117944210768,1,0,0,0,0,0,0,0,1,0,3
0.4523825943470001,0.022656822577118874,0.0073944819159805775,0.0011787317926064134,0.5440313816070557,0.02266051433980465,0.31972673535346985,0.05997180938720703,-0.0004268210323061794,-1.828887252486311e-05,3.528171146172099e-05,0.002148514613509178,0.5276739597320557,0.01612081564962864,-0.011961249634623528,0.0038067405112087727,0,0,1,0,0,0,0,0,1,0,2
0.4595790505409241,0.023592276498675346,0.006899062544107437,0.0005705647636204958,0.6024099588394165,0.0218497347086668,0.2291027456521988,0.057100098580121994,-0.0011186366900801659,-1.828887252486311e-05,3.528171146172099e-05,0.002148514613509178,0.5175991058349609,0.01925540156662464,-0.00821632519364357,0.0024819630198180676,0,1,0,0,0,0,0,0,1,0,0
0.4660184383392334,0.024124806746840477,0.00613261666148901,0.0005071813357062638,0.6552454829216003,0.020533261820673943,0.15954872965812683,0.04770829901099205,-0.0013388367369771004,-1.4801158613408916e-05,5.842795144417323e-05,0.001953709637746215,0.5122559666633606,0.02083323895931244,-0.0028466477524489164,0.0008227294893004,0,1,0,0,0,0,0,0,1,0,12
0.47272539138793945,0.02460034191608429,0.007395884487777948,0.0004021745116915554,0.7019425630569458,0.018948983401060104,0.13989461958408356,0.04586627334356308,-0.0017809283453971148,-1.4801158613408916e-05,5.842795144417323e-05,0.001953709637746215,0.5126838684082031,0.020947065204381943,0.002862425521016121,-4.065379107487388e-05,0,1,0,0,0,0,0,0,1,0,16
0.4809134006500244,0.0248092208057642,0.008800099603831768,1.140758740802994e-05,0.7436286807060242,0.01720559597015381,0.12775440514087677,0.03938940539956093,-0.0017539536347612739,-8.145414540194906e-06,8.942676504375413e-05,0.0016207743901759386,0.5164072513580322,0.021030286327004433,0.004420210141688585,0.00018513089162297547,0,1,0,0,0,0,0,0,1,0,2
0.4900848865509033,0.024588892236351967,0.009282523766160011,-0.00029925492708571255,0.7797589898109436,0.015537303872406483,0.11251652985811234,0.033602386713027954,-0.001574340625666082,7.54478196540731e-06,0.00014795752940699458,0.0007978354697115719,0.5220044851303101,0.020987598225474358,0.0063461363315582275,-9.819825936574489e-05,0,1,0,0,0,0,0,0,1,0,13
0.49981042742729187,0.024267304688692093,0.01022359263151884,-0.0003490216622594744,0.8112676739692688,0.014054058119654655,0.10885298252105713,0.030034121125936508,-0.001413328805938363,1.9742827134905383e-05,0.00017765045049600303,0.0,0.5293271541595459,0.020852049812674522,0.007761442568153143,-0.00014051614562049508,0,1,0,0,0,0,0,0,1,0,5
0.5104958415031433,0.0238902997225523,0.011094363406300545,-0.0004046925459988415,0.839759349822998,0.012713316828012466,0.10937929153442383,0.02729913964867592,-0.001284627360291779,1.794500531104859e-05,0.00016147330461535603,-1.1748414741052926e-11,0.537966787815094,0.020667726173996925,0.008996706455945969,-0.00018917632405646145,0,0,0,0,1,0,0,0,1,0,18
0.5219652652740479,0.023474659770727158,0.01184829231351614,-0.00043497083242982626,0.8657503724098206,0.01149024162441492,0.10953912138938904,0.02497507818043232,-0.0011752633145079017,1.6417496226495132e-05,0.00014772836584597826,-5.865440945440614e-12,0.5476639866828918,0.020428843796253204,0.009893110953271389,-0.00023887731367722154,0,0,0,0,1,0,0,0,1,0,18
0.5341309905052185,0.02302495762705803,0.01246840599924326,-0.0004683574952650815,0.8896008133888245,0.010367906652390957,0.1096520647406578,0.02297290973365307,-0.0010810462990775704,1.5101503777259495e-05,0.0001358867302769795,1.1717056144777693e-11,0.5582010746002197,0.020151326432824135,0.010760302655398846,-0.00027941286680288613,0,0,0,0,1,0,0,0,1,0,2
0.5468312501907349,0.02254713885486126,0.012923642061650753,-0.0004892487195320427,0.9115946888923645,0.00933292880654335,0.1097344234585762,0.021227411925792694,-0.0009989073732867837,1.3954171663499437e-05,0.00012556283036246896,-2.926491297558509e-12,0.5695756673812866,0.019829487428069115,0.011637167073786259,-0.0003268268483225256,0,1,0,0,0,0,0,0,1,0,12
0.5599462389945984,0.02205032855272293,0.013292424380779266,-0.0005075349472463131,0.9319608211517334,0.008374545723199844,0.10979539155960083,0.019689762964844704,-0.0009265493717975914,1.2943448382429779e-05,0.00011646814527921379,-8.77270044802314e-12,0.5816648602485657,0.019470924511551857,0.012244410812854767,-0.0003588781983125955,0,1,0,0,0,0,0,0,1,0,7
0.5733781456947327,0.02153741754591465,0.013553853146731853,-0.0005192332901060581,0.9508859515190125,0.007483979221433401,0.10984113812446594,0.018322715535759926,-0.0008622200693935156,1.2044848517689388e-05,0.00010838226444320753,-5.844741357563521e-12,0.5942718982696533,0.019080767408013344,0.012797201983630657,-0.0004009867843706161,0,0,0,0,0,0,1,0,1,0,4
0.5870422124862671,0.021015161648392677,0.013766096904873848,-0.000528026488609612,0.968524158000946,0.006653974298387766,0.10987588763237,0.01709739677608013,-0.0008045591530390084,1.123938272939995e-05,0.00010113460302818567,2.9208163665472853e-12,0.6073244214057922,0.018659833818674088,0.013135917484760284,-0.0004190321487840265,0,0,0,1,0,0,0,0,1,0,13
0.6008878946304321,0.020485220476984978,0.01392301358282566,-0.0005346343386918306,0.9850040674209595,0.005878474563360214,0.10990257561206818,0.015991026535630226,-0.0007524961838498712,1.0512108019611333e-05,9.459043212700635e-05,2.9195062166420538e-12,0.6206642389297485,0.018220510333776474,0.013397714123129845,-0.00043765356531366706,0,0,0,1,0,0,0,0,1,0,0
0.6148629188537598,0.01995026133954525,0.014031465165317059,-0.0005388116114772856,1.0004345178604126,0.005152365192770958,0.10992327332496643,0.014985422603785992,-0.0007051751017570496,9.851069080468733e-06,8.864221308613196e-05,-1.4591962620852383e-12,0.6342455744743347,0.01776125282049179,0.013632325455546379,-0.0004588713636621833,0,0,0,1,0,0,0,0,1,0,13
0.6289381384849548,0.01941012591123581,0.014118821360170841,-0.0005436321953311563,1.0149075984954834,0.004471298307180405,0.10993947833776474,0.014065896160900593,-0.000661904807202518,9.246614354196936e-06,8.320317283505574e-05,0.0,0.6479942798614502,0.01728866994380951,0.013772907666862011,-0.00047001917846500874,0,0,0,1,0,0,0,0,1,0,6
