lt_dp_posx,lt_dp_posy,lt_dp_velx,lt_dp_vely,ball_posx,ball_posy,ball_posz,ball_vel_x,ball_vel_y,ball_rot_x,ball_rot_y,ball_rot_z,rt_gk_posx,rt_gk_posy,rt_gk_velx,rt_gk_vely,action_left,action_top_left,action_top,action_top_right,action_right,action_bottom_right,action_bottom,action_bottom_left,action_sprint,action_dribble,sel_action
-1.0110293626785278,-0.0,0.0,-0.0,0.019999999552965164,-0.0,0.11061639338731766,-0.0,0.0,0.0,-0.0,0.0,1.0110293626785278,0.0,-0.0,0.0,0,0,0,0,0,0,0,0,0,0,5
0.0003232249873690307,3.611415333448775e-11,0.0019679905381053686,1.662530529911166e-11,0.019999999552965164,-0.0,0.11059734225273132,-0.0,0.0,0.0,-0.0,0.0,1.0110293626785278,0.0,-0.0,0.0,0,0,0,0,1,0,0,0,0,0,5
0.003518223762512207,-4.471794046168043e-10,0.00461391219869256,-1.6609701114500552e-10,0.019999999552965164,-0.0,0.10930104553699493,-0.0,0.0,0.0,-0.0,0.0,1.0110293626785278,0.0,-0.0,0.0,0,0,0,0,1,0,0,0,0,0,13
0.0067827049642801285,-4.065444869638668e-09,0.006209578365087509,-3.939983339584785e-10,0.019999999552965164,-0.0,0.11075475811958313,0.009301895275712013,-9.81753456308354e-10,-1.3323461257874758e-12,-9.537270670989528e-06,-1.9264115042744168e-13,1.0097103118896484,-9.902513531390156e-11,-0.0033988673239946365,-2.362412210299425e-10,0,0,0,0,1,0,0,0,1,0,13
0.013608737848699093,-4.626344640712432e-09,0.007666833233088255,-1.3539068477452787e-10,0.028729340061545372,-9.237723364030614e-10,0.11672445386648178,0.008388200774788857,-8.890849723108829e-10,4.264985500185281e-12,1.4521090633934364e-05,-4.8596057733441e-12,1.005424976348877,-3.2450025999608556e-10,-0.0050032841973006725,-1.9495559333559953e-10,0,0,0,0,1,0,0,0,1,0,18
0.021998634561896324,-4.736094183499517e-09,0.008955181576311588,-1.4703134543214702e-10,0.0367124043405056,-1.7711865307745711e-09,0.11083060503005981,0.007774220779538155,-8.254595340595472e-10,1.1531882219972811e-11,4.5988213969394565e-05,1.3888051258059862e-18,0.9995788931846619,-4.344640758269236e-10,-0.0065179429948329926,-2.6847211953562322e-11,0,0,0,0,1,0,0,0,1,0,0
0.03128376230597496,-5.227688504305661e-09,0.009851339273154736,-2.586571512530611e-10,0.04424729198217392,-2.5712347806461366e-09,0.11303327977657318,0.007341973949223757,-7.795642464891728e-10,1.0890295609744527e-11,4.342960528447293e-05,0.0,0.9922854900360107,1.639876984205202e-10,-0.007902874611318111,4.924171626008444e-10,0,0,0,0,1,0,0,0,1,0,18
0.039300594478845596,-7.460957185401185e-09,0.009585152380168438,-1.4680764937047286e-10,0.051356177777051926,-3.3260494358700043e-09,0.11132436990737915,0.006917912513017654,-7.345377639467188e-10,1.0261196406458062e-11,4.09208114433568e-05,2.0828866909325204e-18,0.9837011694908142,4.6386405827547605e-10,-0.009114601649343967,1.2901704704582073e-10,0,0,0,0,1,0,0,0,1,0,5
0.048777446150779724,-8.318142619145874e-09,0.010424151085317135,-8.550311153543433e-11,0.06319747865200043,1.9806911950581707e-05,0.14544066786766052,0.013863112777471542,2.7952337404713035e-05,2.853884097930859e-07,8.174259164661635e-06,3.596867941269011e-07,0.9743693470954895,9.385614418988553e-08,-0.009437869302928448,2.592430803360912e-07,0,0,0,0,1,0,0,0,1,0,18
0.059428174048662186,2.257829237350961e-06,0.010675542056560516,5.6656449487491045e-06,0.07693091034889221,4.744628313346766e-05,0.11182162165641785,0.013442620635032654,2.6796406018547714e-05,2.3698630968738144e-07,1.3421218682196923e-05,4.073845047969371e-07,0.9644050598144531,5.616847147393855e-07,-0.010371208190917969,6.75380761094857e-07,0,0,0,0,1,0,0,0,1,0,5
0.07055892050266266,1.1475821338535752e-05,0.011478145606815815,1.2568523743539117e-05,0.08951878547668457,7.154946069931611e-05,0.12184842675924301,0.012235984206199646,2.3131804482545704e-05,-1.340862212373395e-07,5.2926559874322265e-05,3.332993117055594e-07,0.9536177515983582,1.5273042208718834e-06,-0.010990395210683346,1.2305689551794785e-06,0,0,0,0,1,0,0,0,1,0,18
0.08240897953510284,2.7949152354267426e-05,0.01214584894478321,1.834825161495246e-05,0.10134448856115341,9.373483044328168e-05,0.11328307539224625,0.011542637832462788,2.1620586267090403e-05,-3.020498411387962e-07,6.828126061009243e-05,9.109785137611376e-14,0.9426805973052979,3.165106591040967e-06,-0.011172715574502945,2.0269146716600517e-06,0,0,0,0,1,0,0,0,1,0,0
0.09487715363502502,4.8418052756460384e-05,0.012709463015198708,2.2747610273654573e-05,0.11253603547811508,0.00011469778110040352,0.11222716420888901,0.010908451862633228,2.0432697056094185e-05,-2.8544289421006397e-07,6.45270774839446e-05,4.5540980519011634e-14,0.9311493039131165,5.6127710195141844e-06,-0.011804524809122086,2.8009931156702805e-06,0,0,0,0,1,0,0,0,1,0,16
0.10783255100250244,7.45961006032303e-05,0.013138792477548122,2.9016324333497323e-05,0.12310614436864853,0.0001344967313343659,0.11061712354421616,0.010296527296304703,1.9286491806269623e-05,-2.6942581143885036e-07,6.090627357480116e-05,4.553374685764208e-14,0.9190320372581482,8.676729521539528e-06,-0.012362704612314701,3.2721129628043855e-06,0,0,0,0,1,0,0,0,1,0,18
0.12106192111968994,-0.0015573311829939485,0.013239067979156971,1.906436045828741e-05,0.1330789178609848,0.00015317683573812246,0.11057806015014648,0.009713254868984222,1.819395947677549e-05,-2.5416656512788904e-07,5.7456774811726063e-05,4.552724842087075e-14,0.9064158201217651,1.2292446626815945e-05,-0.012806584127247334,3.901305717590731e-06,0,0,0,0,1,0,0,0,1,0,5
0.13430096209049225,-0.002248994540423155,0.013239067979156971,7.151131285354495e-06,0.14688079059123993,-2.3716376745142043e-05,0.15487340092658997,0.015494382940232754,-0.0002585174806881696,-6.124692220055294e-08,1.0371490134275518e-05,-7.978151188581251e-07,0.8934142589569092,1.5887395420577377e-05,-0.013147382065653801,1.509374783381645e-06,0,0,0,0,1,0,0,0,1,0,18
0.14758895337581635,-0.0022397974971681833,0.013399036601185799,2.9517132134060375e-05,0.1622679978609085,-0.0002804386313073337,0.133361354470253,0.015299688093364239,-0.00025526570971123874,-6.124692220055294e-08,1.0371490134275518e-05,-7.978151188581251e-07,0.8801179528236389,1.0165147614316083e-05,-0.013407538644969463,-1.2045378753100522e-05,0,0,0,0,1,0,0,0,1,0,0
0.16113540530204773,-0.002138732001185417,0.013655073940753937,0.00016751329530961812,0.17667743563652039,-0.0005194824771024287,0.12949678301811218,0.013872935436666012,-0.00022936855384614319,1.5779086197653669e-06,4.6477176510961726e-05,-1.8851172853828757e-06,0.8665978908538818,-9.311153917224146e-06,-0.013603883795440197,-2.5505385565338656e-05,0,0,0,0,1,0,0,0,1,0,0
0.1748981922864914,-0.001893499051220715,0.013842477463185787,0.00029482730315066874,0.19008246064186096,-0.0007406729273498058,0.11954514682292938,0.013008125126361847,-0.00021437455143313855,2.9947946131869685e-06,7.694737723795697e-05,3.645518674259829e-13,0.8529088497161865,-4.055384124512784e-05,-0.013752544298768044,-3.68057080777362e-05,0,0,0,0,1,0,0,0,1,0,16
0.18882404267787933,-0.001626532175578177,0.013987807556986809,0.00023839541245251894,0.20272517204284668,-0.0009490253869444132,0.11305642873048782,0.012332653626799583,-0.00020324270008131862,2.839350599970203e-06,7.29534585843794e-05,7.289510791860798e-13,0.8390926718711853,-8.389390131924301e-05,-0.01386404037475586,-4.8572648665867746e-05,0,0,0,0,1,0,0,0,1,0,16
0.20287373661994934,-0.0014230048982426524,0.014095447026193142,0.00017573923105373979,0.2146746665239334,-0.0011459528468549252,0.11263247579336166,0.011641700752079487,-0.00019185572455171496,2.680164698176668e-06,6.886339542688802e-05,-3.644015698998221e-13,0.82518070936203,-0.0001363156334264204,-0.013947486877441406,-5.291527486406267e-05,0,0,0,0,1,0,0,0,1,0,18
0.21697726845741272,-0.0012826782185584307,0.014121797867119312,0.00011324595106998459,0.22595572471618652,-0.0013318649725988507,0.10997554659843445,0.01098864246159792,-0.00018109324446413666,2.529871380829718e-06,6.50018046144396e-05,7.286713550255786e-13,0.8111972212791443,-0.00018891357467509806,-0.014009896665811539,-5.232695912127383e-05,0,0,0,0,1,0,0,0,1,0,13
0.23101142048835754,-0.0012053726240992546,0.013827050104737282,4.9278994993073866e-05,0.23934535682201385,-0.0014098640531301498,0.1489134579896927,0.015875892713665962,2.157586277462542e-05,8.989527486846782e-07,1.2277479072508868e-05,-9.624475296732271e-07,0.7971602082252502,-0.0002409039589110762,-0.014056879095733166,-5.17964617756661e-05,0,0,0,0,1,0,0,0,1,0,5
0.2444782555103302,-0.0007210586336441338,0.013312587514519691,5.217973011895083e-06,0.25510933995246887,-0.0013884406071156263,0.14991647005081177,0.015672532841563225,2.1320780433597974e-05,8.989527486846782e-07,1.2277479072508868e-05,-9.624475296732271e-07,0.7830834984779358,-0.00029266352066770196,-0.01409123931080103,-5.1723382057389244e-05,0,0,0,0,1,0,0,0,1,0,5
0.2577905058860779,0.0010149494046345353,0.01331257913261652,2.8457652661018074e-06,0.2703489661216736,-0.0013445076765492558,0.13528884947299957,0.015916716307401657,0.0002661647740751505,4.045680555009312e-07,-7.784921081110951e-07,1.8110119981429307e-07,0.7689770460128784,-0.0003443306195549667,-0.014117185026407242,-5.161688386579044e-05,0,0,0,0,1,0,0,0,1,0,5
0.27110302448272705,0.0010164912091568112,0.013312522321939468,4.7412785875167174e-07,0.2861524820327759,-0.0010802551405504346,0.17414525151252747,0.015711896121501923,0.00026271300157532096,4.045680555009312e-07,-7.784921081110951e-07,1.8110119981429307e-07,0.754848062992096,-0.0003816762182395905,-0.01413752045482397,-1.9919609258067794e-05,0,0,0,0,1,0,0,0,1,0,0
0.28454819321632385,0.0009882637532427907,0.013567769899964333,-7.276169344549999e-05,0.301740437746048,-0.0008196192793548107,0.1152200698852539,0.015382504090666771,0.0002570875221863389,3.152789815885626e-07,1.2732598406728357e-06,3.6035410744261753e-07,0.7407025694847107,-0.00037977940519340336,-0.014151545241475105,1.975874329218641e-05,0,0,0,0,1,0,0,0,1,0,18
0.29823794960975647,0.0008396594203077257,0.013779542408883572,-0.00020962333655916154,0.3159903883934021,-0.000582842854782939,0.13555479049682617,0.013996797613799572,0.00023232541570905596,-9.926856137099094e-07,3.1288498576032e-05,1.909007551148534e-06,0.7265447974205017,-0.0003419362474232912,-0.014162764884531498,4.442029967322014e-05,0,0,0,0,1,0,0,0,1,0,18
0.312107652425766,0.0005828877328895032,0.01393801998347044,-0.0002551667857915163,0.32952404022216797,-0.0003586143138818443,0.12166457623243332,0.013023744337260723,0.0002153377135982737,-2.6228829028696055e-06,6.836216198280454e-05,7.775646508889622e-07,0.7123777866363525,-0.00029638869455084205,-0.014170478098094463,4.6469209337374195e-05,0,0,0,0,1,0,0,0,1,0,6
0.32580164074897766,0.0007484935922548175,0.013893187046051025,-0.00021514865511562675,0.34218865633010864,-0.00014925803407095373,0.11578278243541718,0.01235992182046175,0.00020431623852346092,-2.8542999643832445e-06,7.311353692784905e-05,-1.0934354550268255e-12,0.6982041001319885,-0.00024879464763216674,-0.014176088385283947,4.851366247748956e-05,0,0,0,0,0,1,0,0,1,0,6
0.33872392773628235,0.001887930789962411,0.013500720262527466,0.00016552630404476076,0.35417523980140686,4.888750481768511e-05,0.11158435791730881,0.01477891020476818,0.0035128332674503326,8.690756658324972e-06,9.261942068405915e-06,1.0325982657377608e-05,0.6840255260467529,-0.00019991652516182512,-0.014180295169353485,4.917583646601997e-05,0,0,0,0,0,1,0,0,1,0,12
0.35168325901031494,0.002410975517705083,0.012463681399822235,0.0010440652258694172,0.3684733211994171,0.0034286624286323786,0.15605111420154572,0.014190606772899628,0.0033526034094393253,3.6200576687406283e-06,1.6110187061713077e-05,1.747997521306388e-05,0.6698430776596069,-0.00015037812408991158,-0.014183801598846912,4.9834558012662455e-05,0,0,0,0,0,1,0,0,1,0,12
0.36396220326423645,0.004346654284745455,0.01192899327725172,0.0025816296692937613,0.3824957311153412,0.006738266441971064,0.10035084933042526,0.013621393591165543,0.0031998034100979567,-1.919096575875301e-06,2.3516959117841907e-05,2.286582821398042e-05,0.6556606292724609,-2.8821759769925848e-06,-0.014176789671182632,0.0003284752310719341,0,0,0,0,0,1,0,0,1,0,18
0.3757980763912201,0.00690508633852005,0.01197878085076809,0.0025793055538088083,0.39535319805145264,0.009720047935843468,0.12494635581970215,0.012613387778401375,0.002918327460065484,-2.4586197469034232e-05,5.355821122066118e-05,2.2447125957114622e-05,0.6415032148361206,0.0005805009859614074,-0.0141361178830266,0.0007917471812106669,0,0,0,0,0,1,0,0,1,0,14
0.38804030418395996,0.009501444175839424,0.012443697080016136,0.002598776714876294,0.40754538774490356,0.012532719410955906,0.11463117599487305,0.011897856369614601,0.0027428807225078344,-3.8319565646816045e-05,7.038297917461023e-05,-1.1661713261723605e-11,0.6274062991142273,0.0016218142118304968,-0.014064592309296131,0.0012238684576004744,0,0,0,0,0,0,0,0,1,0,14
0.4006938636302948,0.012090572156012058,0.012807635590434074,0.0025860145688056946,0.4190819263458252,0.015192295424640179,0.11210113763809204,0.011245273053646088,0.0025924360379576683,-3.621458381530829e-05,6.651670264545828e-05,-1.7489332898579235e-11,0.6133801937103271,0.0030180891044437885,-0.013992365449666977,0.0015370940091088414,0,0,0,0,0,0,0,0,1,0,12
0.4136359393596649,0.01471632532775402,0.013039743527770042,0.0026598928961902857,0.42998242378234863,0.01770525798201561,0.1089971512556076,0.010622124187648296,0.002448779297992587,-3.4209966543130577e-05,6.283470429480076e-05,-2.3315224750852792e-11,0.5994349122047424,0.004726631101220846,-0.013904010877013206,0.001848521176725626,0,0,0,0,0,0,0,0,1,0,5
0.42649295926094055,0.017650457099080086,0.01275750994682312,0.0026162683498114347,0.4402717649936676,0.020077310502529144,0.11143915355205536,0.010021895170211792,0.002310404786840081,-3.22758533002343e-05,5.9282261645421386e-05,0.0,0.5856010913848877,0.006782075855880976,-0.013767621479928493,0.002239024266600609,0,0,0,0,1,0,0,0,1,0,14
0.4381832778453827,0.020385241135954857,0.011347499676048756,0.0019419132731854916,0.449980765581131,0.022315582260489464,0.10863298177719116,0.009457848966121674,0.002180371666327119,-3.0459936169791035e-05,5.594691901933402e-05,0.0,0.5719247460365295,0.00924499798566103,-0.013597222045063972,0.0026453554164618254,0,0,0,0,0,0,0,0,1,0,14
0.44760504364967346,0.021913662552833557,0.008355168625712395,0.0012645168462768197,0.5066821575164795,0.021244898438453674,0.40836697816848755,0.060748983174562454,-0.001713035861030221,1.0857374036277179e-05,3.7168585549807176e-05,0.002202920848503709,0.5586967468261719,0.012020551599562168,-0.012322734110057354,0.0026804052758961916,0,0,0,0,0,0,0,0,1,0,6
0.4553943872451782,0.023128308355808258,0.00739483255892992,0.0011787174735218287,0.5658355355262756,0.019165925681591034,0.5491783618927002,0.057873208075761795,-0.0023685127962380648,1.0857374036277179e-05,3.7168585549807176e-05,0.002202920848503709,0.5485660433769226,0.014301844872534275,-0.007998242042958736,0.0019053808646276593,0,0,0,0,0,1,0,0,1,0,11
0.46236714720726013,0.02381838485598564,0.006643814034759998,0.0005494321812875569,0.6221997141838074,0.016467707231640816,0.5027742981910706,0.05515018850564957,-0.0029581293929368258,1.0857374036277179e-05,3.7168585549807176e-05,0.002202920848503709,0.5436561107635498,0.015554855577647686,-0.0022975837346166372,0.0006198597839102149,0,0,0,0,0,1,0,0,1,0,18
0.4685743451118469,0.024325648322701454,0.0064579881727695465,0.00049357779789716,0.6759120225906372,0.013215634971857071,0.28105029463768005,0.052553363144397736,-0.00348303304053843,1.0857374036277179e-05,3.7168585549807176e-05,0.002202920848503709,0.5446999669075012,0.01579924300312996,0.0030461479909718037,9.780580148799345e-05,0,0,0,0,0,1,0,0,1,0,4
0.4758944809436798,0.024650413542985916,0.00799473561346531,0.00012659569620154798,0.7235181927680969,0.009731345809996128,0.2024957239627838,0.04308072850108147,-0.0034094545990228653,1.411980701959692e-05,5.647632133332081e-05,0.0020237474236637354,0.5478507876396179,0.015890320762991905,0.0035398146137595177,9.348517778562382e-05,0,0,0,1,0,0,0,0,1,0,7
0.48460838198661804,0.024408189579844475,0.00925029069185257,-0.0005850380985066295,0.7657586932182312,0.006140728015452623,0.24391703307628632,0.04154836758971214,-0.0037316589150577784,1.411980701959692e-05,5.647632133332081e-05,0.0020237474236637354,0.5515455007553101,0.015976406633853912,0.003941970877349377,8.294742292491719e-05,0,0,0,0,0,0,1,0,1,0,12
0.4939436614513397,0.023686552420258522,0.009595646522939205,-0.0007602871628478169,0.8064163327217102,0.0022569226566702127,0.10360068082809448,0.0396406389772892,-0.003972919192165136,1.4574099623132497e-05,5.833932664245367e-05,0.002001049229875207,0.556276261806488,0.016061345115303993,0.005366872530430555,8.162128506228328e-05,0,0,0,0,0,0,1,0,1,0,8
0.5040874481201172,0.0228654146194458,0.01056439708918333,-0.0008715682197362185,0.8422282338142395,-0.0014964006841182709,0.14955562353134155,0.03526139259338379,-0.0038235592655837536,1.9760545910685323e-05,7.947804260766134e-05,0.001737066893838346,0.5623971819877625,0.016118541359901428,0.0067609199322760105,8.213462933781557e-06,0,0,0,0,0,0,0,1,1,0,8
0.5151110291481018,0.021938610821962357,0.011394304223358631,-0.0009646826656535268,0.8755442500114441,-0.005234685726463795,0.12778934836387634,0.031365249305963516,-0.0036007529124617577,2.882449007302057e-05,0.00011110604827990755,0.001248383428901434,0.569915235042572,0.016005218029022217,0.008109387010335922,-0.0002272819256177172,0,0,0,0,0,0,0,1,1,0,9
0.5269073843955994,0.020933544263243675,0.01209799014031887,-0.0010374345583841205,0.9051101803779602,-0.008684379979968071,0.11146225780248642,0.028092870488762856,-0.0033005536533892155,4.616299702320248e-05,0.0001663439761614427,2.3510023788864132e-11,0.5786733627319336,0.015605400316417217,0.009256251156330109,-0.0005276864976622164,0,0,0,0,0,0,0,1,1,0,16
0.539315402507782,0.019860003143548965,0.01263934001326561,-0.001101359841413796,0.9318280220031738,-0.011823389679193497,0.10943145304918289,0.025642788037657738,-0.0030127065256237984,4.20849937654566e-05,0.00015167742094490677,-2.347151119297397e-11,0.5881705284118652,0.015031781047582626,0.009877892211079597,-0.0006200879579409957,0,0,0,0,0,0,0,1,1,0,11
0.5521924495697021,0.018738115206360817,0.013054118491709232,-0.0011371083091944456,0.9562840461730957,-0.014696660451591015,0.10960474610328674,0.02353181503713131,-0.0027646939270198345,3.862078665406443e-05,0.00013919216871727258,-1.17207962085919e-11,0.5985223054885864,0.014344971626996994,0.010716213844716549,-0.0007405806099995971,0,0,0,0,0,0,0,1,1,0,18
0.5654261112213135,0.017585724592208862,0.01336721796542406,-0.001163745066151023,0.9787882566452026,-0.017340630292892456,0.10970000922679901,0.021701011806726456,-0.002549598226323724,3.5616318200482056e-05,0.00012836379755754024,-1.170888646456758e-11,0.6093564629554749,0.013566396199166775,0.010736549273133278,-0.000793554587289691,0,0,0,0,0,0,0,1,1,0,18
0.5789273977279663,0.016410091891884804,0.0136007284745574,-0.0011851770104840398,0.9995896220207214,-0.01978452317416668,0.10976981371641159,0.02009558118879795,-0.0023609802592545748,3.298163937870413e-05,0.00011886822176165879,5.849625471510134e-12,0.6204818487167358,0.012718879617750645,0.011423055082559586,-0.0008897632942534983,0,0,0,0,0,0,0,1,1,0,18
