lt_dp_posx,lt_dp_posy,lt_dp_velx,lt_dp_vely,ball_posx,ball_posy,ball_posz,ball_vel_x,ball_vel_y,ball_rot_x,ball_rot_y,ball_rot_z,rt_gk_posx,rt_gk_posy,rt_gk_velx,rt_gk_vely,action_left,action_top_left,action_top,action_top_right,action_right,action_bottom_right,action_bottom,action_bottom_left,action_sprint,action_dribble,sel_action
-1.0110293626785278,-0.0,0.0,-0.0,0.019999999552965164,-0.0,0.11061639338731766,-0.0,0.0,0.0,-0.0,0.0,1.0110293626785278,0.0,-0.0,0.0,0,0,0,0,0,0,0,0,0,0,5
0.00015037840057630092,2.3500980675383865e-11,0.0013189289020374417,1.1476692859946347e-11,0.019999999552965164,-0.0,0.11059734225273132,-0.0,0.0,0.0,-0.0,0.0,1.0109632015228271,-5.533358059944815e-12,-0.0006619621999561787,-5.533357799736294e-11,0,0,0,0,1,0,0,0,0,0,5
0.0031691715121269226,-1.4729044373051892e-10,0.004441720433533192,-1.5998294355945575e-10,0.019999999552965164,-0.0,0.10930104553699493,-0.0,0.0,0.0,-0.0,0.0,1.007768154144287,-2.1731465238428171e-10,-0.004207386635243893,-2.3128930715099472e-10,0,0,0,0,1,0,0,0,0,0,13
0.006755347363650799,-1.9727848243888957e-09,0.006048678886145353,-3.8464093021772783e-10,0.019999999552965164,-0.0,0.11075475811958313,0.009132358245551586,-6.102525151874261e-10,-9.59495612302963e-13,-9.290648449677974e-06,-1.3514365950102747e-13,1.0026906728744507,-3.971626638676895e-10,-0.005775339435786009,-1.1847492431549256e-10,0,0,0,0,1,0,0,0,1,0,0
0.013472572900354862,-2.37383379619871e-09,0.0075225005857646465,-1.3983243729587258e-10,0.028564196079969406,-5.73483871502134e-10,0.11566279828548431,0.008220103569328785,-5.511436307337192e-10,2.7343413991354204e-12,1.540233461128082e-05,-3.048026457966313e-12,0.9961044192314148,-1.0194620148062938e-10,-0.007231095340102911,6.244219585838096e-10,0,0,0,0,1,0,0,0,1,0,5
0.021728597581386566,-2.4931621211976562e-09,0.008830099366605282,-1.7714442412941622e-10,0.03639110177755356,-1.098855562098322e-09,0.11137876659631729,0.007626119069755077,-5.119860091440387e-10,7.1525793100823964e-12,4.511214137892239e-05,1.3887662483171962e-18,0.9881436228752136,3.799252579206325e-10,-0.008531177416443825,3.44048872724656e-10,0,0,0,0,1,0,0,0,1,0,5
0.030884457752108574,-2.8915978500521078e-09,0.009742104448378086,-2.557867528896196e-10,0.04378143325448036,-1.5950123444241626e-09,0.11308388411998749,0.007199582643806934,-4.833501376921845e-10,6.7522693165955605e-12,4.258733315509744e-05,0.0,0.9790472984313965,6.109864281178545e-10,-0.009335489943623543,9.47735667722327e-10,0,0,0,0,1,0,0,0,1,0,0
0.03871670365333557,-4.315660273590538e-09,0.009488384239375591,-1.456915837971806e-10,0.05075136199593544,-2.0629438157726554e-09,0.11133387684822083,0.0067814127542078495,-4.5527595582406377e-10,6.360022317825065e-12,4.0113383874995634e-05,1.0414196674212259e-18,0.9695028066635132,1.3740026894026869e-09,-0.009924523532390594,6.43131270461339e-10,0,0,0,0,1,0,0,0,1,0,0
0.0481535941362381,-4.8779331685011584e-09,0.010424151085317135,-8.550311153543433e-11,0.06255174428224564,1.9807825083262287e-05,0.14545662701129913,0.013862494379281998,2.7951748052146286e-05,2.8574416433002625e-07,7.852865564927924e-06,3.574637617020926e-07,0.9590960144996643,1.8120789313513797e-09,-0.010777922347187996,2.6463978231028307e-10,0,0,0,0,1,0,0,0,1,0,0
0.05880432575941086,2.2622923552262364e-06,0.010675586760044098,5.6682042668398935e-06,0.0762847363948822,4.744746911455877e-05,0.1118934229016304,0.013442620635032654,2.679966200958006e-05,2.377745857984337e-07,1.3073053196421824e-05,4.052881195093505e-07,0.9481951594352722,3.143339881717111e-07,-0.01080527063459158,7.777659334351483e-07,0,0,0,0,1,0,0,0,1,0,18
0.06993506848812103,1.1484446986287367e-05,0.011478145606815815,1.257419899047818e-05,0.08886968344449997,7.155008643167093e-05,0.12182199954986572,0.01223134994506836,2.3126956875785254e-05,-1.3186331671022344e-07,5.258679448161274e-05,3.3605005000936217e-07,0.9369930624961853,1.7040102875398588e-06,-0.011505099013447762,1.880680088106601e-06,0,0,0,0,1,0,0,0,1,0,13
0.08178512752056122,2.796519038383849e-05,0.01214584894478321,1.8356384316575713e-05,0.10068909823894501,9.37250952119939e-05,0.11328832805156708,0.011536143720149994,2.1609197574434802e-05,-3.0189087851795193e-07,6.824287993367761e-05,9.109768196952431e-14,0.9251608848571777,4.1393905121367425e-06,-0.012094132602214813,2.704647613427369e-06,0,0,0,0,1,0,0,0,1,0,13
0.094253309071064,4.844326031161472e-05,0.012709463015198708,2.2758025806979276e-05,0.11187440156936646,0.00011467708827694878,0.11222796887159348,0.010902363806962967,2.0422017769305967e-05,-2.8529396445264865e-07,6.449109059758484e-05,4.5540909368244065e-14,0.9127786755561829,7.096003173501231e-06,-0.012599019333720207,3.199785169272218e-06,0,0,0,0,1,0,0,0,1,0,16
0.10720869898796082,7.463372458005324e-05,0.013138792477548122,2.9030472433078103e-05,0.12243863940238953,0.0001344657503068447,0.11061705648899078,0.010290814563632011,1.9276472812634893e-05,-2.692860903152905e-07,6.087252404540777e-05,-2.2766841241569045e-14,0.899957001209259,1.0606255273160059e-05,-0.012988903559744358,3.7581121432594955e-06,0,0,0,0,1,0,0,0,1,0,5
0.12043807655572891,-0.0015572881093248725,0.013239067979156971,1.9073913790634833e-05,0.13240589201450348,0.0001531361194793135,0.11057811975479126,0.009707863442599773,1.8184513464802876e-05,-2.540348020829697e-07,5.742492066929117e-05,0.0,0.8867981433868408,1.4591198123525828e-05,-0.013286225497722626,4.207870915706735e-06,0,0,0,0,1,0,0,0,1,0,16
0.13367711007595062,-0.0022489482071250677,0.013239067979156971,7.15291389496997e-06,0.14620883762836456,-2.373446841374971e-05,0.15489958226680756,0.01549815945327282,-0.00025848159566521645,-6.145284459080358e-08,1.035109926306177e-05,-7.976559572853148e-07,0.8733821511268616,1.9102595615549944e-05,-0.01351272314786911,4.750497282657307e-06,0,0,0,0,1,0,0,0,1,0,16
0.1469651162624359,-0.0022397455759346485,0.013399124145507812,2.953495641122572e-05,0.1615997850894928,-0.0002804206742439419,0.13342636823654175,0.015303369611501694,-0.0002552294754423201,-6.145284459080358e-08,1.035109926306177e-05,-7.976559572853148e-07,0.8597712516784668,2.121543548128102e-05,-0.013683823868632317,-5.566755135077983e-06,0,0,0,0,1,0,0,0,1,0,5
0.1605115532875061,-0.0021386186126619577,0.013655073940753937,0.00016761489678174257,0.17601393163204193,-0.0005194554687477648,0.12947969138622284,0.013877090066671371,-0.00022935426386538893,1.5755190361232962e-06,4.6431094233412296e-05,-1.8863327113649575e-06,0.8460135459899902,9.852816447164514e-07,-0.01381285022944212,-3.1809802749194205e-05,0,0,0,0,1,0,0,0,1,0,0
0.17427434027194977,-0.0018932361854240298,0.013842477463185787,0.00029500556411221623,0.18942224979400635,-0.0007406195509247482,0.11955031007528305,0.013010967522859573,-0.00021434301743283868,2.9943535082566086e-06,7.69641701481305e-05,0.0,0.8321458697319031,-4.4289216020843014e-05,-0.013908217661082745,-5.4211912356549874e-05,0,0,0,0,1,0,0,0,1,0,5
0.1882001906633377,-0.0016261148266494274,0.013987807556986809,0.00023852552112657577,0.20206771790981293,-0.0009489418589510024,0.1130528375506401,0.012335369363427162,-0.00020321320334915072,2.8389374620019225e-06,7.296949479496107e-05,0.0,0.8181960582733154,-9.80406257440336e-05,-0.013980444520711899,-5.336166577762924e-05,0,0,0,0,1,0,0,0,1,0,5
0.20224988460540771,-0.0014224890619516373,0.014095447026193142,0.00017581319843884557,0.214019775390625,-0.0011458405060693622,0.11263199150562286,0.011644234880805016,-0.0001918274792842567,2.679770204849774e-06,6.887839845148847e-05,-7.28803736110839e-13,0.8041842579841614,-0.00015089698717929423,-0.014035141095519066,-5.243268242338672e-05,0,0,0,0,1,0,0,0,1,0,16
0.21633881330490112,-0.0012832075590267777,0.01412188820540905,0.00011328830441925675,0.2253032624721527,-0.0013317250413820148,0.109975166618824,0.010991007089614868,-0.00018106619245372713,2.5294925762864295e-06,6.501578900497407e-05,3.643358943532238e-13,0.7901260852813721,-0.00020337593741714954,-0.014075110666453838,-5.290892659104429e-05,0,0,0,0,1,0,0,0,1,0,5
0.2303602546453476,-0.0012068294454365969,0.013827050104737282,4.9296821089228615e-05,0.23869405686855316,-0.0014097971143200994,0.14891332387924194,0.015875929966568947,2.140471406164579e-05,8.988235435936076e-07,1.228290238941554e-05,-9.630431350160507e-07,0.7760334014892578,-0.00025687471497803926,-0.014105264097452164,-5.397705172072165e-05,0,0,0,0,1,0,0,0,1,0,16
0.24382716417312622,-0.0007222496788017452,0.013312682509422302,5.2188283916621e-06,0.25445806980133057,-0.0013885432854294777,0.14991557598114014,0.015672573819756508,2.1151829059817828e-05,8.988235435936076e-07,1.228290238941554e-05,-9.630431350160507e-07,0.7619151473045349,-0.0003106628137174994,-0.014127703383564949,-5.1199793233536184e-05,0,0,0,0,1,0,0,0,1,0,5
0.2571396827697754,0.0010147233260795474,0.013312676921486855,2.8466208732425002e-06,0.26969772577285767,-0.001344757154583931,0.13528916239738464,0.015916766598820686,0.00026616515242494643,4.048735320338892e-07,-7.757137154840166e-07,1.8028180193141452e-07,0.7477779984474182,-0.00035541574470698833,-0.01414453238248825,-3.947158984374255e-05,0,0,0,0,1,0,0,0,1,0,5
0.2704523801803589,0.0010162651306018233,0.013312697410583496,4.7412785875167174e-07,0.28550130128860474,-0.0010805045021697879,0.1741456836462021,0.015711940824985504,0.0002627132926136255,4.048735320338892e-07,-7.757137154840166e-07,1.8028180193141452e-07,0.7336263060569763,-0.00038841922651045024,-0.014157154597342014,-2.770706851151772e-05,0,0,0,0,1,0,0,0,1,0,6
0.2838975489139557,0.00098803685978055,0.013567769899964333,-7.276436372194439e-05,0.30108925700187683,-0.0008198682917281985,0.11522019654512405,0.015382549725472927,0.00025708775501698256,3.1557920010527596e-07,1.2759451237798203e-06,3.5955881116933597e-07,0.719464123249054,-0.0004008933319710195,-0.014166271314024925,1.585030759088113e-06,0,0,0,0,0,1,0,0,1,0,5
0.2975873053073883,0.0008394285687245429,0.013779542408883572,-0.00020962867711205035,0.31533917784690857,-0.0005830927402712405,0.13555492460727692,0.013996867462992668,0.00023232442617882043,-9.924939377015107e-07,3.129048127448186e-05,1.908578269649297e-06,0.7052938938140869,-0.0003821121936198324,-0.014173283241689205,3.2854743039933965e-05,0,0,0,0,1,0,0,0,1,0,5
0.3114570379257202,0.000582649779971689,0.01393801998347044,-0.0002551739162299782,0.3288729190826416,-0.000358865421731025,0.12166455388069153,0.01302383653819561,0.00021533628751058131,-2.623293084980105e-06,6.83734833728522e-05,7.766690828248102e-07,0.6911177635192871,-0.00033685177913866937,-0.014178192242980003,4.8133333621080965e-05,0,0,0,0,1,0,0,0,1,0,6
0.3251512050628662,0.0007483274093829095,0.013893436640501022,-0.00021515686239581555,0.34153756499290466,-0.00014951021876186132,0.11578286439180374,0.012360021471977234,0.00020431526354514062,-2.8542865493363934e-06,7.31141262804158e-05,-3.6447854825406856e-13,0.6769371032714844,-0.00028912228299304843,-0.014181697741150856,4.7398527385666966e-05,0,0,0,0,0,1,0,0,1,0,7
0.3380739688873291,0.0018879780545830727,0.013500984758138657,0.00016552038141526282,0.35352426767349243,4.863433423452079e-05,0.1115843802690506,0.014778982847929,0.0035128488671034575,8.690808499522973e-06,9.262037565349601e-06,1.0326093615731224e-05,0.662753164768219,-0.0002418689546175301,-0.014185204170644283,4.9269638111582026e-05,0,0,0,0,0,0,1,0,1,0,12
0.3510333299636841,0.0024110355880111456,0.012463681399822235,0.0010440598707646132,0.36782243847846985,0.0034284242428839207,0.1560518443584442,0.014190679416060448,0.003352618310600519,3.6201984130457276e-06,1.6110161595861427e-05,1.7480009773862548e-05,0.648566722869873,-0.0001786556385923177,-0.01418730802834034,7.462255598511547e-05,0,0,0,0,0,0,1,0,1,0,10
0.3633122444152832,0.004346709232777357,0.01192864216864109,0.0025816296692937613,0.38184496760368347,0.006738047581166029,0.10035223513841629,0.013621499761939049,0.0031998290214687586,-1.9181720745109487e-06,2.351588409510441e-05,2.2865320715936832e-05,0.6343788504600525,-9.00876329978928e-05,-0.01418871060013771,9.997825691243634e-05,0,0,0,0,0,0,1,0,1,0,15
0.37514832615852356,0.006905127316713333,0.011979131028056145,0.002579284133389592,0.3947024941444397,0.0097198486328125,0.12494590878486633,0.012613466940820217,0.0029183432925492525,-2.458589369780384e-05,5.355796020012349e-05,2.2447662558988668e-05,0.6201975345611572,0.0001916129986057058,-0.01416557002812624,0.0005446766735985875,0,0,0,0,0,0,1,0,0,0,12
0.3873908519744873,0.009501464664936066,0.012444047257304192,0.002598755294457078,0.4068946838378906,0.012532532215118408,0.11463134735822678,0.0118979187682271,0.0027428921312093735,-3.831971844192594e-05,7.038335024844855e-05,-5.830857498223541e-12,0.6060750484466553,0.0010787703795358539,-0.01407791581004858,0.001166789443232119,0,0,0,0,0,0,1,0,0,0,12
0.4000445604324341,0.012090587057173252,0.012807635590434074,0.0025860073510557413,0.41843122243881226,0.015192123129963875,0.11210115253925323,0.011245334520936012,0.002592448377981782,-3.6214762076269835e-05,6.651706644333899e-05,-1.165955526571949e-11,0.5920729041099548,0.002573169069364667,-0.013941876590251923,0.0017226793570443988,0,0,0,0,0,0,1,0,0,0,6
0.4129866361618042,0.014716343954205513,0.013039743527770042,0.0026598928961902857,0.42933186888694763,0.017705099657177925,0.10899712145328522,0.01062218938022852,0.002448792103677988,-3.421014116611332e-05,6.283509719651192e-05,-1.7486418563139594e-11,0.5782015323638916,0.004521064460277557,-0.013808993622660637,0.0021315719932317734,0,0,0,0,0,1,0,0,0,0,5
0.42584365606307983,0.017650512978434563,0.01275753416121006,0.002616284182295203,0.439621239900589,0.020077165216207504,0.11143915355205536,0.010021953843533993,0.002310417126864195,-3.2276024285238236e-05,5.9282614529365674e-05,-5.827922346102188e-12,0.5644795298576355,0.006875522900372744,-0.013646658509969711,0.002536106389015913,0,0,0,0,1,0,0,0,0,0,6
0.4375339150428772,0.02038535103201866,0.011347521096467972,0.0019419321324676275,0.44933027029037476,0.02231544815003872,0.10863298177719116,0.009457907639443874,0.002180383773520589,-3.046010351681616e-05,5.594725371338427e-05,-2.9135693423859577e-12,0.550996720790863,0.009752681478857994,-0.013326897285878658,0.0031760435085743666,0,0,0,0,0,1,0,0,0,0,14
0.44695568084716797,0.021913791075348854,0.00835481844842434,0.0012645168462768197,0.5039082169532776,0.020601971074938774,0.24902091920375824,0.058421581983566284,-0.0023296913132071495,-9.57676434154564e-07,2.8540720450109802e-05,0.001690681790933013,0.5378880500793457,0.013287284411489964,-0.01291878055781126,0.0038249497301876545,0,0,0,0,0,0,0,0,0,0,16
