lt_dp_posx,lt_dp_posy,lt_dp_velx,lt_dp_vely,ball_posx,ball_posy,ball_posz,ball_vel_x,ball_vel_y,ball_rot_x,ball_rot_y,ball_rot_z,rt_gk_posx,rt_gk_posy,rt_gk_velx,rt_gk_vely,action_left,action_top_left,action_top,action_top_right,action_right,action_bottom_right,action_bottom,action_bottom_left,action_sprint,action_dribble,sel_action
-1.0110293626785278,-0.0,0.0,-0.0,0.019999999552965164,-0.0,0.11061639338731766,-0.0,0.0,0.0,-0.0,0.0,1.0110293626785278,0.0,-0.0,0.0,0,0,0,0,0,0,0,0,0,0,5
0.0,-0.0,0.0,-0.0,0.019999999552965164,-0.0,0.11059734225273132,-0.0,0.0,0.0,-0.0,0.0,1.0109632015228271,-5.533358059944815e-12,-0.0006619621999561787,-5.533357799736294e-11,0,0,0,0,1,0,0,0,0,0,5
0.00015050964429974556,2.3460271919573117e-11,0.0013189289020374417,1.1476692859946347e-11,0.019999999552965164,-0.0,0.10930104553699493,-0.0,0.0,0.0,-0.0,0.0,1.007768154144287,-2.1731465238428171e-10,-0.004207386635243893,-2.3128930715099472e-10,0,0,0,0,1,0,0,0,0,0,5
0.003169773379340768,-1.4493864441966764e-10,0.00444171903654933,-1.5154891230828582e-10,0.019999999552965164,-0.0,0.11075475811958313,-0.0,0.0,0.0,-0.0,0.0,1.0026906728744507,-3.971626638676895e-10,-0.005775339435786009,-1.1847492431549256e-10,0,0,0,0,1,0,0,0,0,0,13
0.006755396723747253,-1.957444650813045e-09,0.006048675626516342,-3.87537057999765e-10,0.019999999552965164,-0.0,0.11053141206502914,0.00913205649703741,-6.147181652593758e-10,-9.637430827338922e-13,-9.290210982726421e-06,-1.3573547125687868e-13,0.9961044192314148,-1.0002775691075882e-10,-0.007231095340102911,6.308465971827104e-10,0,0,0,0,1,0,0,0,1,0,18
0.013472573831677437,-2.375027507994787e-09,0.0075225005857646465,-1.680195566011733e-10,0.02855907380580902,-5.773715394674639e-10,0.11543484032154083,0.008211899548768997,-5.546685333257528e-10,2.7993885421545572e-12,1.5690209693275392e-05,-3.075214995845732e-12,0.9881436228752136,3.9820446939842213e-10,-0.008531177416443825,3.693708949814578e-10,0,0,0,0,1,0,0,0,1,0,5
0.021728597581386566,-2.5135953318766724e-09,0.008830077946186066,-1.81885340122534e-10,0.036379411816596985,-1.1061840332615702e-09,0.11138299852609634,0.007620302028954029,-5.153768523058488e-10,7.19994723563655e-12,4.507770063355565e-05,0.0,0.9790472984313965,5.926864554695044e-10,-0.009335489943623543,2.5251506441392735e-10,0,0,0,0,1,0,0,0,1,0,0
0.030881790444254875,-2.922456943110774e-09,0.009742077440023422,-2.5578592022235114e-10,0.04376407340168953,-1.6056237450712274e-09,0.11308421939611435,0.007194009609520435,-4.865457481351143e-10,6.796908955802872e-12,4.255434760125354e-05,0.0,0.9695028066635132,7.869617180134014e-10,-0.009924523532390594,1.5539042275136694e-10,0,0,0,0,1,0,0,0,1,0,5
0.03869873657822609,-4.3936441151970484e-09,0.009488419629633427,-1.4568914130652644e-10,0.05072854459285736,-2.0766453001641594e-09,0.111333929002285,0.006776058580726385,-4.582789148166455e-10,6.401970099878529e-12,4.008169344160706e-05,6.942791578953578e-19,0.9590960144996643,8.765874137672824e-10,-0.010777922347187996,3.416554539281691e-11,0,0,0,0,1,0,0,0,1,0,0
0.04813002794981003,-4.973140121933284e-09,0.010424151085317135,-8.550311153543433e-11,0.06252732127904892,1.980778506549541e-05,0.14545723795890808,0.013862470164895058,2.7951717129326425e-05,2.8575809096764715e-07,7.840256330382545e-06,3.5737642178901297e-07,0.9481951594352722,1.5493595295623663e-09,-0.01080527063459158,8.00910837650548e-10,0,0,0,0,1,0,0,0,1,0,16
0.05878075584769249,2.2622389224125072e-06,0.010675542056560516,5.668308858730597e-06,0.07626029849052429,4.7447425458813086e-05,0.11189621686935425,0.013442620635032654,2.6799771148944274e-05,2.3780512492521666e-07,1.3059423508821055e-05,4.052058670822589e-07,0.9369930624961853,2.121006037469897e-09,-0.011505099013447762,3.8611708275126944e-10,0,0,0,0,1,0,0,0,1,0,13
0.06991150975227356,1.1484563401609194e-05,0.011478189378976822,1.2574428183143027e-05,0.0888451412320137,7.155003549996763e-05,0.12182088941335678,0.0122311906889081,2.3126820451579988e-05,-1.318102818004263e-07,5.257704833638854e-05,3.361167273396859e-07,0.9251608848571777,2.478584448795118e-08,-0.012094132602214813,1.3225259465343697e-07,0,0,0,0,1,0,0,0,1,0,16
0.08176156133413315,2.7965594199486077e-05,0.01214584894478321,1.8356662621954456e-05,0.10066431760787964,9.372463682666421e-05,0.11328858882188797,0.01153589691966772,2.1608733732136898e-05,-3.0188436994649237e-07,6.824140291428193e-05,9.109768196952431e-14,0.9127786755561829,8.074620154729928e-07,-0.012599019333720207,1.4574218312191078e-06,0,0,0,0,1,0,0,0,1,0,18
0.09422973543405533,4.844388604396954e-05,0.012709463015198708,2.275824772368651e-05,0.11184936761856079,0.00011467617878224701,0.11222801357507706,0.010902130044996738,2.0421579392859712e-05,-2.852877685199928e-07,6.448969361372292e-05,4.5540902591980487e-14,0.899957001209259,3.1674353522248566e-06,-0.012988903559744358,3.088912080784212e-06,0,0,0,0,1,0,0,0,1,0,0
0.10718514025211334,7.4634728662204e-05,0.013138792477548122,2.9030972655164078e-05,0.12241337448358536,0.00013446439697872847,0.11061704903841019,0.010290587320923805,1.9276052626082674e-05,-2.6928015017801954e-07,6.087116707931273e-05,0.0,0.8867981433868408,6.616028258576989e-06,-0.013286225497722626,3.709777502081124e-06,0,0,0,0,1,0,0,0,1,0,13
0.12041448801755905,-0.0015572878764942288,0.013238980434834957,1.9075911040999927e-05,0.1323803961277008,0.00015313435869757086,0.11057812720537186,0.00970765296369791,1.8184113287134096e-05,-2.5402917458450247e-07,5.742365829064511e-05,0.0,0.8733821511268616,1.068634901457699e-05,-0.01351272314786911,4.354935754236067e-06,0,0,0,0,1,0,0,0,1,0,13
0.13365352153778076,-0.0022489482071250677,0.013239067979156971,7.15291389496997e-06,0.14618335664272308,-2.3735496142762713e-05,0.15490058064460754,0.015498308464884758,-0.0002584803442005068,-6.146940023654679e-08,1.0350106094847433e-05,-7.976349252203363e-07,0.8597712516784668,1.3799641237710603e-05,-0.013683823868632317,-8.707754659553757e-07,0,0,0,0,1,0,0,0,1,0,16
0.14694152772426605,-0.002239745343104005,0.013399124145507812,2.953495641122572e-05,0.16157445311546326,-0.00028042044141329825,0.1334289014339447,0.015303518623113632,-0.0002552282530814409,-6.146940023654679e-08,1.0350106094847433e-05,-7.976349252203363e-07,0.8460135459899902,5.251909442449687e-06,-0.013812148943543434,-1.4610721336794086e-05,0,0,0,0,1,0,0,0,1,0,5
0.16048797965049744,-0.002138615818694234,0.013655073940753937,0.00016761846200097352,0.17598877847194672,-0.0005194549448788166,0.1294790357351303,0.013877257704734802,-0.0002293538418598473,1.575376586515631e-06,4.642819840228185e-05,-1.8863893274101429e-06,0.8321455121040344,-1.6536650946363807e-05,-0.013909620232880116,-2.760693314485252e-05,0,0,0,0,1,0,0,0,1,0,16
0.1742507666349411,-0.0018932271050289273,0.013842477463185787,0.0002950109192170203,0.1893971711397171,-0.0007406179211102426,0.11955047398805618,0.013011065311729908,-0.00021434167865663767,2.9943334993731696e-06,7.696470856899396e-05,0.0,0.8181945085525513,-5.094472726341337e-05,-0.01398184709250927,-3.997735620941967e-05,0,0,0,0,1,0,0,0,1,0,16
0.18817661702632904,-0.0016261015553027391,0.013987807556986809,0.00023852908634580672,0.20204278826713562,-0.0009489389485679567,0.11305272579193115,0.0123354597017169,-0.00020321195188444108,2.8389185899868608e-06,7.296999683603644e-05,-3.6447586485369166e-13,0.8041819930076599,-9.774974751053378e-05,-0.014035141095519066,-5.2397590479813516e-05,0,0,0,0,1,0,0,0,1,0,16
0.20222631096839905,-0.0014224725309759378,0.014095447026193142,0.0001758158759912476,0.21399495005607605,-0.0011458364315330982,0.11263197660446167,0.011644318699836731,-0.00019182628602720797,2.6797520149557386e-06,6.88788277329877e-05,0.0,0.7901236414909363,-0.00015326435095630586,-0.014075110666453838,-5.5520304158562794e-05,0,0,0,0,1,0,0,0,1,0,18
0.21631461381912231,-0.0012832327047362924,0.014121787622570992,0.00011329163680784404,0.22527851164340973,-0.0013317198026925325,0.10997515171766281,0.010991089046001434,-0.00018106513016391546,2.5294766601291485e-06,6.50162182864733e-05,3.643358943532238e-13,0.776030957698822,-0.00020828770357184112,-0.014105264097452164,-5.461115142679773e-05,0,0,0,0,1,0,0,0,1,0,5
0.2303355634212494,-0.0012068914948031306,0.013827050104737282,4.929860369884409e-05,0.23866933584213257,-0.0014097949024289846,0.14891332387924194,0.015875935554504395,2.139749631169252e-05,8.98818484529329e-07,1.2283048818062525e-05,-9.630675776861608e-07,0.7619125247001648,-0.0002624556072987616,-0.014127703383564949,-5.4034309869166464e-05,0,0,0,0,1,0,0,0,1,0,18
0.24380238354206085,-0.0007223005522973835,0.013312505558133125,5.2185432650730945e-06,0.25443336367607117,-0.0013885481748729944,0.14991557598114014,0.015672583132982254,2.1144716811249964e-05,8.98818484529329e-07,1.2283048818062525e-05,-9.630675776861608e-07,0.7477747797966003,-0.0003166327078361064,-0.014145233668386936,-5.4291205742629245e-05,0,0,0,0,1,0,0,0,1,0,16
0.2571147382259369,0.0010147127322852612,0.013312675058841705,2.8463357466534944e-06,0.26967301964759827,-0.0013447680976241827,0.13528913259506226,0.015916738659143448,0.0002661653852555901,4.0488751551492896e-07,-7.756295303806837e-07,1.802452374022323e-07,0.7336228489875793,-0.00037105748197063804,-0.014157154597342014,-5.4532280046259984e-05,0,0,0,0,1,0,0,0,1,0,16
0.27042728662490845,0.001016254536807537,0.013312522321939468,4.7412785875167174e-07,0.28547656536102295,-0.0010805154452100396,0.17414537072181702,0.015711912885308266,0.0002627134963404387,4.0488751551492896e-07,-7.756295303806837e-07,1.802452374022323e-07,0.7194606065750122,-0.0004066775436513126,-0.014166271314024925,-1.6677358871675096e-05,0,0,0,0,1,0,0,0,1,0,18
0.28387242555618286,0.0009880263824015856,0.013567769899964333,-7.276347605511546e-05,0.30106449127197266,-0.0008198792929761112,0.11521957814693451,0.015382506884634495,0.0002570876677054912,3.1557920010527596e-07,1.2763357517542318e-06,3.595498867525748e-07,0.7052902579307556,-0.0004001832567155361,-0.014173283241689205,2.545852657931391e-05,0,0,0,0,1,0,0,0,1,0,16
0.29756221175193787,0.0008394189644604921,0.013779542408883572,-0.0002096269017783925,0.3153144121170044,-0.0005831037415191531,0.13555510342121124,0.013996833004057407,0.00023232428065966815,-9.924923460857826e-07,3.129063406959176e-05,1.908558260765858e-06,0.6911140084266663,-0.00035740173188969493,-0.014178192242980003,4.806760625797324e-05,0,0,0,0,1,0,0,0,1,0,5
0.3114319145679474,0.0005826419219374657,0.01393801998347044,-0.0002551717043388635,0.3288481533527374,-0.00035887639387510717,0.12166450917720795,0.013023816049098969,0.000215336331166327,-2.623291493364377e-06,6.837336695753038e-05,7.766657290630974e-07,0.6769334077835083,-0.00030765417614020407,-0.014182399027049541,5.1121809519827366e-05,0,0,0,0,1,0,0,0,1,0,6
0.32512590289115906,0.000748240971006453,0.013893191702663898,-0.00021515393746085465,0.3415127992630005,-0.00014952105993870646,0.11578289419412613,0.01236000843346119,0.00020431532175280154,-2.854287458831095e-06,7.311404624488205e-05,-7.289570965081371e-13,0.6627495288848877,-0.0002548850607126951,-0.014185204170644283,5.3859632316743955e-05,0,0,0,0,0,1,0,0,1,0,6
0.33804818987846375,0.0018876686226576567,0.013500723987817764,0.00016552131273783743,0.35349950194358826,4.8623525799484923e-05,0.1115843802690506,0.01477891206741333,0.0035128258168697357,8.69074028742034e-06,9.262132152798586e-06,1.032600448525045e-05,0.6485629081726074,-0.00020107430464122444,-0.01418730802834034,5.377050911192782e-05,0,0,0,0,0,1,0,0,1,0,12
0.35100752115249634,0.002410708460956812,0.012463681399822235,0.001044063363224268,0.3677975833415985,0.0034283900167793036,0.15605109930038452,0.014190609566867352,0.0033525952603667974,3.61997126674396e-06,1.6110474462038837e-05,1.7480060705565847e-05,0.6343746185302734,-0.00014735393051523715,-0.01418871060013771,5.367915946408175e-05,0,0,0,0,0,1,0,0,1,0,12
0.36328646540641785,0.004346384201198816,0.01192864216864109,0.0025816296692937613,0.3818199932575226,0.006737987045198679,0.10035070776939392,0.013621392659842968,0.0031997961923480034,-1.9192093532183208e-06,2.351727380300872e-05,2.286588460265193e-05,0.6201898455619812,5.183738176128827e-05,-0.014175387099385262,0.0004174475325271487,0,0,0,0,0,1,0,0,1,0,6
0.3751225471496582,0.006904807407408953,0.011979131028056145,0.002579298336058855,0.39467746019363403,0.009719762951135635,0.12494634836912155,0.012613399885594845,0.002918323501944542,-2.458780181768816e-05,5.3560477681457996e-05,2.2445752620114945e-05,0.6060425639152527,0.0007546331034973264,-0.014117185026407242,0.00093594886129722,0,0,0,0,0,1,0,0,1,0,12
0.38736504316329956,0.009501149877905846,0.012444047257304192,0.0025987625122070312,0.40686964988708496,0.012532435357570648,0.1146312803030014,0.011897892691195011,0.002742885611951351,-3.831963113043457e-05,7.038319745333865e-05,-5.830856630861803e-12,0.5919761061668396,0.001967955846339464,-0.014023220166563988,0.0014190218644216657,0,0,0,0,0,1,0,0,1,0,6
0.40001875162124634,0.012090283446013927,0.012807635590434074,0.002586021553725004,0.4184061884880066,0.015192018821835518,0.11210114508867264,0.011245314963161945,0.0025924420915544033,-3.621467112679966e-05,6.651695002801716e-05,-1.7489332898579235e-11,0.5780114531517029,0.0036094053648412228,-0.013912775553762913,0.0018229574197903275,0,0,0,0,0,1,0,0,1,0,12
0.41296082735061646,0.014716051518917084,0.013039743527770042,0.0026598928961902857,0.42930683493614197,0.017704986035823822,0.10899712890386581,0.010622164234519005,0.0024487837217748165,-3.42100283887703e-05,6.283494440140203e-05,-1.7486418563139594e-11,0.5641722083091736,0.005652883090078831,-0.013774983584880829,0.0022233030758798122,0,0,0,0,0,1,0,0,1,0,14
0.4258178472518921,0.017650216817855835,0.012757517397403717,0.002616296987980604,0.4395962059497833,0.020077040418982506,0.11143915355205536,0.010021929629147053,0.0023104087449610233,-3.227590786991641e-05,5.928246901021339e-05,-2.913961173051094e-12,0.5505279898643494,0.008188542909920216,-0.013521488755941391,0.002806801348924637,0,0,0,0,0,0,0,0,1,0,2
0.43750816583633423,0.02038504183292389,0.011347855441272259,0.0019419289892539382,0.4493052363395691,0.022315317764878273,0.10863298177719116,0.009457883425056934,0.002180376322939992,-3.045999983442016e-05,5.594711910816841e-05,0.0,0.5371800065040588,0.011321942321956158,-0.01319716963917017,0.0033984628971666098,0,1,0,0,0,0,0,0,1,0,0
0.4469299018383026,0.02191348373889923,0.00835481844842434,0.0012645310489460826,0.5057174563407898,0.024940382689237595,0.4124942421913147,0.06047516316175461,0.002489241072908044,-5.14235671289498e-06,4.0085313230520114e-05,0.0009919584263116121,0.5245632529258728,0.014878358691930771,-0.011520175263285637,0.003431730205193162,0,1,0,0,0,0,0,0,1,0,8
0.4547192454338074,0.023128144443035126,0.0073944819159805775,0.0011787459952756763,0.5646610856056213,0.027184555307030678,0.5517445206642151,0.05771520733833313,0.0020485741551965475,-5.14235671289498e-06,4.0085313230520114e-05,0.0009919584263116121,0.5153574347496033,0.017904607579112053,-0.006967432331293821,0.0027066925540566444,0,0,0,0,0,0,0,1,1,0,5
0.46169203519821167,0.023818233981728554,0.006643814034759998,0.0005494464421644807,0.6209290027618408,0.029005875810980797,0.4980601370334625,0.0551038458943367,0.0016401109751313925,-5.14235671289498e-06,4.0085313230520114e-05,0.0009919584263116121,0.5115064382553101,0.0205046646296978,-0.0018701833905652165,0.002956162206828594,0,0,0,0,1,0,0,0,1,0,0
0.4678984582424164,0.02432914637029171,0.006453079171478748,0.0005178189021535218,0.6746543645858765,0.03043575957417488,0.2640591263771057,0.05261395871639252,0.0012623642105609179,-5.14235671289498e-06,4.0085313230520114e-05,0.0009919584263116121,0.5126800537109375,0.023290645331144333,0.0035138691309839487,0.0023213443346321583,0,0,0,0,1,0,0,0,1,0,13
0.4751984775066376,0.024822143837809563,0.0079673882573843,0.0004478333576116711,0.7219844460487366,0.031452491879463196,0.206974059343338,0.042606599628925323,0.0008347266702912748,-5.800060534966178e-06,6.16874240222387e-05,0.0009128593956120312,0.5178549289703369,0.024839412420988083,0.006135071162134409,0.001056371140293777,0,0,0,0,1,0,0,0,1,0,2
0.4839271306991577,0.02516220137476921,0.009330668486654758,0.000235782063100487,0.763830840587616,0.03216570243239403,0.2539724111557007,0.04121693596243858,0.000615915865637362,-5.800060534966178e-06,6.16874240222387e-05,0.0009128593956120312,0.5248182415962219,0.025675151497125626,0.007606955245137215,0.0007685577147640288,0,1,0,0,0,0,0,0,1,0,6
0.49347108602523804,0.02535240538418293,0.009765692986547947,0.00018715689657256007,0.8042619228363037,0.03266771882772446,0.11503807455301285,0.03978172689676285,0.00041081049130298197,-5.800060534966178e-06,6.16874240222387e-05,0.0009128593956120312,0.5331504344940186,0.026327291503548622,0.008896519429981709,0.0005443130503408611,0,0,0,0,0,1,0,0,1,0,3
0.5038283467292786,0.025546690449118614,0.010728995315730572,0.00019392045214772224,0.8400419354438782,0.03299499675631523,0.16336937248706818,0.03498712554574013,0.00026883071404881775,-5.593746664089849e-06,8.578837150707841e-05,0.0007801447063684464,0.5424085855484009,0.02671661600470543,0.009323217906057835,0.0003066359495278448,0,0,1,0,0,0,0,0,1,0,7
0.5150860548019409,0.02575097419321537,0.011608611792325974,0.000207076984224841,0.8737332224845886,0.03320147469639778,0.1284029483795166,0.03161543980240822,0.00016983016394078732,-4.6717054829059634e-06,0.00011450151214376092,0.000574680685531348,0.552087128162384,0.027013061568140984,0.010096676647663116,0.0002905512519646436,0,0,0,0,0,0,1,0,1,0,1
0.5271182060241699,0.02596903406083584,0.012290138751268387,0.00021329312585294247,0.9039528369903564,0.0333394855260849,0.11829924583435059,0.028762903064489365,0.00012266446719877422,-2.7792193577624857e-06,0.00015234595048241317,0.0002096608077408746,0.5626497268676758,0.027290813624858856,0.010920622386038303,0.0002664242056198418,1,0,0,0,0,0,0,0,1,0,6
0.5397277474403381,0.026189498603343964,0.012803460471332073,0.00021177092276047915,0.9313408732414246,0.03345486521720886,0.10828007012605667,0.0262979157269001,0.00011083333811257035,-1.5483785773540149e-06,0.0001555654889671132,1.1006888759809708e-12,0.5735966563224792,0.027539240196347237,0.011029763147234917,0.0002372418821323663,0,0,0,0,0,1,0,0,1,0,13
0.55277419090271,0.02641514129936695,0.01321122795343399,0.00022146414266899228,0.9564173817634583,0.033560555428266525,0.10957914590835571,0.024123065173625946,0.0001016673631966114,-1.4202192915035994e-06,0.0001426893286406994,3.6640170606762335e-13,0.5851214528083801,0.02776944264769554,0.011720545589923859,0.0002248912787763402,0,0,0,0,0,1,0,0,1,0,12
0.5661595463752747,0.026642335578799248,0.013513746671378613,0.00022301705030258745,0.9794809818267822,0.03365775942802429,0.10969123989343643,0.022235631942749023,9.371271880809218e-05,-1.3091079154037288e-06,0.00013152601604815573,1.0980246659825221e-12,0.5972890257835388,0.027991577982902527,0.01236786600202322,0.00022190228628460318,0,0,0,0,0,1,0,0,1,0,0
0.5798028707504272,0.026872890070080757,0.013740187510848045,0.00022799766156822443,1.0007898807525635,0.03374756872653961,0.10976340621709824,0.02058233693242073,8.674486889503896e-05,-1.2117787946408498e-06,0.00012174731091363356,0.0,0.6099874377250671,0.0282105952501297,0.012816554866731167,0.00021421095880214125,0,0,0,0,0,1,0,0,1,0,18
