lt_dp_posx,lt_dp_posy,lt_dp_velx,lt_dp_vely,ball_posx,ball_posy,ball_posz,ball_vel_x,ball_vel_y,ball_rot_x,ball_rot_y,ball_rot_z,rt_gk_posx,rt_gk_posy,rt_gk_velx,rt_gk_vely,action_left,action_top_left,action_top,action_top_right,action_right,action_bottom_right,action_bottom,action_bottom_left,action_sprint,action_dribble,sel_action
-1.0110293626785278,-0.0,0.0,-0.0,0.019999999552965164,-0.0,0.11061639338731766,-0.0,0.0,0.0,-0.0,0.0,1.0110293626785278,0.0,-0.0,0.0,0,0,0,0,0,0,0,0,0,0,5
0.0,-0.0,0.0,-0.0,0.019999999552965164,-0.0,0.11059734225273132,-0.0,0.0,0.0,-0.0,0.0,1.0110293626785278,0.0,-0.0,0.0,0,0,0,0,1,0,0,0,0,0,5
0.0,-0.0,0.0,-0.0,0.019999999552965164,-0.0,0.10930104553699493,-0.0,0.0,0.0,-0.0,0.0,1.0100501775741577,-7.528704049075685e-11,-0.003236181568354368,-2.3501611767784425e-10,0,0,0,0,1,0,0,0,0,0,5
0.0011742409551516175,1.3643361440607293e-10,0.0034112136345356703,2.3963026007933763e-10,0.019999999552965164,-0.0,0.11075475811958313,-0.0,0.0,0.0,-0.0,0.0,1.0059254169464111,-3.033686080122777e-10,-0.00484480569139123,-2.0306796522095993e-10,0,0,0,0,1,0,0,0,0,0,5
0.004423037171363831,-4.948248477631978e-10,0.00509687140583992,-2.6709676137492977e-10,0.019999999552965164,-0.0,0.11053141206502914,-0.0,0.0,0.0,-0.0,0.0,1.0002306699752808,-4.257901808912834e-10,-0.0063720871694386005,-4.051920951542165e-11,0,0,0,0,1,0,0,0,0,0,13
0.009172579273581505,-1.6876557928924285e-09,0.006656940560787916,-3.3095143292527496e-10,0.023520536720752716,-2.0332635575215363e-10,0.12429210543632507,0.008649522438645363,-4.998005898038116e-10,6.688117941411331e-13,2.615536232042359e-06,-1.8590905724591433e-12,0.9930757880210876,1.3209593141549902e-10,-0.0077724456787109375,5.427671090352248e-10,0,0,0,0,1,0,0,0,1,0,5
0.016618236899375916,-1.8831725068224614e-09,0.008066108450293541,-1.1342336098119077e-10,0.031749386340379715,-6.79450051777053e-10,0.11630966514348984,0.007851784117519855,-4.5484810362594885e-10,6.129359172990512e-12,4.470821295399219e-05,-3.447311609349607e-13,0.9846126437187195,5.112136824969582e-10,-0.00900100264698267,2.2883216155289432e-10,0,0,0,0,1,0,0,0,1,0,18
0.025379417464137077,-2.0645987142131617e-09,0.009301392361521721,-1.8728241180099303e-10,0.039383139461278915,-1.121674975124165e-09,0.11498706787824631,0.00744605204090476,-4.3135151006623573e-10,6.025917612118015e-12,4.404568244353868e-05,0.0,0.975313127040863,6.834907084751762e-10,-0.009335489943623543,2.0197346572992103e-10,0,0,0,0,1,0,0,0,1,0,5
0.03412363678216934,-2.8353506209555235e-09,0.009388971142470837,-2.12893841444739e-10,0.04660032317042351,-1.5397682018303271e-09,0.10737152397632599,0.00702687818557024,-4.070686565604831e-10,5.6867379728819945e-12,4.156647628406063e-05,3.4715431310234e-19,0.9654421806335449,8.431846332257464e-10,-0.010284255258738995,1.1445942804666487e-10,0,0,0,0,1,0,0,0,1,0,16
0.042008865624666214,-3.983873675394989e-09,0.009879683144390583,-1.2068625265815314e-10,0.05416471138596535,2.9177326723583974e-06,0.11805233359336853,0.014280710369348526,2.9196276955190115e-05,3.387498566098657e-07,2.003337840505992e-06,2.867589614652388e-07,0.9547167420387268,9.207349882522919e-10,-0.011003718711435795,2.9745733653996353e-10,0,0,0,0,1,0,0,0,1,0,18
0.05237536504864693,7.688269931804825e-08,0.010675586760044098,8.094976351458172e-07,0.06805659830570221,3.095665670116432e-05,0.14387618005275726,0.01379991415888071,2.7823793061543256e-05,2.8575780675055285e-07,7.840221769583877e-06,3.5737687653636385e-07,0.9437978863716125,1.13227827114315e-09,-0.011102592572569847,1.434318913640098e-10,0,0,0,0,1,0,0,0,1,0,5
0.06313706934452057,5.079635229776613e-06,0.011016691103577614,8.291486665257253e-06,0.0814104676246643,5.742551002185792e-05,0.12316343933343887,0.012638636864721775,2.4204791770898737e-05,-2.3648130564879466e-08,4.12239387515001e-05,4.4138579369246145e-07,0.9323297739028931,1.2053487097318794e-09,-0.011747725307941437,1.3949925416201214e-11,0,0,0,0,1,0,0,0,1,0,5
0.07457250356674194,1.738470200507436e-05,0.011754298582673073,1.5806916053406894e-05,0.09365619719028473,8.05978779681027e-05,0.11358217895030975,0.01188874151557684,2.226913784397766e-05,-3.127756542653515e-07,7.048865518299863e-05,-9.110760919566613e-14,0.9202682971954346,1.7202258106863155e-07,-0.012311514467000961,5.417909960669931e-07,0,0,0,0,1,0,0,0,1,0,13
0.08668146282434464,3.561761695891619e-05,0.012389264069497585,1.9671044356073253e-05,0.10521385818719864,0.00010224744619335979,0.11358413845300674,0.011278974823653698,2.1127556465216912e-05,-2.9514919219764124e-07,6.671863957308233e-05,-4.5545564661322174e-14,0.9076964855194092,1.5559855910396436e-06,-0.012767314910888672,2.119488954122062e-06,0,0,0,0,1,0,0,0,1,0,5
0.09936050325632095,5.816458724439144e-05,0.012895464897155762,2.5240902687073685e-05,0.11614811420440674,0.00012272928142920136,0.11179269850254059,0.01065406110137701,1.995698403334245e-05,-2.787943458315567e-07,6.302160181803629e-05,4.553792103600615e-14,0.89472895860672,4.485686986299697e-06,-0.01311722956597805,3.3507978969282703e-06,0,0,0,0,1,0,0,0,1,0,16
0.11247087270021439,-0.00041434523882344365,0.013238980434834957,2.622903775773011e-05,0.1264699399471283,0.0001420639455318451,0.11068520694971085,0.01005322951823473,1.8831509805750102e-05,-2.630731330555136e-07,5.946783130639233e-05,0.0,0.8814587593078613,8.166754923877306e-06,-0.013384398072957993,3.976439529651543e-06,0,0,0,0,1,0,0,0,1,0,16
0.1257098913192749,-0.0022550278808921576,0.013238980434834957,1.4307681340142153e-05,0.13684585690498352,0.00013201583351474255,0.1198345199227333,0.01587028056383133,-0.0002651129907462746,-2.4891824068618007e-07,6.191914962982992e-06,-4.6714416157556116e-07,0.8679583072662354,1.2489727851061616e-05,-0.01358705386519432,4.600563443091232e-06,0,0,0,0,1,0,0,0,1,0,13
0.1389489471912384,-0.002247278578579426,0.013239067979156971,2.38311622524634e-06,0.15236306190490723,-0.00012679878273047507,0.1582464873790741,0.015420282259583473,-0.00025716962409205735,-6.146939313111943e-08,1.0350108823331539e-05,-7.976347546900797e-07,0.8542835116386414,7.691654900554568e-06,-0.01373992208391428,-1.6033975043683313e-05,0,0,0,0,1,0,0,0,1,0,0
0.15232938528060913,-0.002216444816440344,0.013510970398783684,7.768388604745269e-05,0.16755136847496033,-0.00037988435360603034,0.11589517444372177,0.014445047825574875,-0.0002394281909801066,1.0324060895072762e-06,3.449143696343526e-05,-1.885315214167349e-06,0.8404778838157654,-2.2055768567952327e-05,-0.013854924589395523,-4.064437962369993e-05,0,0,0,0,1,0,0,0,1,0,16
0.1659706085920334,-0.0020569039043039083,0.01373694185167551,0.00022587379498872906,0.18146999180316925,-0.0006099758320488036,0.11778106540441513,0.013579334132373333,-0.0002241299080196768,1.8982068468176294e-06,5.3479081543628126e-05,-1.7049742382369004e-06,0.8265741467475891,-7.263046427397057e-05,-0.013940474949777126,-5.355266330298036e-05,0,0,0,0,1,0,0,0,1,0,13
0.17980355024337769,-0.0017791722202673554,0.013905588537454605,0.0002775091852527112,0.19453935325145721,-0.0008253310224972665,0.11214391142129898,0.012757563032209873,-0.00021016578830312937,2.9361640372371767e-06,7.54694701754488e-05,3.6452316317346634e-13,0.81259685754776,-0.00012703081301879138,-0.01400498766452074,-5.508483445737511e-05,0,0,0,0,1,0,0,0,1,0,5
0.1937834471464157,-0.001537169562652707,0.014034789986908436,0.00021277468476910144,0.20690573751926422,-0.001029052073135972,0.11327104270458221,0.012051389552652836,-0.00019853243429679424,2.7734220111597097e-06,7.128642755560577e-05,1.0933346242247843e-12,0.7985646724700928,-0.00018290097068529576,-0.014052671380341053,-5.624698314932175e-05,0,0,0,0,1,0,0,0,1,0,0
0.20786821842193604,-0.0013586104614660144,0.014121705666184425,0.00015105921193026006,0.21858693659305573,-0.0012214856687933207,0.11138109117746353,0.01137973740696907,-0.00018746769637800753,2.618829512357479e-06,6.731288885930553e-05,0.0,0.7844913601875305,-0.0002382168750045821,-0.014089135453104973,-5.454653728520498e-05,0,0,0,0,1,0,0,0,1,0,16
0.22194457054138184,-0.0012456096010282636,0.014121751300990582,8.811261795926839e-05,0.22961072623729706,-0.0014030899619683623,0.11085901409387589,0.010735280811786652,-0.00017685111379250884,2.4705423129489645e-06,6.350137846311554e-05,3.643111474386368e-13,0.7703875303268433,-0.00029180734418332577,-0.014115081168711185,-5.2802646678173915e-05,0,0,0,0,1,0,0,0,1,0,18
0.23579278588294983,-0.0011934851063415408,0.013533059507608414,2.4125265554175712e-05,0.2449992597103119,-0.0014012655010446906,0.161333829164505,0.015794480219483376,2.1280480723362416e-05,8.988188255898422e-07,1.2283054275030736e-05,-9.630628028389765e-07,0.7562606334686279,-0.00034418125869706273,-0.014135416597127914,-5.239313395577483e-05,0,0,0,0,1,0,0,0,1,0,0
0.24912723898887634,-1.075887030310696e-05,0.013312531635165215,4.269574674253818e-06,0.26067569851875305,-0.0013801322784274817,0.12239401042461395,0.015528500080108643,2.0805497115361504e-05,8.826118005345052e-07,1.3367784958973061e-05,-9.209607014781795e-07,0.7421167492866516,-0.0003966634685639292,-0.014150142669677734,-5.255288488115184e-05,0,0,0,0,1,0,0,0,1,0,16
0.26243966817855835,0.001015616930089891,0.013312522321939468,1.8982938172484864e-06,0.2760188579559326,-0.001238650525920093,0.16264553368091583,0.01583399437367916,0.0002647642104420811,4.0488470176569535e-07,-7.756288482596574e-07,1.802521580884786e-07,0.7279603481292725,-0.0004479474446270615,-0.014161362312734127,-4.594940764945932e-05,0,0,0,0,1,0,0,0,1,0,16
0.275770902633667,0.0010143669787794352,0.01340525969862938,-1.1444127267168369e-05,0.29174110293388367,-0.0009757623192854226,0.16223996877670288,0.01563159003853798,0.00026137568056583405,4.0488470176569535e-07,-7.756288482596574e-07,1.802521580884786e-07,0.7137945890426636,-0.00048159697325900197,-0.014169776812195778,-2.358073106734082e-05,0,0,0,0,1,0,0,0,1,0,0
0.28932297229766846,0.0009451803052797914,0.013660508207976818,-0.00012819989933632314,0.3068857192993164,-0.0007230129558593035,0.12772521376609802,0.014215427450835705,0.00023610646894667298,-8.709562280273531e-07,2.8506714443210512e-05,1.857621668932552e-06,0.6996217370033264,-0.0004928619018755853,-0.014175387099385262,-1.1848740086861653e-06,0,0,0,0,1,0,0,0,1,0,0
0.3030911684036255,0.0007425468065775931,0.013847561553120613,-0.000261670007603243,0.3208716809749603,-0.0004908863920718431,0.12039803713560104,0.013780022040009499,0.00022855729912407696,-1.1529965604495374e-06,3.49589427059982e-05,1.9427086499490542e-06,0.6854435205459595,-0.00048132779193110764,-0.014180295169353485,2.2013970010448247e-05,0,0,0,0,1,0,0,0,1,0,7
0.3170202970504761,0.0004867857787758112,0.01399061270058155,-0.0002299827610841021,0.33399468660354614,-0.00027379347011446953,0.11646069586277008,0.01277538575232029,0.00021118175936862826,-2.9504783469747053e-06,7.557753997389227e-05,-3.6452525026264837e-13,0.6712614893913269,-0.00044650130439549685,-0.014183801598846912,4.531084778136574e-05,0,0,0,0,0,0,1,0,1,0,7
0.3303297162055969,0.001149247749708593,0.013769361190497875,-2.5326269224024145e-06,0.3463899493217468,-6.88952422933653e-05,0.11196405440568924,0.012087319977581501,0.00019980779325123876,-2.7911833058169577e-06,7.149755401769653e-05,3.644487055892709e-13,0.6570768356323242,-0.0003915291163139045,-0.014185905456542969,5.809670255985111e-05,0,0,0,0,0,0,1,0,1,0,12
0.3433166444301605,0.002051223535090685,0.013251865282654762,0.00016776283155195415,0.3592568635940552,0.0014105408918112516,0.14147073030471802,0.014295553788542747,0.003377904649823904,3.620145662353025e-06,1.611021980352234e-05,1.7479858797742054e-05,0.6428900361061096,-0.0003321848635096103,-0.014188009314239025,6.0364629462128505e-05,0,0,0,0,0,0,1,0,1,0,12
0.3559711277484894,0.003010573098435998,0.012411089614033699,0.0017083806451410055,0.37345609068870544,0.00476528936997056,0.14572736620903015,0.014120429754257202,0.0033360417000949383,3.620145662353025e-06,1.611021980352234e-05,1.7479858797742054e-05,0.6287017464637756,-0.0002653473347891122,-0.014188009314239025,0.00011489512689877301,0,0,0,0,0,0,1,0,1,0,6
0.3680143654346466,0.005369642749428749,0.011754386126995087,0.002543920651078224,0.38703668117523193,0.00795010570436716,0.12847751379013062,0.012907409109175205,0.002994309877976775,-1.9653696654131636e-05,4.709644053946249e-05,2.5936044039553963e-05,0.6145274043083191,0.0001380988978780806,-0.014155752956867218,0.0006393616204150021,0,0,0,0,0,1,0,0,1,0,7
0.37996354699134827,0.00794139876961708,0.012175826355814934,0.0025966805405914783,0.3996424674987793,0.010866357013583183,0.11383721232414246,0.012260674498975277,0.0028264787979424,-3.967566954088397e-05,7.27659571566619e-05,-1.1663105377313077e-11,0.6004102230072021,0.0010650500189512968,-0.01407791581004858,0.0011618217686191201,0,0,0,0,0,0,1,0,1,0,18
0.3923821747303009,0.010539175011217594,0.012602174654603004,0.0025922530330717564,0.41156110167503357,0.013614020310342312,0.1145234927535057,0.011627144180238247,0.0026804665103554726,-3.7444791814778e-05,6.877638224978e-05,-5.83040083226849e-12,0.5863877534866333,0.0024797855876386166,-0.013977289199829102,0.0015987769002094865,0,0,0,0,0,0,1,0,1,0,13
0.4051673114299774,0.013131625019013882,0.01291036605834961,0.002614077180624008,0.4228416383266449,0.016214581206440926,0.11012725532054901,0.010995810851454735,0.002534920582547784,-3.541341357049532e-05,6.504531484097242e-05,0.0,0.572475016117096,0.004298052284866571,-0.013855976052582264,0.001997326035052538,0,0,0,0,0,0,1,0,1,0,14
0.4181945323944092,0.015787381678819656,0.013112671673297882,0.002689053537324071,0.43349429965019226,0.01867039129137993,0.1092800721526146,0.010379002429544926,0.002392724622040987,-3.3426593290641904e-05,6.139602919574827e-05,5.828441895783243e-12,0.5587035417556763,0.006525649689137936,-0.01368066854774952,0.002456146292388439,0,0,0,0,0,0,0,0,1,0,0
0.4306572377681732,0.018854152411222458,0.012128779664635658,0.002367674605920911,0.44354724884033203,0.020987944677472115,0.1111873909831047,0.009792422875761986,0.002257497515529394,-3.1536779715679586e-05,5.792494266643189e-05,-5.827597519131311e-12,0.5451755523681641,0.009312384761869907,-0.013393513858318329,0.0030553084798157215,0,0,0,0,0,0,0,0,1,0,12
0.44165271520614624,0.02115136757493019,0.009950820356607437,0.001550733228214085,0.468855619430542,0.022735875099897385,0.20726412534713745,0.06173689290881157,0.0006113382987678051,1.3254414170660311e-06,4.020959750050679e-05,0.0018486501649022102,0.5319695472717285,0.012690747156739235,-0.013043600134551525,0.0036403608974069357,0,0,0,0,0,0,0,0,1,0,6
0.45024895668029785,0.02241780236363411,0.008052587509155273,0.0012385930167511106,0.528998076915741,0.022985786199569702,0.393266886472702,0.05886375904083252,-3.7664154660888016e-05,1.3254414170660311e-06,4.020959750050679e-05,0.0018486501649022102,0.5203482508659363,0.01610139198601246,-0.009989738464355469,0.0031121752690523863,0,0,0,0,0,1,0,0,1,0,3
0.45757734775543213,0.02347787469625473,0.006899062544107437,0.000570550502743572,0.5863547921180725,0.02261662296950817,0.38270998001098633,0.05614423751831055,-0.0006322358385659754,1.3254414170660311e-06,4.020959750050679e-05,0.0018486501649022102,0.513130784034729,0.018746139481663704,-0.004721389152109623,0.0022593012545257807,0,0,1,0,0,0,0,0,1,0,13
0.46417000889778137,0.02402307651937008,0.00613261666148901,0.0005071528139524162,0.6410623788833618,0.02168254181742668,0.1883867084980011,0.053549159318208694,-0.001173115335404873,1.3254414170660311e-06,4.020959750050679e-05,0.0018486501649022102,0.5113012194633484,0.021250775083899498,0.0003358896938152611,0.0029545652214437723,0,0,1,0,0,0,0,0,1,0,12
0.4706396460533142,0.024516774341464043,0.007088745478540659,0.0004514267493505031,0.6884998679161072,0.02040104940533638,0.19933654367923737,0.04457211494445801,-0.0013929015258327127,2.9565526347141713e-06,6.1725229898002e-05,0.0016906149685382843,0.5144268870353699,0.02354603447020054,0.0049391211941838264,0.0015935543924570084,0,0,1,0,0,0,0,0,1,0,5
0.4786190986633301,0.02480034902691841,0.008604200556874275,0.00010993151227012277,0.7321794629096985,0.018821684643626213,0.15603181719779968,0.04294278845191002,-0.0017264438793063164,2.9565526347141713e-06,6.1725229898002e-05,0.0016906149685382843,0.5204654932022095,0.02449835278093815,0.006778801325708628,0.000563506328035146,0,0,0,0,1,0,0,0,1,0,12
0.4878808856010437,0.024651266634464264,0.0094519704580307,-0.00028923098579980433,0.7718214392662048,0.01707225851714611,0.13910654187202454,0.03794200345873833,-0.001792308408766985,6.1542978073703125e-06,8.631340460851789e-05,0.001451465068385005,0.5280227065086365,0.02493937686085701,0.008167589083313942,0.0003115697472821921,0,0,0,0,1,0,0,0,1,0,4
0.4976866841316223,0.024347003549337387,0.010179801844060421,-0.00033523206366226077,0.8074522614479065,0.01528192963451147,0.1200515627861023,0.03334589675068855,-0.0017403110396116972,1.196442281070631e-05,0.00012245902325958014,0.0010123930405825377,0.5368559956550598,0.0250448826700449,0.009316205978393555,-7.474821904907003e-05,0,0,0,1,0,0,0,0,1,0,6
0.5084193348884583,0.023989683017134666,0.011066200211644173,-0.0003933602129109204,0.8386022448539734,0.013621004298329353,0.1107848584651947,0.02957511879503727,-0.0015910564688965678,2.1164001736906357e-05,0.0001706421171547845,0.0001364801573799923,0.5462133884429932,0.024839667603373528,0.009530432522296906,-0.00024252530420199037,0,0,0,0,0,1,0,0,1,0,3
0.520016074180603,0.023599039763212204,0.011899233795702457,-0.00041764663183130324,0.8666718602180481,0.012111284770071507,0.1094181016087532,0.026907362043857574,-0.001447210437618196,2.021614636760205e-05,0.00015915598487481475,0.0,0.5562589168548584,0.024557366967201233,0.010442032478749752,-0.0003183287335559726,0,0,1,0,0,0,0,0,1,0,0
0.5322978496551514,0.02317410707473755,0.012511915527284145,-0.0004560118541121483,0.8923023343086243,0.010732748545706272,0.10955848544836044,0.02463807724416256,-0.00132515758741647,1.85114022315247e-05,0.0001457350153941661,-5.86423531262481e-12,0.5670781135559082,0.024197420105338097,0.010913260281085968,-0.00038127010338939726,0,0,1,0,0,0,0,0,1,0,3
0.5450836420059204,0.022711265832185745,0.012975683435797691,-0.0004804525524377823,0.9158405065536499,0.009466756135225296,0.10966602712869644,0.02267943136394024,-0.0012198116164654493,1.7039954400388524e-05,0.00013415075954981148,5.8575644334979415e-12,0.5781726837158203,0.023792706429958344,0.011321306228637695,-0.0004257613036315888,0,0,1,0,0,0,0,0,1,0,3
0.5582645535469055,0.022225556895136833,0.013328900560736656,-0.0005055503570474684,0.9375608563423157,0.008298528380692005,0.10974469780921936,0.020969076082110405,-0.0011278199963271618,1.5754993000882678e-05,0.00012403464643284678,-2.9260999005742416e-12,0.5899425148963928,0.0233372263610363,0.011935479938983917,-0.00047404904034920037,0,0,1,0,0,0,0,0,1,0,1
0.5717480778694153,0.021716827526688576,0.013596062548458576,-0.0005265903891995549,0.9576849341392517,0.00721614807844162,0.10980306565761566,0.01946021243929863,-0.0010466660605743527,1.4621396076108795e-05,0.00011511012417031452,-2.923911113228428e-12,0.6023363471031189,0.02284165844321251,0.012543193995952606,-0.0005092258797958493,1,0,0,0,0,0,0,0,1,0,2
0.5854588747024536,0.021198386326432228,0.013796194456517696,-0.0005327934050001204,0.9763939380645752,0.006209882907569408,0.10984694212675095,0.01811704784631729,-0.0009744241833686829,1.3612271686724853e-05,0.0001071655860869214,2.922102230323853e-12,0.6151784062385559,0.022313779219985008,0.012942557223141193,-0.0005436819046735764,0,1,0,0,0,0,0,0,1,0,18
0.5993392467498779,0.020665809512138367,0.0139444125816226,-0.0005453450139611959,0.9938375949859619,0.005271672271192074,0.10988032817840576,0.016911763697862625,-0.0009095977293327451,1.2706715097010601e-05,0.00010003638453781605,0.0,0.6283793449401855,0.021756896749138832,0.01329764910042286,-0.0005677150911651552,0,1,0,0,0,0,0,0,1,0,16
0.6133450269699097,0.020126240327954292,0.014053667895495892,-0.0005472101620398462,1.010141372680664,0.004394773859530687,0.10990600287914276,0.01582234352827072,-0.0008510036277584732,1.1888200788234826e-05,9.359246178064495e-05,2.919314746538393e-12,0.6418493390083313,0.021180234849452972,0.013516828417778015,-0.0005887550651095808,0,1,0,0,0,0,0,0,1,0,9
