lt_dp_posx,lt_dp_posy,lt_dp_velx,lt_dp_vely,ball_posx,ball_posy,ball_posz,ball_vel_x,ball_vel_y,ball_rot_x,ball_rot_y,ball_rot_z,rt_gk_posx,rt_gk_posy,rt_gk_velx,rt_gk_vely,action_left,action_top_left,action_top,action_top_right,action_right,action_bottom_right,action_bottom,action_bottom_left,action_sprint,action_dribble,sel_action
-1.0110293626785278,-0.0,0.0,-0.0,0.019999999552965164,-0.0,0.11061639338731766,-0.0,0.0,0.0,-0.0,0.0,1.0110293626785278,0.0,-0.0,0.0,0,0,0,0,0,0,0,0,0,0,5
0.0003232249873690307,3.611415333448775e-11,0.0019679905381053686,1.662530529911166e-11,0.019999999552965164,-0.0,0.11059734225273132,-0.0,0.0,0.0,-0.0,0.0,1.0085934400558472,-1.7055430678869499e-10,-0.003884820267558098,-2.392741005330379e-10,0,0,0,0,1,0,0,0,0,0,5
0.003518223762512207,-4.471794046168043e-10,0.00461391219869256,-1.6609701114500552e-10,0.019999999552965164,-0.0,0.10930104553699493,-0.0,0.0,0.0,-0.0,0.0,1.0038305521011353,-3.7194536339768547e-10,-0.0054703038185834885,-1.5051691837353331e-10,0,0,0,0,1,0,0,0,0,0,13
0.0067827049642801285,-4.065444869638668e-09,0.006209578365087509,-3.939983339584785e-10,0.019999999552965164,-0.0,0.11075475811958313,0.009301895275712013,-9.81753456308354e-10,-1.3323461257874758e-12,-9.537270670989528e-06,-1.9264115042744168e-13,0.9975366592407227,-2.2771150243183769e-10,-0.006950602866709232,6.565495369592611e-10,0,0,0,0,1,0,0,0,1,0,5
0.013608737848699093,-4.626344640712432e-09,0.007666833233088255,-1.3539068477452787e-10,0.028729340061545372,-9.237723364030614e-10,0.11672445386648178,0.008388200774788857,-8.890849723108829e-10,4.264985500185281e-12,1.4521090633934364e-05,-4.8596057733441e-12,0.989837646484375,3.190811226350121e-10,-0.008285746909677982,4.263537023430075e-10,0,0,0,0,1,0,0,0,1,0,5
0.021998634561896324,-4.736094183499517e-09,0.008955181576311588,-1.4703134543214702e-10,0.0367124043405056,-1.7711865307745711e-09,0.11083060503005981,0.007774220779538155,-8.254595340595472e-10,1.1531882219972811e-11,4.5988213969394565e-05,1.3888051258059862e-18,0.9809144139289856,5.562005300774331e-10,-0.009325672872364521,6.992981194109404e-11,0,0,0,0,1,0,0,0,1,0,5
0.03128376230597496,-5.227688504305661e-09,0.009851339273154736,-2.586571512530611e-10,0.04424729198217392,-2.5712347806461366e-09,0.11303327977657318,0.007341973949223757,-7.795642464891728e-10,1.0890295609744527e-11,4.342960528447293e-05,0.0,0.971478283405304,7.407749968990629e-10,-0.00973448995500803,1.6557601123512455e-10,0,0,0,0,1,0,0,0,1,0,16
0.039300594478845596,-7.460957185401185e-09,0.009585152380168438,-1.4680764937047286e-10,0.051356177777051926,-3.3260494358700043e-09,0.11132436990737915,0.006917912513017654,-7.345377639467188e-10,1.0261196406458062e-11,4.09208114433568e-05,2.0828866909325204e-18,0.961243748664856,8.360191428025132e-10,-0.010619443841278553,3.126898046046378e-11,0,0,0,0,1,0,0,0,1,0,18
0.048777446150779724,-8.318142619145874e-09,0.010424151085317135,-8.550311153543433e-11,0.06319747865200043,1.9806911950581707e-05,0.14544066786766052,0.013863112777471542,2.7952337404713035e-05,2.853884097930859e-07,8.174259164661635e-06,3.596867941269011e-07,0.9503563046455383,7.987534189624057e-08,-0.010805971920490265,2.607233966500644e-07,0,0,0,0,1,0,0,0,1,0,5
0.059428174048662186,2.257829237350961e-06,0.010675542056560516,5.6656449487491045e-06,0.07693091034889221,4.744628313346766e-05,0.11182162165641785,0.013442620635032654,2.6796406018547714e-05,2.3698630968738144e-07,1.3421218682196923e-05,4.073845047969371e-07,0.9392877221107483,6.279798299146933e-07,-0.011376773938536644,7.707772056164686e-07,0,0,0,0,1,0,0,0,1,0,0
0.07055892050266266,1.1475821338535752e-05,0.011478145606815815,1.2568523743539117e-05,0.08951878547668457,7.154946069931611e-05,0.12184842675924301,0.012235984206199646,2.3131804482545704e-05,-1.340862212373395e-07,5.2926559874322265e-05,3.332993117055594e-07,0.9275738596916199,1.6872785408850177e-06,-0.011977027170360088,1.2507266546890605e-06,0,0,0,0,1,0,0,0,1,0,18
0.08240897953510284,2.7949152354267426e-05,0.01214584894478321,1.834825161495246e-05,0.10134448856115341,9.373483044328168e-05,0.11328307539224625,0.011542637832462788,2.1620586267090403e-05,-3.020498411387962e-07,6.828126061009243e-05,9.109785137611376e-14,0.9152939915657043,3.2908797038544435e-06,-0.012507859617471695,2.0112765923840925e-06,0,0,0,0,1,0,0,0,1,0,0
0.09487715363502502,4.8418052756460384e-05,0.012709463015198708,2.2747610273654573e-05,0.11253603547811508,0.00011469778110040352,0.11222716420888901,0.010908451862633228,2.0432697056094185e-05,-2.8544289421006397e-07,6.45270774839446e-05,4.5540980519011634e-14,0.9025512933731079,5.902734301344026e-06,-0.01291878055781126,3.097385615546955e-06,0,0,0,0,1,0,0,0,1,0,18
0.10783255100250244,7.45961006032303e-05,0.013138792477548122,2.9016324333497323e-05,0.12310614436864853,0.0001344967313343659,0.11061712354421616,0.010296527296304703,1.9286491806269623e-05,-2.6942581143885036e-07,6.090627357480116e-05,4.553374685764208e-14,0.8894527554512024,9.392125321028288e-06,-0.013232932426035404,3.7180629988142755e-06,0,0,0,0,1,0,0,0,1,0,5
0.12106192111968994,-0.0015573311829939485,0.013239067979156971,1.906436045828741e-05,0.1330789178609848,0.00015317683573812246,0.11057806015014648,0.009713254868984222,1.819395947677549e-05,-2.5416656512788904e-07,5.7456774811726063e-05,4.552724842087075e-14,0.8760826587677002,1.3439327631203923e-05,-0.013472052291035652,4.3105974327772856e-06,0,0,0,0,1,0,0,0,1,0,16
0.13430096209049225,-0.002248994540423155,0.013239067979156971,7.151131285354495e-06,0.14688079059123993,-2.3716376745142043e-05,0.15487340092658997,0.015494382940232754,-0.0002585174806881696,-6.124692220055294e-08,1.0371490134275518e-05,-7.978151188581251e-07,0.8625065684318542,1.7496720829512924e-05,-0.013653671368956566,1.7932416085386649e-06,0,0,0,0,1,0,0,0,1,0,5
0.14758895337581635,-0.0022397974971681833,0.013399036601185799,2.9517132134060375e-05,0.1622679978609085,-0.0002804386313073337,0.133361354470253,0.015299688093364239,-0.00025526570971123874,-6.124692220055294e-08,1.0371490134275518e-05,-7.978151188581251e-07,0.8487749099731445,1.1564073247427586e-05,-0.013789709657430649,-1.2257482012500986e-05,0,0,0,0,1,0,0,0,1,0,16
0.16113540530204773,-0.002138732001185417,0.013655073940753937,0.00016751329530961812,0.17667743563652039,-0.0005194824771024287,0.12949678301811218,0.013872935436666012,-0.00022936855384614319,1.5779086197653669e-06,4.6477176510961726e-05,-1.8851172853828757e-06,0.8349266052246094,-7.985787306097336e-06,-0.013891388662159443,-2.553947524575051e-05,0,0,0,0,1,0,0,0,1,0,13
0.1748981922864914,-0.001893499051220715,0.013842477463185787,0.00029482730315066874,0.19008246064186096,-0.0007406729273498058,0.11954514682292938,0.013008125126361847,-0.00021437455143313855,2.9947946131869685e-06,7.694737723795697e-05,3.645518674259829e-13,0.820990264415741,-4.017652099719271e-05,-0.01396852359175682,-3.7516900192713365e-05,0,0,0,0,1,0,0,0,1,0,0
0.18882404267787933,-0.001626532175578177,0.013987807556986809,0.00023839541245251894,0.20272517204284668,-0.0009490253869444132,0.11305642873048782,0.012332653626799583,-0.00020324270008131862,2.839350599970203e-06,7.29534585843794e-05,7.289510791860798e-13,0.8069885969161987,-8.42236986500211e-05,-0.014026024378836155,-4.939674909110181e-05,0,0,0,0,1,0,0,0,1,0,0
0.20287373661994934,-0.0014230048982426524,0.014095447026193142,0.00017573923105373979,0.2146746665239334,-0.0011459528468549252,0.11263247579336166,0.011641700752079487,-0.00019185572455171496,2.680164698176668e-06,6.886339542688802e-05,-3.644015698998221e-13,0.7929384112358093,-0.0001383376948069781,-0.014068098738789558,-5.5197797337314114e-05,0,0,0,0,1,0,0,0,1,0,0
0.21697726845741272,-0.0012826782185584307,0.014121797867119312,0.00011324595106998459,0.22595572471618652,-0.0013318649725988507,0.10997554659843445,0.01098864246159792,-0.00018109324446413666,2.529871380829718e-06,6.50018046144396e-05,7.286713550255786e-13,0.7788518071174622,-0.00019335318938829005,-0.014100355096161366,-5.486046939040534e-05,0,0,0,0,1,0,0,0,1,0,5
0.23101142048835754,-0.0012053726240992546,0.013827050104737282,4.9278994993073866e-05,0.23934535682201385,-0.0014098640531301498,0.1489134579896927,0.015875892713665962,2.157586277462542e-05,8.989527486846782e-07,1.2277479072508868e-05,-9.624475296732271e-07,0.7647379040718079,-0.00024801926338113844,-0.014124196954071522,-5.455990685732104e-05,0,0,0,0,1,0,0,0,1,0,13
0.2444782555103302,-0.0007210586336441338,0.013312587514519691,5.217973011895083e-06,0.25510933995246887,-0.0013884406071156263,0.14991647005081177,0.015672532841563225,2.1320780433597974e-05,8.989527486846782e-07,1.2277479072508868e-05,-9.624475296732271e-07,0.7506036162376404,-0.0003027531784027815,-0.014141728170216084,-5.487339149112813e-05,0,0,0,0,1,0,0,0,1,0,16
0.2577905058860779,0.0010149494046345353,0.01331257913261652,2.8457652661018074e-06,0.2703489661216736,-0.0013445076765492558,0.13528884947299957,0.015916716307401657,0.0002661647740751505,4.045680555009312e-07,-7.784921081110951e-07,1.8110119981429307e-07,0.7364542484283447,-0.0003577908792067319,-0.014155051670968533,-5.516994497156702e-05,0,0,0,0,1,0,0,0,1,0,16
0.27110302448272705,0.0010164912091568112,0.013312522321939468,4.7412785875167174e-07,0.2861524820327759,-0.0010802551405504346,0.17414525151252747,0.015711896121501923,0.00026271300157532096,4.045680555009312e-07,-7.784921081110951e-07,1.8110119981429307e-07,0.7222937941551208,-0.00040106973028741777,-0.014164868742227554,-2.5331528377137147e-05,0,0,0,0,1,0,0,0,1,0,5
0.28454819321632385,0.0009882637532427907,0.013567769899964333,-7.276169344549999e-05,0.301740437746048,-0.0008196192793548107,0.1152200698852539,0.015382504090666771,0.0002570875221863389,3.152789815885626e-07,1.2732598406728357e-06,3.6035410744261753e-07,0.7081248760223389,-0.0004028684925287962,-0.014171880669891834,1.746207635733299e-05,0,0,0,0,1,0,0,0,1,0,16
0.29823794960975647,0.0008396594203077257,0.013779542408883572,-0.00020962333655916154,0.3159903883934021,-0.000582842854782939,0.13555479049682617,0.013996797613799572,0.00023232541570905596,-9.926856137099094e-07,3.1288498576032e-05,1.909007551148534e-06,0.6939496994018555,-0.0003642858355306089,-0.014177490957081318,4.8125089961104095e-05,0,0,0,0,1,0,0,0,1,0,6
0.312107652425766,0.0005828877328895032,0.01393801998347044,-0.0002551667857915163,0.32952404022216797,-0.0003586143138818443,0.12166457623243332,0.013023744337260723,0.0002153377135982737,-2.6228829028696055e-06,6.836216198280454e-05,7.775646508889622e-07,0.6797698140144348,-0.00031490600667893887,-0.014181697741150856,5.040593896410428e-05,0,0,0,0,0,1,0,0,1,0,7
0.32580164074897766,0.0007484935922548175,0.013893187046051025,-0.00021514865511562675,0.34218865633010864,-0.00014925803407095373,0.11578278243541718,0.01235992182046175,0.00020431623852346092,-2.8542999643832445e-06,7.311353692784905e-05,-1.0934354550268255e-12,0.665586531162262,-0.000263246736722067,-0.014184502884745598,5.268433960736729e-05,0,0,0,0,0,0,1,0,1,0,6
0.33872392773628235,0.001887930789962411,0.013500720262527466,0.00016552630404476076,0.35417523980140686,4.888750481768511e-05,0.11158435791730881,0.01477891020476818,0.0035128332674503326,8.690756658324972e-06,9.261942068405915e-06,1.0325982657377608e-05,0.6514003872871399,-0.0002093294751830399,-0.01418730802834034,5.492218770086765e-05,0,0,0,0,0,1,0,0,1,0,12
0.35168325901031494,0.002410975517705083,0.012463681399822235,0.0010440652258694172,0.3684733211994171,0.0034286624286323786,0.15605111420154572,0.014190606772899628,0.0033526034094393253,3.6200576687406283e-06,1.6110187061713077e-05,1.747997521306388e-05,0.6372124552726746,-0.0001531797315692529,-0.01418871060013771,5.7154018577421084e-05,0,0,0,0,0,1,0,0,1,0,17
0.36396220326423645,0.004346654284745455,0.01192899327725172,0.0025816296692937613,0.3824957311153412,0.006738266441971064,0.10035084933042526,0.013621393591165543,0.0031998034100979567,-1.919096575875301e-06,2.3516959117841907e-05,2.286582821398042e-05,0.6230251789093018,-1.311842515860917e-05,-0.01418099645525217,0.00033163215266540647,0,0,0,0,0,1,0,0,1,1,10
0.3757980763912201,0.00690508633852005,0.01197878085076809,0.0025793055538088083,0.39535319805145264,0.009720047935843468,0.12494635581970215,0.012613387778401375,0.002918327460065484,-2.4586197469034232e-05,5.355821122066118e-05,2.2447125957114622e-05,0.6088697910308838,0.000618797610513866,-0.014127002097666264,0.000877292943187058,0,0,0,0,0,1,0,0,1,1,12
0.38804030418395996,0.009501444175839424,0.012443697080016136,0.002598776714876294,0.40754538774490356,0.012532719410955906,0.11463117599487305,0.011897856369614601,0.0027428807225078344,-3.8319565646816045e-05,7.038297917461023e-05,-1.1661713261723605e-11,0.5947956442832947,0.0017935537034645677,-0.014026024378836155,0.0014067996526136994,0,0,0,0,0,1,0,0,1,1,18
0.4006938636302948,0.012090572156012058,0.012807635590434074,0.0025860145688056946,0.4190819263458252,0.015192295424640179,0.11210113763809204,0.011245273053646088,0.0025924360379576683,-3.621458381530829e-05,6.651670264545828e-05,-1.7489332898579235e-11,0.5808278322219849,0.0034249129239469767,-0.013915931805968285,0.0018146049696952105,0,0,0,0,0,1,0,0,1,0,12
0.4136359393596649,0.01471632532775402,0.013039743527770042,0.0026598928961902857,0.42998242378234863,0.01770525798201561,0.1089971512556076,0.010622124187648296,0.002448779297992587,-3.4209966543130577e-05,6.283470429480076e-05,-2.3315224750852792e-11,0.566986083984375,0.005462141241878271,-0.013777087442576885,0.002218768699094653,0,0,0,0,0,1,0,0,1,0,14
0.42649295926094055,0.017650457099080086,0.01275750994682312,0.0026162683498114347,0.4402717649936676,0.020077310502529144,0.11143915355205536,0.010021895170211792,0.002310404786840081,-3.22758533002343e-05,5.9282261645421386e-05,0.0,0.5533256530761719,0.007961458526551723,-0.013539721257984638,0.0027687426190823317,0,0,0,0,0,0,0,0,1,0,3
0.4381832778453827,0.020385241135954857,0.011347499676048756,0.0019419132731854916,0.449980765581131,0.022315582260489464,0.10863298177719116,0.009457848966121674,0.002180371666327119,-3.0459936169791035e-05,5.594691901933402e-05,0.0,0.5399597883224487,0.011062614619731903,-0.013213999569416046,0.003370927879586816,0,0,1,0,0,0,0,0,1,0,5
0.44760504364967346,0.021913662552833557,0.008355168625712395,0.0012645168462768197,0.5043857097625732,0.02371860109269619,0.45959579944610596,0.05835840851068497,0.0011241836473345757,7.074215773172909e-06,5.046795922680758e-05,0.0012111765099689364,0.5270972847938538,0.014692048542201519,-0.012102196924388409,0.0036286823451519012,0,0,0,0,1,0,0,0,1,0,6
0.4553943872451782,0.023128308355808258,0.00739483255892992,0.0011787174735218287,0.5613409876823425,0.024593090638518333,0.6298810243606567,0.05582081526517868,0.0006773762870579958,7.074215773172909e-06,5.046795922680758e-05,0.0012111765099689364,0.5170472860336304,0.017912056297063828,-0.008023135364055634,0.0028468063101172447,0,0,0,0,0,1,0,0,1,0,13
0.46236714720726013,0.02381838485598564,0.006643814034759998,0.0005494321812875569,0.6158041954040527,0.025046702474355698,0.5865691304206848,0.053363170474767685,0.0002773714659269899,7.074215773172909e-06,5.046795922680758e-05,0.0012111765099689364,0.5121228694915771,0.020322030410170555,-0.0022309666965156794,0.0022229680325835943,0,0,0,0,0,1,0,0,1,0,3
0.4685738980770111,0.024328140541911125,0.006454832386225462,0.0005102043505758047,0.6678456664085388,0.025124872103333473,0.3440328538417816,0.050968434661626816,-7.83969517215155e-05,7.074215773172909e-06,5.046795922680758e-05,0.0012111765099689364,0.5123012065887451,0.02307543344795704,0.002594555029645562,0.0025544725358486176,0,0,1,0,0,0,0,0,1,0,15
0.4758816659450531,0.024768264964222908,0.007979309186339378,0.00034693325869739056,0.7145675420761108,0.024861672893166542,0.20147284865379333,0.041403256356716156,-0.0004040719068143517,6.974829830141971e-06,6.922426109667867e-05,0.0011178668355569243,0.5169532299041748,0.024808425456285477,0.005817413330078125,0.0011118119582533836,0,0,1,0,0,0,0,0,0,0,8
0.4846039116382599,0.024925528094172478,0.00929376669228077,-2.1132555048097856e-05,0.755267858505249,0.02433747425675392,0.2879127860069275,0.0401134267449379,-0.000618406047578901,6.974829830141971e-06,6.922426109667867e-05,0.0011178668355569243,0.523655354976654,0.0254963431507349,0.007359771057963371,0.000551727949641645,0,0,0,0,0,0,0,1,0,0,12
0.49400365352630615,0.024828987196087837,0.009665068238973618,-0.0001091706144507043,0.7946376204490662,0.023613376542925835,0.18104799091815948,0.038751088082790375,-0.0008068929892033339,6.974829830141971e-06,6.922426109667867e-05,0.0011178668355569243,0.5317526459693909,0.02592274360358715,0.00867177452892065,0.0003065789060201496,0,0,0,0,0,0,0,1,0,0,10
0.5042237639427185,0.024704638868570328,0.010646792128682137,-0.00013791772653348744,0.830474853515625,0.02275935374200344,0.17222194373607635,0.03396071493625641,-0.0008863169932737947,7.934762834338471e-06,9.32755574467592e-05,0.0009365530568175018,0.5409274101257324,0.026056187227368355,0.009335138835012913,5.675274678651476e-06,0,0,0,0,0,0,0,1,0,0,8
0.5153365135192871,0.024551814422011375,0.01148791890591383,-0.00016141736705321819,0.8639153242111206,0.02181481570005417,0.12288414686918259,0.03299633413553238,-0.000989824766293168,7.934762834338471e-06,9.32755574467592e-05,0.0009365530568175018,0.5504714250564575,0.02603951469063759,0.009923472069203854,-3.373793879291043e-05,0,0,0,0,0,0,0,1,0,0,11
0.5272400379180908,0.024385614320635796,0.012204320169985294,-0.00017479406960774213,0.8945942521095276,0.020842019468545914,0.11506552249193192,0.029626738280057907,-0.0009730132878758013,1.0156038115383126e-05,0.0001269105268875137,0.0005912353517487645,0.5609381198883057,0.02597425878047943,0.0108416136354208,-8.826737757772207e-05,0,0,0,0,0,0,0,1,0,0,4
0.5397648811340332,0.024205854162573814,0.012754063121974468,-0.00019132524903398007,0.9225344657897949,0.019910769537091255,0.11141528189182281,0.026823844760656357,-0.000896534591447562,1.2524425073934253e-05,0.0001586707803653553,2.93617734292706e-12,0.5723234415054321,0.025860147550702095,0.01166688185185194,-0.00012274202890694141,0,0,0,1,0,0,0,0,0,0,14
0.5527655482292175,0.024019699543714523,0.013174372725188732,-0.00019392152898944914,0.9481024146080017,0.019056210294365883,0.10948007553815842,0.024584511294960976,-0.0008216890855692327,1.1478403393994085e-05,0.00014541884593199939,0.0,0.5844016671180725,0.025714116171002388,0.012273011729121208,-0.00016114299069158733,0,0,0,0,0,0,0,0,0,0,16
0.5661211609840393,0.023827068507671356,0.01348704844713211,-0.00020026548008900136,0.9715924263000488,0.018271101638674736,0.10966987162828445,0.022635584697127342,-0.0007565502892248333,1.056851033354178e-05,0.00013389148807618767,0.0,0.5970138907432556,0.025531241670250893,0.012791597284376621,-0.00019438023446127772,0,0,0,0,0,0,0,0,0,0,0
0.5797438621520996,0.02363104186952114,0.013722018338739872,-0.00020175585814286023,0.9932730197906494,0.017546460032463074,0.10974804311990738,0.0209327582269907,-0.0006996371084824204,9.773532838153187e-06,0.00012381990381982177,-2.926045473625183e-12,0.61005038022995,0.02532431297004223,0.013139321468770504,-0.0002197938592871651,0,0,0,0,0,0,0,0,0,0,9
0.5935655832290649,0.023429835215210915,0.013895999640226364,-0.00020891038002446294,1.013364315032959,0.016874948516488075,0.10980556160211563,0.019429832696914673,-0.0006494048284366727,9.071865861187689e-06,0.00011493056081235409,-1.4619344146718505e-12,0.623380720615387,0.025092143565416336,0.013403418473899364,-0.00024621753254905343,0,0,0,0,0,0,0,0,0,0,1
