lt_dp_posx,lt_dp_posy,lt_dp_velx,lt_dp_vely,ball_posx,ball_posy,ball_posz,ball_vel_x,ball_vel_y,ball_rot_x,ball_rot_y,ball_rot_z,rt_gk_posx,rt_gk_posy,rt_gk_velx,rt_gk_vely,action_left,action_top_left,action_top,action_top_right,action_right,action_bottom_right,action_bottom,action_bottom_left,action_sprint,action_dribble,sel_action
-1.0110293626785278,-0.0,0.0,-0.0,0.019999999552965164,-0.0,0.11061639338731766,-0.0,0.0,0.0,-0.0,0.0,1.0110293626785278,0.0,-0.0,0.0,0,0,0,0,0,0,0,0,0,0,5
0.0,-0.0,0.0,-0.0,0.019999999552965164,-0.0,0.11059734225273132,-0.0,0.0,0.0,-0.0,0.0,1.0110293626785278,0.0,-0.0,0.0,0,0,0,0,1,0,0,0,0,0,5
0.0008584571187384427,6.31864074951416e-11,0.0032361329067498446,2.5075197127022442e-11,0.019999999552965164,-0.0,0.10930104553699493,-0.0,0.0,0.0,-0.0,0.0,1.0093543529510498,-1.2263390303246524e-10,-0.0035601502750068903,-2.3792418035739615e-10,0,0,0,0,1,0,0,0,0,0,5
0.004070135299116373,-1.1033407520955052e-09,0.0049414923414587975,-2.770934315332596e-10,0.019999999552965164,-0.0,0.11075475811958313,-0.0,0.0,0.0,-0.0,0.0,1.0049090385437012,-3.4048644459439004e-10,-0.005159658379852772,-1.7905761595660152e-10,0,0,0,0,1,0,0,0,0,0,13
0.007871970534324646,-4.405483977620861e-09,0.006513637024909258,-3.710970974957206e-10,0.021814193576574326,-1.919535225214375e-10,0.11905936896800995,0.009004201740026474,-9.530071176655497e-10,2.920990543626295e-13,-2.5668914531706832e-06,-2.272282622478583e-12,0.998912513256073,-3.60157847989484e-10,-0.006663799285888672,6.767881255420605e-10,0,0,0,0,1,0,0,0,1,0,5
0.015182881616055965,-4.637022765763277e-09,0.007938067428767681,-8.555410546673414e-11,0.03035673499107361,-1.098009905220465e-09,0.10534955561161041,0.00817275419831276,-8.683166408118836e-10,6.0634010833060525e-12,2.2233871277421713e-05,-4.865467403969426e-12,0.9914822578430176,2.2331921034624003e-10,-0.0080326022580266,4.732452763001049e-10,0,0,0,0,1,0,0,0,1,0,16
0.023825105279684067,-4.767021888341105e-09,0.009190707467496395,-1.3697155909486725e-10,0.03821047022938728,-1.933115889585224e-09,0.11269862204790115,0.007662375457584858,-8.147729713137153e-10,1.1381846853897315e-11,4.532364982878789e-05,0.0,0.9827787280082703,5.062151253731884e-10,-0.009224695153534412,1.1560768314877734e-10,0,0,0,0,1,0,0,0,1,0,5
0.03296341001987457,-5.7231801520174486e-09,0.009851382113993168,-2.371023377634174e-10,0.04564186930656433,-2.7233273414140058e-09,0.11210299283266068,0.007240790408104658,-7.699436088692835e-10,1.0756078319684725e-11,4.283177986508235e-05,6.94334423900034e-19,0.9734154939651489,1.0946006323564461e-09,-0.009538145735859871,7.341470209532019e-10,0,0,0,0,1,0,0,0,1,0,5
0.040885716676712036,-8.154317221453766e-09,0.009685585275292397,-1.2715165031984554e-10,0.052648138254880905,-3.468333398259915e-09,0.11100589483976364,0.006817336194217205,-7.249161826372585e-10,1.0126965238610453e-11,4.032659489894286e-05,1.3885677249701834e-18,0.963359534740448,1.6646812817100454e-09,-0.010455355979502201,4.0282843727368345e-10,0,0,0,0,1,0,0,0,1,0,13
0.050809651613235474,-8.651723781838427e-09,0.010593323037028313,-7.154383335761239e-11,0.06588450074195862,2.538750777603127e-05,0.14662382006645203,0.013831733725965023,2.7887346732313745e-05,2.854333160939859e-07,8.133003575494513e-06,3.5940200859840843e-07,0.9525248408317566,3.4496206779977e-08,-0.010928686708211899,1.6268393210339127e-07,0,0,0,0,1,0,0,0,1,0,0
0.061511363834142685,3.511102477204986e-06,0.010849535465240479,6.5499230004206765e-06,0.0794624388217926,5.255355790723115e-05,0.11541591584682465,0.012867785058915615,2.484861579432618e-05,2.920202923917259e-08,3.572785499272868e-05,4.6688651877957454e-07,0.9415563941001892,4.924731342725863e-07,-0.011242137290537357,7.092557439136726e-07,0,0,0,0,1,0,0,0,1,0,0
0.07279764115810394,1.4273947272158694e-05,0.011619224213063717,1.448333296139026e-05,0.09186188131570816,7.611839100718498e-05,0.11319675296545029,0.01208172645419836,2.2745614842278883e-05,-1.856381999232326e-07,5.814373434986919e-05,2.56864552738989e-07,0.9299631714820862,1.4825218386249617e-06,-0.011861324310302734,1.2164043710072292e-06,0,0,0,0,1,0,0,0,1,0,16
0.0847788006067276,3.170457057422027e-05,0.01227075606584549,1.8925651602330618e-05,0.10355120897293091,9.802042768569663e-05,0.11222615838050842,0.011410308070480824,2.137276533176191e-05,-2.985634068863874e-07,6.749296153429896e-05,-4.5547218069635215e-14,0.9177908301353455,2.990559551108163e-06,-0.012411790899932384,1.8685877876123413e-06,0,0,0,0,1,0,0,0,1,0,18
0.09735527634620667,5.315264206728898e-05,0.012805094011127949,2.3973423594725318e-05,0.11461616307497025,0.00011874631309183314,0.10859900712966919,0.010783788748085499,2.0199226128170267e-05,-2.821870168645546e-07,6.379093247232959e-05,0.0,0.9051313996315002,5.479997980728513e-06,-0.012844450771808624,3.0031949336262187e-06,0,0,0,0,1,0,0,0,1,0,13
0.11039263755083084,-8.298049942823127e-05,0.01320716179907322,2.8767084586434066e-05,0.1250637322664261,0.00013831577962264419,0.10880786925554276,0.010176208801567554,1.9061151760979556e-05,-2.662842746303795e-07,6.019599095452577e-05,6.829857046673077e-14,0.8920965194702148,8.98262169357622e-06,-0.01317683421075344,3.758543925869162e-06,0,0,0,0,1,0,0,0,1,0,18
0.123631551861763,-0.0019212791230529547,0.013239067979156971,1.6684309230186045e-05,0.1349201649427414,0.0001567779399920255,0.11073844879865646,0.00959957204759121,1.7981052224058658e-05,-2.511893626433448e-07,5.6783639593049884e-05,4.552602191716312e-14,0.8787750601768494,1.307235834246967e-05,-0.013429276645183563,4.3652262320392765e-06,0,0,0,0,1,0,0,0,1,0,16
0.1368706077337265,-0.0022479163017123938,0.013239067979156971,4.76623245049268e-06,0.14988969266414642,-7.532312156399712e-05,0.15853874385356903,0.015455832704901695,-0.00025785554316826165,-6.126785478954844e-08,1.0369019946665503e-05,-7.978029543664888e-07,0.8652356863021851,1.7680455130175687e-05,-0.013621414080262184,4.194112534605665e-06,0,0,0,0,1,0,0,0,1,0,5
0.1501993089914322,-0.002230672398582101,0.013456800021231174,5.137335756444372e-05,0.16522149741649628,-0.0003310824395157397,0.11716939508914948,0.015123102813959122,-0.00025209851446561515,4.855416335658447e-08,1.2795473594451323e-05,-9.663740456744563e-07,0.8515316843986511,1.446999522158876e-05,-0.013765166513621807,-9.809745279198978e-06,0,0,0,0,1,0,0,0,1,0,16
0.1637946218252182,-0.002100772922858596,0.013697322458028793,0.00019704112492036074,0.17935000360012054,-0.0005650188541039824,0.12572547793388367,0.013744492083787918,-0.0002271047414978966,1.7067466160369804e-06,4.9295384087599814e-05,-1.8289413219463313e-06,0.8377040028572083,-2.9549369173764717e-06,-0.013873857446014881,-2.3599432097398676e-05,0,0,0,0,1,0,0,0,1,0,16
0.17759345471858978,-0.0018355009378865361,0.013875084929168224,0.0002877938386518508,0.19258323311805725,-0.0007832400733605027,0.11795040965080261,0.012886748649179935,-0.0002123645826941356,2.9668187835341087e-06,7.623204874107614e-05,1.4581516332920486e-12,0.8237833380699158,-3.329100218252279e-05,-0.013955200091004372,-3.527946682879701e-05,0,0,0,0,1,0,0,0,1,0,16
0.19154727458953857,-0.001580764539539814,0.014012175612151623,0.00022536223696079105,0.205088272690773,-0.0009893141686916351,0.10695590823888779,0.012190422974526882,-0.00020088962628506124,2.8065267088095425e-06,7.21133328625001e-05,0.0,0.80979323387146,-7.452069985447451e-05,-0.014016207307577133,-4.610420364770107e-05,0,0,0,0,1,0,0,0,1,0,16
0.20561762154102325,-0.0013896425953134894,0.014113328419625759,0.0001634537911741063,0.21690158545970917,-0.0011839887592941523,0.11112890392541885,0.011512037366628647,-0.0001897103211376816,2.650270744197769e-06,6.80983648635447e-05,0.0,0.795751690864563,-0.00012598549074027687,-0.014060385525226593,-5.3920124628348276e-05,0,0,0,0,1,0,0,0,1,0,5
0.21971632540225983,-0.0012624298688024282,0.014122012071311474,0.00010066614777315408,0.2280525267124176,-0.0013677484821528196,0.11018563061952591,0.010860622860491276,-0.00017897547513712198,2.5002634629345266e-06,6.424394086934626e-05,-3.643232091878057e-13,0.7816715240478516,-0.00018030178034678102,-0.014094745740294456,-5.4635103879263625e-05,0,0,0,0,1,0,0,0,1,0,5
0.23367328941822052,-0.001197651494294405,0.013679967261850834,3.656666376627982e-05,0.24243292212486267,-0.0014055587816983461,0.1571343094110489,0.015835141763091087,2.148743260477204e-05,8.989376283352613e-07,1.2278230315132532e-05,-9.625376833355404e-07,0.7675625085830688,-0.00023531526676379144,-0.014119990170001984,-5.531900023925118e-05,0,0,0,0,1,0,0,0,1,0,5
0.24705924093723297,-0.0003781621635425836,0.013312590308487415,4.744130364997545e-06,0.25815626978874207,-0.0013842073967680335,0.13814039528369904,0.015631891787052155,2.1261284928186797e-05,8.989376283352613e-07,1.2278230315132532e-05,-9.625376833355404e-07,0.7534323930740356,-0.00028547458350658417,-0.014138221740722656,-4.4928514398634434e-05,0,0,0,0,1,0,0,0,1,0,13
0.2603715658187866,0.001015408313833177,0.013312522321939468,2.3724217044218676e-06,0.27344459295272827,-0.0012914232211187482,0.15094290673732758,0.0158751979470253,0.00026546051958575845,4.0460912487105816e-07,-7.777784389872977e-07,1.8099038356922392e-07,0.7392860054969788,-0.0003239947836846113,-0.01415224652737379,-3.327183367218822e-05,0,0,0,0,1,0,0,0,1,0,16
0.2736872732639313,0.0010162886464968324,0.013344252482056618,-1.8706660966927302e-06,0.2892073392868042,-0.001027856138534844,0.17014317214488983,0.015671642497181892,0.00026204143068753183,4.0460912487105816e-07,-7.777784389872977e-07,1.8099038356922392e-07,0.7251275777816772,-0.0003478937142062932,-0.014162764884531498,-1.1762069334508851e-05,0,0,0,0,1,0,0,0,1,0,16
0.28718751668930054,0.0009696039487607777,0.013615629635751247,-0.00010001959162764251,0.30462515354156494,-0.000770231825299561,0.11693178117275238,0.014495953917503357,0.00024104746989905834,-6.417307645278925e-07,2.324438901268877e-05,1.7091239215005771e-06,0.710960328578949,-0.0003424090100452304,-0.014170478098094463,1.9600774976424873e-05,0,0,0,0,1,0,0,0,1,0,6
0.30091768503189087,0.0007937816553749144,0.01381425280123949,-0.000235696803429164,0.318700909614563,-0.0005365453544072807,0.13001012802124023,0.01394007820636034,0.00023135286755859852,-1.017768113342754e-06,3.186332105542533e-05,1.9165418052580208e-06,0.6967863440513611,-0.0003058621659874916,-0.014176789671182632,4.782408359460533e-05,0,0,0,0,0,1,0,0,1,0,16
0.314817875623703,0.0005336359026841819,0.013965018093585968,-0.00024291967565659434,0.33202800154685974,-0.00031591474544256926,0.12117227911949158,0.01289663277566433,0.0002131980290869251,-2.8381480206007836e-06,7.316975097637624e-05,3.304809013116028e-07,0.6826073527336121,-0.00025819006259553134,-0.01418099645525217,4.7547135181957856e-05,0,0,0,0,0,1,0,0,1,0,6
0.32833051681518555,0.0009286199347116053,0.013805284164845943,-0.0001605366269359365,0.3445596694946289,-0.00010876003943849355,0.11239105463027954,0.012229600921273232,0.00020216163829900324,-2.8242750431672903e-06,7.234455551952124e-05,-3.6446426389044606e-13,0.668424665927887,-0.00021079710859339684,-0.014183801598846912,4.726618135464378e-05,0,0,0,0,0,1,0,0,1,0,12
0.3412551283836365,0.002017847029492259,0.013368270359933376,0.0001692476071184501,0.35699036717414856,0.0007347505888901651,0.128550723195076,0.014405917376279831,0.003407899057492614,4.592069672071375e-06,1.479921138525242e-05,1.6261019482044503e-05,0.6542389988899231,-0.0001597748778294772,-0.014186606742441654,5.676154978573322e-05,0,0,0,0,0,1,0,0,1,0,12
0.35408419370651245,0.0026797393802553415,0.012407583184540272,0.0014420885127037764,0.37122467160224915,0.004097894765436649,0.15288688242435455,0.01415556762367487,0.0033442992717027664,3.6201583952788496e-06,1.6110072465380654e-05,1.7479898815508932e-05,0.6400514245033264,-9.548640809953213e-05,-0.01418871060013771,7.044697849778458e-05,0,0,0,0,0,1,0,0,1,0,12
0.3662535846233368,0.004860169719904661,0.01184169016778469,0.0025627787690609694,0.38504207134246826,0.007349487394094467,0.12132281810045242,0.013078269548714161,0.003039842937141657,-1.667886863288004e-05,4.316298145567998e-05,2.709334876271896e-05,0.6258635520935059,1.7069989553419873e-05,-0.014184502884745598,0.00025703717255964875,0,0,0,0,0,1,0,0,1,0,12
0.37812766432762146,0.007422609254717827,0.012079407460987568,0.002589950105175376,0.3977731168270111,0.010298190638422966,0.11544486880302429,0.012467466294765472,0.002880722749978304,-2.771408253465779e-05,5.7602141168899834e-05,1.9192322724848054e-05,0.6117039322853088,0.0005982572329230607,-0.01413050852715969,0.0008460735552944243,0,0,0,0,0,1,0,0,1,0,7
0.3904600143432617,0.010020792484283447,0.012525039725005627,0.002595924772322178,0.4098235070705414,0.013076664879918098,0.10648500919342041,0.011762847192585468,0.0027117556892335415,-3.788523099501617e-05,6.958522862987593e-05,0.0,0.5976294279098511,0.0017668126383796334,-0.01401971373707056,0.001431712880730629,0,0,0,0,0,0,1,0,1,0,15
0.4031819701194763,0.012609802186489105,0.01286057848483324,0.00259958952665329,0.42123064398765564,0.01570640504360199,0.11318568885326385,0.011119981296360493,0.002563551999628544,-3.581251439754851e-05,6.577819294761866e-05,-1.1659155411958277e-11,0.5836728811264038,0.00343760522082448,-0.013904010877013206,0.00185119837988168,0,0,0,0,0,0,1,0,0,0,5
0.4161677956581116,0.01525052823126316,0.013076908886432648,0.002674751216545701,0.43200692534446716,0.018190715461969376,0.11169163882732391,0.010499090887606144,0.002420413540676236,-3.381259739398956e-05,6.210490391822532e-05,8.742930858451903e-12,0.5698429942131042,0.005507970228791237,-0.013765166513621807,0.0022490844130516052,0,0,0,0,1,0,0,0,0,0,14
0.42886480689048767,0.018265755847096443,0.012461386620998383,0.0025556304026395082,0.4421776235103607,0.020535413175821304,0.10880304127931595,0.009906935505568981,0.0022839014418423176,-3.19062928610947e-05,5.860350574948825e-05,-2.913879641047723e-12,0.5561847686767578,0.008012965321540833,-0.013538318686187267,0.002772592706605792,0,0,0,0,0,0,0,0,0,0,15
0.44022056460380554,0.020831219851970673,0.010659083724021912,0.0017490392783656716,0.4570629298686981,0.02274014987051487,0.1326182335615158,0.06223221868276596,0.0020781601779162884,-1.4940470464352984e-05,4.438470205059275e-05,0.0006135899457149208,0.5428332686424255,0.01113928109407425,-0.013188053853809834,0.003413214348256588,0,0,0,0,0,0,0,0,0,0,12
0.44919919967651367,0.022167159244418144,0.008381464518606663,0.0012685664696618915,0.5173983573913574,0.024646863341331482,0.22936338186264038,0.05903308093547821,0.0017738823080435395,-1.4968014511396177e-05,4.510915823630057e-05,0.0006124482024461031,0.5298915505409241,0.014881781302392483,-0.012562555260956287,0.0038898875936865807,0,0,0,0,0,0,0,0,0,0,9
0.45677462220191956,0.023343591019511223,0.007229342125356197,0.00097601895686239,0.5748943090438843,0.026261501014232635,0.12126193940639496,0.056258395314216614,0.0014856497291475534,-1.4968014511396177e-05,4.510915823630057e-05,0.0006124482024461031,0.519002377986908,0.018163077533245087,-0.009231356903910637,0.0026725695934146643,0,0,0,0,0,0,0,0,0,0,18
0.4635371267795563,0.023921767249703407,0.006132967304438353,0.0005072098574601114,0.624476432800293,0.027557766065001488,0.13352790474891663,0.04806558042764664,0.0011969102779403329,-1.528770553704817e-05,6.966797809582204e-05,0.0005601442535407841,0.5125138163566589,0.019968420267105103,-0.004054518416523933,0.001089581404812634,0,0,0,0,0,0,0,0,0,0,14
0.46982938051223755,0.024433571845293045,0.006768282502889633,0.000521326728630811,0.6679546236991882,0.02862086147069931,0.10413756966590881,0.04008220136165619,0.0009672215674072504,-1.506165699538542e-05,0.00011089477629866451,0.00043847286724485457,0.5117483735084534,0.0203019417822361,0.002083007013425231,4.9580226914258674e-05,0,0,0,0,0,0,0,0,0,0,9
0.4774249792098999,0.024922002106904984,0.00824507512152195,0.0004425003135111183,0.7044737339019775,0.029509082436561584,0.10877776890993118,0.03428380563855171,0.0008335273014381528,-1.3170028068998363e-05,0.00017723944620229304,0.00015442792209796607,0.515154242515564,0.020561154931783676,0.004091683775186539,0.00039001114782877266,0,0,0,0,0,0,0,0,0,0,8
0.4863583743572235,0.02525663748383522,0.009327776730060577,0.000240700101130642,0.7367196679115295,0.03029465675354004,0.10909789055585861,0.030750298872590065,0.00074956618482247,-1.0470496818015818e-05,0.00018188293324783444,0.0,0.5201217532157898,0.020901838317513466,0.005647365003824234,0.0002933318610303104,0,0,0,0,0,0,0,1,0,0,15
0.49579131603240967,0.025497283786535263,0.009860035963356495,0.0002452840853948146,0.7658647894859314,0.031005095690488815,0.10934000462293625,0.027905834838747978,0.0006802295683883131,-9.502123248239513e-06,0.00016506137035321444,-5.87662774345632e-12,0.5269224047660828,0.021217627450823784,0.0072882953099906445,0.00034203255199827254,0,0,0,0,0,0,0,1,0,0,13
0.506196141242981,0.025750523433089256,0.010817806236445904,0.0002563080925028771,0.7924141883850098,0.031652260571718216,0.10950944572687149,0.025496767833828926,0.0006215063040144742,-8.681931831233669e-06,0.00015081383753567934,8.80100766570413e-12,0.5351266264915466,0.021569697186350822,0.008601699024438858,0.00037254628841765225,0,0,0,0,0,0,0,1,1,0,7
0.5174742937088013,0.026016514748334885,0.011642560362815857,0.00027207337552681565,0.8167479038238525,0.032245419919490814,0.10963059961795807,0.023427193984389305,0.0005710585974156857,-7.97729899204569e-06,0.00013857365411240608,0.0,0.544550359249115,0.021938400343060493,0.009677241556346416,0.0003843889862764627,0,0,0,0,0,0,1,0,1,0,6
0.5294983386993408,0.026297584176063538,0.012314939871430397,0.0002832482859957963,0.839165210723877,0.0327918604016304,0.1097186729311943,0.02162732370197773,0.0005271853297017515,-7.364474640780827e-06,0.00012792825873475522,5.854213815104092e-12,0.5548877120018005,0.022327182814478874,0.010580462403595448,0.00040876370621845126,0,0,0,0,0,1,0,0,1,0,11
0.542110800743103,0.026588326320052147,0.01283954456448555,0.00029359300970099866,0.8599062561988831,0.03329743444919586,0.10978366434574127,0.020045174285769463,0.0004886190290562809,-6.825765012763441e-06,0.00011857032950501889,-1.462369938684538e-12,0.5660707354545593,0.022731440141797066,0.011479613371193409,0.00041756004793569446,0,0,0,0,0,1,0,0,1,0,15
0.55517578125,0.026889728382229805,0.013233622536063194,0.0003008936473634094,0.8791660070419312,0.03376690298318863,0.1098322868347168,0.018641237169504166,0.00045439679524861276,-6.347723683575168e-06,0.00011026628635590896,0.0,0.5780247449874878,0.023147279396653175,0.012120590545237064,0.00043450159137137234,0,0,0,0,0,1,0,0,0,0,6
0.5685771107673645,0.02719595469534397,0.013529875315725803,0.00030434076325036585,0.8971052765846252,0.034204188734292984,0.10986913740634918,0.017384959384799004,0.0004237738612573594,-5.9199505813012365e-06,0.00010283545998390764,-5.842342668677114e-12,0.5905214548110962,0.023574555292725563,0.012620382010936737,0.00044396851444616914,0,0,0,0,0,1,0,0,0,0,6
0.5822316408157349,0.027507662773132324,0.013750606216490269,0.000310533243464306,0.9138579368591309,0.03461254760622978,0.10989736765623093,0.016252366825938225,0.00039616599678993225,-5.534292540687602e-06,9.613615111447871e-05,-1.4599039208432196e-12,0.6034926176071167,0.024001363664865494,0.01306608971208334,0.0004422819765750319,0,0,0,0,0,1,0,0,0,0,15
0.5960747599601746,0.027821755036711693,0.013915627263486385,0.0003119024622719735,0.9295369386672974,0.03499474376440048,0.1099192202091217,0.015224347822368145,0.0003711071331053972,-5.184238943911623e-06,9.005538595374674e-05,7.296626952819907e-13,0.6167766451835632,0.024434562772512436,0.01334588322788477,0.00044878083281219006,0,0,0,0,0,1,0,0,0,0,4
0.6100578308105469,0.02813725732266903,0.014035970903933048,0.0003149059775751084,0.9442382454872131,0.03535309433937073,0.10993628948926926,0.014285504817962646,0.00034822209272533655,-4.864552465733141e-06,8.450209134025499e-05,1.45883012701159e-12,0.6303120255470276,0.02486753650009632,0.013598214834928513,0.000442283897427842,0,0,0,1,0,0,0,0,0,0,6
0.6241439580917358,0.02845410257577896,0.014127355068922043,0.0003150269330944866,0.95804363489151,0.035689614713191986,0.10994973033666611,0.01342327706515789,0.0003272044996265322,-4.570950295601506e-06,7.940192153910175e-05,7.292016925182498e-13,0.6440343856811523,0.025300055742263794,0.013748365454375744,0.0004472136206459254,0,0,0,0,0,1,0,0,0,0,16
0.6383073329925537,0.028770556673407555,0.014194034971296787,0.0003147166280541569,0.9710240364074707,0.036006029695272446,0.1099603921175003,0.012627341784536839,0.00030780278029851615,-4.299919964978471e-06,7.46938749216497e-05,0.0,0.6578834056854248,0.025735240429639816,0.013893003575503826,0.000437824142863974,0,0,0,0,0,1,0,0,0,0,14
0.6525256633758545,0.02908802404999733,0.014241503551602364,0.00031628194847144186,0.9832409024238586,0.03630382940173149,0.10996890068054199,0.011889089830219746,0.0002898070961236954,-4.04852835345082e-06,7.032698340481147e-05,0.0,0.6718453168869019,0.026164274662733078,0.013966773636639118,0.00044288692879490554,0,0,0,0,0,0,0,0,0,0,6
0.6667860150337219,0.029405219480395317,0.014278733171522617,0.00031610383302904665,0.9947478175163269,0.036584313958883286,0.10997572541236877,0.01120131928473711,0.0002730421838350594,-3.8143286928971065e-06,6.625868991250172e-05,-3.643567110349355e-13,0.6858711838722229,0.026596374809741974,0.01402494590729475,0.00044606038136407733,0,0,0,0,0,1,0,0,0,0,8
0.6810769438743591,0.029722264036536217,0.01430452335625887,0.0003166482492815703,1.0055917501449585,0.03684864565730095,0.1099812313914299,0.01055794209241867,0.00025735923554748297,-3.595244606913184e-06,6.245296390261501e-05,-3.6429431519990896e-13,0.6999571323394775,0.027023915201425552,0.014086551032960415,0.00043759611435234547,0,0,0,0,0,0,0,1,0,0,13
