lt_dp_posx,lt_dp_posy,lt_dp_velx,lt_dp_vely,ball_posx,ball_posy,ball_posz,ball_vel_x,ball_vel_y,ball_rot_x,ball_rot_y,ball_rot_z,rt_gk_posx,rt_gk_posy,rt_gk_velx,rt_gk_vely,action_left,action_top_left,action_top,action_top_right,action_right,action_bottom_right,action_bottom,action_bottom_left,action_sprint,action_dribble,sel_action
-1.0110293626785278,-0.0,0.0,-0.0,0.019999999552965164,-0.0,0.11061639338731766,-0.0,0.0,0.0,-0.0,0.0,1.0110293626785278,0.0,-0.0,0.0,0,0,0,0,0,0,0,0,0,0,5
0.0,-0.0,0.0,-0.0,0.019999999552965164,-0.0,0.11059734225273132,-0.0,0.0,0.0,-0.0,0.0,1.0110293626785278,0.0,-0.0,0.0,0,0,0,0,1,0,0,0,0,0,5
0.0008584571187384427,6.31864074951416e-11,0.0032361329067498446,2.5075197127022442e-11,0.019999999552965164,-0.0,0.10930104553699493,-0.0,0.0,0.0,-0.0,0.0,1.0109632015228271,-5.533268721685802e-12,-0.0006619621999561787,-5.5332686349496285e-11,0,0,0,0,1,0,0,0,0,0,5
0.004070135299116373,-1.1033407520955052e-09,0.0049414923414587975,-2.770934315332596e-10,0.019999999552965164,-0.0,0.11075475811958313,-0.0,0.0,0.0,-0.0,0.0,1.007768154144287,-2.1728717436442224e-10,-0.004207386635243893,-2.3123342129949265e-10,0,0,0,0,1,0,0,0,0,0,13
0.007871970534324646,-4.405483977620861e-09,0.006513637024909258,-3.710970974957206e-10,0.021814193576574326,-1.919535225214375e-10,0.11905936896800995,0.009004201740026474,-9.530071176655497e-10,2.920990543626295e-13,-2.5668914531706832e-06,-2.272282622478583e-12,1.0026906728744507,-3.9702621745796307e-10,-0.005775339435786009,-1.1831471913303915e-10,0,0,0,0,1,0,0,0,1,0,16
0.015182881616055965,-4.637022765763277e-09,0.007938067428767681,-8.555410546673414e-11,0.03035673499107361,-1.098009905220465e-09,0.10534955561161041,0.00817275419831276,-8.683166408118836e-10,6.0634010833060525e-12,2.2233871277421713e-05,-4.865467403969426e-12,0.9961044192314148,-1.0310166609350802e-10,-0.007231095340102911,6.19760964770677e-10,0,0,0,0,1,0,0,0,1,0,5
0.023825105279684067,-4.767021888341105e-09,0.009190707467496395,-1.3697155909486725e-10,0.03821047022938728,-1.933115889585224e-09,0.11269862204790115,0.007662375457584858,-8.147729713137153e-10,1.1381846853897315e-11,4.532364982878789e-05,0.0,0.9881436228752136,3.66899843839974e-10,-0.008531177416443825,3.256775960025493e-10,0,0,0,0,1,0,0,0,1,0,0
0.03296341001987457,-5.7231801520174486e-09,0.009851382113993168,-2.371023377634174e-10,0.04564186930656433,-2.7233273414140058e-09,0.11210299283266068,0.007240790408104658,-7.699436088692835e-10,1.0756078319684725e-11,4.283177986508235e-05,6.94334423900034e-19,0.9790472984313965,5.739078101640871e-10,-0.009335489943623543,9.4620877799656e-10,0,0,0,0,1,0,0,0,1,0,18
0.040885716676712036,-8.154317221453766e-09,0.009685585275292397,-1.2715165031984554e-10,0.052648138254880905,-3.468333398259915e-09,0.11100589483976364,0.006817336194217205,-7.249161826372585e-10,1.0126965238610453e-11,4.032659489894286e-05,1.3885677249701834e-18,0.9695028066635132,1.327871590461882e-09,-0.009924523532390594,6.2825239455222e-10,0,0,0,0,1,0,0,0,1,0,18
0.050809651613235474,-8.651723781838427e-09,0.010593323037028313,-7.154383335761239e-11,0.06588450074195862,2.538750777603127e-05,0.14662382006645203,0.013831733725965023,2.7887346732313745e-05,2.854333160939859e-07,8.133003575494513e-06,3.5940200859840843e-07,0.9590960144996643,1.7417499664773572e-09,-0.010777922347187996,2.3270105287132026e-10,0,0,0,0,1,0,0,0,1,0,18
0.061511363834142685,3.511102477204986e-06,0.010849535465240479,6.5499230004206765e-06,0.0794624388217926,5.255355790723115e-05,0.11541591584682465,0.012867785058915615,2.484861579432618e-05,2.920202923917259e-08,3.572785499272868e-05,4.6688651877957454e-07,0.9481951594352722,3.1626260010853e-07,-0.01080527063459158,7.827694616935332e-07,0,0,0,0,1,0,0,0,1,0,5
0.07279764115810394,1.4273947272158694e-05,0.011619224213063717,1.448333296139026e-05,0.09186188131570816,7.611839100718498e-05,0.11319675296545029,0.01208172645419836,2.2745614842278883e-05,-1.856381999232326e-07,5.814373434986919e-05,2.56864552738989e-07,0.9369930624961853,1.7148799997812603e-06,-0.011505099013447762,1.8927811424873653e-06,0,0,0,0,1,0,0,0,1,0,18
0.0847788006067276,3.170457057422027e-05,0.01227075606584549,1.8925651602330618e-05,0.10355120897293091,9.802042768569663e-05,0.11222615838050842,0.011410308070480824,2.137276533176191e-05,-2.985634068863874e-07,6.749296153429896e-05,-4.5547218069635215e-14,0.9251608848571777,4.166181042819517e-06,-0.012094132602214813,2.7235510060563684e-06,0,0,0,0,1,0,0,0,1,0,16
0.09735527634620667,5.315264206728898e-05,0.012805094011127949,2.3973423594725318e-05,0.11461616307497025,0.00011874631309183314,0.10859900712966919,0.010783788748085499,2.0199226128170267e-05,-2.821870168645546e-07,6.379093247232959e-05,0.0,0.9127786755561829,7.151199497457128e-06,-0.012599019333720207,3.238003046135418e-06,0,0,0,0,1,0,0,0,1,0,18
0.11039263755083084,-8.298049942823127e-05,0.01320716179907322,2.8767084586434066e-05,0.1250637322664261,0.00013831577962264419,0.10880786925554276,0.010176208801567554,1.9061151760979556e-05,-2.662842746303795e-07,6.019599095452577e-05,6.829857046673077e-14,0.899957001209259,1.0712734365370125e-05,-0.012988903559744358,3.819940502580721e-06,0,0,0,0,1,0,0,0,1,0,16
0.123631551861763,-0.0019212791230529547,0.013239067979156971,1.6684309230186045e-05,0.1349201649427414,0.0001567779399920255,0.11073844879865646,0.00959957204759121,1.7981052224058658e-05,-2.511893626433448e-07,5.6783639593049884e-05,4.552602191716312e-14,0.8867981433868408,1.46062657222501e-05,-0.013286225497722626,3.8976295400061645e-06,0,0,0,0,1,0,0,0,1,0,0
0.1368706077337265,-0.0022479163017123938,0.013239067979156971,4.76623245049268e-06,0.14988969266414642,-7.532312156399712e-05,0.15853874385356903,0.015455832704901695,-0.00025785554316826165,-6.126785478954844e-08,1.0369019946665503e-05,-7.978029543664888e-07,0.8733821511268616,1.849378713814076e-05,-0.01351272314786911,3.8776188375777565e-06,0,0,0,0,1,0,0,0,1,0,16
0.1501993089914322,-0.002230672398582101,0.013456800021231174,5.137335756444372e-05,0.16522149741649628,-0.0003310824395157397,0.11716939508914948,0.015123102813959122,-0.00025209851446561515,4.855416335658447e-08,1.2795473594451323e-05,-9.663740456744563e-07,0.8597712516784668,1.9563793102861382e-05,-0.013683823868632317,-6.5344784161425196e-06,0,0,0,0,1,0,0,0,1,0,16
0.1637946218252182,-0.002100772922858596,0.013697322458028793,0.00019704112492036074,0.17935000360012054,-0.0005650188541039824,0.12572547793388367,0.013744492083787918,-0.0002271047414978966,1.7067466160369804e-06,4.9295384087599814e-05,-1.8289413219463313e-06,0.8460135459899902,-1.3853799600838101e-06,-0.01381285022944212,-3.2332140108337626e-05,0,0,0,0,1,0,0,0,1,0,16
0.17759345471858978,-0.0018355009378865361,0.013875084929168224,0.0002877938386518508,0.19258323311805725,-0.0007832400733605027,0.11795040965080261,0.012886748649179935,-0.0002123645826941356,2.9668187835341087e-06,7.623204874107614e-05,1.4581516332920486e-12,0.8321458697319031,-4.6949829993536696e-05,-0.013908217661082745,-5.432250691228546e-05,0,0,0,0,1,0,0,0,1,0,18
0.19154727458953857,-0.001580764539539814,0.014012175612151623,0.00022536223696079105,0.205088272690773,-0.0009893141686916351,0.10695590823888779,0.012190422974526882,-0.00020088962628506124,2.8065267088095425e-06,7.21133328625001e-05,0.0,0.8181960582733154,-0.00010065847891382873,-0.013980444520711899,-5.319322372088209e-05,0,0,0,0,1,0,0,0,1,0,0
0.20561762154102325,-0.0013896425953134894,0.014113328419625759,0.0001634537911741063,0.21690158545970917,-0.0011839887592941523,0.11112890392541885,0.011512037366628647,-0.0001897103211376816,2.650270744197769e-06,6.80983648635447e-05,0.0,0.8041842579841614,-0.00015319201338570565,-0.014035141095519066,-5.198317376198247e-05,0,0,0,0,1,0,0,0,1,0,13
0.21971632540225983,-0.0012624298688024282,0.014122012071311474,0.00010066614777315408,0.2280525267124176,-0.0013677484821528196,0.11018563061952591,0.010860622860491276,-0.00017897547513712198,2.5002634629345266e-06,6.424394086934626e-05,-3.643232091878057e-13,0.7901260852813721,-0.00020526794833131135,-0.014075110666453838,-5.268300083116628e-05,0,0,0,0,1,0,0,0,1,0,13
0.23367328941822052,-0.001197651494294405,0.013679967261850834,3.656666376627982e-05,0.24243292212486267,-0.0014055587816983461,0.1571343094110489,0.015835141763091087,2.148743260477204e-05,8.989376283352613e-07,1.2278230315132532e-05,-9.625376833355404e-07,0.7760334014892578,-0.00025878570158965886,-0.014105264097452164,-5.4196512792259455e-05,0,0,0,0,1,0,0,0,1,0,5
0.24705924093723297,-0.0003781621635425836,0.013312590308487415,4.744130364997545e-06,0.25815626978874207,-0.0013842073967680335,0.13814039528369904,0.015631891787052155,2.1261284928186797e-05,8.989376283352613e-07,1.2278230315132532e-05,-9.625376833355404e-07,0.7619151473045349,-0.0003129561082459986,-0.014127703383564949,-5.145267641637474e-05,0,0,0,0,1,0,0,0,1,0,16
0.2603715658187866,0.001015408313833177,0.013312522321939468,2.3724217044218676e-06,0.27344459295272827,-0.0012914232211187482,0.15094290673732758,0.0158751979470253,0.00026546051958575845,4.0460912487105816e-07,-7.777784389872977e-07,1.8099038356922392e-07,0.7477779984474182,-0.0003574528673198074,-0.01414383202791214,-3.8798498280812055e-05,0,0,0,0,1,0,0,0,1,0,0
0.2736872732639313,0.0010162886464968324,0.013344252482056618,-1.8706660966927302e-06,0.2892073392868042,-0.001027856138534844,0.17014317214488983,0.015671642497181892,0.00026204143068753183,4.0460912487105816e-07,-7.777784389872977e-07,1.8099038356922392e-07,0.7336263060569763,-0.0003892731911037117,-0.014157154597342014,-2.6106441509909928e-05,0,0,0,0,1,0,0,0,1,0,0
0.28718751668930054,0.0009696039487607777,0.013615629635751247,-0.00010001959162764251,0.30462515354156494,-0.000770231825299561,0.11693178117275238,0.014495953917503357,0.00024104746989905834,-6.417307645278925e-07,2.324438901268877e-05,1.7091239215005771e-06,0.719464123249054,-0.00040017731953412294,-0.014166271314024925,3.0296948807517765e-06,0,0,0,0,1,0,0,0,1,0,14
0.30091768503189087,0.0007937816553749144,0.01381425280123949,-0.000235696803429164,0.318700909614563,-0.0005365453544072807,0.13001012802124023,0.01394007820636034,0.00023135286755859852,-1.017768113342754e-06,3.186332105542533e-05,1.9165418052580208e-06,0.7052938938140869,-0.00038010545540601015,-0.014173283241689205,3.401956564630382e-05,0,0,0,0,0,0,0,0,1,0,13
0.314817875623703,0.0005336359026841819,0.013965018093585968,-0.00024291967565659434,0.33202800154685974,-0.00031591474544256926,0.12117227911949158,0.01289663277566433,0.0002131980290869251,-2.8381480206007836e-06,7.316975097637624e-05,3.304809013116028e-07,0.6911177635192871,-0.0003338940441608429,-0.014178192242980003,4.881845961790532e-05,0,0,0,0,0,0,0,0,1,0,7
0.32833051681518555,0.0009286199347116053,0.013805284164845943,-0.0001605366269359365,0.3445596694946289,-0.00010876003943849355,0.11239105463027954,0.012229600921273232,0.00020216163829900324,-2.8242750431672903e-06,7.234455551952124e-05,-3.6446426389044606e-13,0.6769371032714844,-0.0002858534571714699,-0.014181697741150856,4.740342774312012e-05,0,0,0,0,0,0,1,0,1,0,12
0.3412551283836365,0.002017847029492259,0.013368270359933376,0.0001692476071184501,0.35699036717414856,0.0007347505888901651,0.128550723195076,0.014405917376279831,0.003407899057492614,4.592069672071375e-06,1.479921138525242e-05,1.6261019482044503e-05,0.6627532243728638,-0.0002389338769717142,-0.014184502884745598,4.8947684263112023e-05,0,0,0,0,0,0,1,0,1,0,6
0.35408419370651245,0.0026797393802553415,0.012407583184540272,0.0014420885127037764,0.37122467160224915,0.004097894765436649,0.15288688242435455,0.01415556762367487,0.0033442992717027664,3.6201583952788496e-06,1.6110072465380654e-05,1.7479898815508932e-05,0.6485673189163208,-0.0001744708715705201,-0.01418730802834034,7.715806714259088e-05,0,0,0,0,0,1,0,0,1,0,17
0.3662535846233368,0.004860169719904661,0.01184169016778469,0.0025627787690609694,0.38504207134246826,0.007349487394094467,0.12132281810045242,0.013078269548714161,0.003039842937141657,-1.667886863288004e-05,4.316298145567998e-05,2.709334876271896e-05,0.634380042552948,-8.179523138096556e-05,-0.014188009314239025,0.00010537224443396553,0,0,0,0,0,1,0,0,1,1,9
0.37812766432762146,0.007422609254717827,0.012079407460987568,0.002589950105175376,0.3977731168270111,0.010298190638422966,0.11544486880302429,0.012467466294765472,0.002880722749978304,-2.771408253465779e-05,5.7602141168899834e-05,1.9192322724848054e-05,0.6201999187469482,0.00021124475460965186,-0.014163466170430183,0.000563852081540972,0,0,0,0,0,1,0,0,1,1,18
0.3904600143432617,0.010020792484283447,0.012525039725005627,0.002595924772322178,0.4098235070705414,0.013076664879918098,0.10648500919342041,0.011762847192585468,0.0027117556892335415,-3.788523099501617e-05,6.958522862987593e-05,0.0,0.6060823798179626,0.0011276411823928356,-0.01406950131058693,0.001204208005219698,0,0,0,0,0,1,0,0,1,0,7
0.4031819701194763,0.012609802186489105,0.01286057848483324,0.00259958952665329,0.42123064398765564,0.01570640504360199,0.11318568885326385,0.011119981296360493,0.002563551999628544,-3.581251439754851e-05,6.577819294761866e-05,-1.1659155411958277e-11,0.5920926928520203,0.00266905571334064,-0.013926450163125992,0.0017767691751942039,0,0,0,0,0,0,1,0,1,0,14
0.4161677956581116,0.01525052823126316,0.013076908886432648,0.002674751216545701,0.43200692534446716,0.018190715461969376,0.11169163882732391,0.010499090887606144,0.002420413540676236,-3.381259739398956e-05,6.210490391822532e-05,8.742930858451903e-12,0.5782424807548523,0.004678600467741489,-0.013783399015665054,0.002199343638494611,0,0,0,0,0,0,0,0,1,0,5
0.42886480689048767,0.018265755847096443,0.012461386620998383,0.0025556304026395082,0.4421776235103607,0.020535413175821304,0.10880304127931595,0.009906935505568981,0.0022839014418423176,-3.19062928610947e-05,5.860350574948825e-05,-2.913879641047723e-12,0.5645516514778137,0.007108144927769899,-0.013610545545816422,0.00261710025370121,0,0,0,0,1,0,0,0,1,0,12
0.44022056460380554,0.020831219851970673,0.010659083724021912,0.0017490392783656716,0.45649436116218567,0.022519351914525032,0.13352608680725098,0.05654675513505936,-0.00012981684994883835,1.2016127584502101e-05,4.051528958370909e-05,0.0019209617748856544,0.5511139631271362,0.010072732344269753,-0.013274304568767548,0.0032684735488146544,0,0,0,0,1,0,0,0,1,0,5
0.44919919967651367,0.022167159244418144,0.008381464518606663,0.0012685664696618915,0.5115236639976501,0.02205461636185646,0.2493109405040741,0.05394108220934868,-0.0007279875571839511,1.2005837561446242e-05,4.103179162484594e-05,0.0019177140202373266,0.5380690097808838,0.013705392368137836,-0.01284585241228342,0.003927404060959816,0,0,0,0,1,0,0,0,1,0,17
0.45677462220191956,0.023343591019511223,0.007229342125356197,0.00097601895686239,0.5641685724258423,0.021028980612754822,0.1772920936346054,0.0515969879925251,-0.001259575947187841,1.2005837561446242e-05,4.103179162484594e-05,0.0019177140202373266,0.5258145332336426,0.017755575478076935,-0.011231969110667706,0.00378559366799891,0,0,0,0,1,0,0,0,1,1,13
0.4635371267795563,0.023921767249703407,0.006132967304438353,0.0005072098574601114,0.6113486886024475,0.019581789150834084,0.15458714962005615,0.04420384392142296,-0.0015798730310052633,1.3072813999315258e-05,6.509009836008772e-05,0.0017286648508161306,0.5167165398597717,0.02082078717648983,-0.007055787369608879,0.0023759296163916588,0,0,0,0,1,0,0,0,1,1,16
0.4698300063610077,0.024430204182863235,0.006771087646484375,0.0005062402342446148,0.6538775563240051,0.017848411574959755,0.1225050687789917,0.0391877144575119,-0.0017722777556627989,1.5127965525607578e-05,9.195188613375649e-05,0.0014641996240243316,0.5125871300697327,0.02220485545694828,-0.0016717349644750357,0.0005053561180830002,0,0,0,0,1,0,0,0,1,1,5
0.4774330258369446,0.024863770231604576,0.008255593478679657,0.0003483592008706182,0.6903585195541382,0.016063427552580833,0.11046409606933594,0.034068819135427475,-0.0017582786967977881,1.8783694031299092e-05,0.00013395727728493512,0.0009481161832809448,0.5141065120697021,0.02200893685221672,0.003584693418815732,-0.0003025577461812645,0,0,0,0,1,0,0,0,1,1,16
0.4863329529762268,0.025036277249455452,0.009283788502216339,2.8568665584316477e-05,0.7221211194992065,0.014381508342921734,0.10896512120962143,0.030205652117729187,-0.0016129312571138144,2.253086495329626e-05,0.00017866314738057554,2.354521265457432e-11,0.518783450126648,0.02183147706091404,0.005390392150729895,-0.0001845571241574362,0,0,0,0,1,0,0,0,1,1,6
0.49578857421875,0.025055773556232452,0.009872728027403355,1.9921984858228825e-05,0.7507678866386414,0.012851822189986706,0.10936818271875381,0.027442215010523796,-0.0014653685502707958,2.0469771698117256e-05,0.00016231945483013988,1.7624318671138894e-11,0.5253031253814697,0.021589087322354317,0.00706325052306056,-0.0002524756419006735,0,0,0,0,0,1,0,0,1,1,3
0.506196141242981,0.025070572271943092,0.01082298532128334,1.1329872904752847e-05,0.7768895626068115,0.011456969194114208,0.10953046381473541,0.02509627677500248,-0.0013401000760495663,1.8720125808613375e-05,0.00014844516408629715,-5.86587809575656e-12,0.5333219766616821,0.021337633952498436,0.008397798053920269,-0.0002924833679571748,0,0,1,0,0,0,0,0,1,1,0
0.5171672701835632,0.024850936606526375,0.010342729277908802,-0.0007506070542149246,0.8008512258529663,0.010177452117204666,0.1096457988023758,0.023076947778463364,-0.0012322718976065516,1.721400985843502e-05,0.00013650207256432623,0.0,0.542498767375946,0.02101532183587551,0.009498476050794125,-0.0003831426438409835,0,0,1,0,0,0,0,0,1,1,18
0.5255044102668762,0.023392068222165108,0.006325157824903727,-0.002018903149291873,0.8229413628578186,0.008997871540486813,0.1097298189997673,0.021317753940820694,-0.0011383341625332832,1.5901876395219006e-05,0.0001260971766896546,0.0,0.5518790483474731,0.02046089619398117,0.009718894958496094,-0.0005184357287362218,0,0,1,0,0,0,0,0,1,0,13
0.5297930240631104,0.020698070526123047,0.0039512296207249165,-0.003096133004873991,0.8433915376663208,0.00790585856884718,0.10979195684194565,0.019769035279750824,-0.0010556346969678998,1.474668624723563e-05,0.0001169369206763804,-8.77303698437748e-12,0.561404824256897,0.0197045486420393,0.010320579633116722,-0.0006282429094426334,0,0,1,0,0,0,0,0,1,0,6
0.5372934937477112,0.018100693821907043,0.007633886765688658,-0.0017049740999937057,0.8623906970024109,0.006891327910125256,0.10983854532241821,0.018392926082015038,-0.0009821531130000949,1.3720248716708738e-05,0.00010879748151637614,-5.8449261056137125e-12,0.5718179941177368,0.0189800001680851,0.010646623559296131,-0.00059672532370314,0,0,0,0,0,1,0,0,1,0,2
0.5460132360458374,0.016921725124120712,0.00905582681298256,-0.0007020098273642361,0.8800947070121765,0.005945958197116852,0.10987390577793121,0.017160100862383842,-0.0009163221111521125,1.2800664990209043e-05,0.00010150545131182298,8.76267981786416e-12,0.5829607248306274,0.018429214134812355,0.011450052261352539,-0.0005415466730482876,0,1,0,0,0,0,0,0,1,0,3
0.5556955933570862,0.01609477587044239,0.009798387065529823,-0.0007078815833665431,0.8966337442398071,0.005062798969447613,0.1099010482430458,0.01604744978249073,-0.0008569082710891962,1.1970698324148543e-05,9.492408571531996e-05,-2.919571268772403e-12,0.5947418808937073,0.01789904199540615,0.01204574853181839,-0.0005314367008395493,0,0,1,0,0,0,0,0,1,0,7
0.5660672187805176,0.015389304608106613,0.010686901398003101,-0.000588763679843396,0.9121174216270447,0.004235992673784494,0.10992208868265152,0.015036560595035553,-0.0008029284654185176,1.1216638995392714e-05,8.894460188457742e-05,1.4592236924002022e-12,0.6070775389671326,0.01735900342464447,0.012554140761494637,-0.0005452684126794338,0,0,0,0,0,0,1,0,1,0,7
0.5772819519042969,0.014797782525420189,0.011559083126485348,-0.0005641204188577831,0.9266391396522522,0.0034605551045387983,0.10993853956460953,0.014112541452050209,-0.0007535876356996596,1.052738389262231e-05,8.347897528437898e-05,-5.834969226542475e-12,0.6198565363883972,0.016809727996587753,0.012947531417012215,-0.0005519276019185781,0,0,0,0,0,0,1,0,1,0,17
0.5892609357833862,0.014250769279897213,0.012244133278727531,-0.0005300703342072666,0.9402788281440735,0.0027322156820446253,0.10995151102542877,0.013263256289064884,-0.0007082372321747243,9.893870810628869e-06,7.845539948903024e-05,0.0,0.6329755783081055,0.01624983176589012,0.013246957212686539,-0.0005676986183971167,0,0,0,0,0,0,1,0,1,1,13
0.6018331050872803,0.013744846917688847,0.012782297097146511,-0.0004883906804025173,0.9531053900718689,0.0020472868345677853,0.10996180772781372,0.012478668242692947,-0.0006663412204943597,9.308610060543288e-06,7.381448085652664e-05,1.4579665599812053e-12,0.6463531851768494,0.015673205256462097,0.013474857434630394,-0.0005834410549141467,0,0,0,0,0,0,1,0,1,1,7
0.6130579113960266,0.013322017155587673,0.009246314875781536,-0.0003502550534904003,0.9651792645454407,0.0014025651616975665,0.10997003316879272,0.011750439181923866,-0.000627454835921526,8.765383427089546e-06,6.950688839424402e-05,0.0,0.6599264144897461,0.015082498081028461,0.013646658509969711,-0.0005963886505924165,0,0,0,0,0,0,1,0,1,1,4
0.6203539967536926,0.013049249537289143,0.006313641089946032,-0.0002379406214458868,0.9765525460243225,0.0007952518062666059,0.1099766418337822,0.011071573942899704,-0.0005912043852731586,8.258984053099994e-06,6.54912946629338e-05,1.457375344536549e-12,0.6736471652984619,0.014479218982160091,0.013775684870779514,-0.0006085805362090468,0,0,0,1,0,0,0,0,1,1,11
0.6258243918418884,0.012851410545408726,0.004077695310115814,-0.00014313474821392447,0.9872711896896362,0.0002228887751698494,0.1099819764494896,0.01043615024536848,-0.000557274091988802,7.784987246850505e-06,6.173260044306517e-05,0.0,0.6874785423278809,0.013864817097783089,0.013873156160116196,-0.0006189044215716422,0,0,0,1,0,0,0,0,1,1,13
0.6295169591903687,0.012746085412800312,0.002238600980490446,-6.097933874116279e-05,0.9973759651184082,-0.00031669196323491633,0.10998629033565521,0.009839118458330631,-0.0005253936978988349,7.3396240622969344e-06,5.82009888603352e-05,0.0,0.7013933062553406,0.013241308741271496,0.01394538301974535,-0.0006271321326494217,0,0,0,1,0,0,0,0,1,1,18
0.6332868933677673,0.01269334927201271,0.0043446216732263565,-0.00011017363431164995,1.006902813911438,-0.0008254105341620743,0.10998980700969696,0.009276159107685089,-0.0004953323514200747,6.919672159710899e-06,5.4870924941496924e-05,0.0,0.7153698205947876,0.012610017322003841,0.014000079594552517,-0.000634589814580977,0,0,0,1,0,0,0,0,1,0,5
