lt_dp_posx,lt_dp_posy,lt_dp_velx,lt_dp_vely,ball_posx,ball_posy,ball_posz,ball_vel_x,ball_vel_y,ball_rot_x,ball_rot_y,ball_rot_z,rt_gk_posx,rt_gk_posy,rt_gk_velx,rt_gk_vely,action_left,action_top_left,action_top,action_top_right,action_right,action_bottom_right,action_bottom,action_bottom_left,action_sprint,action_dribble,sel_action
-1.0110293626785278,-0.0,0.0,-0.0,0.019999999552965164,-0.0,0.11061639338731766,-0.0,0.0,0.0,-0.0,0.0,1.0110293626785278,0.0,-0.0,0.0,0,0,0,0,0,0,0,0,0,0,5
0.00015037840057630092,2.3500980675383865e-11,0.0013189289020374417,1.1476692859946347e-11,0.019999999552965164,-0.0,0.11059734225273132,-0.0,0.0,0.0,-0.0,0.0,1.0110293626785278,0.0,-0.0,0.0,0,0,0,0,1,0,0,0,0,0,5
0.0031691715121269226,-1.4729044373051892e-10,0.004441720433533192,-1.5998294355945575e-10,0.019999999552965164,-0.0,0.10930104553699493,-0.0,0.0,0.0,-0.0,0.0,1.0106345415115356,-3.185966768182169e-11,-0.001967654563486576,-1.5577221457174772e-10,0,0,0,0,1,0,0,0,0,0,13
0.006755347363650799,-1.9727848243888957e-09,0.006048678886145353,-3.8464093021772783e-10,0.019999999552965164,-0.0,0.11075475811958313,0.009132358245551586,-6.102525151874261e-10,-9.59495612302963e-13,-9.290648449677974e-06,-1.3514365950102747e-13,1.0068784952163696,-2.618159578027246e-10,-0.004527849145233631,-2.1978888153917353e-10,0,0,0,0,1,0,0,0,1,0,5
0.013472572900354862,-2.37383379619871e-09,0.0075225005857646465,-1.3983243729587258e-10,0.028564196079969406,-5.73483871502134e-10,0.11566279828548431,0.008220103569328785,-5.511436307337192e-10,2.7343413991354204e-12,1.540233461128082e-05,-3.048026457966313e-12,1.0014904737472534,-4.1538256168038856e-10,-0.006076167803257704,-8.250539834664394e-11,0,0,0,0,1,0,0,0,1,0,0
0.021728597581386566,-2.4931621211976562e-09,0.008830099366605282,-1.7714442412941622e-10,0.03639110177755356,-1.098855562098322e-09,0.11137876659631729,0.007626119069755077,-5.119860091440387e-10,7.1525793100823964e-12,4.511214137892239e-05,1.3887662483171962e-18,0.9946169853210449,1.7883748301694702e-11,-0.007505276706069708,5.83642856266664e-10,0,0,0,0,1,0,0,0,1,0,5
0.030884457752108574,-2.8915978500521078e-09,0.009742104448378086,-2.557867528896196e-10,0.04378143325448036,-1.5950123444241626e-09,0.11308388411998749,0.007199582643806934,-4.833501376921845e-10,6.7522693165955605e-12,4.258733315509744e-05,0.0,0.986401379108429,4.3896844492685716e-10,-0.008770297281444073,2.680471400395845e-10,0,0,0,0,1,0,0,0,1,0,18
0.03871670365333557,-4.315660273590538e-09,0.009488384239375591,-1.456915837971806e-10,0.05075136199593544,-2.0629438157726554e-09,0.11133387684822083,0.0067814127542078495,-4.5527595582406377e-10,6.360022317825065e-12,4.0113383874995634e-05,1.0414196674212259e-18,0.9771802425384521,7.918312117105586e-10,-0.009335489943623543,8.630816616950199e-10,0,0,0,0,1,0,0,0,1,0,0
0.0481535941362381,-4.8779331685011584e-09,0.010424151085317135,-8.550311153543433e-11,0.06255174428224564,1.9807825083262287e-05,0.14545662701129913,0.013862494379281998,2.7951748052146286e-05,2.8574416433002625e-07,7.852865564927924e-06,3.574637617020926e-07,0.9674903154373169,1.4931861302969196e-09,-0.010107545182108879,5.65241853323073e-10,0,0,0,0,1,0,0,0,1,0,18
0.05880432575941086,2.2622923552262364e-06,0.010675586760044098,5.6682042668398935e-06,0.0762847363948822,4.744746911455877e-05,0.1118934229016304,0.013442620635032654,2.679966200958006e-05,2.377745857984337e-07,1.3073053196421824e-05,4.052881195093505e-07,0.9569175243377686,1.8516833621973205e-09,-0.01093008928000927,1.8619449038137503e-10,0,0,0,0,1,0,0,0,1,0,5
0.06993506848812103,1.1484446986287367e-05,0.011478145606815815,1.257419899047818e-05,0.08886968344449997,7.155008643167093e-05,0.12182199954986572,0.01223134994506836,2.3126956875785254e-05,-1.3186331671022344e-07,5.258679448161274e-05,3.3605005000936217e-07,0.9460112452507019,4.976289460500993e-07,-0.010956736281514168,9.764592050487408e-07,0,0,0,0,1,0,0,0,1,0,5
0.08178512752056122,2.796519038383849e-05,0.01214584894478321,1.8356384316575713e-05,0.10068909823894501,9.37250952119939e-05,0.11328832805156708,0.011536143720149994,2.1609197574434802e-05,-3.0189087851795193e-07,6.824287993367761e-05,9.109768196952431e-14,0.9346734285354614,2.1203597952990094e-06,-0.011628516018390656,2.151885382772889e-06,0,0,0,0,1,0,0,0,1,0,18
0.094253309071064,4.844326031161472e-05,0.012709463015198708,2.2758025806979276e-05,0.11187440156936646,0.00011467708827694878,0.11222796887159348,0.010902363806962967,2.0422017769305967e-05,-2.8529396445264865e-07,6.449109059758484e-05,4.5540909368244065e-14,0.9227253198623657,4.6961654334154446e-06,-0.012204927392303944,2.8013587325403932e-06,0,0,0,0,1,0,0,0,1,0,0
0.10720869898796082,7.463372458005324e-05,0.013138792477548122,2.9030472433078103e-05,0.12243863940238953,0.0001344657503068447,0.11061705648899078,0.010290814563632011,1.9276472812634893e-05,-2.692860903152905e-07,6.087252404540777e-05,-2.2766841241569045e-14,0.9102458953857422,7.831741640984546e-06,-0.012685270980000496,3.4383042475383263e-06,0,0,0,0,1,0,0,0,1,0,13
0.12043807655572891,-0.0015572881093248725,0.013239067979156971,1.9073913790634833e-05,0.13240589201450348,0.0001531361194793135,0.11057811975479126,0.009707863442599773,1.8184513464802876e-05,-2.540348020829697e-07,5.742492066929117e-05,0.0,0.8973493576049805,1.1621958037721924e-05,-0.013054819777607918,3.946423930756282e-06,0,0,0,0,1,0,0,0,1,0,16
0.13367711007595062,-0.0022489482071250677,0.013239067979156971,7.15291389496997e-06,0.14620883762836456,-2.373446841374971e-05,0.15489958226680756,0.01549815945327282,-0.00025848159566521645,-6.145284459080358e-08,1.035109926306177e-05,-7.976559572853148e-07,0.8841332197189331,1.3972069609735627e-05,-0.01333671435713768,6.627317929996934e-07,0,0,0,0,1,0,0,0,1,0,18
0.1469651162624359,-0.0022397455759346485,0.013399124145507812,2.953495641122572e-05,0.1615997850894928,-0.0002804206742439419,0.13342636823654175,0.015303369611501694,-0.0002552294754423201,-6.145284459080358e-08,1.035109926306177e-05,-7.976559572853148e-07,0.8706738948822021,1.2491924280766398e-05,-0.0135505897924304,-3.1891531762084924e-06,0,0,0,0,1,0,0,0,1,0,18
0.1605115532875061,-0.0021386186126619577,0.013655073940753937,0.00016761489678174257,0.17601393163204193,-0.0005194554687477648,0.12947969138622284,0.013877090066671371,-0.00022935426386538893,1.5755190361232962e-06,4.6431094233412296e-05,-1.8863327113649575e-06,0.8570301532745361,3.3617159260757035e-06,-0.013712574727833271,-1.7936001313501038e-05,0,0,0,0,1,0,0,0,1,0,16
0.17427434027194977,-0.0018932361854240298,0.013842477463185787,0.00029500556411221623,0.18942224979400635,-0.0007406195509247482,0.11955031007528305,0.013010967522859573,-0.00021434301743283868,2.9943535082566086e-06,7.69641701481305e-05,0.0,0.8432478308677673,-2.690349538170267e-05,-0.013833887875080109,-3.994821963715367e-05,0,0,0,0,1,0,0,0,1,0,18
0.1882001906633377,-0.0016261148266494274,0.013987807556986809,0.00023852552112657577,0.20206771790981293,-0.0009489418589510024,0.1130528375506401,0.012335369363427162,-0.00020321320334915072,2.8389374620019225e-06,7.296949479496107e-05,0.0,0.8293615579605103,-7.72034254623577e-05,-0.013925047591328621,-5.447741204989143e-05,0,0,0,0,1,0,0,0,1,0,5
0.20224988460540771,-0.0014224890619516373,0.014095447026193142,0.00017581319843884557,0.214019775390625,-0.0011458405060693622,0.11263199150562286,0.011644234880805016,-0.0001918274792842567,2.679770204849774e-06,6.887839845148847e-05,-7.28803736110839e-13,0.8153972625732422,-0.00013097090413793921,-0.013993768021464348,-5.3172836487647146e-05,0,0,0,0,1,0,0,0,1,0,13
0.21633881330490112,-0.0012832075590267777,0.01412188820540905,0.00011328830441925675,0.2253032624721527,-0.0013317250413820148,0.109975166618824,0.010991007089614868,-0.00018106619245372713,2.5294925762864295e-06,6.501578900497407e-05,3.643358943532238e-13,0.8013747930526733,-0.00018338845984544605,-0.014044256880879402,-5.178955689189024e-05,0,0,0,0,1,0,0,0,1,0,13
0.2303602546453476,-0.0012068294454365969,0.013827050104737282,4.9296821089228615e-05,0.23869405686855316,-0.0014097971143200994,0.14891332387924194,0.015875929966568947,2.140471406164579e-05,8.988235435936076e-07,1.228290238941554e-05,-9.630431350160507e-07,0.7873087525367737,-0.0002359424252063036,-0.014082123525440693,-5.3458807087736204e-05,0,0,0,0,1,0,0,0,1,0,5
0.24382716417312622,-0.0007222496788017452,0.013312682509422302,5.2188283916621e-06,0.25445806980133057,-0.0013885432854294777,0.14991557598114014,0.015672573819756508,2.1151829059817828e-05,8.988235435936076e-07,1.228290238941554e-05,-9.630431350160507e-07,0.7732104063034058,-0.0002904968860093504,-0.014110172167420387,-5.544755913433619e-05,0,0,0,0,1,0,0,0,1,0,18
0.2571396827697754,0.0010147233260795474,0.013312676921486855,2.8466208732425002e-06,0.26969772577285767,-0.001344757154583931,0.13528916239738464,0.015916766598820686,0.00026616515242494643,4.048735320338892e-07,-7.757137154840166e-07,1.8028180193141452e-07,0.7590875625610352,-0.0003442401357460767,-0.014131911098957062,-4.8120637075044215e-05,0,0,0,0,1,0,0,0,1,0,0
0.2704523801803589,0.0010162651306018233,0.013312697410583496,4.7412785875167174e-07,0.28550130128860474,-0.0010805045021697879,0.1741456836462021,0.015711940824985504,0.0002627132926136255,4.048735320338892e-07,-7.757137154840166e-07,1.8028180193141452e-07,0.7449465394020081,-0.0003831968642771244,-0.014148038811981678,-3.1451520044356585e-05,0,0,0,0,1,0,0,0,1,0,6
0.2838975489139557,0.00098803685978055,0.013567769899964333,-7.276436372194439e-05,0.30108925700187683,-0.0008198682917281985,0.11522019654512405,0.015382549725472927,0.00025708775501698256,3.1557920010527596e-07,1.2759451237798203e-06,3.5955881116933597e-07,0.7307921648025513,-0.00040534816798754036,-0.01415925845503807,-1.3620481695397757e-05,0,0,0,0,0,1,0,0,1,0,5
0.2975873053073883,0.0008394285687245429,0.013779542408883572,-0.00020962867711205035,0.31533917784690857,-0.0005830927402712405,0.13555492460727692,0.013996867462992668,0.00023232442617882043,-9.924939377015107e-07,3.129048127448186e-05,1.908578269649297e-06,0.7166275382041931,-0.0004036105237901211,-0.014168374240398407,1.4308501704363152e-05,0,0,0,0,1,0,0,0,1,0,13
0.3114570379257202,0.000582649779971689,0.01393801998347044,-0.0002551739162299782,0.3288729190826416,-0.000358865421731025,0.12166455388069153,0.01302383653819561,0.00021533628751058131,-2.623293084980105e-06,6.83734833728522e-05,7.766690828248102e-07,0.7024555802345276,-0.0003739272942766547,-0.014174685813486576,4.2265557567588985e-05,0,0,0,0,1,0,0,0,1,0,6
0.3251512050628662,0.0007483274093829095,0.013893436640501022,-0.00021515686239581555,0.34153756499290466,-0.00014951021876186132,0.11578286439180374,0.012360021471977234,0.00020431526354514062,-2.8542865493363934e-06,7.31141262804158e-05,-3.6447854825406856e-13,0.688278317451477,-0.0003244075633119792,-0.014179594814777374,4.991175956092775e-05,0,0,0,0,0,1,0,0,1,0,7
0.3380739688873291,0.0018879780545830727,0.013500984758138657,0.00016552038141526282,0.35352426767349243,4.863433423452079e-05,0.1115843802690506,0.014778982847929,0.0035128488671034575,8.690808499522973e-06,9.262037565349601e-06,1.0326093615731224e-05,0.6740970015525818,-0.00027508303173817694,-0.014182399027049541,4.884341251454316e-05,0,0,0,0,0,0,1,0,1,0,12
0.3510333299636841,0.0024110355880111456,0.012463681399822235,0.0010440598707646132,0.36782243847846985,0.0034284242428839207,0.1560518443584442,0.014190679416060448,0.003352618310600519,3.6201984130457276e-06,1.6110161595861427e-05,1.7480009773862548e-05,0.6599128246307373,-0.0002023623528657481,-0.014183100312948227,0.00017010362353175879,0,0,0,0,0,0,1,0,1,0,12
0.3633122444152832,0.004346709232777357,0.01192864216864109,0.0025816296692937613,0.38184496760368347,0.006738047581166029,0.10035223513841629,0.013621499761939049,0.0031998290214687586,-1.9181720745109487e-06,2.351588409510441e-05,2.2865320715936832e-05,0.6457396745681763,0.00019133304886054248,-0.014159959740936756,0.0005765394889749587,0,0,0,0,0,0,1,0,1,0,12
0.37514832615852356,0.006905127316713333,0.011979131028056145,0.002579284133389592,0.3947024941444397,0.0097198486328125,0.12494590878486633,0.012613466940820217,0.0029183432925492525,-2.458589369780384e-05,5.355796020012349e-05,2.2447662558988668e-05,0.631605327129364,0.0009909580694511533,-0.014108769595623016,0.0009819312253966928,0,0,0,0,0,0,1,0,1,0,18
0.3873908519744873,0.009501464664936066,0.012444047257304192,0.002598755294457078,0.4068946838378906,0.012532532215118408,0.11463134735822678,0.0118979187682271,0.0027428921312093735,-3.831971844192594e-05,7.038335024844855e-05,-5.830857498223541e-12,0.6175274848937988,0.0021474130917340517,-0.014051970094442368,0.0012903835158795118,0,0,0,0,0,0,1,0,1,0,12
0.4000445604324341,0.012090587057173252,0.012807635590434074,0.0025860073510557413,0.41843122243881226,0.015192123129963875,0.11210115253925323,0.011245334520936012,0.002592448377981782,-3.6214762076269835e-05,6.651706644333899e-05,-1.165955526571949e-11,0.6035140156745911,0.0036009883042424917,-0.013980444520711899,0.0015868666814640164,0,0,0,0,0,0,1,0,1,0,12
0.4129866361618042,0.014716343954205513,0.013039743527770042,0.0026598928961902857,0.42933186888694763,0.017705099657177925,0.10899712145328522,0.01062218938022852,0.002448792103677988,-3.421014116611332e-05,6.283509719651192e-05,-1.7486418563139594e-11,0.5895839929580688,0.005362984724342823,-0.01388016901910305,0.0019244030117988586,0,0,0,0,0,0,1,0,1,0,5
0.42584365606307983,0.017650512978434563,0.01275753416121006,0.002616284182295203,0.439621239900589,0.020077165216207504,0.11143915355205536,0.010021953843533993,0.002310417126864195,-3.2276024285238236e-05,5.9282614529365674e-05,-5.827922346102188e-12,0.5757762789726257,0.007495131343603134,-0.013744831085205078,0.0023015663027763367,0,0,0,0,1,0,0,0,1,0,0
0.4375339150428772,0.02038535103201866,0.011347521096467972,0.0019419321324676275,0.44933027029037476,0.02231544815003872,0.10863298177719116,0.009457907639443874,0.002180383773520589,-3.046010351681616e-05,5.594725371338427e-05,-2.9135693423859577e-12,0.5621190667152405,0.010004854761064053,-0.0135723277926445,0.0027005039155483246,0,0,0,0,1,0,0,0,1,0,7
0.44695568084716797,0.021913791075348854,0.00835481844842434,0.0012645168462768197,0.5066950917243958,0.02269219607114792,0.4804297387599945,0.06151333823800087,-7.57731031626463e-05,-2.8293710784055293e-05,5.006117862649262e-05,0.0019744879100471735,0.5487222671508789,0.013048305176198483,-0.013243100605905056,0.003321761265397072,0,0,0,0,0,0,1,0,1,0,14
0.45474502444267273,0.023128442466259003,0.0073944819159805775,0.0011787317926064134,0.5666353702545166,0.022272197529673576,0.6686895489692688,0.05867186188697815,-0.0006993590504862368,-2.8293710784055293e-05,5.006117862649262e-05,0.0019744879100471735,0.5356917977333069,0.016704022884368896,-0.012846553698182106,0.0039262063801288605,0,0,0,0,0,0,0,0,1,0,18
0.461717814207077,0.023818524554371834,0.006643814034759998,0.0005494321812875569,0.6237966418266296,0.02123790606856346,0.6387848258018494,0.05593949928879738,-0.0013053581351414323,-2.8293710784055293e-05,5.006117862649262e-05,0.0019744879100471735,0.5237717628479004,0.0205876175314188,-0.010587537661194801,0.003545620711520314,0,0,0,0,0,0,0,0,1,0,13
0.46792465448379517,0.024327266961336136,0.006456234958022833,0.0005034168134443462,0.6782735586166382,0.019609175622463226,0.40616410970687866,0.05329139903187752,-0.0018898558337241411,-2.8293710784055293e-05,5.006117862649262e-05,0.0019744879100471735,0.5155922174453735,0.02341487817466259,-0.005976943299174309,0.002124292543157935,0,0,0,0,0,0,0,0,1,0,18
0.47523778676986694,0.02472017891705036,0.007987022399902344,0.0002567277697380632,0.7284073829650879,0.017589202150702477,0.16335222125053406,0.04226140305399895,-0.0015481383306905627,-2.3294867787626572e-05,6.95673588779755e-05,0.0017947551095858216,0.5126383304595947,0.0245797298848629,-0.00027768753352575004,0.0006105626234784722,0,0,0,0,0,0,0,0,1,0,14
0.4838789105415344,0.024720342829823494,0.009213076904416084,-0.0002455078065395355,0.7699432969093323,0.015873271971940994,0.30569881200790405,0.04092981666326523,-0.0018523110775277019,-2.3294867787626572e-05,6.95673588779755e-05,0.0017947551095858216,0.515587568283081,0.02493983507156372,0.004161893855780363,0.00019361799058970064,0,0,0,0,0,0,0,0,1,0,13
0.49311545491218567,0.02438543736934662,0.009581689722836018,-0.00036504052695818245,0.810104250907898,0.013856770470738411,0.25040358304977417,0.039521198719739914,-0.002149733016267419,-2.3294867787626572e-05,6.95673588779755e-05,0.0017947551095858216,0.5209521651268005,0.024974271655082703,0.005737487226724625,-4.830573016079143e-05,0,0,0,0,0,0,0,0,1,0,4
0.5031939744949341,0.023989038541913033,0.010568533092737198,-0.0004292980011086911,0.8477815985679626,0.011699659749865532,0.15093040466308594,0.0346532016992569,-0.001919856178574264,-1.536253148515243e-05,9.095286077354103e-05,0.00152022042311728,0.5279878973960876,0.02478109672665596,0.007471843622624874,-0.0002217705041402951,0,0,0,1,0,0,0,0,1,0,2
0.5141600966453552,0.023533379659056664,0.011362911202013493,-0.00047795759746804833,0.8819104433059692,0.009689290076494217,0.1621154546737671,0.03368159011006355,-0.0020839376375079155,-1.536253148515243e-05,9.095286077354103e-05,0.00152022042311728,0.5364238023757935,0.02449546754360199,0.008733907714486122,-0.00030799678643234074,0,1,0,0,0,0,0,0,1,0,4
0.5259437561035156,0.023040343075990677,0.012120203115046024,-0.0005162506131455302,0.9139115810394287,0.007688251789659262,0.1367720514535904,0.030464494600892067,-0.0018844489241018891,-3.0917594813217875e-06,0.00011800003994721919,0.00108210532926023,0.5460012555122375,0.02412503771483898,0.009735047817230225,-0.0003896187408827245,0,0,0,1,0,0,0,0,1,0,14
0.5383583307266235,0.022509634494781494,0.012675105594098568,-0.0005528437905013561,0.9432835578918457,0.0058499411679804325,0.11858002841472626,0.028057560324668884,-0.0017366051906719804,1.4047630429558922e-05,0.00014938483946025372,0.000421495788032189,0.5563059449195862,0.023700689896941185,0.010474629700183868,-0.000436258502304554,0,0,0,0,0,0,0,0,1,0,5
0.5512468814849854,0.02195775881409645,0.013093050569295883,-0.0005669278907589614,0.970012903213501,0.004201966337859631,0.11195310205221176,0.02569800429046154,-0.0015825687441974878,2.2106800315668806e-05,0.0001520015939604491,1.1736160654418626e-11,0.567406177520752,0.023228129372000694,0.011240723542869091,-0.0004853815771639347,0,0,0,0,1,0,0,0,1,0,10
0.5645188689231873,0.02138746716082096,0.013419371098279953,-0.000584106077440083,0.9945439100265503,0.0026912717148661613,0.11036728322505951,0.02361438423395157,-0.00145425321534276,2.031429175985977e-05,0.00013967657287139446,1.1721351320104212e-11,0.579321026802063,0.022708415985107422,0.012059572152793407,-0.0005324139492586255,0,0,0,0,1,0,0,0,1,0,1
