lt_dp_posx,lt_dp_posy,lt_dp_velx,lt_dp_vely,ball_posx,ball_posy,ball_posz,ball_vel_x,ball_vel_y,ball_rot_x,ball_rot_y,ball_rot_z,rt_gk_posx,rt_gk_posy,rt_gk_velx,rt_gk_vely,action_left,action_top_left,action_top,action_top_right,action_right,action_bottom_right,action_bottom,action_bottom_left,action_sprint,action_dribble,sel_action
-1.0110293626785278,-0.0,0.0,-0.0,0.019999999552965164,-0.0,0.11061639338731766,-0.0,0.0,0.0,-0.0,0.0,1.0110293626785278,0.0,-0.0,0.0,0,0,0,0,0,0,0,0,0,0,5
0.0,-0.0,0.0,-0.0,0.019999999552965164,-0.0,0.11059734225273132,-0.0,0.0,0.0,-0.0,0.0,1.0097103118896484,-9.884149054784075e-11,-0.0033988673239946365,-2.35544500570839e-10,0,0,0,0,1,0,0,0,0,0,5
0.0,-0.0,0.0,-0.0,0.019999999552965164,-0.0,0.10930104553699493,-0.0,0.0,0.0,-0.0,0.0,1.005424976348877,-3.2258068438650866e-10,-0.0050032841973006725,-1.9212086088682412e-10,0,0,0,0,1,0,0,0,0,0,5
0.002222941257059574,1.2141374017282658e-10,0.003935635089874268,2.5671466688526046e-11,0.019999999552965164,-0.0,0.11075475811958313,-0.0,0.0,0.0,-0.0,0.0,0.9995788931846619,-4.2783665499257495e-10,-0.0065179429948329926,-2.046465080729476e-11,0,0,0,0,1,0,0,0,0,0,5
0.0052714101038873196,-2.5875643849815333e-09,0.005585019942373037,-3.848884266854924e-10,0.019999999552965164,-0.0,0.11053141206502914,-0.0,0.0,0.0,-0.0,0.0,0.9922854900360107,1.8493311049194716e-10,-0.007902874611318111,5.2071946754495e-10,0,0,0,0,1,0,0,0,0,0,13
0.01062566228210926,-4.511888640479356e-09,0.007103427313268185,-2.9620111918760017e-10,0.02532191388309002,-5.641108136167361e-10,0.12537787854671478,0.008654146455228329,-9.182553051267917e-10,2.423376603555294e-12,6.569759534613695e-06,-4.1066126194033714e-12,0.9837011694908142,5.348014808781443e-10,-0.009114601649343967,1.9760992842066116e-10,0,0,0,0,1,0,0,0,1,0,16
0.01848970726132393,-4.675544840182511e-09,0.00846126303076744,-1.546263395102443e-10,0.03354698792099953,-1.4384835544944963e-09,0.11837388575077057,0.007911511696875095,-8.419999142361689e-10,1.1762705393048023e-11,4.679934500018135e-05,-1.3888415217529385e-18,0.9743693470954895,7.058276740856684e-10,-0.009437869302928448,1.850662123548119e-10,0,0,0,0,1,0,0,0,1,0,18
0.027614349499344826,-4.811706144636219e-09,0.009638749994337559,-9.196939043665253e-11,0.04123377799987793,-2.2565664892226778e-09,0.11356095224618912,0.0074977632611989975,-7.979657490331249e-10,1.1147637500596996e-11,4.435222581378184e-05,-1.388733161092694e-18,0.9644050598144531,8.385401262245296e-10,-0.010371208190917969,7.727406908797363e-11,0,0,0,0,1,0,0,0,1,0,18
0.03610934317111969,-6.712881361892187e-09,0.009277140721678734,-1.8268740686888663e-10,0.04849487915635109,-3.0293441088957707e-09,0.11264882236719131,0.007067797239869833,-7.522055200936961e-10,1.0508111741858173e-11,4.1807827074080706e-05,0.0,0.9536177515983582,1.066059573950895e-09,-0.010990395210683346,1.0619265466971228e-09,0,0,0,0,1,0,0,0,1,0,13
0.04458244517445564,-8.596812151040467e-09,0.010067443363368511,-1.1342166095218431e-10,0.0575619600713253,8.605902621638961e-06,0.13116532564163208,0.013979604467749596,2.8259357350179926e-05,2.946660515590338e-07,7.121449016267434e-06,3.4845231766666984e-07,0.9426805973052979,1.843408092838672e-09,-0.011172715574502945,5.548743686745183e-10,0,0,0,0,1,0,0,0,1,0,13
0.0550798624753952,4.769332804244186e-07,0.01067549828439951,2.4281016521854326e-06,0.07140156626701355,3.6511075450107455e-05,0.13711687922477722,0.013769236393272877,2.7762695026467554e-05,2.854333160939859e-07,8.133003575494513e-06,3.5940200859840843e-07,0.9311493039131165,2.175494229206265e-09,-0.011804524809122086,1.4028289641032643e-10,0,0,0,0,1,0,0,0,1,0,13
0.06593388319015503,6.923396085767308e-06,0.011177010834217072,9.552246410748921e-06,0.08450516313314438,6.219857459655032e-05,0.12683244049549103,0.012486333958804607,2.3782826247042976e-05,-6.449503331396045e-08,4.567896030494012e-05,4.1026905250873824e-07,0.9190320372581482,2.2144703848425706e-07,-0.012362704612314701,6.220392378963879e-07,0,0,0,0,1,0,0,0,1,0,13
0.07751210778951645,2.0731738914037123e-05,0.011883413419127464,1.7104237485909835e-05,0.09661086648702621,8.502041600877419e-05,0.11762478947639465,0.011770819313824177,2.2048041500966065e-05,-3.08004928228911e-07,6.962730549275875e-05,-4.55518801389769e-14,0.9064158201217651,1.6432306892966153e-06,-0.012806584127247334,2.1009327610954642e-06,0,0,0,0,1,0,0,0,1,0,13
0.08974564075469971,3.966320582549088e-05,0.012501811608672142,2.055805452982895e-05,0.1080528050661087,0.00010645241127349436,0.11083365231752396,0.011161230504512787,2.090621092065703e-05,-2.920641009040992e-07,6.602374196518213e-05,-4.554409082399395e-14,0.8934142589569092,4.444338173925644e-06,-0.013147382065653801,3.133796781185083e-06,0,0,0,0,1,0,0,0,1,0,13
0.10252194106578827,6.337087688734755e-05,0.012981277890503407,2.6491670723771676e-05,0.11886794865131378,0.0001267103652935475,0.10950881987810135,0.010538519360125065,1.9739807612495497e-05,-2.757667800779018e-07,6.233958265511319e-05,4.5536562395158756e-14,0.8801179528236389,7.902475772425532e-06,-0.013407538644969463,3.7370850805018563e-06,0,0,0,0,1,0,0,0,1,0,13
0.11568813771009445,-0.0007769071380607784,0.013238980434834957,2.3831164071452804e-05,0.12907537817955017,0.00014583002484869212,0.11070510745048523,0.009941484779119492,1.8621489289216697e-05,-2.6013600518126623e-07,5.880613753106445e-05,-2.2764871042933732e-14,0.8665978312492371,1.1963077668042388e-05,-0.013604585081338882,4.321257165429415e-06,0,0,0,0,1,0,0,0,1,0,5
0.12892717123031616,-0.0022525633685290813,0.013239067979156971,1.1915582035726402e-05,0.14058691263198853,7.988450670382008e-05,0.13553376495838165,0.015573165379464626,-0.0002598405408207327,-6.126785478954844e-08,1.0369019946665503e-05,-7.978029543664888e-07,0.852908194065094,1.5388273823191412e-05,-0.013753245584666729,2.544384869906935e-06,0,0,0,0,1,0,0,0,1,0,5
0.14216960966587067,-0.002246866701170802,0.013272990472614765,3.3474138945166487e-06,0.1560525745153427,-0.00017813904560171068,0.15389691293239594,0.015377948991954327,-0.00025655209901742637,-6.126785478954844e-08,1.0369019946665503e-05,-7.978029543664888e-07,0.839091420173645,1.6891694031073712e-05,-0.01386404037475586,6.674106884929643e-07,0,0,0,0,1,0,0,0,1,0,13
0.15560877323150635,-0.0021966276690363884,0.013562160544097424,0.00010679997649276629,0.17100591957569122,-0.0004270456556696445,0.12458151578903198,0.014172532595694065,-0.000234647435718216,1.2911367548440467e-06,4.018621984869242e-05,-1.9322087609907612e-06,0.8251792788505554,1.1902417099918239e-05,-0.013947486877441406,-1.4445846318267286e-05,0,0,0,0,1,0,0,0,1,0,13
0.1692930907011032,-0.002007646718993783,0.013774107210338116,0.00025410045054741204,0.18475712835788727,-0.0006542715127579868,0.1057267040014267,0.013356017880141735,-0.00022030205582268536,2.195377646785346e-06,5.991518992232159e-05,-1.4152240055409493e-06,0.8111957311630249,-1.5791127225384116e-05,-0.014009896665811539,-3.8559599488507956e-05,0,0,0,0,1,0,0,0,1,0,16
0.18315863609313965,-0.0017258450388908386,0.013934864662587643,0.0002649750967975706,0.19766958057880402,-0.0008670595125295222,0.11271271109580994,0.012604670599102974,-0.000207716177101247,2.901584139181068e-06,7.455582817783579e-05,7.2901136082687e-13,0.7971590161323547,-6.690608279313892e-05,-0.01405617780983448,-5.7636891142465174e-05,0,0,0,0,1,0,0,0,1,0,16
0.19716334342956543,-0.001496927929110825,0.014056352898478508,0.0002002780238399282,0.20989485085010529,-0.0010685230372473598,0.11237561702728271,0.01191645860671997,-0.00019637486548162997,2.7433725335868075e-06,7.049063424346969e-05,3.6443049099277314e-13,0.783082902431488,-0.00012365660222712904,-0.01409123931080103,-5.601782686426304e-05,0,0,0,0,1,0,0,0,1,0,18
0.2112593650817871,-0.00133103271946311,0.014121981337666512,0.0001384219794999808,0.2214398831129074,-0.0012587768724188209,0.11105364561080933,0.011248010210692883,-0.00018535929848439991,2.5894614736898802e-06,6.653588206972927e-05,0.0,0.7689767479896545,-0.00017876317724585533,-0.014117185026407242,-5.435559432953596e-05,0,0,0,0,1,0,0,0,1,0,18
0.22535505890846252,-0.0012292085448279977,0.014120819978415966,7.549299334641546e-05,0.23289287090301514,-0.0014185365289449692,0.12036368250846863,0.016202328726649284,2.2771717340219766e-05,9.569746453053085e-07,8.314104888995644e-06,-1.123085667131818e-06,0.7548485994338989,-0.00023347283422481269,-0.0141361178830266,-5.5516851716674864e-05,0,0,0,0,1,0,0,0,1,0,18
0.2390718311071396,-0.0011892173206433654,0.013386151753365993,1.1927167179237586e-05,0.24874666333198547,-0.0013969913125038147,0.16152387857437134,0.015753794461488724,2.137992123607546e-05,8.989376283352613e-07,1.2278230315132532e-05,-9.625376833355404e-07,0.7407037615776062,-0.00029001483926549554,-0.01415084395557642,-5.7378827477805316e-05,0,0,0,0,1,0,0,0,1,0,0
0.25238412618637085,0.000357944518327713,0.013312598690390587,3.79573202735628e-06,0.26432451605796814,-0.0013760019792243838,0.1026722863316536,0.015166591852903366,1.9502733266563155e-05,7.958211085679068e-07,1.9121831428492442e-05,-7.103128609742271e-07,0.7265465259552002,-0.00034683445119298995,-0.014161362312734127,-5.29193966940511e-05,0,0,0,0,1,0,0,0,1,0,5
0.26569658517837524,0.0010161199606955051,0.013312522321939468,1.4232747389542055e-06,0.27977409958839417,-0.0011855864431709051,0.17040637135505676,0.01579304225742817,0.00026407369296066463,4.0460912487105816e-07,-7.777784389872977e-07,1.8099038356922392e-07,0.7123799920082092,-0.00039208956877700984,-0.014169776812195778,-3.898097565979697e-05,0,0,0,0,1,0,0,0,1,0,7
0.27905499935150146,0.0010099898790940642,0.013462585397064686,-2.7134015908814035e-05,0.2954559922218323,-0.0009233720484189689,0.1504458785057068,0.015591677278280258,0.0002607137430459261,4.0460912487105816e-07,-7.777784389872977e-07,1.8099038356922392e-07,0.6982064843177795,-0.00042339443461969495,-0.014176088385283947,-2.5022276531672105e-05,0,0,0,0,0,0,1,0,1,0,16
0.292655885219574,0.0009155380539596081,0.013702932745218277,-0.00015613601135555655,0.31030043959617615,-0.000675978371873498,0.1344221979379654,0.01407252624630928,0.0002336083707632497,-9.809239145397441e-07,3.102024129475467e-05,1.9049069805987529e-06,0.6840277910232544,-0.0004296711122151464,-0.014180295169353485,9.06413060874911e-06,0,0,0,0,0,0,1,0,1,0,6
0.3064597249031067,0.0006879872526042163,0.01387876644730568,-0.00027295504696667194,0.3241843581199646,-0.00044562172843143344,0.1067110225558281,0.013519799336791039,0.00022400562011171132,-1.4115963722360902e-06,4.085285036126152e-05,1.9270214579591993e-06,0.6698454022407532,-0.0004018507606815547,-0.014183801598846912,4.316836202633567e-05,0,0,0,0,0,1,0,0,1,0,7
0.3204164505004883,0.00044293905375525355,0.014014454558491707,-0.00021702890808228403,0.33712366223335266,-0.0002316808677278459,0.10754549503326416,0.012635797262191772,0.00020887622667942196,-2.918189011325012e-06,7.475016900571063e-05,0.0,0.6556605100631714,-0.00034747383324429393,-0.014185905456542969,5.569955101236701e-05,0,0,0,0,0,0,1,0,1,0,6
0.33350512385368347,0.0014054321218281984,0.013691868633031845,0.0001573724439367652,0.34938132762908936,-2.9055072445771657e-05,0.11276651173830032,0.01195143349468708,0.00019756334950216115,-2.7599380700848997e-06,7.069655111990869e-05,0.0,0.6414734721183777,-0.00029279664158821106,-0.01418730802834034,5.384024916565977e-05,0,0,0,0,0,1,0,0,1,0,12
0.34653472900390625,0.0021017335820943117,0.013037989847362041,0.0003355185326654464,0.36270514130592346,0.002085066633298993,0.15035369992256165,0.014260602183640003,0.003369406098499894,3.6201583952788496e-06,1.6110072465380654e-05,1.7479898815508932e-05,0.6272848844528198,-0.00023886629787739366,-0.01418871060013771,5.940322807873599e-05,0,0,0,0,0,1,0,0,1,0,12
0.3590480089187622,0.0033869538456201553,0.01239776611328125,0.0019756159745156765,0.3768692910671234,0.005431495141237974,0.13458330929279327,0.014085222035646439,0.0033278479240834713,3.6201583952788496e-06,1.6110072465380654e-05,1.7479898815508932e-05,0.6130955219268799,-0.00016007160593289882,-0.014189411886036396,9.466103074373677e-05,0,0,0,0,0,1,0,0,1,0,12
0.3709565997123718,0.005877908319234848,0.011766658164560795,0.002545606577768922,0.39019596576690674,0.0085448632016778,0.13146382570266724,0.012800410389900208,0.0029664072208106518,-2.1424866645247675e-05,4.9427417252445593e-05,2.4914508685469627e-05,0.5989058613777161,-4.601791806635447e-05,-0.014190113171935081,0.00012992038682568818,0,0,0,0,0,1,0,0,1,0,6
0.3830071985721588,0.00846152100712061,0.012268739752471447,0.002599931787699461,0.40266942977905273,0.011427383869886398,0.11832623183727264,0.01213166955858469,0.002796782646328211,-3.9070004277164117e-05,7.176135841291398e-05,0.0,0.5847336053848267,0.0003836289106402546,-0.014140325598418713,0.0007878124597482383,0,0,0,0,0,1,0,0,1,0,14
0.39550819993019104,0.011057227849960327,0.01267580408602953,0.002587796887382865,0.4144624173641205,0.014146091416478157,0.11485910415649414,0.011504123918712139,0.0026521109975874424,-3.705006747622974e-05,6.805126031395048e-05,-1.1660396606605339e-11,0.5706729292869568,0.001616435358300805,-0.013979041948914528,0.0015955062117427588,0,0,0,0,0,0,0,0,1,0,12
0.4083505868911743,0.013656961731612682,0.012956297025084496,0.0026291923131793737,0.42561566829681396,0.016717305406928062,0.11186166107654572,0.010865499265491962,0.0025048847310245037,-3.499173908494413e-05,6.427065090974793e-05,5.829178285898795e-12,0.5568274259567261,0.0036347531713545322,-0.013734662905335426,0.0023273974657058716,0,0,0,0,0,0,0,0,1,0,14
0.42135465145111084,0.016409143805503845,0.013045723550021648,0.002675421070307493,0.43614643812179565,0.019145015627145767,0.11103268712759018,0.010258518159389496,0.002364953514188528,-3.3037937100743875e-05,6.068205038900487e-05,0.0,0.543244481086731,0.0063061825931072235,-0.013448911719024181,0.0029509433079510927,0,0,0,0,0,0,0,0,1,0,8
0.4335651993751526,0.01938984915614128,0.01175279263406992,0.0020899013616144657,0.44608333706855774,0.02143581584095955,0.10831203311681747,0.009679355658590794,0.002231436315923929,-3.11733347189147e-05,5.7257253502029926e-05,-5.827440526656735e-12,0.529984176158905,0.009593354538083076,-0.013096191920340061,0.0035598445683717728,0,0,0,0,0,0,0,1,1,0,18
0.4441280663013458,0.021430352702736855,0.009226448833942413,0.0013418459566310048,0.48305219411849976,0.023424282670021057,0.21252359449863434,0.06376749277114868,0.0017271761316806078,-2.010810021602083e-05,3.756063961191103e-05,0.00059626589063555,0.518558144569397,0.013189113698899746,-0.010211327113211155,0.003999172244220972,0,0,0,0,0,0,0,1,1,0,5
0.452354371547699,0.022656619548797607,0.0073944819159805775,0.0011787459952756763,0.5450788736343384,0.02499607391655445,0.26699286699295044,0.060636330395936966,0.0014450207818299532,-2.010810021602083e-05,3.756063961191103e-05,0.00059626589063555,0.508881688117981,0.01770474575459957,-0.00920751504600048,0.004923871252685785,0,0,0,0,1,0,0,0,1,0,4
0.4595508277416229,0.023592093959450722,0.006899062544107437,0.0005705790244974196,0.6040902137756348,0.026287199929356575,0.13421884179115295,0.05770942568778992,0.0011657055001705885,-2.010810021602083e-05,3.756063961191103e-05,0.00059626589063555,0.5000070929527283,0.02293519675731659,-0.008692811243236065,0.005166581831872463,0,0,0,1,0,0,0,0,1,0,0
0.46593132615089417,0.024139096960425377,0.006082318257540464,0.00051868986338377,0.6547040343284607,0.02733619324862957,0.16106672585010529,0.0483851321041584,0.0009666781406849623,-1.957901258720085e-05,6.240265793167055e-05,0.0005422752583399415,0.4942748248577118,0.026672836393117905,-0.004377190954983234,0.0028293030336499214,0,0,0,1,0,0,0,0,1,0,10
0.4724758565425873,0.024684377014636993,0.007272965274751186,0.000521687266882509,0.7005405426025391,0.028210248798131943,0.12476826459169388,0.0423077717423439,0.0008113591466099024,-1.838644311646931e-05,9.103318734560162e-05,0.0004625620204024017,0.4913015365600586,0.02914155274629593,-0.003294370137155056,0.00226237578317523,0,0,0,1,0,0,0,0,1,0,6
0.4801488518714905,0.02507270872592926,0.008421819657087326,0.00038312439573928714,0.7392330169677734,0.02896028757095337,0.11197185516357422,0.035764940083026886,0.0007123251562006772,-1.438775234419154e-05,0.00015257636550813913,0.00023832800798118114,0.48987913131713867,0.031062014400959015,-0.0020138693507760763,0.0014934362843632698,0,0,0,0,0,1,0,0,1,0,16
0.48789501190185547,0.02457609213888645,0.00872237142175436,-0.00021805365395266563,0.7725854516029358,0.02963242307305336,0.10894345492124557,0.031635213643312454,0.0006430047214962542,-8.973363037512172e-06,0.0001871502900030464,-5.892743324548144e-12,0.48996007442474365,0.03307649865746498,-0.0009306751890107989,0.0009770821779966354,0,0,0,0,0,1,0,0,1,0,8
0.4969717264175415,0.024532143026590347,0.009899180382490158,-4.1031169530469924e-05,0.8025339841842651,0.030241141095757484,0.10928133130073547,0.02864835038781166,0.0005822884850203991,-8.133949449984357e-06,0.00016945258539635688,8.819497215872829e-12,0.4902285933494568,0.03373122215270996,-0.00016815750859677792,0.0004976667696610093,0,0,0,0,0,0,0,1,1,0,13
0.5071439743041992,0.02456960827112198,0.010863963514566422,8.272597915492952e-05,0.8297631144523621,0.03079458512365818,0.10946832597255707,0.026129571720957756,0.0005310933920554817,-7.418918357871007e-06,0.00015455647371709347,8.804543032148171e-12,0.4919964075088501,0.03412730246782303,0.0028512252029031515,0.00031922501511871815,0,0,0,0,0,0,0,1,1,0,7
0.5177493095397949,0.024685870856046677,0.010935833677649498,0.00013456605665851384,0.8546804785728455,0.03130103647708893,0.10960101336240768,0.023973768576979637,0.0004872760327998549,-6.806901637901319e-06,0.00014180644939187914,1.4654773705310986e-12,0.4967140555381775,0.03436537832021713,0.004856412298977375,0.0001899877970572561,0,0,0,0,0,0,1,0,1,0,8
0.5289852619171143,0.02484753727912903,0.011675792746245861,0.00018706612172536552,0.8776053190231323,0.03176698833703995,0.10969702899456024,0.02210492081940174,0.0004492911393754184,-6.276322437770432e-06,0.00013075298920739442,2.927857609136275e-12,0.5027927160263062,0.034478068351745605,0.00629425747320056,2.055614095297642e-05,0,0,0,0,0,0,0,1,1,0,17
0.5403270721435547,0.02503737062215805,0.010236982256174088,0.0001746920752339065,0.8987922668457031,0.03219762444496155,0.1097676008939743,0.020466744899749756,0.0004159946693107486,-5.811223218188388e-06,0.00012106364738428965,1.4626765510589168e-12,0.5103521347045898,0.0344880111515522,0.00786383543163538,-1.1043852282455191e-05,0,0,0,0,0,0,0,1,1,1,15
0.548426628112793,0.02517341449856758,0.006590753793716431,0.00011163525050505996,0.9184474945068359,0.0325971283018589,0.10982021689414978,0.019016709178686142,0.00038652209332212806,-5.399530891736504e-06,0.00011248701048316434,1.4616497031813558e-12,0.5187001824378967,0.03447011485695839,0.008821344003081322,-4.050969801028259e-05,0,0,0,0,0,0,0,1,0,1,11
0.5544357895851135,0.025272250175476074,0.005556582938879728,9.322506957687438e-05,0.936740517616272,0.03296893835067749,0.10985994338989258,0.017722060903906822,0.00036020789411850274,-5.031952696299413e-06,0.00010482931247679517,-1.4607976286939994e-12,0.5275213718414307,0.03443541377782822,0.009067025035619736,-4.0760387491900474e-05,0,0,0,0,0,0,0,1,0,1,9
0.5584630966186523,0.025336360558867455,0.0031308692414313555,5.17503431183286e-05,0.9538121223449707,0.03331592679023743,0.10989029705524445,0.016557183116674423,0.0003365312877576798,-4.701211310020881e-06,9.793909703148529e-05,-1.460082922621897e-12,0.53645259141922,0.03440222889184952,0.009683108888566494,-4.2305986426072195e-05,0,0,0,0,0,0,0,1,0,1,9
0.5610424280166626,0.025374863296747208,0.003522802609950304,5.55126644030679e-05,0.9697803854942322,0.03364048898220062,0.10991372913122177,0.015501759015023708,0.0003150792035739869,-4.40154281022842e-06,9.169620170723647e-05,1.4594777209692156e-12,0.5456482172012329,0.03436920419335365,0.009622668847441673,-3.0153198167681694e-05,0,0,0,0,0,0,0,1,0,1,1
0.5655857920646667,0.025447877123951912,0.005220392718911171,9.121211769524962e-05,0.9847458004951477,0.03394467011094093,0.10993199050426483,0.014539465308189392,0.00029552026535384357,-4.128318323637359e-06,8.600419096183032e-05,7.294805493170131e-13,0.5550095438957214,0.034353483468294144,0.01020286325365305,-2.2002517653163522e-05,1,0,0,0,0,0,0,0,0,1,18
0.5717692375183105,0.025558605790138245,0.00675559788942337,0.00012968850205652416,0.9987938404083252,0.034230198711156845,0.10994633287191391,0.013657031580805779,0.0002775844477582723,-3.8777693589509e-06,8.078454266069457e-05,0.0,0.5652108192443848,0.03435029461979866,0.010991204530000687,-1.2549089660751633e-05,1,0,0,0,0,0,0,0,0,0,1
0.5791227221488953,0.02570408023893833,0.007945532910525799,0.00016052791033871472,1.011998176574707,0.03449859097599983,0.10995768755674362,0.012843551114201546,0.0002610500669106841,-3.6467934023676207e-06,7.597271905979142e-05,-7.290657877759288e-13,0.5759312510490417,0.03436797484755516,0.011329191736876965,8.026953764783684e-06,1,0,0,0,0,0,0,0,0,0,1
