lt_dp_posx,lt_dp_posy,lt_dp_velx,lt_dp_vely,ball_posx,ball_posy,ball_posz,ball_vel_x,ball_vel_y,ball_rot_x,ball_rot_y,ball_rot_z,rt_gk_posx,rt_gk_posy,rt_gk_velx,rt_gk_vely,action_left,action_top_left,action_top,action_top_right,action_right,action_bottom_right,action_bottom,action_bottom_left,action_sprint,action_dribble,sel_action
-1.0110293626785278,-0.0,0.0,-0.0,0.019999999552965164,-0.0,0.11061639338731766,-0.0,0.0,0.0,-0.0,0.0,1.0110293626785278,0.0,-0.0,0.0,0,0,0,0,0,0,0,0,0,0,5
0.0,-0.0,0.0,-0.0,0.019999999552965164,-0.0,0.11059734225273132,-0.0,0.0,0.0,-0.0,0.0,1.0110293626785278,0.0,-0.0,0.0,0,0,0,0,1,0,0,0,0,0,5
0.0008584571187384427,6.31864074951416e-11,0.0032361329067498446,2.5075197127022442e-11,0.019999999552965164,-0.0,0.10930104553699493,-0.0,0.0,0.0,-0.0,0.0,1.0110293626785278,0.0,-0.0,0.0,0,0,0,0,1,0,0,0,0,0,5
0.004070135299116373,-1.1033407520955052e-09,0.0049414923414587975,-2.770934315332596e-10,0.019999999552965164,-0.0,0.11075475811958313,-0.0,0.0,0.0,-0.0,0.0,1.0089819431304932,-1.466036597674858e-10,-0.003723537316545844,-2.3986776453988057e-10,0,0,0,0,1,0,0,0,0,0,13
0.007871970534324646,-4.405483977620861e-09,0.006513637024909258,-3.710970974957206e-10,0.021814193576574326,-1.919535225214375e-10,0.11905936896800995,0.009004201740026474,-9.530071176655497e-10,2.920990543626295e-13,-2.5668914531706832e-06,-2.272282622478583e-12,1.0043776035308838,-3.5672917397810977e-10,-0.005314630456268787,-1.6385064138813021e-10,0,0,0,0,1,0,0,0,1,0,13
0.015182881616055965,-4.637022765763277e-09,0.007938067428767681,-8.555410546673414e-11,0.03035673499107361,-1.098009905220465e-09,0.10534955561161041,0.00817275419831276,-8.683166408118836e-10,6.0634010833060525e-12,2.2233871277421713e-05,-4.865467403969426e-12,0.9982317090034485,-2.93549712315766e-10,-0.006807551719248295,6.628074200598633e-10,0,0,0,0,1,0,0,0,1,0,13
0.023825105279684067,-4.767021888341105e-09,0.009190707467496395,-1.3697155909486725e-10,0.03821047022938728,-1.933115889585224e-09,0.11269862204790115,0.007662375457584858,-8.147729713137153e-10,1.1381846853897315e-11,4.532364982878789e-05,0.0,0.9906662106513977,2.5941995773770543e-10,-0.008160226047039032,4.230551187145437e-10,0,0,0,0,1,0,0,0,1,0,18
0.03296341001987457,-5.7231801520174486e-09,0.009851382113993168,-2.371023377634174e-10,0.04564186930656433,-2.7233273414140058e-09,0.11210299283266068,0.007240790408104658,-7.699436088692835e-10,1.0756078319684725e-11,4.283177986508235e-05,6.94334423900034e-19,0.9818469882011414,4.841577694314481e-10,-0.009317257441580296,4.6098583283971095e-11,0,0,0,0,1,0,0,0,1,0,13
0.040885716676712036,-8.154317221453766e-09,0.009685585275292397,-1.2715165031984554e-10,0.052648138254880905,-3.468333398259915e-09,0.11100589483976364,0.006817336194217205,-7.249161826372585e-10,1.0126965238610453e-11,4.032659489894286e-05,1.3885677249701834e-18,0.9724517464637756,1.129910720543137e-09,-0.009637720882892609,7.181547023726864e-10,0,0,0,0,1,0,0,0,1,0,13
0.050809651613235474,-8.651723781838427e-09,0.010593323037028313,-7.154383335761239e-11,0.06588450074195862,2.538750777603127e-05,0.14662382006645203,0.013831733725965023,2.7887346732313745e-05,2.854333160939859e-07,8.133003575494513e-06,3.5940200859840843e-07,0.9623057246208191,1.6606784836170618e-09,-0.010538101196289062,3.5351030436281405e-10,0,0,0,0,1,0,0,0,1,0,18
0.061511363834142685,3.511102477204986e-06,0.010849535465240479,6.5499230004206765e-06,0.0794624388217926,5.255355790723115e-05,0.11541591584682465,0.012867785058915615,2.484861579432618e-05,2.920202923917259e-08,3.572785499272868e-05,4.6688651877957454e-07,0.9514368772506714,1.1787326315015889e-07,-0.010879600420594215,4.620556808276888e-07,0,0,0,0,1,0,0,0,1,0,16
0.07279764115810394,1.4273947272158694e-05,0.011619224213063717,1.448333296139026e-05,0.09186188131570816,7.611839100718498e-05,0.11319675296545029,0.01208172645419836,2.2745614842278883e-05,-1.856381999232326e-07,5.814373434986919e-05,2.56864552738989e-07,0.9404253959655762,1.2134598819102393e-06,-0.011310156434774399,1.6092894838948268e-06,0,0,0,0,1,0,0,0,1,0,13
0.0847788006067276,3.170457057422027e-05,0.01227075606584549,1.8925651602330618e-05,0.10355120897293091,9.802042768569663e-05,0.11222615838050842,0.011410308070480824,2.137276533176191e-05,-2.985634068863874e-07,6.749296153429896e-05,-4.5547218069635215e-14,0.9287715554237366,3.444544063313515e-06,-0.011916019953787327,2.7120140657643788e-06,0,0,0,0,1,0,0,0,1,0,18
0.09735527634620667,5.315264206728898e-05,0.012805094011127949,2.3973423594725318e-05,0.11461616307497025,0.00011874631309183314,0.10859900712966919,0.010783788748085499,2.0199226128170267e-05,-2.821870168645546e-07,6.379093247232959e-05,0.0,0.9165447354316711,6.355358891596552e-06,-0.012460877187550068,3.1340996429207735e-06,0,0,0,0,1,0,0,0,1,0,13
0.11039263755083084,-8.298049942823127e-05,0.01320716179907322,2.8767084586434066e-05,0.1250637322664261,0.00013831577962264419,0.10880786925554276,0.010176208801567554,1.9061151760979556e-05,-2.662842746303795e-07,6.019599095452577e-05,6.829857046673077e-14,0.9038431644439697,9.819648767006584e-06,-0.01288231648504734,3.730749085661955e-06,0,0,0,0,1,0,0,0,1,0,5
0.123631551861763,-0.0019212791230529547,0.013239067979156971,1.6684309230186045e-05,0.1349201649427414,0.0001567779399920255,0.11073844879865646,0.00959957204759121,1.7981052224058658e-05,-2.511893626433448e-07,5.6783639593049884e-05,4.552602191716312e-14,0.8907760381698608,1.3559671060647815e-05,-0.013204882852733135,3.306306552985916e-06,0,0,0,0,1,0,0,0,1,0,18
0.1368706077337265,-0.0022479163017123938,0.013239067979156971,4.76623245049268e-06,0.14988969266414642,-7.532312156399712e-05,0.15853874385356903,0.015455832704901695,-0.00025785554316826165,-6.126785478954844e-08,1.0369019946665503e-05,-7.978029543664888e-07,0.8774299025535583,1.5852612705202773e-05,-0.013451716862618923,1.4566397794624208e-06,0,0,0,0,1,0,0,0,1,0,13
0.1501993089914322,-0.002230672398582101,0.013456800021231174,5.137335756444372e-05,0.16522149741649628,-0.0003310824395157397,0.11716939508914948,0.015123102813959122,-0.00025209851446561515,4.855416335658447e-08,1.2795473594451323e-05,-9.663740456744563e-07,0.8638719320297241,1.5970148524502292e-05,-0.013637542724609375,-2.9069713036733447e-06,0,0,0,0,1,0,0,0,1,0,16
0.1637946218252182,-0.002100772922858596,0.013697322458028793,0.00019704112492036074,0.17935000360012054,-0.0005650188541039824,0.12572547793388367,0.013744492083787918,-0.0002271047414978966,1.7067466160369804e-06,4.9295384087599814e-05,-1.8289413219463313e-06,0.8501538634300232,1.439455932228384e-08,-0.01377778872847557,-2.7029436751035973e-05,0,0,0,0,1,0,0,0,1,0,13
0.17759345471858978,-0.0018355009378865361,0.013875084929168224,0.0002877938386518508,0.19258323311805725,-0.0007832400733605027,0.11795040965080261,0.012886748649179935,-0.0002123645826941356,2.9668187835341087e-06,7.623204874107614e-05,1.4581516332920486e-12,0.8363158702850342,-3.962801565648988e-05,-0.013882973231375217,-4.99867346661631e-05,0,0,0,0,1,0,0,0,1,0,16
0.19154727458953857,-0.001580764539539814,0.014012175612151623,0.00022536223696079105,0.205088272690773,-0.0009893141686916351,0.10695590823888779,0.012190422974526882,-0.00020088962628506124,2.8065267088095425e-06,7.21133328625001e-05,0.0,0.8223878145217896,-9.357070666737854e-05,-0.01396151166409254,-5.364200842450373e-05,0,0,0,0,1,0,0,0,1,0,0
0.20561762154102325,-0.0013896425953134894,0.014113328419625759,0.0001634537911741063,0.21690158545970917,-0.0011839887592941523,0.11112890392541885,0.011512037366628647,-0.0001897103211376816,2.650270744197769e-06,6.80983648635447e-05,0.0,0.808392345905304,-0.0001465170062147081,-0.014020415022969246,-5.2365394367370754e-05,0,0,0,0,1,0,0,0,1,0,16
0.21971632540225983,-0.0012624298688024282,0.014122012071311474,0.00010066614777315408,0.2280525267124176,-0.0013677484821528196,0.11018563061952591,0.010860622860491276,-0.00017897547513712198,2.5002634629345266e-06,6.424394086934626e-05,-3.643232091878057e-13,0.7943464517593384,-0.0001984662376344204,-0.014064592309296131,-5.2294206398073584e-05,0,0,0,0,1,0,0,0,1,0,18
0.23367328941822052,-0.001197651494294405,0.013679967261850834,3.656666376627982e-05,0.24243292212486267,-0.0014055587816983461,0.1571343094110489,0.015835141763091087,2.148743260477204e-05,8.989376283352613e-07,1.2278230315132532e-05,-9.625376833355404e-07,0.7802630662918091,-0.0002517514512874186,-0.014097549952566624,-5.409179357229732e-05,0,0,0,0,1,0,0,0,1,0,16
0.24705924093723297,-0.0003781621635425836,0.013312590308487415,4.744130364997545e-06,0.25815626978874207,-0.0013842073967680335,0.13814039528369904,0.015631891787052155,2.1261284928186797e-05,8.989376283352613e-07,1.2278230315132532e-05,-9.625376833355404e-07,0.7661516666412354,-0.00030681979842484,-0.014122093096375465,-5.5864202295197174e-05,0,0,0,0,1,0,0,0,1,0,0
0.2603715658187866,0.001015408313833177,0.013312522321939468,2.3724217044218676e-06,0.27344459295272827,-0.0012914232211187482,0.15094290673732758,0.0158751979470253,0.00026546051958575845,4.0460912487105816e-07,-7.777784389872977e-07,1.8099038356922392e-07,0.7520190477371216,-0.00035412635770626366,-0.014140325598418713,-4.0296188672073185e-05,0,0,0,0,1,0,0,0,1,0,0
0.2736872732639313,0.0010162886464968324,0.013344252482056618,-1.8706660966927302e-06,0.2892073392868042,-0.001027856138534844,0.17014317214488983,0.015671642497181892,0.00026204143068753183,4.0460912487105816e-07,-7.777784389872977e-07,1.8099038356922392e-07,0.7378708124160767,-0.000385837018257007,-0.014154350385069847,-2.468004822731018e-05,0,0,0,0,1,0,0,0,1,0,5
0.28718751668930054,0.0009696039487607777,0.013615629635751247,-0.00010001959162764251,0.30462515354156494,-0.000770231825299561,0.11693178117275238,0.014495953917503357,0.00024104746989905834,-6.417307645278925e-07,2.324438901268877e-05,1.7091239215005771e-06,0.7237108945846558,-0.00039917888352647424,-0.014164167456328869,-1.2200771379866637e-06,0,0,0,0,1,0,0,0,1,0,18
0.30091768503189087,0.0007937816553749144,0.01381425280123949,-0.000235696803429164,0.318700909614563,-0.0005365453544072807,0.13001012802124023,0.01394007820636034,0.00023135286755859852,-1.017768113342754e-06,3.186332105542533e-05,1.9165418052580208e-06,0.7095423340797424,-0.0003846169274765998,-0.014171880669891834,2.7478918127599172e-05,0,0,0,0,1,0,0,0,1,0,6
0.314817875623703,0.0005336359026841819,0.013965018093585968,-0.00024291967565659434,0.33202800154685974,-0.00031591474544256926,0.12117227911949158,0.01289663277566433,0.0002131980290869251,-2.8381480206007836e-06,7.316975097637624e-05,3.304809013116028e-07,0.6953675746917725,-0.0003422515874262899,-0.014176789671182632,5.014013368054293e-05,0,0,0,0,0,1,0,0,1,0,6
0.32833051681518555,0.0009286199347116053,0.013805284164845943,-0.0001605366269359365,0.3445596694946289,-0.00010876003943849355,0.11239105463027954,0.012229600921273232,0.00020216163829900324,-2.8242750431672903e-06,7.234455551952124e-05,-3.6446426389044606e-13,0.6811881065368652,-0.0002929806069005281,-0.01418099645525217,4.8559115384705365e-05,0,0,0,0,0,1,0,0,1,0,12
0.3412551283836365,0.002017847029492259,0.013368270359933376,0.0001692476071184501,0.35699036717414856,0.0007347505888901651,0.128550723195076,0.014405917376279831,0.003407899057492614,4.592069672071375e-06,1.479921138525242e-05,1.6261019482044503e-05,0.6670050621032715,-0.0002452931075822562,-0.014183801598846912,4.6973636926850304e-05,0,0,0,0,0,1,0,0,1,0,12
0.35408419370651245,0.0026797393802553415,0.012407583184540272,0.0014420885127037764,0.37122467160224915,0.004097894765436649,0.15288688242435455,0.01415556762367487,0.0033442992717027664,3.6201583952788496e-06,1.6110072465380654e-05,1.7479898815508932e-05,0.652822732925415,-5.962281284155324e-05,-0.014176789671182632,0.00035551804467104375,0,0,0,0,0,1,0,0,1,0,17
0.3662535846233368,0.004860169719904661,0.01184169016778469,0.0025627787690609694,0.38504207134246826,0.007349487394094467,0.12132281810045242,0.013078269548714161,0.003039842937141657,-1.667886863288004e-05,4.316298145567998e-05,2.709334876271896e-05,0.638662576675415,0.000508024066220969,-0.014143130742013454,0.0007410733960568905,0,0,0,0,0,1,0,0,1,1,12
0.37812766432762146,0.007422609254717827,0.012079407460987568,0.002589950105175376,0.3977731168270111,0.010298190638422966,0.11544486880302429,0.012467466294765472,0.002880722749978304,-2.771408253465779e-05,5.7602141168899834e-05,1.9192322724848054e-05,0.6245481967926025,0.0014517143135890365,-0.01409123931080103,0.0010898532345890999,0,0,0,0,0,1,0,0,1,1,12
0.3904600143432617,0.010020792484283447,0.012525039725005627,0.002595924772322178,0.4098235070705414,0.013076664879918098,0.10648500919342041,0.011762847192585468,0.0027117556892335415,-3.788523099501617e-05,6.958522862987593e-05,0.0,0.6104891300201416,0.0027034671511501074,-0.014030933380126953,0.0013840273022651672,0,0,0,0,0,1,0,0,1,1,12
0.4031819701194763,0.012609802186489105,0.01286057848483324,0.00259958952665329,0.42123064398765564,0.01570640504360199,0.11318568885326385,0.011119981296360493,0.002563551999628544,-3.581251439754851e-05,6.577819294761866e-05,-1.1659155411958277e-11,0.5964985489845276,0.004248638171702623,-0.013955200091004372,0.0016767799388617277,0,0,0,0,0,1,0,0,1,1,5
0.4161677956581116,0.01525052823126316,0.013076908886432648,0.002674751216545701,0.43200692534446716,0.018190715461969376,0.11169163882732391,0.010499090887606144,0.002420413540676236,-3.381259739398956e-05,6.210490391822532e-05,8.742930858451903e-12,0.5826057195663452,0.006130015943199396,-0.013838445767760277,0.0020483070984482765,0,0,0,0,1,0,0,0,1,1,14
0.42886480689048767,0.018265755847096443,0.012461386620998383,0.0025556304026395082,0.4421776235103607,0.020535413175821304,0.10880304127931595,0.009906935505568981,0.0022839014418423176,-3.19062928610947e-05,5.860350574948825e-05,-2.913879641047723e-12,0.5688428282737732,0.008381074294447899,-0.013697848655283451,0.002416383707895875,0,0,0,0,0,0,0,0,1,1,5
0.44022056460380554,0.020831219851970673,0.010659083724021912,0.0017490392783656716,0.4573832154273987,0.022614851593971252,0.15668867528438568,0.06543517857789993,0.0008251876570284367,-1.783277912181802e-05,3.190801362507045e-05,0.0010990757727995515,0.5552601218223572,0.011053652502596378,-0.01345452107489109,0.002938865451142192,0,0,0,0,1,0,0,0,1,1,5
0.44919919967651367,0.022167159244418144,0.008381464518606663,0.0012685664696618915,0.5210348963737488,0.02322688326239586,0.5035504698753357,0.06223359704017639,0.00043919283780269325,-1.783277912181802e-05,3.190801362507045e-05,0.0010990757727995515,0.5419949293136597,0.014332141727209091,-0.013100049458444118,0.003553891321644187,0,0,0,0,1,0,0,0,1,1,15
0.45677462220191956,0.023343591019511223,0.007229342125356197,0.00097601895686239,0.5816249847412109,0.02345912717282772,0.6615977883338928,0.059278443455696106,6.48337445454672e-05,-1.783277912181802e-05,3.190801362507045e-05,0.0010990757727995515,0.5291851758956909,0.018174825236201286,-0.012249455787241459,0.0038757706061005592,0,0,0,0,1,0,0,0,0,1,0
0.4635371267795563,0.023921767249703407,0.006132967304438353,0.0005072098574601114,0.6393734216690063,0.02332434058189392,0.6429675221443176,0.05652390420436859,-0.0002959739649668336,-1.783277912181802e-05,3.190801362507045e-05,0.0010990757727995515,0.5187873840332031,0.021509312093257904,-0.008571147918701172,0.002789426129311323,0,0,0,0,1,0,0,0,0,1,6
0.4698304235935211,0.024427814409136772,0.006773191504180431,0.000495517102535814,0.6944612264633179,0.02283678576350212,0.45901620388031006,0.053935568779706955,-0.0006420330610126257,-1.783277912181802e-05,3.190801362507045e-05,0.0010990757727995515,0.5130265951156616,0.023406943306326866,-0.003331899642944336,0.001109402161091566,0,0,0,0,0,1,0,0,0,1,18
0.4774380922317505,0.024822473526000977,0.008261553943157196,0.0002815677726175636,0.7470396161079407,0.022011583670973778,0.12028580904006958,0.05148713290691376,-0.0009727401193231344,-1.783277912181802e-05,3.190801362507045e-05,0.0010990757727995515,0.5130831599235535,0.024092674255371094,0.002947274362668395,0.0006539970054291189,0,0,0,0,0,1,0,0,0,0,18
0.48629212379455566,0.024891700595617294,0.00926815066486597,-0.00011254882701905444,0.7897566556930542,0.021298209205269814,0.2699242830276489,0.041315898299217224,-0.0007539953803643584,-1.5152965715969913e-05,5.3180556278675795e-05,0.0009968733647838235,0.5174766182899475,0.02449621446430683,0.005003139842301607,0.00030095683177933097,0,0,0,0,0,1,0,0,0,0,17
0.49566489458084106,0.02477365732192993,0.009822247549891472,-0.00013584228872787207,0.8303301334381104,0.020448759198188782,0.27857375144958496,0.03996305167675018,-0.0009269841248169541,-1.5152965715969913e-05,5.3180556278675795e-05,0.0009968733647838235,0.5236438512802124,0.024607161059975624,0.006772580090910196,4.271434136171592e-06,0,0,0,0,0,1,0,0,0,1,4
0.5059765577316284,0.024621132761240005,0.010775461792945862,-0.00017144567391369492,0.8695400357246399,0.019428446888923645,0.11925800889730453,0.03859083354473114,-0.0010960696963593364,-1.5152965715969913e-05,5.3180556278675795e-05,0.0009968733647838235,0.5314233303070068,0.02457602135837078,0.008144006133079529,-4.42626878793817e-05,0,0,0,1,0,0,0,0,0,1,6
0.517128050327301,0.0244381632655859,0.011550413444638252,-0.00019331436487846076,0.9041397571563721,0.0185011625289917,0.1767255812883377,0.03382449597120285,-0.0009454699466004968,-1.0854289939743467e-05,7.647825259482488e-05,0.0008449476445093751,0.5404323935508728,0.024487610906362534,0.009316356852650642,-0.00011033732880605385,0,0,0,0,0,1,0,0,0,1,3
0.529022753238678,0.024234753102064133,0.012235919944941998,-0.00021451458451338112,0.9371964335441589,0.017521141096949577,0.11842122673988342,0.03110445663332939,-0.000904587097465992,-5.911073913011933e-06,9.880204015644267e-05,0.0006699130171909928,0.5503690838813782,0.024347005411982536,0.010025989264249802,-0.00014451314928010106,0,0,1,0,0,0,0,0,0,1,2
0.541511058807373,0.02401094324886799,0.01272885873913765,-0.0002315108577022329,0.9670817852020264,0.016634369269013405,0.10321928560733795,0.028828540816903114,-0.0008662395994178951,-1.9920059912692523e-06,0.00011508809984661639,0.0005230875685811043,0.5610581636428833,0.02418239414691925,0.010866541415452957,-0.0001699180866125971,0,1,0,0,0,0,0,0,0,1,18
0.5544540882110596,0.02377426251769066,0.013156237080693245,-0.00024272008158732206,0.9942176938056946,0.015842722728848457,0.11332190036773682,0.026070591062307358,-0.0007568823057226837,1.0573288818704896e-05,0.00015421179705299437,2.934737956122868e-12,0.5725492835044861,0.023992925882339478,0.011740630492568016,-0.00019558701023925096,0,1,0,0,0,0,0,0,0,0,4
