lt_dp_posx,lt_dp_posy,lt_dp_velx,lt_dp_vely,ball_posx,ball_posy,ball_posz,ball_vel_x,ball_vel_y,ball_rot_x,ball_rot_y,ball_rot_z,rt_gk_posx,rt_gk_posy,rt_gk_velx,rt_gk_vely,action_left,action_top_left,action_top,action_top_right,action_right,action_bottom_right,action_bottom,action_bottom_left,action_sprint,action_dribble,sel_action
-1.0110293626785278,-0.0,0.0,-0.0,0.019999999552965164,-0.0,0.11061639338731766,-0.0,0.0,0.0,-0.0,0.0,1.0110293626785278,0.0,-0.0,0.0,0,0,0,0,0,0,0,0,0,0,5
0.0008581235888414085,6.328988028103666e-11,0.0032361329067498446,2.5075216208980677e-11,0.019999999552965164,-0.0,0.11059734225273132,-0.0,0.0,0.0,-0.0,0.0,1.0085934400558472,-1.7055430678869499e-10,-0.003884820267558098,-2.392741005330379e-10,0,0,0,0,1,0,0,0,0,0,5
0.004069581162184477,-1.1122183174450129e-09,0.004941489081829786,-2.888698447112148e-10,0.019999999552965164,-0.0,0.10930104553699493,-0.0,0.0,0.0,-0.0,0.0,1.0038305521011353,-3.7194536339768547e-10,-0.0054703038185834885,-1.5051691837353331e-10,0,0,0,0,1,0,0,0,0,0,13
0.007871970534324646,-4.430309896719109e-09,0.006513637024909258,-3.619790300835035e-10,0.021814869716763496,-1.915935743390662e-10,0.11959394812583923,0.009008723311126232,-9.513364540580938e-10,2.6349452134089013e-13,-2.683718093976495e-06,-2.237318186618098e-12,0.9975366592407227,-2.2776067143404077e-10,-0.006950602866709232,6.563083965183125e-10,0,0,0,0,1,0,0,0,1,0,18
0.01518288068473339,-4.639084671964611e-09,0.007938067428767681,-5.406244202310617e-11,0.030372420325875282,-1.0971480390864485e-09,0.10589145123958588,0.008192607201635838,-8.683987418045547e-10,5.86353708642573e-12,2.143168603652157e-05,-4.888338431957573e-12,0.989837646484375,3.1822294799255246e-10,-0.008285746909677982,4.2499676000673503e-10,0,0,0,0,1,0,0,0,1,0,18
0.02382509410381317,-4.760563054873046e-09,0.009190686047077179,-1.3519350916535444e-10,0.038240332156419754,-1.931850901470966e-09,0.11269921809434891,0.007675737142562866,-8.1433315646251e-10,1.1375699861260191e-11,4.540265945252031e-05,0.0,0.9809144139289856,5.53213697074284e-10,-0.009325672872364521,6.717093548047615e-11,0,0,0,0,1,0,0,0,1,0,0
0.03297604247927666,-5.664031910157519e-09,0.00985135417431593,-2.3710408636468117e-10,0.045684799551963806,-2.721647351933143e-09,0.11210190504789352,0.007253612391650677,-7.695492576509366e-10,1.0750563633754595e-11,4.2907620809273794e-05,0.0,0.971478283405304,7.376625421606775e-10,-0.00973448995500803,1.658760351297417e-10,0,0,0,0,1,0,0,0,1,0,18
0.04093415290117264,-7.947916103034913e-09,0.009685578756034374,-1.2715355157677521e-10,0.05270359665155411,-3.4662854808686916e-09,0.11100553721189499,0.006829644087702036,-7.245700706093317e-10,1.0122128829559429e-11,4.039938357891515e-05,-2.777141446999808e-18,0.961243748664856,8.334346546234883e-10,-0.010619443841278553,3.199822004584796e-11,0,0,0,0,1,0,0,0,1,0,16
0.05086436867713928,-8.419474895049461e-09,0.010593279264867306,-7.153703324158656e-11,0.0659412071108818,2.5387602363480255e-05,0.14662162959575653,0.013831785880029202,2.788744677673094e-05,2.854011427189107e-07,8.162169251590967e-06,3.596036322051077e-07,0.9503563046455383,8.102772852680573e-08,-0.010805971920490265,2.645429049152881e-07,0,0,0,0,1,0,0,0,1,0,0
0.061566125601530075,3.511206614348339e-06,0.010849579237401485,6.5497110881551635e-06,0.07951919734477997,5.255360156297684e-05,0.11541631817817688,0.012867928482592106,2.4848404791555367e-05,2.9045475358202566e-08,3.576048766262829e-05,4.6686332666467933e-07,0.9392877221107483,6.371798804138962e-07,-0.011376773938536644,7.82101039931149e-07,0,0,0,0,1,0,0,0,1,0,5
0.07285244017839432,1.4273716260504443e-05,0.011619224213063717,1.4482860024145339e-05,0.09191896766424179,7.611871842527762e-05,0.113199383020401,0.012082209810614586,2.274630605825223e-05,-1.858649767427778e-07,5.81745698582381e-05,2.5651496571299504e-07,0.9275738596916199,1.7120515849455842e-06,-0.011977027170360088,1.2691584743151907e-06,0,0,0,0,1,0,0,0,1,0,16
0.08483362197875977,3.1703802960691974e-05,0.01227075606584549,1.89252314157784e-05,0.10360890626907349,9.802191198104993e-05,0.1122262105345726,0.011410904116928577,2.137391311407555e-05,-2.9857935146537784e-07,6.749647582182661e-05,0.0,0.9152939915657043,3.341971705594915e-06,-0.012507859617471695,2.0470263280003564e-06,0,0,0,0,1,0,0,0,1,0,13
0.09741009771823883,5.315137968864292e-05,0.012805094011127949,2.3972756025614217e-05,0.11467443406581879,0.00011874891060870141,0.10859882086515427,0.010784344747662544,2.0200306607875973e-05,-2.8220210879226215e-07,6.379421392921358e-05,0.0,0.9025512933731079,6.003715043334523e-06,-0.01291878055781126,3.158740355502232e-06,0,0,0,0,1,0,0,0,1,0,0
0.1104474663734436,-8.29827185953036e-05,0.01320716179907322,2.8766940886271186e-05,0.1251225471496582,0.00013831938849762082,0.10880786925554276,0.010176735930144787,1.906217948999256e-05,-2.662985423285136e-07,6.0199097788427025e-05,4.553238144053111e-14,0.8894527554512024,9.56294115894707e-06,-0.013232932426035404,3.7918880479992367e-06,0,0,0,0,1,0,0,0,1,0,5
0.12368638068437576,-0.001921282266266644,0.013239067979156971,1.668188451731112e-05,0.1349794715642929,0.00015678252384532243,0.11073844879865646,0.009600071236491203,1.7982019926421344e-05,-2.5120277769019594e-07,5.6786579079926014e-05,0.0,0.8760826587677002,1.3689477782463655e-05,-0.013472052291035652,4.394344159663888e-06,0,0,0,0,1,0,0,0,1,0,13
0.13692541420459747,-0.0022479197941720486,0.013239067979156971,4.76623245049268e-06,0.14994873106479645,-7.53213680582121e-05,0.15853574872016907,0.015455503948032856,-0.00025785883190110326,-6.124597717871438e-08,1.0370978998253122e-05,-7.978235885275353e-07,0.8625065684318542,1.7826430848799646e-05,-0.013653671368956566,1.8353376844970626e-06,0,0,0,0,1,0,0,0,1,0,18
0.15025413036346436,-0.0022306768223643303,0.013456800021231174,5.136979234521277e-05,0.16528017818927765,-0.00033108366187661886,0.11716284602880478,0.015122662298381329,-0.0002520995622035116,4.868169156679869e-08,1.2799633623217233e-05,-9.66540369518043e-07,0.8487749099731445,1.1809154784714337e-05,-0.013789709657430649,-1.2445842003216967e-05,0,0,0,0,1,0,0,0,1,0,16
0.16384945809841156,-0.0021007845643907785,0.013697322458028793,0.0001970304292626679,0.17940828204154968,-0.0005650212406180799,0.12572741508483887,0.013744164258241653,-0.00022710666235070676,1.706927719169471e-06,4.929867645842023e-05,-1.828828317229636e-06,0.8349266052246094,-8.048637937463354e-06,-0.013891388662159443,-2.5945619199774228e-05,0,0,0,0,1,0,0,0,1,0,13
0.17764823138713837,-0.0018355266656726599,0.013874909840524197,0.0002877813531085849,0.1926412433385849,-0.0007832450210116804,0.11794976890087128,0.012886499986052513,-0.00021236721659079194,2.966855390695855e-06,7.623057899763808e-05,7.290758166460243e-13,0.820990264415741,-4.0437764255329967e-05,-0.01396852359175682,-3.7485679058590904e-05,0,0,0,0,1,0,0,0,1,0,0
0.19160190224647522,-0.0015807996969670057,0.014012000523507595,0.00022535510652232915,0.20514601469039917,-0.0009893217356875539,0.10695638507604599,0.012190189212560654,-0.00020089220197405666,2.806562406476587e-06,7.211196498246863e-05,7.289199625837295e-13,0.8069885969161987,-8.417153730988503e-05,-0.014026024378836155,-4.885187809122726e-05,0,0,0,0,1,0,0,0,1,0,13
0.20567215979099274,-0.0013896836899220943,0.014113328419625759,0.00016345022595487535,0.21695904433727264,-0.0011839988874271512,0.11112900078296661,0.01151182595640421,-0.00018971285317093134,2.650306669238489e-06,6.80971352267079e-05,3.643882071080462e-13,0.7929384112358093,-0.00013760877482127398,-0.014068098738789558,-5.464579589897767e-05,0,0,0,0,1,0,0,0,1,0,13
0.21977268159389496,-0.0012623242801055312,0.014121749438345432,0.00010066223330795765,0.22810977697372437,-0.001367761055007577,0.11018561571836472,0.010860420763492584,-0.00017897780344355851,2.5002962047437904e-06,6.424277671612799e-05,0.0,0.7788518071174622,-0.00019235310901422054,-0.014100355096161366,-5.4819585784571245e-05,0,0,0,0,1,0,0,0,1,0,13
0.2337304651737213,-0.0011974837398156524,0.013679967261850834,3.656666376627982e-05,0.24249009788036346,-0.0014055584324523807,0.1571343094110489,0.01583513244986534,2.1506697521544993e-05,8.989484285848448e-07,1.2277810128580313e-05,-9.624691301723942e-07,0.7647379040718079,-0.00024725578259676695,-0.014124196954071522,-5.498702375916764e-05,0,0,0,0,1,0,0,0,1,0,13
0.24711638689041138,-0.00037804539897479117,0.01331243570894003,4.7438452384085394e-06,0.25821343064308167,-0.0013841880718246102,0.13814039528369904,0.015631886199116707,2.1280315195326693e-05,8.989484285848448e-07,1.2277810128580313e-05,-9.624691301723942e-07,0.7506036162376404,-0.0003024520701728761,-0.014141728170216084,-5.5364453146466985e-05,0,0,0,0,1,0,0,0,1,0,0
0.26042869687080383,0.0010154378833249211,0.013312522321939468,2.3724217044218676e-06,0.27350175380706787,-0.001291391090489924,0.1509428769350052,0.0158751979470253,0.0002654604322742671,4.0457089767187426e-07,-7.778847361805674e-07,1.8108886479240027e-07,0.7364542484283447,-0.0003580162301659584,-0.014155051670968533,-5.572517329710536e-05,0,0,0,0,1,0,0,0,1,0,5
0.2737444043159485,0.0010163182159885764,0.013344252482056618,-1.8706660966927302e-06,0.2892645001411438,-0.0010278241243213415,0.17014312744140625,0.015671642497181892,0.00026204134337604046,4.0457089767187426e-07,-7.778847361805674e-07,1.8108886479240027e-07,0.7222933769226074,-0.00040183213423006237,-0.014164868742227554,-2.5817242203629576e-05,0,0,0,0,1,0,0,0,1,0,0
0.28724464774131775,0.0009696335182525218,0.013615629635751247,-0.00010002047929447144,0.30468231439590454,-0.0007701998692937195,0.11693178117275238,0.014495951123535633,0.0002410474990028888,-6.417596978280926e-07,2.3244336261996068e-05,1.709183607090381e-06,0.7081239223480225,-0.0004040483327116817,-0.014171880669891834,1.7100241166190244e-05,0,0,0,0,1,0,0,0,1,0,7
0.30097484588623047,0.0007938117487356067,0.01381460390985012,-0.00023569591576233506,0.318758100271225,-0.0005365132237784564,0.13001006841659546,0.013940073549747467,0.0002313529112143442,-1.0177943750022678e-06,3.18633065035101e-05,1.9165884168614866e-06,0.69394850730896,-0.0003657958295661956,-0.014177490957081318,4.770176383317448e-05,0,0,0,0,0,0,1,0,1,0,6
0.3148750364780426,0.0005336661706678569,0.013965018093585968,-0.00024292012676596642,0.33208516240119934,-0.000315882614813745,0.12117227911949158,0.012896623462438583,0.00021319801453500986,-2.838149839590187e-06,7.316970004467294e-05,3.3048235081878374e-07,0.6797686219215393,-0.0003171135613229126,-0.014181697741150856,4.948419882566668e-05,0,0,0,0,0,1,0,0,1,0,6
0.32838761806488037,0.0009286390268243849,0.013805334456264973,-0.00016053741273935884,0.3446168303489685,-0.00010872792336158454,0.11239105463027954,0.01222959253937006,0.0002021615655394271,-2.8242741336725885e-06,7.234450458781794e-05,0.0,0.6655852794647217,-0.00026665054610930383,-0.014184502884745598,5.12635160703212e-05,0,0,0,0,0,1,0,0,1,0,12
0.3413122296333313,0.0020178479608148336,0.013368270359933376,0.0001692476071184501,0.35704752802848816,0.0007347821374423802,0.1285507082939148,0.014405906200408936,0.0034078967291861773,4.592065579345217e-06,1.4799195014347788e-05,1.626099765417166e-05,0.6513997316360474,-0.00021233856386970729,-0.014186606742441654,5.7182314776582643e-05,0,0,0,0,0,1,0,0,1,0,12
0.3541412651538849,0.0026797400787472725,0.012407583184540272,0.0014420866500586271,0.37128183245658875,0.004097923636436462,0.15288683772087097,0.014155554585158825,0.0033442960120737553,3.6201536204316653e-06,1.6110056094476022e-05,1.7479878806625493e-05,0.6372122764587402,-0.0001516485499450937,-0.014188009314239025,6.355997902574018e-05,0,0,0,0,0,1,0,0,1,0,12
0.36631065607070923,0.004860171116888523,0.01184169016778469,0.0025627787690609694,0.38509923219680786,0.0073495120741426945,0.12132281810045242,0.013078251853585243,0.0030398396775126457,-1.667887408984825e-05,4.316296326578595e-05,2.709329783101566e-05,0.6230258941650391,-6.506892304969369e-07,-0.014179594814777374,0.00034968199906870723,0,0,0,0,0,1,0,0,1,0,7
0.3781847357749939,0.007422610651701689,0.012079407460987568,0.002589957322925329,0.3978302478790283,0.010298212058842182,0.11544492840766907,0.012467448599636555,0.002880718559026718,-2.7712580049410462e-05,5.7600162108428776e-05,1.9193917978554964e-05,0.6088741421699524,0.0006597920437343419,-0.01412139181047678,0.0009143546922132373,0,0,0,0,0,0,1,0,1,0,14
0.39051708579063416,0.010020792484283447,0.012525039725005627,0.0025959177874028683,0.409880667924881,0.013076679781079292,0.10648496448993683,0.01176281925290823,0.002711748704314232,-3.7885129131609574e-05,6.958504673093557e-05,0.0,0.5948100090026855,0.0018817075761035085,-0.01401270180940628,0.0014604831812903285,0,0,0,0,0,0,0,0,1,0,12
0.4032391905784607,0.012609805911779404,0.01286092959344387,0.00259958952665329,0.42128774523735046,0.015706412494182587,0.11318567395210266,0.011119944043457508,0.0025635422207415104,-3.5812372516375035e-05,6.577797466889024e-05,-1.1659155411958277e-11,0.580857515335083,0.0035656606778502464,-0.013899101875722408,0.0018662955844774842,0,0,0,0,0,0,0,0,1,0,5
0.4162253141403198,0.015250543132424355,0.013077259063720703,0.0026747798547148705,0.4320639669895172,0.018190713599324226,0.11169163137674332,0.01049905363470316,0.002420404925942421,-3.381247370271012e-05,6.210467836353928e-05,8.742930858451903e-12,0.5670340657234192,0.005653449799865484,-0.013757453300058842,0.0022683916613459587,0,0,0,0,1,0,0,0,1,0,5
0.4289226531982422,0.018265873193740845,0.012462137266993523,0.0025556813925504684,0.44223466515541077,0.020535409450531006,0.10880304127931595,0.009906910359859467,0.002283894456923008,-3.1906198273645714e-05,5.8603349316399544e-05,-2.913879641047723e-12,0.5533987879753113,0.008209079504013062,-0.013506762683391571,0.00283577642403543,0,0,0,0,1,0,0,0,1,0,5
0.44027847051620483,0.020831454545259476,0.010659475810825825,0.0017490049358457327,0.45725488662719727,0.022718779742717743,0.13529609143733978,0.06358153373003006,0.0018645277014002204,-1.270345183002064e-05,4.9630747525952756e-05,0.0010019374312832952,0.540078341960907,0.011390840634703636,-0.013157550245523453,0.0034623739775270224,0,0,0,0,1,0,0,0,1,0,12
0.44925710558891296,0.022167369723320007,0.008381464518606663,0.001268523745238781,0.519141674041748,0.02434822916984558,0.2513028085231781,0.06052542105317116,0.00143998593557626,-1.270345183002064e-05,4.9630747525952756e-05,0.0010019374312832952,0.5272718667984009,0.01510087214410305,-0.012095535174012184,0.0036238054744899273,0,0,0,0,1,0,0,0,1,0,9
0.45683252811431885,0.023343779146671295,0.007229342125356197,0.0009759904351085424,0.5780571699142456,0.02556386962532997,0.14937709271907806,0.05761764943599701,0.0010350914672017097,-1.270345183002064e-05,4.9630747525952756e-05,0.0010019374312832952,0.517052412033081,0.01804163306951523,-0.00837620534002781,0.0022717497777193785,0,0,0,0,1,0,0,0,1,0,7
0.46359503269195557,0.02392193302512169,0.006132967304438353,0.0005071813357062638,0.6294417381286621,0.02639761008322239,0.14685937762260437,0.04919794574379921,0.0006973565905354917,-1.2566841178340837e-05,7.263373845489696e-05,0.0009192340075969696,0.5115728378295898,0.019445467740297318,-0.0029416645411401987,0.0007132879109121859,0,0,0,0,0,0,1,0,1,0,2
0.4698876440525055,0.024431969970464706,0.006769685074687004,0.0005134555394761264,0.6749584674835205,0.026957141235470772,0.11006080359220505,0.04191561043262482,0.00046450868831016123,-1.1476954568934161e-05,0.0001082782619050704,0.0007496449397876859,0.5120055675506592,0.01972878910601139,0.0028690870385617018,0.0003574425063561648,0,1,0,0,0,0,0,0,1,0,16
0.4774872362613678,0.024891918525099754,0.008250685408711433,0.00039367584395222366,0.7129272222518921,0.02735826186835766,0.10903861373662949,0.03548144921660423,0.000361315265763551,-7.867947715567425e-06,0.00017427683633286506,0.00031207356369122863,0.515711784362793,0.020225532352924347,0.004389356356114149,0.0006039176951162517,0,1,0,0,0,0,0,0,1,0,3
0.4864303469657898,0.025143694132566452,0.009333035908639431,0.0001318431895924732,0.746184229850769,0.02769390121102333,0.10901473462581635,0.0316583476960659,0.0003194994351360947,-4.46297326561762e-06,0.00018725256086327136,-1.4732055636165753e-12,0.5210024118423462,0.02059953846037388,0.005987111479043961,0.0003265279228799045,0,0,1,0,0,0,0,0,1,0,12
0.49588555097579956,0.025273803621530533,0.009846403263509274,0.00012938566214870661,0.776154100894928,0.027996359393000603,0.10928115248680115,0.028668439015746117,0.0002893249038606882,-4.041556167067029e-06,0.00016957122716121376,-1.4699370193271832e-12,0.5279964804649353,0.020919552072882652,0.007567564956843853,0.00032516283681616187,0,0,1,0,0,0,0,0,1,0,4
0.5062413811683655,0.025404412299394608,0.010794595815241337,0.00012611632701009512,0.8034020066261292,0.028271352872252464,0.10946778953075409,0.026147300377488136,0.0002638812584336847,-3.6861879380012397e-06,0.00015466113109141588,2.9348808539692017e-12,0.5364316701889038,0.021216750144958496,0.008849364705383778,0.0002908521855715662,0,0,0,1,0,0,0,0,1,0,5
0.5174438953399658,0.02553482912480831,0.011588278226554394,0.0001312186213908717,0.8283361196517944,0.028522992506623268,0.10960061848163605,0.023989588022232056,0.0002421053941361606,-3.38203358296596e-06,0.00014189972716849297,1.4654911398986892e-12,0.5460267066955566,0.02148405648767948,0.009856116026639938,0.00028182865935377777,0,0,0,0,1,0,0,0,1,0,14
0.5293928980827332,0.02567002736032009,0.012273556552827358,0.00013233700883574784,0.8512758612632751,0.028754504397511482,0.10969674587249756,0.02211916260421276,0.00022322886798065156,-3.1183658393274527e-06,0.000130837011965923,0.0,0.5565050840377808,0.021756988018751144,0.01073275227099657,0.000286073365714401,0,0,0,0,0,0,0,0,1,0,11
0.5419612526893616,0.025804128497838974,0.01281494740396738,0.0001332190295215696,0.8724761009216309,0.028968458995223045,0.10976739227771759,0.020479656755924225,0.00020668287470471114,-2.8872466373286443e-06,0.0001211398994200863,-7.313429375988001e-13,0.5678297281265259,0.022026780992746353,0.01160094141960144,0.00028112586005590856,0,0,0,0,0,0,0,0,1,0,11
0.5550049543380737,0.025941213592886925,0.013219203799962997,0.00013512633449863642,0.8921436071395874,0.029166948050260544,0.10982005298137665,0.01902848854660988,0.00019203750707674772,-2.6826714929484297e-06,0.000112556605017744,-7.308288631387161e-13,0.5798771381378174,0.02229754813015461,0.012218975462019444,0.00028466322692111135,0,0,0,0,0,0,0,0,1,0,11
0.5683953166007996,0.026079051196575165,0.01352161355316639,0.00013523906818591058,0.9104478359222412,0.029351679608225822,0.10985982418060303,0.017732860520482063,0.00017896185454446822,-2.500019490980776e-06,0.00010489310079719871,1.0956033172707103e-12,0.5924555063247681,0.02256709896028042,0.012773986905813217,0.0002705375663936138,0,0,0,0,0,0,0,0,1,0,1
0.5820436477661133,0.026218755170702934,0.013746761716902256,0.00013805543130729347,0.9275298118591309,0.029524074867367744,0.10989020764827728,0.016567138954997063,0.00016719732957426459,-2.335681074328022e-06,9.799795225262642e-05,-7.300443886568142e-13,0.6054859757423401,0.022828644141554832,0.013120939023792744,0.00027494237292557955,1,0,0,0,0,0,0,0,1,0,13
0.5958846211433411,0.026359038427472115,0.01391478069126606,0.0001380136382067576,0.9435079097747803,0.029685325920581818,0.1099136546254158,0.015510976314544678,0.0001565384300192818,-2.186784058721969e-06,9.175069135380909e-05,-3.648707312849109e-13,0.6188125610351562,0.023091232404112816,0.013390036299824715,0.0002751854481175542,1,0,0,0,0,0,0,0,1,0,14
0.6098679900169373,0.026499386876821518,0.014037339948117733,0.00013944756938144565,0.9584822654724121,0.029836446046829224,0.10993193089962006,0.014548026956617832,0.00014682031178381294,-2.0510296963038854e-06,8.605480252299458e-05,-3.6474135886067904e-13,0.6323875188827515,0.023346977308392525,0.013629226945340633,0.00026517556398175657,0,0,0,0,0,0,0,0,1,0,13
0.6239564418792725,0.026640312746167183,0.01413068175315857,0.00013911165297031403,0.9725384712219238,0.0299783106893301,0.10994628816843033,0.013665017671883106,0.00013790889352094382,-1.9265444279881194e-06,8.083177817752585e-05,3.646300655076734e-13,0.6461346745491028,0.023601079359650612,0.013774378225207329,0.0002664146013557911,0,0,0,0,0,0,0,0,1,0,16
0.6381230354309082,0.026780489832162857,0.014198575168848038,0.00013841911277268082,0.9857504367828369,0.0301116481423378,0.10995765775442123,0.012851018458604813,0.0001296939153689891,-1.8117864328814903e-06,7.601693505421281e-05,7.290675224994048e-13,0.6600093245506287,0.02385297231376171,0.013908829540014267,0.0002564259630162269,0,0,0,0,0,0,0,0,1,0,18
0.6523465514183044,0.026921158656477928,0.014247019775211811,0.00013935938477516174,0.9981821775436401,0.030237114056944847,0.1099667102098465,0.012096996419131756,0.00012208422413095832,-1.70548321420938e-06,7.155677303671837e-05,0.0,0.6739867925643921,0.024099230766296387,0.013983499258756638,0.00025799672584980726,0,0,0,0,0,0,0,0,1,0,16
0.6666129231452942,0.027061250060796738,0.014284242875874043,0.00013885395310353488,1.0098891258239746,0.030355261638760567,0.1099739670753479,0.011395369656383991,0.00011500331311253831,-1.6065664567577187e-06,6.740653043380007e-05,-3.6437628088414886e-13,0.6880269050598145,0.024346504360437393,0.01404061820358038,0.00025905034272000194,0,0,0,0,0,0,0,0,1,0,4
