lt_dp_posx,lt_dp_posy,lt_dp_velx,lt_dp_vely,ball_posx,ball_posy,ball_posz,ball_vel_x,ball_vel_y,ball_rot_x,ball_rot_y,ball_rot_z,rt_gk_posx,rt_gk_posy,rt_gk_velx,rt_gk_vely,action_left,action_top_left,action_top,action_top_right,action_right,action_bottom_right,action_bottom,action_bottom_left,action_sprint,action_dribble,sel_action
-1.0110293626785278,-0.0,0.0,-0.0,0.019999999552965164,-0.0,0.11061639338731766,-0.0,0.0,0.0,-0.0,0.0,1.0110293626785278,0.0,-0.0,0.0,0,0,0,0,0,0,0,0,0,0,5
0.0,-0.0,0.0,-0.0,0.019999999552965164,-0.0,0.11059734225273132,-0.0,0.0,0.0,-0.0,0.0,1.0110293626785278,0.0,-0.0,0.0,0,0,0,0,1,0,0,0,0,0,5
0.0008584571187384427,6.31864074951416e-11,0.0032361329067498446,2.5075197127022442e-11,0.019999999552965164,-0.0,0.10930104553699493,-0.0,0.0,0.0,-0.0,0.0,1.010831356048584,-1.6283004458661487e-11,-0.0013190157478675246,-1.0749705986468072e-10,0,0,0,0,1,0,0,0,0,0,5
0.004070135299116373,-1.1033407520955052e-09,0.0049414923414587975,-2.770934315332596e-10,0.019999999552965164,-0.0,0.11075475811958313,-0.0,0.0,0.0,-0.0,0.0,1.007331371307373,-2.3988636077554304e-10,-0.004367968533188105,-2.259022274797573e-10,0,0,0,0,1,0,0,0,0,0,13
0.007871970534324646,-4.405483977620861e-09,0.006513637024909258,-3.710970974957206e-10,0.021814193576574326,-1.919535225214375e-10,0.11905936896800995,0.009004201740026474,-9.530071176655497e-10,2.920990543626295e-13,-2.5668914531706832e-06,-2.272282622478583e-12,1.0020980834960938,-4.0735542716774376e-10,-0.0059268055483698845,-1.0284638418678327e-10,0,0,0,0,1,0,0,0,1,0,18
0.015182881616055965,-4.637022765763277e-09,0.007938067428767681,-8.555410546673414e-11,0.03035673499107361,-1.098009905220465e-09,0.10534955561161041,0.00817275419831276,-8.683166408118836e-10,6.0634010833060525e-12,2.2233871277421713e-05,-4.865467403969426e-12,0.9953674674034119,-4.2962463447926424e-11,-0.007369237951934338,6.02103367164375e-10,0,0,0,0,1,0,0,0,1,0,16
0.023825105279684067,-4.767021888341105e-09,0.009190707467496395,-1.3697155909486725e-10,0.03821047022938728,-1.933115889585224e-09,0.11269862204790115,0.007662375457584858,-8.147729713137153e-10,1.1381846853897315e-11,4.532364982878789e-05,0.0,0.9872784614562988,3.9516026562047557e-10,-0.008651789277791977,2.82799395012745e-10,0,0,0,0,1,0,0,0,1,0,16
0.03296341001987457,-5.7231801520174486e-09,0.009851382113993168,-2.371023377634174e-10,0.04564186930656433,-2.7233273414140058e-09,0.11210299283266068,0.007240790408104658,-7.699436088692835e-10,1.0756078319684725e-11,4.283177986508235e-05,6.94334423900034e-19,0.9781137704849243,6.642845162829758e-10,-0.009335489943623543,9.028520708831422e-10,0,0,0,0,1,0,0,0,1,0,0
0.040885716676712036,-8.154317221453766e-09,0.009685585275292397,-1.2715165031984554e-10,0.052648138254880905,-3.468333398259915e-09,0.11100589483976364,0.006817336194217205,-7.249161826372585e-10,1.0126965238610453e-11,4.032659489894286e-05,1.3885677249701834e-18,0.968501091003418,1.3871089832306893e-09,-0.010017086751759052,5.873128650080162e-10,0,0,0,0,1,0,0,0,1,0,5
0.050809651613235474,-8.651723781838427e-09,0.010593323037028313,-7.154383335761239e-11,0.06588450074195862,2.538750777603127e-05,0.14662382006645203,0.013831733725965023,2.7887346732313745e-05,2.854333160939859e-07,8.133003575494513e-06,3.5940200859840843e-07,0.9580104947090149,1.7628443149675377e-09,-0.010855057276785374,1.9480089763490582e-10,0,0,0,0,1,0,0,0,1,0,18
0.061511363834142685,3.511102477204986e-06,0.010849535465240479,6.5499230004206765e-06,0.0794624388217926,5.255355790723115e-05,0.11541591584682465,0.012867785058915615,2.484861579432618e-05,2.920202923917259e-08,3.572785499272868e-05,4.6688651877957454e-07,0.9471069574356079,3.9919223127071746e-07,-0.010882405564188957,8.552945018891478e-07,0,0,0,0,1,0,0,0,1,0,5
0.07279764115810394,1.4273947272158694e-05,0.011619224213063717,1.448333296139026e-05,0.09186188131570816,7.611839100718498e-05,0.11319675296545029,0.01208172645419836,2.2745614842278883e-05,-1.856381999232326e-07,5.814373434986919e-05,2.56864552738989e-07,0.9358362555503845,1.9016767964785686e-06,-0.01156821008771658,2.009737954722368e-06,0,0,0,0,1,0,0,0,1,0,5
0.0847788006067276,3.170457057422027e-05,0.01227075606584549,1.8925651602330618e-05,0.10355120897293091,9.802042768569663e-05,0.11222615838050842,0.011410308070480824,2.137276533176191e-05,-2.985634068863874e-07,6.749296153429896e-05,-4.5547218069635215e-14,0.9239458441734314,4.40564144810196e-06,-0.012150231748819351,2.7383050564822042e-06,0,0,0,0,1,0,0,0,1,0,13
0.09735527634620667,5.315264206728898e-05,0.012805094011127949,2.3973423594725318e-05,0.11461616307497025,0.00011874631309183314,0.10859900712966919,0.010783788748085499,2.0199226128170267e-05,-2.821870168645546e-07,6.379093247232959e-05,0.0,0.911514401435852,7.421380814776057e-06,-0.012642495334148407,3.2742366329330252e-06,0,0,0,0,1,0,0,0,1,0,13
0.11039263755083084,-8.298049942823127e-05,0.01320716179907322,2.8767084586434066e-05,0.1250637322664261,0.00013831577962264419,0.10880786925554276,0.010176208801567554,1.9061151760979556e-05,-2.662842746303795e-07,6.019599095452577e-05,6.829857046673077e-14,0.8986548185348511,1.1015656127710827e-05,-0.013021862134337425,3.850520442938432e-06,0,0,0,0,1,0,0,0,1,0,5
0.123631551861763,-0.0019212791230529547,0.013239067979156971,1.6684309230186045e-05,0.1349201649427414,0.0001567779399920255,0.11073844879865646,0.00959957204759121,1.7981052224058658e-05,-2.511893626433448e-07,5.6783639593049884e-05,4.552602191716312e-14,0.8854668736457825,1.5087059182405937e-05,-0.013312171213328838,4.30896852776641e-06,0,0,0,0,1,0,0,0,1,0,13
0.1368706077337265,-0.0022479163017123938,0.013239067979156971,4.76623245049268e-06,0.14988969266414642,-7.532312156399712e-05,0.15853874385356903,0.015455832704901695,-0.00025785554316826165,-6.126785478954844e-08,1.0369019946665503e-05,-7.978029543664888e-07,0.8720289468765259,1.9700864868354984e-05,-0.013532358221709728,4.853961854678346e-06,0,0,0,0,1,0,0,0,1,0,5
0.1501993089914322,-0.002230672398582101,0.013456800021231174,5.137335756444372e-05,0.16522149741649628,-0.0003310824395157397,0.11716939508914948,0.015123102813959122,-0.00025209851446561515,4.855416335658447e-08,1.2795473594451323e-05,-9.663740456744563e-07,0.8584014177322388,2.0561283236020245e-05,-0.013698549941182137,-8.194970178010408e-06,0,0,0,0,1,0,0,0,1,0,16
0.1637946218252182,-0.002100772922858596,0.013697322458028793,0.00019704112492036074,0.17935000360012054,-0.0005650188541039824,0.12572547793388367,0.013744492083787918,-0.0002271047414978966,1.7067466160369804e-06,4.9295384087599814e-05,-1.8289413219463313e-06,0.8446311950683594,-2.2324211386148818e-06,-0.013823368586599827,-3.42597886628937e-05,0,0,0,0,1,0,0,0,1,0,13
0.17759345471858978,-0.0018355009378865361,0.013875084929168224,0.0002877938386518508,0.19258323311805725,-0.0007832400733605027,0.11795040965080261,0.012886748649179935,-0.0002123645826941356,2.9668187835341087e-06,7.623204874107614e-05,1.4581516332920486e-12,0.8307541608810425,-4.945362888975069e-05,-0.01391663309186697,-5.406569835031405e-05,0,0,0,0,1,0,0,0,1,0,16
0.19154727458953857,-0.001580764539539814,0.014012175612151623,0.00022536223696079105,0.205088272690773,-0.0009893141686916351,0.10695590823888779,0.012190422974526882,-0.00020088962628506124,2.8065267088095425e-06,7.21133328625001e-05,0.0,0.8167973756790161,-0.00010296002437826246,-0.013986756093800068,-5.303514262777753e-05,0,0,0,0,1,0,0,0,1,0,0
0.20561762154102325,-0.0013896425953134894,0.014113328419625759,0.0001634537911741063,0.21690158545970917,-0.0011839887592941523,0.11112890392541885,0.011512037366628647,-0.0001897103211376816,2.650270744197769e-06,6.80983648635447e-05,0.0,0.8027803301811218,-0.00015539047308266163,-0.014039347879588604,-5.1925690058851615e-05,0,0,0,0,1,0,0,0,1,0,5
0.21971632540225983,-0.0012624298688024282,0.014122012071311474,0.00010066614777315408,0.2280525267124176,-0.0013677484821528196,0.11018563061952591,0.010860622860491276,-0.00017897547513712198,2.5002634629345266e-06,6.424394086934626e-05,-3.643232091878057e-13,0.7887181639671326,-0.00020760878396686167,-0.014079318381845951,-5.2830051572527736e-05,0,0,0,0,1,0,0,0,1,0,13
0.23367328941822052,-0.001197651494294405,0.013679967261850834,3.656666376627982e-05,0.24243292212486267,-0.0014055587816983461,0.1571343094110489,0.015835141763091087,2.148743260477204e-05,8.989376283352613e-07,1.2278230315132532e-05,-9.625376833355404e-07,0.7746226191520691,-0.0002612078096717596,-0.014108069241046906,-5.4223917686613277e-05,0,0,0,0,1,0,0,0,1,0,16
0.24705924093723297,-0.0003781621635425836,0.013312590308487415,4.744130364997545e-06,0.25815626978874207,-0.0013842073967680335,0.13814039528369904,0.015631891787052155,2.1261284928186797e-05,8.989376283352613e-07,1.2278230315132532e-05,-9.625376833355404e-07,0.760502278804779,-0.00031487937667407095,-0.01412910595536232,-5.036382935941219e-05,0,0,0,0,1,0,0,0,1,0,16
0.2603715658187866,0.001015408313833177,0.013312522321939468,2.3724217044218676e-06,0.27344459295272827,-0.0012914232211187482,0.15094290673732758,0.0158751979470253,0.00026546051958575845,4.0460912487105816e-07,-7.777784389872977e-07,1.8099038356922392e-07,0.7463634014129639,-0.0003587900719139725,-0.014145934954285622,-3.8624486478511244e-05,0,0,0,0,1,0,0,0,1,0,18
0.2736872732639313,0.0010162886464968324,0.013344252482056618,-1.8706660966927302e-06,0.2892073392868042,-0.001027856138534844,0.17014317214488983,0.015671642497181892,0.00026204143068753183,4.0460912487105816e-07,-7.777784389872977e-07,1.8099038356922392e-07,0.7322105169296265,-0.00039094092790037394,-0.0141578558832407,-2.6850162612390704e-05,0,0,0,0,1,0,0,0,1,0,5
0.28718751668930054,0.0009696039487607777,0.013615629635751247,-0.00010001959162764251,0.30462515354156494,-0.000770231825299561,0.11693178117275238,0.014495953917503357,0.00024104746989905834,-6.417307645278925e-07,2.324438901268877e-05,1.7091239215005771e-06,0.7180473804473877,-0.00039970737998373806,-0.01416697259992361,6.034881153027527e-06,0,0,0,0,1,0,0,0,1,0,6
0.30091768503189087,0.0007937816553749144,0.01381425280123949,-0.000235696803429164,0.318700909614563,-0.0005365453544072807,0.13001012802124023,0.01394007820636034,0.00023135286755859852,-1.017768113342754e-06,3.186332105542533e-05,1.9165418052580208e-06,0.7038764953613281,-0.0003755696816369891,-0.01417398452758789,3.895379268215038e-05,0,0,0,0,0,1,0,0,1,0,0
0.314817875623703,0.0005336359026841819,0.013965018093585968,-0.00024291967565659434,0.33202800154685974,-0.00031591474544256926,0.12117227911949158,0.01289663277566433,0.0002131980290869251,-2.8381480206007836e-06,7.316975097637624e-05,3.304809013116028e-07,0.6896998882293701,-0.00032594928052276373,-0.014178893528878689,5.060958210378885e-05,0,0,0,0,0,1,0,0,1,0,6
0.32833051681518555,0.0009286199347116053,0.013805284164845943,-0.0001605366269359365,0.3445596694946289,-0.00010876003943849355,0.11239105463027954,0.012229600921273232,0.00020216163829900324,-2.8242750431672903e-06,7.234455551952124e-05,-3.6446426389044606e-13,0.675518810749054,-0.00027673388831317425,-0.014183100312948227,4.80738453916274e-05,0,0,0,0,0,1,0,0,1,0,12
0.3412551283836365,0.002017847029492259,0.013368270359933376,0.0001692476071184501,0.35699036717414856,0.0007347505888901651,0.128550723195076,0.014405917376279831,0.003407899057492614,4.592069672071375e-06,1.479921138525242e-05,1.6261019482044503e-05,0.6613346934318542,-0.00022916756279300898,-0.014185204170644283,5.146158946445212e-05,0,0,0,0,0,1,0,0,1,0,12
0.35408419370651245,0.0026797393802553415,0.012407583184540272,0.0014420885127037764,0.37122467160224915,0.004097894765436649,0.15288688242435455,0.01415556762367487,0.0033442992717027664,3.6201583952788496e-06,1.6110072465380654e-05,1.7479898815508932e-05,0.6471486687660217,-0.0001628017780603841,-0.014186606742441654,7.85608499427326e-05,0,0,0,0,0,1,0,0,1,0,7
0.3662535846233368,0.004860169719904661,0.01184169016778469,0.0025627787690609694,0.38504207134246826,0.007349487394094467,0.12132281810045242,0.013078269548714161,0.003039842937141657,-1.667886863288004e-05,4.316298145567998e-05,2.709334876271896e-05,0.6329611539840698,-6.933465192560107e-05,-0.014188009314239025,0.00010566355922492221,0,0,0,0,0,0,1,0,1,0,12
0.37812766432762146,0.007422609254717827,0.012079407460987568,0.002589950105175376,0.3977731168270111,0.010298190638422966,0.11544486880302429,0.012467466294765472,0.002880722749978304,-2.771408253465779e-05,5.7602141168899834e-05,1.9192322724848054e-05,0.618783712387085,0.0002698665193747729,-0.014158557169139385,0.0006184608209878206,0,0,0,0,0,0,1,0,1,0,12
0.3904600143432617,0.010020792484283447,0.012525039725005627,0.002595924772322178,0.4098235070705414,0.013076664879918098,0.10648500919342041,0.011762847192585468,0.0027117556892335415,-3.788523099501617e-05,6.958522862987593e-05,0.0,0.6046739220619202,0.0012360013788565993,-0.014060385525226593,0.0012499418808147311,0,0,0,0,0,0,1,0,1,0,18
0.4031819701194763,0.012609802186489105,0.01286057848483324,0.00259958952665329,0.42123064398765564,0.01570640504360199,0.11318568885326385,0.011119981296360493,0.002563551999628544,-3.581251439754851e-05,6.577819294761866e-05,-1.1659155411958277e-11,0.5906926393508911,0.0028101936914026737,-0.013920839875936508,0.0017938574310392141,0,0,0,0,0,0,1,0,1,0,14
0.4161677956581116,0.01525052823126316,0.013076908886432648,0.002674751216545701,0.43200692534446716,0.018190715461969376,0.11169163882732391,0.010499090887606144,0.002420413540676236,-3.381259739398956e-05,6.210490391822532e-05,8.742930858451903e-12,0.5768470764160156,0.00483337789773941,-0.013779191300272942,0.0022101772483438253,0,0,0,0,0,0,0,0,1,0,5
0.42886480689048767,0.018265755847096443,0.012461386620998383,0.0025556304026395082,0.4421776235103607,0.020535413175821304,0.10880304127931595,0.009906935505568981,0.0022839014418423176,-3.19062928610947e-05,5.860350574948825e-05,-2.913879641047723e-12,0.5631592869758606,0.00727036502212286,-0.013608441688120365,0.0026217843405902386,0,0,0,0,1,0,0,0,1,0,12
0.44022056460380554,0.020831219851970673,0.010659083724021912,0.0017490392783656716,0.4572109282016754,0.022593285888433456,0.15432652831077576,0.06371219456195831,0.0006095145363360643,-1.394631362927612e-05,2.929458423750475e-05,0.0019176264759153128,0.5497370958328247,0.010264690034091473,-0.013257825747132301,0.0032964861020445824,0,0,0,0,1,0,0,0,1,0,0
0.44919919967651367,0.022167159244418144,0.008381464518606663,0.0012685664696618915,0.519226610660553,0.0228386539965868,0.482564777135849,0.060664039105176926,-4.715491013485007e-05,-1.394631362927612e-05,2.929458423750475e-05,0.0019176264759153128,0.5367092490196228,0.013923265971243382,-0.012827971018850803,0.003951588179916143,0,0,0,0,1,0,0,0,1,0,12
0.45677462220191956,0.023343591019511223,0.007229342125356197,0.00097601895686239,0.5783187747001648,0.022447792813181877,0.6307963728904724,0.05783573165535927,-0.0006662730011157691,-1.394631362927612e-05,2.929458423750475e-05,0.0019176264759153128,0.5245975255966187,0.01788398064672947,-0.010984084568917751,0.0035836079623550177,0,0,0,0,1,0,0,0,1,0,18
0.4635371267795563,0.023921767249703407,0.006132967304438353,0.0005072098574601114,0.6346845626831055,0.021459316834807396,0.6106698513031006,0.055187616497278214,-0.001246164320036769,-1.394631362927612e-05,2.929458423750475e-05,0.0019176264759153128,0.5157992839813232,0.020639460533857346,-0.00673041632398963,0.0019873727578669786,0,0,0,0,1,0,0,0,1,0,6
0.46983110904693604,0.024423927068710327,0.006775996182113886,0.00047814904246479273,0.6884870529174805,0.019912660121917725,0.4329774081707001,0.052689868956804276,-0.0017866402631625533,-1.394631362927612e-05,2.929458423750475e-05,0.0019176264759153128,0.5120877027511597,0.021694747731089592,-0.001114256214350462,0.00032726943027228117,0,0,0,0,0,1,0,0,1,0,13
0.477445125579834,0.024755313992500305,0.00826856680214405,0.000172910513356328,0.7398636341094971,0.017846843227744102,0.10765967518091202,0.05031963810324669,-0.00228855456225574,-1.394631362927612e-05,2.929458423750475e-05,0.0019176264759153128,0.5140241384506226,0.02190319634974003,0.003366610500961542,0.00031174084870144725,0,0,0,0,0,1,0,0,1,0,15
0.4863395392894745,0.02463856339454651,0.009263037703931332,-0.0003549544489942491,0.7817776203155518,0.015927033498883247,0.26344358921051025,0.041273489594459534,-0.0020545695442706347,-1.0409527021693066e-05,4.842104681301862e-05,0.0017603164305910468,0.5185055136680603,0.022186636924743652,0.0052126673981547356,0.00010718545672716573,0,0,0,0,0,1,0,0,0,0,12
0.4957123398780823,0.024270055815577507,0.009810174815356731,-0.00039829075103625655,0.8222797513008118,0.013714555650949478,0.24686670303344727,0.03986993432044983,-0.0023386578541249037,-1.0409527021693066e-05,4.842104681301862e-05,0.0017603164305910468,0.524909257888794,0.02210571989417076,0.006924687884747982,-0.00010230442421743646,0,0,0,0,0,1,0,0,0,0,11
0.5060150623321533,0.02383885718882084,0.010758661665022373,-0.0004676644748542458,0.860982358455658,0.011269593611359596,0.12356371432542801,0.03504724055528641,-0.002239995403215289,-4.676866865338525e-06,6.958062294870615e-05,0.0015285847475752234,0.5328079462051392,0.02193957380950451,0.008275004103779793,-0.00017703075718600303,0,0,0,0,0,1,0,0,0,0,16
0.5171558856964111,0.023349842056632042,0.011538106948137283,-0.0005119467969052494,0.8951978087425232,0.008969126269221306,0.16350111365318298,0.033774521201848984,-0.002369270194321871,-4.098706085642334e-06,7.169662421802059e-05,0.001503201201558113,0.541936457157135,0.021689513698220253,0.009460448287427425,-0.0002755385939963162,0,0,0,0,0,1,0,0,0,0,16
0.5290352702140808,0.022821201011538506,0.012218755669891834,-0.0005509748589247465,0.9275518655776978,0.00662373099476099,0.12978185713291168,0.030469216406345367,-0.002228208351880312,4.898902261629701e-06,9.964221681002527e-05,0.001128234900534153,0.5519116520881653,0.021369289606809616,0.010188166983425617,-0.0003234845644328743,0,0,0,0,0,1,0,0,0,0,12
0.5415104031562805,0.02225663512945175,0.012713287957012653,-0.000579249463044107,0.9565504193305969,0.0044740005396306515,0.11593209207057953,0.027565330266952515,-0.0020460872910916805,1.854596303019207e-05,0.0001372422993881628,0.0005001082317903638,0.5627261400222778,0.020995592698454857,0.010997740551829338,-0.00037907296791672707,0,0,0,0,0,1,0,0,0,0,7
0.5544436573982239,0.021665940061211586,0.013136252760887146,-0.0006049805087968707,0.9827461838722229,0.0025318837724626064,0.11063838005065918,0.02517019771039486,-0.0018652960425242782,2.6055429771076888e-05,0.00014887518773321062,1.1732283547449818e-11,0.5743795037269592,0.02056112140417099,0.011852108873426914,-0.000441764626884833,0,0,0,0,0,0,1,0,0,0,1
0.5677385926246643,0.021051399409770966,0.013449255377054214,-0.0006264988915063441,1.006775975227356,0.0007510874420404434,0.10964738577604294,0.02313902974128723,-0.0017147710314020514,2.3954169591888785e-05,0.00013686907186638564,-1.7577238276000884e-11,0.5866585373878479,0.020074257627129555,0.012407304719090462,-0.000499152869451791,1,0,0,0,0,0,0,0,0,0,3
