lt_dp_posx,lt_dp_posy,lt_dp_velx,lt_dp_vely,ball_posx,ball_posy,ball_posz,ball_vel_x,ball_vel_y,ball_rot_x,ball_rot_y,ball_rot_z,rt_gk_posx,rt_gk_posy,rt_gk_velx,rt_gk_vely,action_left,action_top_left,action_top,action_top_right,action_right,action_bottom_right,action_bottom,action_bottom_left,action_sprint,action_dribble,sel_action
-1.0110293626785278,-0.0,0.0,-0.0,0.019999999552965164,-0.0,0.11061639338731766,-0.0,0.0,0.0,-0.0,0.0,1.0110293626785278,0.0,-0.0,0.0,0,0,0,0,0,0,0,0,0,0,5
0.0003232249873690307,3.611415333448775e-11,0.0019679905381053686,1.662530529911166e-11,0.019999999552965164,-0.0,0.11059734225273132,-0.0,0.0,0.0,-0.0,0.0,1.010373830795288,-5.178543011075121e-11,-0.0026071772444993258,-1.9923605820704182e-10,0,0,0,0,1,0,0,0,0,0,5
0.003518223762512207,-4.471794046168043e-10,0.00461391219869256,-1.6609701114500552e-10,0.019999999552965164,-0.0,0.10930104553699493,-0.0,0.0,0.0,-0.0,0.0,1.0064098834991455,-2.8306179622461514e-10,-0.0046870289370417595,-2.1158365337559104e-10,0,0,0,0,1,0,0,0,0,0,13
0.0067827049642801285,-4.065444869638668e-09,0.006209578365087509,-3.939983339584785e-10,0.019999999552965164,-0.0,0.11075475811958313,0.009301895275712013,-9.81753456308354e-10,-1.3323461257874758e-12,-9.537270670989528e-06,-1.9264115042744168e-13,1.0008678436279297,-4.217382554294602e-10,-0.006225530058145523,-5.989382600990467e-11,0,0,0,0,1,0,0,0,1,0,13
0.013608737848699093,-4.626344640712432e-09,0.007666833233088255,-1.3539068477452787e-10,0.028729340061545372,-9.237723364030614e-10,0.11672445386648178,0.008388200774788857,-8.890849723108829e-10,4.264985500185281e-12,1.4521090633934364e-05,-4.8596057733441e-12,0.9938530325889587,6.915858857814428e-11,-0.007639211602509022,5.47975054221439e-10,0,0,0,0,1,0,0,0,1,0,18
0.021998634561896324,-4.736094183499517e-09,0.008955181576311588,-1.4703134543214702e-10,0.0367124043405056,-1.7711865307745711e-09,0.11083060503005981,0.007774220779538155,-8.254595340595472e-10,1.1531882219972811e-11,4.5988213969394565e-05,1.3888051258059862e-18,0.9855127334594727,4.3920109216166736e-10,-0.008886702358722687,2.056426279262169e-10,0,0,0,0,1,0,0,0,1,0,16
0.03128376230597496,-5.227688504305661e-09,0.009851339273154736,-2.586571512530611e-10,0.04424729198217392,-2.5712347806461366e-09,0.11303327977657318,0.007341973949223757,-7.795642464891728e-10,1.0890295609744527e-11,4.342960528447293e-05,0.0,0.9762466549873352,8.300972687003139e-10,-0.009335489943623543,8.164960374479335e-10,0,0,0,0,1,0,0,0,1,0,18
0.039300594478845596,-7.460957185401185e-09,0.009585152380168438,-1.4680764937047286e-10,0.051356177777051926,-3.3260494358700043e-09,0.11132436990737915,0.006917912513017654,-7.345377639467188e-10,1.0261196406458062e-11,4.09208114433568e-05,2.0828866909325204e-18,0.9664705991744995,1.4931078595736835e-09,-0.010197303257882595,5.175623818409747e-10,0,0,0,0,1,0,0,0,1,0,18
0.048777446150779724,-8.318142619145874e-09,0.010424151085317135,-8.550311153543433e-11,0.06319747865200043,1.9806911950581707e-05,0.14544066786766052,0.013863112777471542,2.7952337404713035e-05,2.853884097930859e-07,8.174259164661635e-06,3.596867941269011e-07,0.9558171629905701,1.792183290660887e-09,-0.011003718711435795,1.2102514823641997e-10,0,0,0,0,1,0,0,0,1,0,13
0.059428174048662186,2.257829237350961e-06,0.010675542056560516,5.6656449487491045e-06,0.07693091034889221,4.744628313346766e-05,0.11182162165641785,0.013442620635032654,2.6796406018547714e-05,2.3698630968738144e-07,1.3421218682196923e-05,4.073845047969371e-07,0.9449081420898438,2.959563687454647e-07,-0.011030365712940693,5.39837742508098e-07,0,0,0,0,1,0,0,0,1,0,5
0.07055892050266266,1.1475821338535752e-05,0.011478145606815815,1.2568523743539117e-05,0.08951878547668457,7.154946069931611e-05,0.12184842675924301,0.012235984206199646,2.3131804482545704e-05,-1.340862212373395e-07,5.2926559874322265e-05,3.332993117055594e-07,0.9335045218467712,1.136612468144449e-06,-0.011688821017742157,1.0878557077376172e-06,0,0,0,0,1,0,0,0,1,0,5
0.08240897953510284,2.7949152354267426e-05,0.01214584894478321,1.834825161495246e-05,0.10134448856115341,9.373483044328168e-05,0.11328307539224625,0.011542637832462788,2.1620586267090403e-05,-3.020498411387962e-07,6.828126061009243e-05,9.109785137611376e-14,0.9214994311332703,2.4720859528315486e-06,-0.012258922681212425,1.5927349750199937e-06,0,0,0,0,1,0,0,0,1,0,16
0.09487715363502502,4.8418052756460384e-05,0.012709463015198708,2.2747610273654573e-05,0.11253603547811508,0.00011469778110040352,0.11222716420888901,0.010908451862633228,2.0432697056094185e-05,-2.8544289421006397e-07,6.45270774839446e-05,4.5540980519011634e-14,0.908973217010498,4.641679424821632e-06,-0.01272664312273264,2.686541165530798e-06,0,0,0,0,1,0,0,0,1,0,0
0.10783255100250244,7.45961006032303e-05,0.013138792477548122,2.9016324333497323e-05,0.12310614436864853,0.0001344967313343659,0.11061712354421616,0.010296527296304703,1.9286491806269623e-05,-2.6942581143885036e-07,6.090627357480116e-05,4.553374685764208e-14,0.896040678024292,7.929669664008543e-06,-0.01308637484908104,3.6539511256705737e-06,0,0,0,0,1,0,0,0,1,0,0
0.12106192111968994,-0.0015573311829939485,0.013239067979156971,1.906436045828741e-05,0.1330789178609848,0.00015317683573812246,0.11057806015014648,0.009713254868984222,1.819395947677549e-05,-2.5416656512788904e-07,5.7456774811726063e-05,4.552724842087075e-14,0.8827971816062927,1.187824545922922e-05,-0.013360556215047836,4.224184067425085e-06,0,0,0,0,1,0,0,0,1,0,18
0.13430096209049225,-0.002248994540423155,0.013239067979156971,7.151131285354495e-06,0.14688079059123993,-2.3716376745142043e-05,0.15487340092658997,0.015494382940232754,-0.0002585174806881696,-6.124692220055294e-08,1.0371490134275518e-05,-7.978151188581251e-07,0.8693169951438904,1.6431733456556685e-05,-0.013568822294473648,4.815430656890385e-06,0,0,0,0,1,0,0,0,1,0,5
0.14758895337581635,-0.0022397974971681833,0.013399036601185799,2.9517132134060375e-05,0.1622679978609085,-0.0002804386313073337,0.133361354470253,0.015299688093364239,-0.00025526570971123874,-6.124692220055294e-08,1.0371490134275518e-05,-7.978151188581251e-07,0.8556575179100037,1.3830082025378942e-05,-0.013726599514484406,-1.3481743735610507e-05,0,0,0,0,1,0,0,0,1,0,16
0.16113540530204773,-0.002138732001185417,0.013655073940753937,0.00016751329530961812,0.17667743563652039,-0.0005194824771024287,0.12949678301811218,0.013872935436666012,-0.00022936855384614319,1.5779086197653669e-06,4.6477176510961726e-05,-1.8851172853828757e-06,0.8418633937835693,-1.3777523236058187e-05,-0.013844406232237816,-3.875120819429867e-05,0,0,0,0,1,0,0,0,1,0,5
0.1748981922864914,-0.001893499051220715,0.013842477463185787,0.00029482730315066874,0.19008246064186096,-0.0007406729273498058,0.11954514682292938,0.013008125126361847,-0.00021437455143313855,2.9947946131869685e-06,7.694737723795697e-05,3.645518674259829e-13,0.827968180179596,-6.363561260513961e-05,-0.013932760804891586,-5.3582909458782524e-05,0,0,0,0,1,0,0,0,1,0,16
0.18882404267787933,-0.001626532175578177,0.013987807556986809,0.00023839541245251894,0.20272517204284668,-0.0009490253869444132,0.11305642873048782,0.012332653626799583,-0.00020324270008131862,2.839350599970203e-06,7.29534585843794e-05,7.289510791860798e-13,0.8139973282814026,-0.00011723060015356168,-0.013998677022755146,-5.3593492339132354e-05,0,0,0,0,1,0,0,0,1,0,18
0.20287373661994934,-0.0014230048982426524,0.014095447026193142,0.00017573923105373979,0.2146746665239334,-0.0011459528468549252,0.11263247579336166,0.011641700752079487,-0.00019185572455171496,2.680164698176668e-06,6.886339542688802e-05,-3.644015698998221e-13,0.7999699115753174,-0.00017079825920518488,-0.014048464596271515,-5.353790402295999e-05,0,0,0,0,1,0,0,0,1,0,13
0.21697726845741272,-0.0012826782185584307,0.014121797867119312,0.00011324595106998459,0.22595572471618652,-0.0013318649725988507,0.10997554659843445,0.01098864246159792,-0.00018109324446413666,2.529871380829718e-06,6.50018046144396e-05,7.286713550255786e-13,0.7859002947807312,-0.00022445167996920645,-0.01408492773771286,-5.3742660384159535e-05,0,0,0,0,1,0,0,0,1,0,18
0.23101142048835754,-0.0012053726240992546,0.013827050104737282,4.9278994993073866e-05,0.23934535682201385,-0.0014098640531301498,0.1489134579896927,0.015875892713665962,2.157586277462542e-05,8.989527486846782e-07,1.2277479072508868e-05,-9.624475296732271e-07,0.7717990875244141,-0.00027829036116600037,-0.014112276025116444,-5.3912659495836124e-05,0,0,0,0,1,0,0,0,1,0,18
0.2444782555103302,-0.0007210586336441338,0.013312587514519691,5.217973011895083e-06,0.25510933995246887,-0.0013884406071156263,0.14991647005081177,0.015672532841563225,2.1320780433597974e-05,8.989527486846782e-07,1.2277479072508868e-05,-9.624475296732271e-07,0.7576742172241211,-0.0003297844959888607,-0.014133312739431858,-4.691504000220448e-05,0,0,0,0,1,0,0,0,1,0,5
0.2577905058860779,0.0010149494046345353,0.01331257913261652,2.8457652661018074e-06,0.2703489661216736,-0.0013445076765492558,0.13528884947299957,0.015916716307401657,0.0002661647740751505,4.045680555009312e-07,-7.784921081110951e-07,1.8110119981429307e-07,0.7435317039489746,-0.0003702148387674242,-0.014148740097880363,-3.511910472298041e-05,0,0,0,0,1,0,0,0,1,0,18
0.27110302448272705,0.0010164912091568112,0.013312522321939468,4.7412785875167174e-07,0.2861524820327759,-0.0010802551405504346,0.17414525151252747,0.015711896121501923,0.00026271300157532096,4.045680555009312e-07,-7.784921081110951e-07,1.8110119981429307e-07,0.7293760776519775,-0.0003982257330790162,-0.014160661026835442,-1.9257433450547978e-05,0,0,0,0,1,0,0,0,1,0,6
0.28454819321632385,0.0009882637532427907,0.013567769899964333,-7.276169344549999e-05,0.301740437746048,-0.0008196192793548107,0.1152200698852539,0.015382504090666771,0.0002570875221863389,3.152789815885626e-07,1.2732598406728357e-06,3.6035410744261753e-07,0.7152105569839478,-0.000399867189116776,-0.014169075526297092,1.277738920180127e-05,0,0,0,0,0,1,0,0,1,0,7
0.29823794960975647,0.0008396594203077257,0.013779542408883572,-0.00020962333655916154,0.3159903883934021,-0.000582842854782939,0.13555479049682617,0.013996797613799572,0.00023232541570905596,-9.926856137099094e-07,3.1288498576032e-05,1.909007551148534e-06,0.7010380625724792,-0.0003694553452078253,-0.014175387099385262,4.484340388444252e-05,0,0,0,0,0,0,1,0,1,0,0
0.312107652425766,0.0005828877328895032,0.01393801998347044,-0.0002551667857915163,0.32952404022216797,-0.0003586143138818443,0.12166457623243332,0.013023744337260723,0.0002153377135982737,-2.6228829028696055e-06,6.836216198280454e-05,7.775646508889622e-07,0.6868603825569153,-0.00031886721262708306,-0.014179594814777374,5.0480135541874915e-05,0,0,0,0,0,0,1,0,1,0,6
0.32580164074897766,0.0007484935922548175,0.013893187046051025,-0.00021514865511562675,0.34218865633010864,-0.00014925803407095373,0.11578278243541718,0.01235992182046175,0.00020431623852346092,-2.8542999643832445e-06,7.311353692784905e-05,-1.0934354550268255e-12,0.6726786494255066,-0.00026892515597864985,-0.014183100312948227,4.9501355533720925e-05,0,0,0,0,0,1,0,0,1,0,6
0.33872392773628235,0.001887930789962411,0.013500720262527466,0.00016552630404476076,0.35417523980140686,4.888750481768511e-05,0.11158435791730881,0.01477891020476818,0.0035128332674503326,8.690756658324972e-06,9.261942068405915e-06,1.0325982657377608e-05,0.6584938168525696,-0.00021802232367917895,-0.014185905456542969,5.628418875858188e-05,0,0,0,0,0,1,0,0,1,0,12
0.35168325901031494,0.002410975517705083,0.012463681399822235,0.0010440652258694172,0.3684733211994171,0.0034286624286323786,0.15605111420154572,0.014190606772899628,0.0033526034094393253,3.6200576687406283e-06,1.6110187061713077e-05,1.747997521306388e-05,0.6443067789077759,-0.00015160227485466748,-0.014188009314239025,7.471334538422525e-05,0,0,0,0,0,1,0,0,1,0,12
0.36396220326423645,0.004346654284745455,0.01192899327725172,0.0025816296692937613,0.3824957311153412,0.006738266441971064,0.10035084933042526,0.013621393591165543,0.0031998034100979567,-1.919096575875301e-06,2.3516959117841907e-05,2.286582821398042e-05,0.6301184892654419,-6.67523781885393e-05,-0.01418871060013771,9.31436225073412e-05,0,0,0,0,0,1,0,0,1,0,12
0.3757980763912201,0.00690508633852005,0.01197878085076809,0.0025793055538088083,0.39535319805145264,0.009720047935843468,0.12494635581970215,0.012613387778401375,0.002918327460065484,-2.4586197469034232e-05,5.355821122066118e-05,2.2447125957114622e-05,0.6159459352493286,0.00035748063237406313,-0.01415084395557642,0.0006948842783458531,0,0,0,0,0,1,0,0,1,0,12
0.38804030418395996,0.009501444175839424,0.012443697080016136,0.002598776714876294,0.40754538774490356,0.012532719410955906,0.11463117599487305,0.011897856369614601,0.0027428807225078344,-3.8319565646816045e-05,7.038297917461023e-05,-1.1661713261723605e-11,0.6018451452255249,0.0013820761814713478,-0.014051268808543682,0.0012937318533658981,0,0,0,0,0,1,0,0,1,0,6
0.4006938636302948,0.012090572156012058,0.012807635590434074,0.0025860145688056946,0.4190819263458252,0.015192295424640179,0.11210113763809204,0.011245273053646088,0.0025924360379576683,-3.621458381530829e-05,6.651670264545828e-05,-1.7489332898579235e-11,0.5878645777702332,0.0029622141737490892,-0.013928202912211418,0.0017715715803205967,0,0,0,0,0,1,0,0,1,0,18
0.4136359393596649,0.01471632532775402,0.013039743527770042,0.0026598928961902857,0.42998242378234863,0.01770525798201561,0.1089971512556076,0.010622124187648296,0.002448779297992587,-3.4209966543130577e-05,6.283470429480076e-05,-2.3315224750852792e-11,0.5740073919296265,0.004952268209308386,-0.013795319944620132,0.0021682402584701777,0,0,0,0,0,1,0,0,1,0,5
0.42649295926094055,0.017650457099080086,0.01275750994682312,0.0026162683498114347,0.4402717649936676,0.020077310502529144,0.11143915355205536,0.010021895170211792,0.002310404786840081,-3.22758533002343e-05,5.9282261645421386e-05,0.0,0.5603011846542358,0.0073448652401566505,-0.013611597009003162,0.0026147901080548763,0,0,0,0,1,0,0,0,1,0,7
0.4381832778453827,0.020385241135954857,0.011347499676048756,0.0019419132731854916,0.449980765581131,0.022315582260489464,0.10863298177719116,0.009457848966121674,0.002180371666327119,-3.0459936169791035e-05,5.594691901933402e-05,0.0,0.5468685030937195,0.010319424793124199,-0.013275005854666233,0.0032664770260453224,0,0,0,0,0,0,1,0,1,0,14
0.44760504364967346,0.021913662552833557,0.008355168625712395,0.0012645168462768197,0.5074273943901062,0.02373485639691353,0.46556606888771057,0.06156282499432564,0.0012311222963035107,3.1094725727598416e-06,3.114529317826964e-05,0.0005406442214734852,0.5338127613067627,0.01393602043390274,-0.012865136377513409,0.003900068812072277,0,0,0,0,0,0,0,0,1,0,3
0.4553943872451782,0.023128308355808258,0.00739483255892992,0.0011787174735218287,0.5673934817314148,0.024830054491758347,0.6804748177528381,0.05869236961007118,0.0009875792311504483,3.1094725727598416e-06,3.114529317826964e-05,0.0005406442214734852,0.522098183631897,0.01769205369055271,-0.010223248042166233,0.0034314878284931183,0,0,1,0,0,0,0,0,1,0,6
0.46236714720726013,0.02381838485598564,0.006643814034759998,0.0005494321812875569,0.6246014833450317,0.025694677606225014,0.7185602188110352,0.05602051317691803,0.0007674407097510993,3.1094725727598416e-06,3.114529317826964e-05,0.0005406442214734852,0.5145093202590942,0.020587410777807236,-0.005189460702240467,0.002411706605926156,0,0,0,0,0,1,0,0,1,0,1
0.46857377886772156,0.024328768253326416,0.006454481743276119,0.0005143966409377754,0.6792306900024414,0.026351433247327805,0.5909122228622437,0.0535135455429554,0.000569392810575664,3.1094725727598416e-06,3.114529317826964e-05,0.0005406442214734852,0.5122677087783813,0.022969195619225502,-0.00021001871209591627,0.002887688111513853,1,0,0,0,0,0,0,0,1,0,9
0.475877583026886,0.024798093363642693,0.00797334872186184,0.00040265932329930365,0.7314313054084778,0.026821568608283997,0.3077819347381592,0.05114556849002838,0.00039188459049910307,3.1094725727598416e-06,3.114529317826964e-05,0.0005406442214734852,0.5149645805358887,0.02537189982831478,0.004646357148885727,0.001742280786857009,1,0,0,0,0,0,0,0,1,0,10
0.48459482192993164,0.025056298822164536,0.009292364120483398,0.0001207778332172893,0.7777526378631592,0.02708877995610237,0.20401158928871155,0.0403478741645813,0.0001518576464150101,2.5721683414303698e-06,5.358975977287628e-05,0.0004965568077750504,0.5208181142807007,0.026396196335554123,0.006622777320444584,0.000550073862541467,1,0,0,0,0,0,0,0,1,0,6
0.4939931035041809,0.025117328390479088,0.009666120633482933,5.4129002819536254e-05,0.8174312114715576,0.02718384563922882,0.3148518204689026,0.03912704065442085,5.0317845307290554e-05,2.5721683414303698e-06,5.358975977287628e-05,0.0004965568077750504,0.5282326936721802,0.026879113167524338,0.008017174899578094,0.000413525034673512,0,0,0,0,0,1,0,0,1,0,9
0.5041854977607727,0.025171643123030663,0.01063341461122036,4.669500413001515e-05,0.8558750748634338,0.027183430269360542,0.25626420974731445,0.03788146749138832,-4.037681355839595e-05,2.5721683414303698e-06,5.358975977287628e-05,0.0004965568077750504,0.5370856523513794,0.027141738682985306,0.009308993816375732,0.00016397563740611076,0,0,0,0,0,1,0,0,1,0,8
0.5152460932731628,0.025212081149220467,0.01144060306251049,3.850754364975728e-05,0.8923215866088867,0.02709706500172615,0.1387116014957428,0.03303384408354759,-0.00012382297427393496,2.485464392520953e-06,7.701210415689275e-05,0.00042375712655484676,0.5466881394386292,0.027205653488636017,0.00965125672519207,4.039160194224678e-05,0,0,0,0,0,0,0,1,1,0,12
0.5270673036575317,0.025248980149626732,0.012158215045928955,3.4919092286145315e-05,0.9249018430709839,0.026943936944007874,0.17914851009845734,0.032197192311286926,-0.00017618083802517503,2.485464392520953e-06,7.701210415689275e-05,0.00042375712655484676,0.5569747686386108,0.027239736169576645,0.010565120726823807,2.6540648832451552e-05,0,0,0,0,0,0,0,1,1,0,9
0.5395216345787048,0.025280246511101723,0.012720142491161823,2.8680686227744445e-05,0.9560794830322266,0.02674427069723606,0.1302749216556549,0.029442954808473587,-0.00021210446720942855,2.6456125397089636e-06,0.00010272166400682181,0.00031967638642527163,0.5681045651435852,0.027257900685071945,0.011442947201430798,1.2762347068928648e-05,0,0,0,0,0,0,0,1,1,0,16
0.5524505376815796,0.02530806139111519,0.013130093924701214,2.7404139473219402e-05,0.984636127948761,0.026521189138293266,0.117418572306633,0.02732095867395401,-0.00022583649842999876,2.9312452625163132e-06,0.00013371974637266248,0.00016024243086576462,0.5800105333328247,0.027268769219517708,0.012095451354980469,5.1194715524616186e-06,0,0,0,0,0,0,0,1,1,0,18
0.5657513737678528,0.025333814322948456,0.013453844003379345,2.5197161448886618e-05,1.0106747150421143,0.026301871985197067,0.10741529613733292,0.025050828233361244,-0.00021177763119339943,2.958816821774235e-06,0.00014819901844020933,-7.332158968517688e-13,0.5924744606018066,0.027269937098026276,0.012605241499841213,-6.529360689455643e-06,0,0,0,0,0,0,0,1,1,0,16
