lt_dp_posx,lt_dp_posy,lt_dp_velx,lt_dp_vely,ball_posx,ball_posy,ball_posz,ball_vel_x,ball_vel_y,ball_rot_x,ball_rot_y,ball_rot_z,rt_gk_posx,rt_gk_posy,rt_gk_velx,rt_gk_vely,action_left,action_top_left,action_top,action_top_right,action_right,action_bottom_right,action_bottom,action_bottom_left,action_sprint,action_dribble,sel_action
-1.0110293626785278,-0.0,0.0,-0.0,0.019999999552965164,-0.0,0.11061639338731766,-0.0,0.0,0.0,-0.0,0.0,1.0110293626785278,0.0,-0.0,0.0,0,0,0,0,0,0,0,0,0,0,5
4.2432238842593506e-05,1.1435171386187104e-11,0.0006617647595703602,5.902638187255116e-12,0.019999999552965164,-0.0,0.11059734225273132,-0.0,0.0,0.0,-0.0,0.0,1.0110293626785278,0.0,-0.0,0.0,0,0,0,0,1,0,0,0,0,0,5
0.003006343962624669,1.519210868217158e-10,0.004283255431801081,2.4557503600086683e-11,0.019999999552965164,-0.0,0.10930104553699493,-0.0,0.0,0.0,-0.0,0.0,1.010831356048584,-1.6282449347149175e-11,-0.0013190157478675246,-1.0749281326161153e-10,0,0,0,0,1,0,0,0,0,0,5
0.005976468790322542,-3.3696587742326756e-09,0.005899906158447266,-4.061201375193946e-10,0.019999999552965164,-0.0,0.11075475811958313,-0.0,0.0,0.0,-0.0,0.0,1.007331371307373,-2.398371223844009e-10,-0.004367968533188105,-2.258091630347181e-10,0,0,0,0,1,0,0,0,0,0,13
0.01208920031785965,-4.593852853673752e-09,0.0073885549791157246,-2.0980049642016496e-10,0.027032172307372093,-7.443552441088741e-10,0.12263628840446472,0.008516501635313034,-9.026289715663438e-10,3.3428318706868465e-12,1.0543466487433761e-05,-4.577760913393458e-12,1.0020980834960938,-4.0713232785094533e-10,-0.0059268055483698845,-1.0259650767840967e-10,0,0,0,0,1,0,0,0,1,0,16
0.020219670608639717,-4.707123135716529e-09,0.00871203001588583,-1.5276328813040863e-10,0.035118091851472855,-1.6028715021931816e-09,0.11659227311611176,0.007836710661649704,-8.325730105340767e-10,1.1631228098718527e-11,4.635773439076729e-05,-2.7776433388364744e-18,0.9953674674034119,-4.250741078570819e-11,-0.007369237951934338,6.024276077987167e-10,0,0,0,0,1,0,0,0,1,0,18
0.029574085026979446,-4.8208845804254e-09,0.00985137652605772,-5.97535840252128e-11,0.04272056370973587,-2.4105579754518658e-09,0.10804443806409836,0.007411785889416933,-7.874290108844662e-10,1.1000459224086434e-11,4.38437273260206e-05,2.08306722310121e-18,0.9872784614562988,3.96374016942147e-10,-0.008651789277791977,2.839468105086951e-10,0,0,0,0,1,0,0,0,1,0,5
0.03764845058321953,-7.215888331302267e-09,0.009381383657455444,-1.6773514521783994e-10,0.04989614710211754,-3.1728932814445443e-09,0.11133810132741928,0.006985857151448727,-7.421782077798866e-10,1.0368182874753717e-11,4.1323717596242204e-05,1.3886073262420094e-18,0.9781137704849243,6.666752705442036e-10,-0.009335489943623543,9.02384167389414e-10,0,0,0,0,1,0,0,0,1,0,5
0.04662322998046875,-8.615012703216962e-09,0.010248931124806404,-1.0084947460464733e-10,0.06034240871667862,1.421307388227433e-05,0.14029298722743988,0.013894399628043175,2.801882328640204e-05,2.854333160939859e-07,8.133003575494513e-06,3.5940200859840843e-07,0.968501091003418,1.3879043470055308e-09,-0.010017086751759052,5.847562989380606e-10,0,0,0,0,1,0,0,0,1,0,18
0.05721496790647507,1.2053963018843206e-06,0.01067549828439951,4.047034508403158e-06,0.07414660602807999,4.204139986541122e-05,0.12644606828689575,0.013696864247322083,2.757061338343192e-05,2.781109174065932e-07,8.929601790441666e-06,3.6752527421413106e-07,0.9580104947090149,1.7596740731207205e-09,-0.010855057276785374,1.8965201631360173e-10,0,0,0,0,1,0,0,0,1,0,13
0.06819243729114532,9.047557796293404e-06,0.011330799199640751,1.0950956493616104e-05,0.08698377758264542,6.690605368930846e-05,0.12638936936855316,0.012362970039248466,2.345892607991118e-05,-9.692339375533265e-08,4.907097900286317e-05,3.781183011142275e-07,0.9471069574356079,3.966598853821779e-07,-0.010882405564188957,8.498521424371575e-07,0,0,0,0,1,0,0,0,1,0,16
0.07990812510251999,2.430333915981464e-05,0.012014280073344707,1.793173396436032e-05,0.09894806146621704,8.939824328990653e-05,0.11752033978700638,0.01165801752358675,2.18367586057866e-05,-3.050634518331208e-07,6.896236300235614e-05,4.555041307791226e-14,0.9358362555503845,1.8895825633080676e-06,-0.01156821008771658,1.99694750335766e-06,0,0,0,0,1,0,0,0,1,0,18
0.09226207435131073,4.392895789351314e-05,0.01260839868336916,2.1596519218292087e-05,0.11026550084352493,0.00011059705138904974,0.11176738888025284,0.011030832305550575,2.0661962480517104e-05,-2.88636215373117e-07,6.524883792735636e-05,0.0,0.9239458441734314,4.380067366582807e-06,-0.012150231748819351,2.7328078431310132e-06,0,0,0,0,1,0,0,0,1,0,16
0.1051303893327713,6.885867333039641e-05,0.013062182813882828,2.7754806069424376e-05,0.12095726281404495,0.0001306239137193188,0.11096876114606857,0.010416521690785885,1.9511289792717434e-05,-2.7256916723672475e-07,6.161673809401691e-05,-4.553513599167558e-14,0.911514401435852,7.428418484778376e-06,-0.012642495334148407,3.3444339351262897e-06,0,0,0,0,1,0,0,0,1,0,18
0.11833593994379044,-0.0011668783845379949,0.013238980434834957,2.1447833205456845e-05,0.13104644417762756,0.00014952203491702676,0.10908352583646774,0.009826471097767353,1.8406057279207744e-05,-2.5713231366353284e-07,5.8127105148741975e-05,2.276423915635508e-14,0.8986548185348511,1.1141244613099843e-05,-0.013021862134337425,4.008245014119893e-06,0,0,0,0,1,0,0,0,1,0,18
0.13157497346401215,-0.0022505377419292927,0.013239067979156971,9.53246490098536e-06,0.1436956524848938,2.801639675453771e-05,0.1472119688987732,0.015533958561718464,-0.00025917438324540854,-6.126785478954844e-08,1.0369019946665503e-05,-7.978029543664888e-07,0.8854668736457825,1.4042233487998601e-05,-0.013312171213328838,1.582050799697754e-06,0,0,0,0,1,0,0,0,1,0,18
0.1448339819908142,-0.00224480452015996,0.01333785429596901,1.3209630196797661e-05,0.15912233293056488,-0.00022935237211640924,0.14561380445957184,0.015339046716690063,-0.00025590520817786455,-6.126785478954844e-08,1.0369019946665503e-05,-7.978029543664888e-07,0.8720289468765259,1.3855073120794259e-05,-0.013532358221709728,-1.5934137991280295e-06,0,0,0,0,1,0,0,0,1,0,16
0.15832842886447906,-0.0021707138512283564,0.013610194437205791,0.00013720119022764266,0.1738136112689972,-0.0004734999092761427,0.12911385297775269,0.013999685645103455,-0.0002315860620001331,1.4584146583729307e-06,4.385926513350569e-05,-1.9177246031176765e-06,0.8584014177322388,7.532685231126379e-06,-0.013698549941182137,-1.4512562302115839e-05,0,0,0,0,1,0,0,0,1,0,16
0.17205318808555603,-0.0019525925163179636,0.013808993622660637,0.00028232173644937575,0.18739183247089386,-0.0006976893055252731,0.11690234392881393,0.01313749235123396,-0.00021649664267897606,3.024134912266163e-06,7.770542288199067e-05,-1.4582673176638528e-12,0.8446311950683594,-1.9826824427582324e-05,-0.013823368586599827,-3.744810601347126e-05,0,0,0,0,1,0,0,0,1,0,0
0.18594971299171448,-0.0016748306807130575,0.013962037861347198,0.0002517369284760207,0.20016956329345703,-0.0009082574397325516,0.11498109251260757,0.01246606558561325,-0.00020543205027934164,2.869844820452272e-06,7.374030246865004e-05,-3.644902576375314e-13,0.8307540416717529,-6.866105832159519e-05,-0.013917334377765656,-5.477658487507142e-05,0,0,0,0,1,0,0,0,1,0,16
0.19997766613960266,-0.0014587113400921226,0.014076688326895237,0.0001880184281617403,0.21225759387016296,-0.0011074594222009182,0.1073337122797966,0.011778449639678001,-0.0001941005903063342,2.7116527689940995e-06,6.967558874748647e-05,-1.0932477796307682e-12,0.8167966604232788,-0.00012268951104488224,-0.013986756093800068,-5.340199277270585e-05,0,0,0,0,1,0,0,0,1,0,16
0.2140786051750183,-0.0013056289171800017,0.014122058637440205,0.00012583612988237292,0.2236698716878891,-0.0012955253478139639,0.11101735383272171,0.011116893962025642,-0.00018319861555937678,2.559207359809079e-06,6.575852603418753e-05,-3.6434830846809874e-13,0.8027791976928711,-0.00017529618344269693,-0.01404004916548729,-5.194540790398605e-05,0,0,0,0,1,0,0,0,1,0,5
0.22815720736980438,-0.0012160988990217447,0.013973958790302277,6.225512333912775e-05,0.2360866218805313,-0.0014141725841909647,0.1366603672504425,0.015916742384433746,2.1618649043375626e-05,8.989376283352613e-07,1.2278230315132532e-05,-9.625376833355404e-07,0.7887169718742371,-0.0002276578888995573,-0.014079318381845951,-5.320079799275845e-05,0,0,0,0,1,0,0,0,1,0,18
0.2417343109846115,-0.0010358867002651095,0.013312558643519878,5.693526873074006e-06,0.2518913447856903,-0.0013927222462370992,0.15771439671516418,0.015713166445493698,2.1334779376047663e-05,8.989376283352613e-07,1.2278230315132532e-05,-9.625376833355404e-07,0.7746214270591736,-0.000281916290987283,-0.014108069241046906,-5.5119813623605296e-05,0,0,0,0,1,0,0,0,1,0,18
0.2550466060638428,0.000700741249602288,0.013312578201293945,3.3214616905752337e-06,0.26723775267601013,-0.0013727350160479546,0.12169530242681503,0.014493736438453197,1.6071839127107523e-05,4.6283287247206317e-07,4.0969436668092385e-05,-1.262103381804991e-07,0.7605007886886597,-0.0003363396681379527,-0.01413050852715969,-5.005145794712007e-05,0,0,0,0,1,0,0,0,1,0,16
0.26835906505584717,0.0010163334663957357,0.013312522321939468,9.482557175033435e-07,0.2829265892505646,-0.0011328742839396,0.17423631250858307,0.015752354636788368,0.00026339030591771007,4.0460912487105816e-07,-7.777784389872977e-07,1.8099038356922392e-07,0.7463613748550415,-0.00037783905281685293,-0.014146636240184307,-3.44945838151034e-05,0,0,0,0,1,0,0,0,1,0,18
0.2817557156085968,0.001001496217213571,0.013516930863261223,-4.7965339035727084e-05,0.29856836795806885,-0.0008713279385119677,0.134770467877388,0.015551915392279625,0.0002600568695925176,4.0460912487105816e-07,-7.777784389872977e-07,1.8099038356922392e-07,0.7322080731391907,-0.0004037576145492494,-0.014158557169139385,-1.8896491383202374e-05,0,0,0,0,1,0,0,0,1,0,14
0.2954024076461792,0.0008802315569482744,0.013742377050220966,-0.00018325219571124762,0.31310784816741943,-0.0006293781334534287,0.1370287537574768,0.014029025100171566,0.00023286649957299232,-9.92663331089716e-07,3.128904791083187e-05,1.908942067530006e-06,0.7180443406105042,-0.0004065354587510228,-0.014167673885822296,1.0413434210931882e-05,0,0,0,0,0,0,0,0,1,0,0
0.30924004316329956,0.0006344352150335908,0.01390891894698143,-0.0002656764700077474,0.32683050632476807,-0.00040184875251725316,0.11793907731771469,0.013180725276470184,0.00021800796093884856,-2.38095913118741e-06,6.290179589996114e-05,1.1727454420906724e-06,0.7038730978965759,-0.00037998807965777814,-0.01417398452758789,3.975143044954166e-05,0,0,0,0,0,0,0,0,1,0,7
0.323078453540802,0.0005906602018512785,0.013970520347356796,-0.00021635017765220255,0.3396287262439728,-0.00019027097732760012,0.11499188840389252,0.012490256689488888,0.00020647040219046175,-2.8842800929851364e-06,7.388158701360226e-05,7.289858820758166e-13,0.6896963119506836,-0.0003305726277176291,-0.014178893528878689,5.0589977035997435e-05,0,0,0,0,0,0,1,0,1,0,6
0.3360779285430908,0.0016543879173696041,0.01361004263162613,0.00015643560618627816,0.3517513871192932,1.0123056199518032e-05,0.1094159334897995,0.011815952137112617,0.00019532379519660026,-2.728719209699193e-06,6.989687244640663e-05,0.0,0.6755152344703674,-0.0002808117715176195,-0.014183100312948227,4.9081590987043455e-05,0,0,0,0,0,1,0,0,1,0,12
0.34909817576408386,0.0022211617324501276,0.012725591659545898,0.0006778138922527432,0.36555197834968567,0.0027576819993555546,0.15521033108234406,0.014225628226995468,0.0033609725069254637,3.6201583952788496e-06,1.6110072465380654e-05,1.7479898815508932e-05,0.6613309979438782,-0.0002315977035323158,-0.014185905456542969,5.3994430345483124e-05,0,0,0,0,0,1,0,0,1,0,7
0.36148619651794434,0.0038358664605766535,0.012148127891123295,0.0023421382065862417,0.3796709179878235,0.00609296141192317,0.11946146190166473,0.013959401287138462,0.0032939258962869644,2.3928982955112588e-06,1.7755039152689278e-05,1.8869544874178246e-05,0.6471444368362427,-0.0001607660815352574,-0.01418730802834034,8.460820390610024e-05,0,0,0,0,0,0,1,0,1,0,18
0.3733261525630951,0.006389925722032785,0.011874647811055183,0.0025645610876381397,0.39274340867996216,0.009134906344115734,0.13028563559055328,0.012716414406895638,0.002944840583950281,-2.2740408894605935e-05,5.1151644584024325e-05,2.3988857719814405e-05,0.6329566836357117,-5.9318565035937354e-05,-0.014188009314239025,0.0001152254335465841,0,0,0,0,0,0,1,0,1,0,12
0.38547444343566895,0.00898160133510828,0.012358146719634533,0.002600359497591853,0.40507832169532776,0.011982722207903862,0.11858461052179337,0.01201594341546297,0.0027701035141944885,-3.869883585139178e-05,7.10796084604226e-05,-1.1662115717570032e-11,0.6187813878059387,0.00031152350129559636,-0.014151545241475105,0.0006762571865692735,0,0,0,0,0,0,1,0,1,0,0
0.3980538845062256,0.01157401129603386,0.012745576910674572,0.0025825637858361006,0.4167446792125702,0.01467223186045885,0.11102479696273804,0.011379615403711796,0.0026234076358377934,-3.66499662050046e-05,6.731638859491795e-05,-5.82999534065598e-12,0.6046872138977051,0.0013677701354026794,-0.01403443980962038,0.0013662902638316154,0,0,0,0,0,0,1,0,1,0,1
0.41094836592674255,0.0141851045191288,0.01299942284822464,0.002644564025104046,0.4277704358100891,0.017214061692357063,0.11248774081468582,0.010743947699666023,0.0024768623989075422,-3.460153311607428e-05,6.355395453283563e-05,-1.1657982738888517e-11,0.5907465219497681,0.003087439574301243,-0.013868949376046658,0.001957919914275408,1,0,0,0,0,0,0,0,1,0,14
0.42390066385269165,0.01703007146716118,0.01294135395437479,0.002654012758284807,0.4381802976131439,0.01961388811469078,0.10797764360904694,0.010139071382582188,0.002337417099624872,-3.2653948437655345e-05,5.9976755437674e-05,5.8280906142793576e-12,0.5769665241241455,0.0052927699871361256,-0.013702056370675564,0.002406936837360263,0,0,0,0,0,0,0,0,1,0,3
0.43584805727005005,0.019895389676094055,0.011680723167955875,0.002037148689851165,0.4480023682117462,0.02187822200357914,0.1113424226641655,0.00956772081553936,0.0022057006135582924,-3.0813185730949044e-05,5.6595727073727176e-05,2.91364371865499e-12,0.5633729100227356,0.007943900302052498,-0.013500101864337921,0.0028499362524598837,0,0,1,0,0,0,0,0,1,0,0
0.44586050510406494,0.02166915126144886,0.008467365987598896,0.0011533356737345457,0.49509334564208984,0.02284407615661621,0.19805824756622314,0.062189944088459015,0.000330848793964833,-7.034755981294438e-06,3.893259781762026e-05,0.0010327703785151243,0.5500629544258118,0.011144551448523998,-0.013143525458872318,0.003485046559944749,0,0,1,0,0,0,0,0,1,0,16
0.45383331179618835,0.022892365232110023,0.00739483255892992,0.0011787317926064134,0.5555989742279053,0.022972723469138145,0.1569216549396515,0.05915689840912819,-3.338177702971734e-05,-7.034755981294438e-06,3.893259781762026e-05,0.0010327703785151243,0.5371483564376831,0.014970322139561176,-0.012716826051473618,0.004101484082639217,0,0,1,0,0,0,0,0,1,0,14
0.4609307050704956,0.023706208914518356,0.0068994127213954926,0.0005705790244974196,0.6091872453689575,0.022808754816651344,0.13068787753582,0.05053294450044632,-0.0002666754589881748,-6.069919436413329e-06,6.467403727583587e-05,0.0009373311186209321,0.5251649022102356,0.019091982394456863,-0.010815437883138657,0.0037913259584456682,0,0,0,0,0,0,0,0,1,0,16
0.46721673011779785,0.02422608621418476,0.00613261666148901,0.0005072098574601114,0.6546570062637329,0.022481270134449005,0.11007759720087051,0.04142853245139122,-0.00035247200867161155,-2.579368356236955e-06,0.00012427280307747424,0.0006474118563346565,0.5166033506393433,0.022135909646749496,-0.0064520277082920074,0.002323739929124713,0,0,0,0,0,0,0,0,1,0,11
0.4742169678211212,0.024700883775949478,0.0076879472471773624,0.0004065379034727812,0.6925854086875916,0.02212669514119625,0.10885106772184372,0.03549626097083092,-0.0003497276920825243,1.5095454273250652e-06,0.00017655080591794103,0.00029959945823065937,0.5131064057350159,0.02345990389585495,-0.0008937190286815166,0.0006925974157638848,0,0,0,0,0,0,0,0,1,0,0
0.48262614011764526,0.024953166022896767,0.008989647962152958,8.97083300515078e-05,0.7258707880973816,0.02179410681128502,0.10901141166687012,0.0316891185939312,-0.00031702860724180937,4.428457486937987e-06,0.00018743445980362594,1.4732410170276156e-12,0.5155231952667236,0.0240035317838192,0.0040079024620354176,0.0003938237496186048,0,0,0,0,0,0,0,0,1,0,8
0.4918098747730255,0.02492482215166092,0.009384174831211567,-6.0626967751886696e-05,0.7558686137199402,0.021494001150131226,0.10927906632423401,0.02869417518377304,-0.000287066213786602,4.010004886367824e-06,0.00016972336743492633,2.9399273814012528e-12,0.5207741856575012,0.024249762296676636,0.005646812729537487,0.00015645497478544712,0,0,0,0,0,0,0,1,1,0,12
0.5017145872116089,0.024851351976394653,0.010409777984023094,-8.750587585382164e-05,0.7831401824951172,0.021221166476607323,0.1094663217663765,0.026169171556830406,-0.0002618052822072059,3.65718869943521e-06,0.0001547904685139656,4.402383405738286e-12,0.5276837348937988,0.024265265092253685,0.007389420177787542,-1.58110742631834e-05,0,0,0,0,0,0,0,1,1,0,16
0.5125512480735779,0.024749262258410454,0.011225329712033272,-0.00011232789984205738,0.8080944418907166,0.020971516147255898,0.10959956794977188,0.02400842308998108,-0.0002401884994469583,3.355255103087984e-06,0.00014201107842382044,-7.327537014656382e-13,0.5360389351844788,0.024219011887907982,0.00866719800978899,-6.302284600678831e-05,0,0,0,0,0,0,0,1,1,0,11
0.5242210030555725,0.024633901193737984,0.012021270580589771,-0.0001239847915712744,0.8310515284538269,0.020741842687129974,0.10969597846269608,0.02213558368384838,-0.00022145197726786137,3.0935425456846133e-06,0.00013093408779241145,1.4639530906968012e-12,0.5455501079559326,0.024124667048454285,0.009746490977704525,-0.00010918351472355425,0,0,0,0,0,0,0,1,1,0,12
0.5365551114082336,0.024504931643605232,0.012605610303580761,-0.00013867096276953816,0.8522670865058899,0.020529594272375107,0.10976682603359222,0.020494118332862854,-0.00020503021369222552,2.864158432203112e-06,0.00012122541374992579,0.0,0.5557963848114014,0.024009155109524727,0.010412413626909256,-0.00011928094318136573,0,0,0,0,0,0,0,1,1,0,2
0.5493919849395752,0.024367226287722588,0.013048332184553146,-0.00014352780999615788,0.8719481229782104,0.0203326977789402,0.10981962829828262,0.01904134824872017,-0.0001904961245600134,2.6611380690155784e-06,0.00011263262422289699,-7.308332541575147e-13,0.566840648651123,0.023882167413830757,0.011196436360478401,-0.0001304174802498892,0,1,0,0,0,0,0,0,1,0,11
0.5626302361488342,0.024223269894719124,0.013393373228609562,-0.00015110262029338628,0.8902645111083984,0.020149456337094307,0.10985950380563736,0.017744388431310654,-0.00017752093845047057,2.4798905542411376e-06,0.00010496127652004361,3.6520295793561475e-13,0.5786970257759094,0.023744823411107063,0.012024949304759502,-0.0001398492167936638,0,1,0,0,0,0,0,0,1,0,12
0.57616126537323,0.02407371997833252,0.013644613325595856,-0.00015315497876144946,0.9073572754859924,0.01997845247387886,0.10988995432853699,0.016577543690800667,-0.00016584747936576605,2.316822929060436e-06,9.805944137042388e-05,-7.300474244228972e-13,0.5911430716514587,0.0236006211489439,0.012548843398690224,-0.00014555137022398412,0,1,0,0,0,0,0,0,1,0,6
0.5899114608764648,0.023921512067317963,0.01383922528475523,-0.00015751748287584633,0.9233450293540955,0.01981850527226925,0.10991346091032028,0.015520435757935047,-0.0001552718604216352,2.1690898392989766e-06,9.180665074381977e-05,3.6487203232751786e-13,0.6040537357330322,0.023451481014490128,0.013036997057497501,-0.00015062346938066185,0,0,0,0,0,1,0,0,1,0,5
0.6038281321525574,0.023764848709106445,0.013982634991407394,-0.00016145520203281194,0.9383283853530884,0.01966860704123974,0.10993178188800812,0.014556678012013435,-0.00014563016884494573,2.0344043605291517e-06,8.610598888481036e-05,3.6474247016790584e-13,0.6173309087753296,0.023298494517803192,0.0133284330368042,-0.0001532445166958496,0,0,0,0,1,0,0,0,1,0,3
0.6177710294723511,0.023611044511198997,0.013991930522024632,-0.0001581263350090012,0.9523928761482239,0.019527900964021683,0.10994616895914078,0.013672972097992897,-0.00013678929826710373,1.9109029381070286e-06,8.087880269158632e-05,-3.6463106839468296e-13,0.6309929490089417,0.023138603195548058,0.013692637905478477,-0.0001598918461240828,0,0,1,0,0,0,0,0,1,0,17
0.631786584854126,0.023454943671822548,0.014111119322478771,-0.00016238843090832233,0.9656125903129578,0.019395645707845688,0.10995756089687347,0.012858367525041103,-0.00012863970187027007,1.7970585304283304e-06,7.606034341733903e-05,0.0,0.6450048685073853,0.022972026839852333,0.0139381792396307,-0.00016254704678431153,0,0,1,0,0,0,0,0,1,1,16
0.6453975439071655,0.023097673431038857,0.012518824078142643,-0.0006786311860196292,0.9780514240264893,0.019271202385425568,0.10996663570404053,0.012103809975087643,-0.00012109083763789386,1.691604779807676e-06,7.159703091019765e-05,1.822252608139549e-13,0.6589003801345825,0.02277088537812233,0.01381031982600689,-0.0002004026173381135,0,0,1,0,0,0,0,0,1,1,16
0.6556627750396729,0.021941719576716423,0.007993889041244984,-0.0015964335761964321,0.9897650480270386,0.01915401592850685,0.10997390747070312,0.011401722207665443,-0.00011406687553972006,1.5934832617858774e-06,6.74440452712588e-05,-3.6437693140545235e-13,0.6720231771469116,0.022386668249964714,0.01327623799443245,-0.00033714869641698897,0,0,1,0,0,0,0,0,1,1,16
0.660869300365448,0.019779743626713753,0.0033721160143613815,-0.0028871451504528522,1.0008022785186768,0.019043592736124992,0.10997976362705231,0.010745716281235218,-0.00010750392539193854,1.501801762060495e-06,6.35636315564625e-05,-3.6431215032564634e-13,0.6842560172080994,0.02182518132030964,0.012975886464118958,-0.00040000336593948305,0,0,1,0,0,0,0,0,1,1,1
0.6632595062255859,0.015915025025606155,0.0013567942660301924,-0.004584765527397394,1.0112063884735107,0.018939506262540817,0.10998450219631195,0.010130360722541809,-0.0001013477158267051,1.4158014209897374e-06,5.992368460283615e-05,-3.642548502408305e-13,0.6964473724365234,0.02111620269715786,0.012578826397657394,-0.0006337491213344038,1,0,0,0,0,0,0,0,1,1,9
