lt_dp_posx,lt_dp_posy,lt_dp_velx,lt_dp_vely,ball_posx,ball_posy,ball_posz,ball_vel_x,ball_vel_y,ball_rot_x,ball_rot_y,ball_rot_z,rt_gk_posx,rt_gk_posy,rt_gk_velx,rt_gk_vely,action_left,action_top_left,action_top,action_top_right,action_right,action_bottom_right,action_bottom,action_bottom_left,action_sprint,action_dribble,sel_action
-1.0110293626785278,-0.0,0.0,-0.0,0.019999999552965164,-0.0,0.11061639338731766,-0.0,0.0,0.0,-0.0,0.0,1.0110293626785278,0.0,-0.0,0.0,0,0,0,0,0,0,0,0,0,0,5
0.0,-0.0,0.0,-0.0,0.019999999552965164,-0.0,0.11059734225273132,-0.0,0.0,0.0,-0.0,0.0,1.0085934400558472,-1.7055430678869499e-10,-0.003884820267558098,-2.392741005330379e-10,0,0,0,0,1,0,0,0,0,0,5
4.241273563820869e-05,1.1441222969033049e-11,0.0006617647595703602,5.902629513637736e-12,0.019999999552965164,-0.0,0.10930104553699493,-0.0,0.0,0.0,-0.0,0.0,1.0038305521011353,-3.7194536339768547e-10,-0.0054703038185834885,-1.5051691837353331e-10,0,0,0,0,1,0,0,0,0,0,5
0.003006112528964877,1.519928627402578e-10,0.004283254500478506,2.455746196672326e-11,0.019999999552965164,-0.0,0.11075475811958313,-0.0,0.0,0.0,-0.0,0.0,0.9975366592407227,-2.2745753891495468e-10,-0.006950602866709232,6.577947075925294e-10,0,0,0,0,1,0,0,0,0,0,5
0.005976419895887375,-3.335942633242439e-09,0.005899912212044001,-4.0283978930411024e-10,0.019999999552965164,-0.0,0.11053141206502914,-0.0,0.0,0.0,-0.0,0.0,0.989837646484375,3.23511883948413e-10,-0.008285746909677982,4.3336223498613435e-10,0,0,0,0,1,0,0,0,0,0,13
0.01208920031785965,-4.567149325396258e-09,0.007388565689325333,-2.3666513193632e-10,0.027043690904974937,-7.464242002264143e-10,0.12339748442173004,0.008541037328541279,-9.062132710901949e-10,3.165869476295935e-12,9.764514288690407e-06,-4.503728119609196e-12,0.9809144139289856,5.71620917266813e-10,-0.009325672872364521,8.417296720741874e-11,0,0,0,0,1,0,0,0,1,0,5
0.020219657570123672,-4.706699918699542e-09,0.00871200766414404,-1.5976672762541e-10,0.03515337407588959,-1.6084203968702582e-09,0.11658526211977005,0.007856030017137527,-8.355862113340606e-10,1.167331856177789e-11,4.647200694307685e-05,1.3888268392970657e-18,0.971478283405304,7.575015614769143e-10,-0.00973448995500803,1.652402797924779e-10,0,0,0,0,1,0,0,0,1,0,5
0.02957405149936676,-4.8246446837652e-09,0.009851332753896713,-6.344568620475499e-11,0.04277469217777252,-2.4190416336722365e-09,0.10804859548807144,0.007430294528603554,-7.903038778955818e-10,1.1040613735746607e-11,4.3953197746304795e-05,-6.943580502462801e-19,0.961243748664856,8.521559569096837e-10,-0.010619443841278553,3.0453896349147414e-11,0,0,0,0,1,0,0,0,1,0,5
0.03769775107502937,-7.0189694056921326e-09,0.009381312876939774,-1.677382677200967e-10,0.049968358129262924,-3.1841775882668344e-09,0.11133904755115509,0.007003610488027334,-7.449207917176182e-10,1.0406486436465023e-11,4.142869875067845e-05,-1.3886115655426487e-18,0.9503563046455383,1.3499262818683633e-09,-0.010805971920490265,8.919444627331075e-10,0,0,0,0,1,0,0,0,1,0,13
0.046701423823833466,-8.300626852530968e-09,0.01024884358048439,-1.0085627472067316e-10,0.060423411428928375,1.4213128451956436e-05,0.14029178023338318,0.013894477859139442,2.8018954253639095e-05,2.853884950582142e-07,8.174314643838443e-06,3.5968724887425196e-07,0.9392877221107483,1.9889430102892902e-09,-0.011376773938536644,4.5411160942698814e-10,0,0,0,0,1,0,0,0,1,0,5
0.05729321017861366,1.2056464129273081e-06,0.010675586760044098,4.04682032240089e-06,0.07422768324613571,4.204155629849993e-05,0.1264386922121048,0.013696878217160702,2.7570509701035917e-05,2.7805009494841215e-07,8.972260729933623e-06,3.6781787571271707e-07,0.9275738596916199,4.542762166437342e-09,-0.011977027170360088,2.350713579346575e-08,0,0,0,0,1,0,0,0,1,0,0
0.06827076524496078,9.047485946211964e-06,0.011330842971801758,1.0950497198791709e-05,0.08706510066986084,6.690617010463029e-05,0.12639231979846954,0.012363479472696781,2.3459364456357434e-05,-9.719367710658844e-08,4.9115191359305754e-05,3.7784417372677126e-07,0.9152939915657043,5.208227662478748e-07,-0.012507859617471695,1.1051753290303168e-06,0,0,0,0,1,0,0,0,1,0,13
0.07998651266098022,2.4302562451339327e-05,0.012014280073344707,1.793093906599097e-05,0.09903013706207275,8.939954568631947e-05,0.11751991510391235,0.011658850125968456,2.18382465391187e-05,-3.0508408599416725e-07,6.896725244587287e-05,4.5550423242307625e-14,0.9025512933731079,2.509741761969053e-06,-0.01291878055781126,2.705590986806783e-06,0,0,0,0,1,0,0,0,1,0,5
0.09234046190977097,4.392753180582076e-05,0.01260839868336916,2.1595851649180986e-05,0.11034836620092392,0.00011059979442507029,0.11176735907793045,0.01103160809725523,2.0663363102357835e-05,-2.88655627400658e-07,6.525339267682284e-05,0.0,0.8894527554512024,5.733484613301698e-06,-0.013232932426035404,3.4431884614605224e-06,0,0,0,0,1,0,0,0,1,0,0
0.10520878434181213,6.88562067807652e-05,0.013062270358204842,2.775341272354126e-05,0.12104087322950363,0.00013062800280749798,0.11096873879432678,0.010417248122394085,1.9512603103066795e-05,-2.7258738555246964e-07,6.162100908113644e-05,0.0,0.8760826587677002,9.463082278671209e-06,-0.013472052291035652,3.9586502680322155e-06,0,0,0,0,1,0,0,0,1,0,5
0.11841432750225067,-0.0011668828083202243,0.013238980434834957,2.1448546249303035e-05,0.13113075494766235,0.00014952743367757648,0.10908352583646774,0.00982715841382742,1.840729601099156e-05,-2.571494519543194e-07,5.813113966723904e-05,4.552848847710553e-14,0.8625065684318542,1.3611431313620415e-05,-0.013653671368956566,4.033080585941207e-06,0,0,0,0,1,0,0,0,1,0,16
0.13165336847305298,-0.0022505433298647404,0.013238980434834957,9.53246490098536e-06,0.14378005266189575,2.8020092941005714e-05,0.14720965921878815,0.01553349383175373,-0.00025917895254679024,-6.124694351683502e-08,1.03714810393285e-05,-7.978154599186382e-07,0.8487749099731445,1.6926896933000535e-05,-0.013789709657430649,2.7262908588454593e-06,0,0,0,0,1,0,0,0,1,0,5
0.14491237699985504,-0.002244810340926051,0.01333785429596901,1.3207847587182187e-05,0.15920622646808624,-0.00022935336164664477,0.14560677111148834,0.015338599681854248,-0.00025590992299839854,-6.124694351683502e-08,1.03714810393285e-05,-7.978154599186382e-07,0.8349264860153198,1.897152469609864e-05,-0.013892089948058128,1.4834598687230027e-06,0,0,0,0,1,0,0,0,1,0,5
0.1584068089723587,-0.0021707252599298954,0.013610019348561764,0.00013718871923629194,0.1738969385623932,-0.00047350279055535793,0.12911537289619446,0.013999149203300476,-0.00023158753174357116,1.458725705560937e-06,4.386553700896911e-05,-1.9176081877958495e-06,0.8209907412528992,9.289130503020715e-06,-0.01396852359175682,-2.0757282982231118e-05,0,0,0,0,1,0,0,0,1,0,16
0.17213158309459686,-0.0019526202231645584,0.013809168711304665,0.0002823003742378205,0.18747469782829285,-0.0006976953009143472,0.11690200865268707,0.013137148693203926,-0.00021650073176715523,3.0241931199270766e-06,7.770342199364677e-05,-1.093700434037781e-12,0.8069896101951599,-2.507587123545818e-05,-0.01402532309293747,-4.552288737613708e-05,0,0,0,0,1,0,0,0,1,0,5
0.18602795898914337,-0.0016748751513659954,0.013961861841380596,0.0002517244720365852,0.20025207102298737,-0.000908267218619585,0.11498134583234787,0.01246572844684124,-0.00020543579012155533,2.869898253266001e-06,7.37383306841366e-05,-3.644902034274228e-13,0.7929399013519287,-8.030534809222445e-05,-0.014068098738789558,-5.7157583796652034e-05,0,0,0,0,1,0,0,0,1,0,5
0.2000558078289032,-0.0014587660552933812,0.01407651323825121,0.00018800952238962054,0.21233978867530823,-0.001107473042793572,0.10733341425657272,0.011778132058680058,-0.0001941042282851413,2.711704837565776e-06,6.967374793021008e-05,-3.644158813684989e-13,0.7788538336753845,-0.00013656938972417265,-0.01409965381026268,-5.5526208598166704e-05,0,0,0,0,1,0,0,0,1,0,13
0.21415798366069794,-0.0013055858435109258,0.014122053049504757,0.00012583087664097548,0.2237517386674881,-0.0012955424608662724,0.11101736128330231,0.011116599664092064,-0.00018320207891520113,2.5592573820176767e-06,6.57568234601058e-05,7.286965085159802e-13,0.7647403478622437,-0.00019121386867482215,-0.014123495668172836,-5.4200078011490405e-05,0,0,0,0,1,0,0,0,1,0,16
0.22823882102966309,-0.0012158802710473537,0.013973958790302277,6.225334072951227e-05,0.2361682653427124,-0.0014141842257231474,0.1366603821516037,0.01591673493385315,2.1644036678480916e-05,8.989547382043384e-07,1.2277506357349921e-05,-9.624525318940869e-07,0.7506065964698792,-0.00024639617186039686,-0.014141728170216084,-5.598340430879034e-05,0,0,0,0,1,0,0,0,1,0,16
0.2418159395456314,-0.0010356814600527287,0.01331257726997137,5.692813829227816e-06,0.25197291374206543,-0.0013927083928138018,0.15771448612213135,0.0157131589949131,2.1359845050028525e-05,8.989547382043384e-07,1.2277506357349921e-05,-9.624525318940869e-07,0.7364577651023865,-0.0003033537359442562,-0.014154350385069847,-5.775269528385252e-05,0,0,0,0,1,0,0,0,1,0,13
0.2551282048225403,0.0007008041720837355,0.013312598690390587,3.3214616905752337e-06,0.26731935143470764,-0.0013726969482377172,0.12169528752565384,0.014493726193904877,1.609471109986771e-05,4.6273788711914676e-07,4.0967697714222595e-05,-1.26034052527757e-07,0.7222974300384521,-0.0003579898038879037,-0.014164167456328869,-4.929860369884409e-05,0,0,0,0,1,0,0,0,1,0,16
0.2684406638145447,0.0010163704864680767,0.013312522321939468,9.482557175033435e-07,0.2830081880092621,-0.0011328340042382479,0.17423634231090546,0.015752354636788368,0.0002633901603985578,4.045696471166593e-07,-7.784909143992991e-07,1.8109751920292183e-07,0.7081285715103149,-0.00040022138273343444,-0.014171880669891834,-3.6446352169150487e-05,0,0,0,0,1,0,0,0,1,0,18
0.2818373143672943,0.0010015333537012339,0.013516930863261223,-4.7964447730919346e-05,0.29864999651908875,-0.0008712877170182765,0.13477066159248352,0.015551920980215073,0.00026005672407336533,4.045696471166593e-07,-7.784909143992991e-07,1.8109751920292183e-07,0.6939533948898315,-0.0004282872541807592,-0.014177490957081318,-1.7059244783013128e-05,0,0,0,0,1,0,0,0,1,0,16
0.2954840064048767,0.0008802689844742417,0.013742377050220966,-0.00018325219571124762,0.31318947672843933,-0.0006293377373367548,0.13702869415283203,0.014029022306203842,0.00023286655778065324,-9.92648210740299e-07,3.1287687306758016e-05,1.9089857232756913e-06,0.6797734498977661,-0.0004263129667378962,-0.01418099645525217,1.7549860785948113e-05,0,0,0,0,1,0,0,0,1,0,6
0.30932164192199707,0.0006344734574668109,0.01390891894698143,-0.0002656755968928337,0.32691213488578796,-0.00040180838550440967,0.1179390624165535,0.013180705718696117,0.00021800785907544196,-2.380953901592875e-06,6.290128658292815e-05,1.1727767059710459e-06,0.6655900478363037,-0.0003897203132510185,-0.014184502884745598,5.2175008022459224e-05,0,0,0,0,0,1,0,0,1,0,7
0.3231600522994995,0.0005906957667320967,0.01397055946290493,-0.00021634867880493402,0.3397103548049927,-0.00019023061031475663,0.11499188840389252,0.012490235269069672,0.00020647035853471607,-2.8842791834904347e-06,7.388147059828043e-05,7.289858820758166e-13,0.6514045000076294,-0.0003347466990817338,-0.014186606742441654,5.430835881270468e-05,0,0,0,0,0,0,1,0,1,0,7
0.33615946769714355,0.0016544031677767634,0.013610436581075191,0.00015643666847608984,0.3518329858779907,1.0163327715417836e-05,0.1094159260392189,0.011815926060080528,0.00019532369333319366,-2.728718072830816e-06,6.989671965129673e-05,0.0,0.6372169256210327,-0.00028125211247242987,-0.01418871060013771,5.282826896291226e-05,0,0,0,0,0,0,1,0,1,0,12
0.3491796851158142,0.0022211724426597357,0.012725591659545898,0.0006778120878152549,0.3656335771083832,0.002757722046226263,0.15521031618118286,0.014225621707737446,0.0033609725069254637,3.6201518014422618e-06,1.611002517165616e-05,1.7479878806625493e-05,0.6230277419090271,-0.00022377613640855998,-0.014190113171935081,6.955509161343798e-05,0,0,0,0,0,0,1,0,1,0,5
0.36156773567199707,0.003835879033431411,0.01214847806841135,0.0023421416990458965,0.379752516746521,0.0060930014587938786,0.11946135014295578,0.013959389179944992,0.00329392496496439,2.3928607788548106e-06,1.7755037333699875e-05,1.8869559426093474e-05,0.6088377237319946,-0.0001350066886516288,-0.014190113171935081,0.0001044906020979397,0,0,0,0,1,0,0,0,1,0,12
0.37340766191482544,0.0063899364322423935,0.011874647811055183,0.00256455410271883,0.39282500743865967,0.009134948253631592,0.13028568029403687,0.012716412544250488,0.0029448424465954304,-2.274045800731983e-05,5.115166277391836e-05,2.3988815883058123e-05,0.5946478247642517,-3.640418526629219e-06,-0.014188009314239025,0.00021603504137601703,0,0,0,0,1,0,0,0,1,0,6
0.3855559825897217,0.008981609717011452,0.012358146719634533,0.0026003525126725435,0.40515992045402527,0.01198276411741972,0.11858455836772919,0.012015930376946926,0.002770102582871914,-3.8698814023518935e-05,7.107954297680408e-05,-5.831057858785016e-12,0.5804961323738098,0.0006523115443997085,-0.01410596538335085,0.0010151955066248775,0,0,0,0,0,1,0,0,1,0,3
0.39813539385795593,0.01157402154058218,0.012745576910674572,0.00258257077075541,0.4168262481689453,0.014672273769974709,0.11102482676506042,0.011379598639905453,0.002623404609039426,-3.664992982521653e-05,6.731628673151135e-05,-5.82999534065598e-12,0.5664846301078796,0.0021037401165813208,-0.013918385840952396,0.0018067568307742476,0,0,1,0,0,0,0,0,1,0,2
0.4110301733016968,0.014185121282935143,0.01299942284822464,0.0026445782277733088,0.42785194516181946,0.017214100807905197,0.11248774826526642,0.010743930004537106,0.002476859139278531,-3.460148582234979e-05,6.355384539347142e-05,-1.1657982738888517e-11,0.5527009963989258,0.004296471830457449,-0.013672604225575924,0.0024769974406808615,0,1,0,0,0,0,0,0,1,0,14
0.42398276925086975,0.017030149698257446,0.012941752560436726,0.002654035110026598,0.43826180696487427,0.019613925367593765,0.10797764360904694,0.010139056481420994,0.002337414538487792,-3.265391933382489e-05,5.997667176416144e-05,5.8280906142793576e-12,0.5391861796379089,0.00711076008155942,-0.013375983573496342,0.0030882477294653654,0,0,0,0,0,0,0,0,1,0,6
0.435930460691452,0.019895631819963455,0.011681126430630684,0.002037107478827238,0.4480838477611542,0.021878257393836975,0.1113424226641655,0.009567704983055592,0.002205698052421212,-3.081314207520336e-05,5.6595636124257e-05,5.82728743730998e-12,0.5261484384536743,0.010465995408594608,-0.01227364782243967,0.003389679128304124,0,0,0,0,0,1,0,0,1,0,17
0.44594287872314453,0.021669404581189156,0.008467365987598896,0.001153321354649961,0.49305641651153564,0.024172889068722725,0.18866853415966034,0.0592552088201046,0.0022414654958993196,7.986368473211769e-06,4.539314249996096e-05,0.0006170956767164171,0.5153834223747253,0.014281656593084335,-0.010070730932056904,0.004297452047467232,0,0,0,0,0,1,0,0,1,1,5
0.45391565561294556,0.02289259433746338,0.0073944819159805775,0.0011787174735218287,0.5507793426513672,0.02624538540840149,0.1253233253955841,0.0564894862473011,0.0019397459691390395,7.986368473211769e-06,4.539314249996096e-05,0.0006170956767164171,0.5058868527412415,0.019089477136731148,-0.008996093645691872,0.005209987983107567,0,0,0,0,1,0,0,0,1,1,7
0.4610130786895752,0.02370641753077507,0.0068994127213954926,0.0005705647636204958,0.6006011962890625,0.027806244790554047,0.10744599997997284,0.04674774035811424,0.001376391272060573,4.043534318043385e-06,7.943956734379753e-05,0.0005593411042355001,0.4971405267715454,0.02424314059317112,-0.00791514664888382,0.004602305591106415,0,0,0,0,0,0,1,0,1,1,0
0.46720704436302185,0.024247411638498306,0.0060788532719016075,0.0005185807240195572,0.6421065330505371,0.028928503394126892,0.10809064656496048,0.03829704225063324,0.0009770779870450497,-3.5358709737920435e-06,0.00014460897364187986,0.0003608449478633702,0.4927210807800293,0.027296587824821472,-0.004434763919562101,0.0027360375970602036,0,0,0,0,0,0,1,0,1,1,8
0.4717020094394684,0.02546624094247818,0.003186976071447134,0.0017387790139764547,0.6775029301643372,0.02979101985692978,0.10890737175941467,0.033352695405483246,0.0007890890119597316,-8.592599442636129e-06,0.00018197618192061782,0.00013652638881467283,0.4895263910293579,0.029675504192709923,-0.0037945478688925505,0.002286419039592147,0,0,0,0,0,0,0,1,1,1,16
0.4736727178096771,0.02808123640716076,0.0010501804063096642,0.003301316639408469,0.7089623808860779,0.030531449243426323,0.1091638132929802,0.030037421733140945,0.0007067507831379771,-9.872455848380923e-06,0.00017766699602361768,-5.885567640889766e-12,0.4870762228965759,0.031635481864213943,-0.0026409593410789967,0.0016814031405374408,0,0,0,0,0,0,0,1,1,1,15
0.4739440977573395,0.03114544041454792,0.0014176989207044244,0.002451181411743164,0.737459123134613,0.031201953068375587,0.10938525944948196,0.02730562537908554,0.000642474158667028,-8.974740012490656e-06,0.00016151154704857618,-1.174846504803373e-11,0.486758291721344,0.033391278237104416,-0.0004980377852916718,0.0012158809695392847,0,0,0,0,0,0,0,1,0,1,13
0.47602578997612,0.03253782168030739,0.004275685176253319,0.001036259694956243,0.7634580135345459,0.03181368112564087,0.10954160243272781,0.024983754381537437,0.0005878428928554058,-8.211688509618398e-06,0.00014777950127609074,2.932736085231591e-12,0.4888618290424347,0.034614499658346176,0.0007919651689007878,0.000778417510446161,0,0,0,0,0,0,0,1,1,1,0
0.4806758165359497,0.033153604716062546,0.005506962072104216,0.0003070670645684004,0.7873178124427795,0.03237507864832878,0.10965384542942047,0.02298300340771675,0.0005407672724686563,-7.554153398814378e-06,0.00013594630581792444,-1.4646403664539398e-12,0.4934460520744324,0.035464391112327576,0.0044111222960054874,0.0004815881547983736,0,0,0,0,0,0,0,1,1,1,1
0.4856337308883667,0.03375737741589546,0.004399079829454422,0.0007400733884423971,0.8093222975730896,0.032892823219299316,0.10973573476076126,0.021238381043076515,0.000499717949423939,-6.980772923270706e-06,0.0001256276445928961,2.926508427952834e-12,0.4985567629337311,0.03590588644146919,0.005361118353903294,0.00028303638100624084,1,0,0,0,0,0,0,0,1,1,11
0.488401859998703,0.03436122089624405,0.001063417992554605,0.0005875970819033682,0.8296998143196106,0.03337228298187256,0.10979636758565903,0.019701223820447922,0.00046355027006939054,-6.475562713603722e-06,0.00011653576075332239,1.4621249089935562e-12,0.5044305920600891,0.036104973405599594,0.006449775770306587,9.32246184675023e-05,1,0,0,0,0,0,0,0,1,1,12
0.48762601613998413,0.035207152366638184,-0.002062708605080843,0.0015739401569589972,0.8486365079879761,0.033817846328020096,0.10984187573194504,0.01833440363407135,0.0004313904792070389,-6.02633099333616e-06,0.00010845121141755953,0.0,0.5111842155456543,0.03632482513785362,0.007652447558939457,0.00011056516814278439,1,0,0,0,0,0,0,0,1,1,1
0.48521384596824646,0.03705660253763199,-0.0029668828938156366,0.0019312305375933647,0.8662863969802856,0.034233130514621735,0.10987645387649536,0.017109110951423645,0.00040256042848341167,-5.6236049204017036e-06,0.00010120368096977472,0.0,0.5195251107215881,0.03655407205224037,0.009150669910013676,6.58192511764355e-05,1,0,0,0,0,0,0,0,1,1,7
0.4805604815483093,0.03846127912402153,-0.005686633754521608,0.0009358784882351756,0.8827779293060303,0.034621160477399826,0.1099030151963234,0.016002608463168144,0.00037652559694834054,-5.259920271782903e-06,9.46587388170883e-05,0.0,0.5297372937202454,0.036871202290058136,0.010211318731307983,0.00018641920178197324,0,0,0,0,0,0,1,0,1,1,12
0.4739500880241394,0.03890269622206688,-0.007278428412973881,0.00014476229262072593,0.898219645023346,0.034984491765499115,0.10992361605167389,0.014996776357293129,0.0003528594970703125,-4.929321676172549e-06,8.870915917214006e-05,-2.1888036088463236e-12,0.5406031608581543,0.03722544386982918,0.01098849531263113,0.00019594373588915914,0,0,0,0,0,0,1,0,1,1,6
0.46768057346343994,0.039302535355091095,-0.004156898241490126,0.0009361066040582955,0.9127039909362793,0.035325296223163605,0.10993973910808563,0.014076944440603256,0.0003312167536932975,-4.626988356903894e-06,8.326832175953314e-05,-7.293622086498863e-13,0.5520280599594116,0.03765116631984711,0.011683743447065353,0.00035852447035722435,0,0,0,0,0,1,0,0,1,1,1
0.466266930103302,0.04130104184150696,0.00040671403985470533,0.0027348834555596113,0.9263098835945129,0.03564543277025223,0.10995246469974518,0.013231130316853523,0.00031131543801166117,-4.34898174717091e-06,7.826527144061401e-05,-7.291559933966796e-13,0.5640422105789185,0.038251616060733795,0.012235717847943306,0.0003216311743017286,1,0,0,0,0,0,0,0,1,1,18
0.4679918587207794,0.04431672766804695,0.0030924291349947453,0.0026853461749851704,0.9391061067581177,0.03594651073217392,0.1099625676870346,0.012449437752366066,0.0002929230104200542,-4.092047220183304e-06,7.364142220467329e-05,-7.289767747775677e-13,0.5765264630317688,0.0387708954513073,0.01268620416522026,0.000217756925849244,1,0,0,0,0,0,0,0,1,0,15
0.47260668873786926,0.04551229998469353,0.0056803226470947266,0.00030829006573185325,0.9511521458625793,0.0362299382686615,0.10997064411640167,0.011723624542355537,0.00027584543568082154,-3.853480848192703e-06,6.93481124471873e-05,0.0,0.5893734097480774,0.039419662207365036,0.013025764375925064,0.0003653692838270217,1,0,0,0,0,0,0,0,0,0,18
0.4790816307067871,0.045396968722343445,0.007092251442372799,-0.00022179202642291784,0.9624996781349182,0.03649694100022316,0.10997713357210159,0.011046769097447395,0.00025991970323957503,-3.6310075302026235e-06,6.534440763061866e-05,-3.6434136957419483e-13,0.6025136709213257,0.039910655468702316,0.013295687735080719,0.00020399538334459066,1,0,0,0,0,0,0,0,0,0,16
0.4868297576904297,0.04520655423402786,0.008366739377379417,-0.0001879970368463546,0.9731944799423218,0.036748580634593964,0.10998237133026123,0.010413018986582756,0.00024500821018591523,-3.4226998195663327e-06,6.1595652368851e-05,-7.285614711353972e-13,0.6158539652824402,0.040368884801864624,0.013463601469993591,0.00029108673334121704,1,0,0,0,0,0,0,0,0,0,13
0.4958001971244812,0.045029137283563614,0.009247835725545883,-0.00016315701941493899,0.9832770228385925,0.036985814571380615,0.10998661816120148,0.00981738232076168,0.00023099344980437309,-3.2269178973365342e-06,5.8072317187907174e-05,7.284540809102125e-13,0.6293735504150391,0.040733855217695236,0.013641824945807457,0.0001258064730791375,1,0,0,0,0,0,0,0,1,0,18
0.5051262974739075,0.04488314315676689,0.009333035908639431,-0.0001403418427798897,0.9927827715873718,0.03720947355031967,0.10999006778001785,0.009255573153495789,0.00021777463553007692,-3.0422538657148834e-06,5.4749078117311e-05,-3.6417925424435393e-13,0.6431098580360413,0.04072282090783119,0.013812148943543434,-0.000118553354695905,1,0,0,0,0,0,0,0,1,0,18
0.515045166015625,0.044735487550497055,0.010370506905019283,-0.0001529187138658017,1.0017435550689697,0.03742031380534172,0.10999288409948349,0.008723892271518707,0.00020526465959846973,-2.867492867153487e-06,5.16040381626226e-05,0.0,0.6569767594337463,0.040598198771476746,0.01390751637518406,-0.00012953316036146134,1,0,0,0,0,0,0,0,1,0,18
0.5259022116661072,0.0445774681866169,0.011236878111958504,-0.0001622158888494596,1.0101876258850098,0.03761899471282959,0.10999518632888794,0.008219125680625439,0.00019338792480994016,-2.701576931940508e-06,4.8618196160532534e-05,0.0,0.6709259152412415,0.040462952107191086,0.013979743234813213,-0.0001398855383740738,1,0,0,0,0,0,0,0,1,0,18
