lt_dp_posx,lt_dp_posy,lt_dp_velx,lt_dp_vely,ball_posx,ball_posy,ball_posz,ball_vel_x,ball_vel_y,ball_rot_x,ball_rot_y,ball_rot_z,rt_gk_posx,rt_gk_posy,rt_gk_velx,rt_gk_vely,action_left,action_top_left,action_top,action_top_right,action_right,action_bottom_right,action_bottom,action_bottom_left,action_sprint,action_dribble,sel_action
-1.0110293626785278,-0.0,0.0,-0.0,0.019999999552965164,-0.0,0.11061639338731766,-0.0,0.0,0.0,-0.0,0.0,1.0110293626785278,0.0,-0.0,0.0,0,0,0,0,0,0,0,0,0,0,5
0.0,-0.0,0.0,-0.0,0.019999999552965164,-0.0,0.11059734225273132,-0.0,0.0,0.0,-0.0,0.0,1.0100501775741577,-7.528704049075685e-11,-0.003236181568354368,-2.3501611767784425e-10,0,0,0,0,1,0,0,0,0,0,5
0.0,-0.0,0.0,-0.0,0.019999999552965164,-0.0,0.10930104553699493,-0.0,0.0,0.0,-0.0,0.0,1.0059254169464111,-3.033686080122777e-10,-0.00484480569139123,-2.0306796522095993e-10,0,0,0,0,1,0,0,0,0,0,5
0.002605511574074626,1.3680566401941263e-10,0.004109719302505255,2.5224112729094195e-11,0.019999999552965164,-0.0,0.11075475811958313,-0.0,0.0,0.0,-0.0,0.0,1.0002306699752808,-4.257901808912834e-10,-0.0063720871694386005,-4.051920951542165e-11,0,0,0,0,1,0,0,0,0,0,5
0.005889641121029854,-1.5970879063686994e-09,0.005736230872571468,-3.9207298518917355e-10,0.019999999552965164,-0.0,0.11053141206502914,-0.0,0.0,0.0,-0.0,0.0,0.9930757880210876,1.3287577982357135e-10,-0.0077724456787109375,5.444610318150467e-10,0,0,0,0,1,0,0,0,0,0,13
0.011982080526649952,-2.3340314125874784e-09,0.007240616716444492,-2.362129658539658e-10,0.02691209688782692,-4.666663722119324e-10,0.12254813313484192,0.008374633267521858,-5.659687718484463e-10,2.0085038233280672e-12,1.0416755685582757e-05,-2.8667975111862365e-12,0.9846126437187195,5.151140625159201e-10,-0.00900100264698267,2.3320079201027966e-10,0,0,0,0,1,0,0,0,1,0,16
0.019974837079644203,-2.479345617700801e-09,0.008583002723753452,-1.7994919443431456e-10,0.03486180678009987,-1.0046676823805e-09,0.11699162423610687,0.007705577649176121,-5.217304921423249e-10,7.288690484497096e-12,4.558203727356158e-05,0.0,0.975313127040863,6.895869986145442e-10,-0.009335489943623543,2.0061102778967665e-10,0,0,0,0,1,0,0,0,1,0,5
0.029211096465587616,-2.6511925987904306e-09,0.009742094203829765,-1.496287399538332e-10,0.04233737289905548,-1.510824132466837e-09,0.10775913298130035,0.007286667823791504,-4.933667918649576e-10,6.8923690539623994e-12,4.31035332439933e-05,6.943401107667453e-19,0.9654421806335449,8.466862766454142e-10,-0.010284255258738995,1.1064238414348893e-10,0,0,0,0,1,0,0,0,1,0,13
0.03715028613805771,-4.070698444991194e-09,0.009281553328037262,-1.6718125495085445e-10,0.049390897154808044,-1.9884056623453716e-09,0.11127554625272751,0.006866077426820993,-4.648892382164149e-10,6.494466856660219e-12,4.061513391206972e-05,-6.942896010505913e-19,0.9547167420387268,1.0013010420806268e-09,-0.011003718711435795,1.1165253166467437e-09,0,0,0,0,1,0,0,0,1,0,13
0.04607756808400154,-4.900661654261285e-09,0.010248887352645397,-1.0085627472067316e-10,0.05977779999375343,1.4214143448043615e-05,0.1403011828660965,0.013893861323595047,2.8018363082082942e-05,2.857442211734451e-07,7.852933777030557e-06,3.574642164494435e-07,0.9437978863716125,1.8397896539568137e-09,-0.011102592572569847,6.216722137075692e-10,0,0,0,0,1,0,0,0,1,0,0
0.05666933208703995,1.209588958772656e-06,0.010675542056560516,4.048628852615366e-06,0.0735815018415451,4.204217475489713e-05,0.12649618089199066,0.013696718961000443,2.7571653845370747e-05,2.785293133911182e-07,8.640456144348718e-06,3.6553785776050063e-07,0.9323297739028931,2.2400072907657886e-09,-0.011747725307941437,2.137407750790743e-10,0,0,0,0,1,0,0,0,1,0,13
0.06764684617519379,9.054887414094992e-06,0.011330842971801758,1.0955336620099843e-05,0.08641690015792847,6.69076616759412e-05,0.12636925280094147,0.01235953439027071,2.3456506824004464e-05,-9.507835585509383e-08,4.876920866081491e-05,3.7999774349373183e-07,0.9202682971954346,1.6411216563483322e-07,-0.012311514467000961,5.135072456141643e-07,0,0,0,0,1,0,0,0,1,0,18
0.07936257123947144,2.4316739654750563e-05,0.012014280073344707,1.7938891687663272e-05,0.09837605804204941,8.939208782976493e-05,0.11752312630414963,0.011652267538011074,2.1826706870342605e-05,-3.049231338536629e-07,6.892834790050983e-05,9.110068385428938e-14,0.9076964855194092,1.4767007314731018e-06,-0.012767314910888672,2.010569915000815e-06,0,0,0,0,1,0,0,0,1,0,13
0.09171651303768158,4.395041105453856e-05,0.01260839868336916,2.160557050956413e-05,0.10968796163797379,0.00011058121890528128,0.11176754534244537,0.0110254418104887,2.0652551029343158e-05,-2.885046797018731e-07,6.521696195704862e-05,-4.55424103106266e-14,0.89472895860672,4.256144165992737e-06,-0.01311722956597805,3.1789390959602315e-06,0,0,0,0,1,0,0,0,1,0,18
0.10458483546972275,6.889075302751735e-05,0.013062182813882828,2.7766725906985812e-05,0.12037452310323715,0.00013059900084044784,0.11096896231174469,0.010411463677883148,1.9502460418152623e-05,-2.7244587386121566e-07,6.158681935630739e-05,-4.553507500530338e-14,0.8814587593078613,7.748034477117471e-06,-0.013384398072957993,3.7717798022640636e-06,0,0,0,0,1,0,0,0,1,0,16
0.11779036372900009,-0.0011668414808809757,0.013238980434834957,2.145966936950572e-05,0.13045881688594818,0.0001494886091677472,0.10908360034227371,0.009821703657507896,1.8397733583697118e-05,-2.570160688719625e-07,5.8098921726923436e-05,-4.5528430878865114e-14,0.8679583072662354,1.1848184840346221e-05,-0.01358705386519432,4.3631794142129365e-06,0,0,0,0,1,0,0,0,1,0,16
0.1310293972492218,-0.0022505000233650208,0.013239067979156971,9.537812729831785e-06,0.1431073695421219,2.7994654374197125e-05,0.1472282111644745,0.015537279658019543,-0.00025914341676980257,-6.145261011170078e-08,1.0351108358008787e-05,-7.97656298345828e-07,0.8542835116386414,1.475566386943683e-05,-0.01373992208391428,1.1046922736568376e-06,0,0,0,0,1,0,0,0,1,0,0
0.14428842067718506,-0.0022447635419666767,0.01333785429596901,1.321675972576486e-05,0.15853729844093323,-0.0002293430588906631,0.14566361904144287,0.015342291444540024,-0.00025587400887161493,-6.145261011170078e-08,1.0351108358008787e-05,-7.97656298345828e-07,0.8404778242111206,1.3656404007633682e-05,-0.013854924589395523,-2.851493036359898e-06,0,0,0,0,1,0,0,0,1,0,5
0.15778285264968872,-0.002170633291825652,0.013610019348561764,0.00013727426994591951,0.17323258519172668,-0.0004734790127258748,0.12910307943820953,0.014003572054207325,-0.00023157746181823313,1.456201971450355e-06,4.381480175652541e-05,-1.918556336022448e-06,0.8265740275382996,5.972427061351482e-06,-0.013940474949777126,-1.5726094716228545e-05,0,0,0,0,1,0,0,0,1,0,16
0.17150762677192688,-0.0019523954251781106,0.013809168711304665,0.0002824732509907335,0.18681393563747406,-0.0006976486183702946,0.11690471321344376,0.013139991089701653,-0.0002164687612093985,3.0237451937864535e-06,7.772020762786269e-05,-3.6456715467661494e-13,0.8125967383384705,-2.1839885448571295e-05,-0.01400498766452074,-3.7725887523265556e-05,0,0,0,0,1,0,0,0,1,0,13
0.1854040026664734,-0.0016744860913604498,0.013961861841380596,0.00025186705170199275,0.19959409534931183,-0.000908189918845892,0.1149793490767479,0.012468472123146057,-0.0002054059732472524,2.8694814773189137e-06,7.375453424174339e-05,3.644905015830202e-13,0.798564612865448,-7.14938942110166e-05,-0.014052671380341053,-5.749769479734823e-05,0,0,0,0,1,0,0,0,1,0,16
0.19943185150623322,-0.0014582672156393528,0.01407651323825121,0.0001880950730992481,0.21168439090251923,-0.001107366057112813,0.10733582079410553,0.011780688539147377,-0.00019407537183724344,2.711302158786566e-06,6.968885281821713e-05,0.0,0.7844913005828857,-0.00012820247502531856,-0.014089135453104973,-5.605537080555223e-05,0,0,0,0,1,0,0,0,1,0,13
0.2135240137577057,-0.0013057789765298367,0.01412181742489338,0.00012587745732162148,0.22309879958629608,-0.0012954073026776314,0.11101727187633514,0.01111898198723793,-0.0001831744593800977,2.5588706193957478e-06,6.577090243808925e-05,0.0,0.7703874111175537,-0.00018344387353863567,-0.014115081168711185,-5.4569820349570364e-05,0,0,0,0,1,0,0,0,1,0,16
0.22758762538433075,-0.0012173341820016503,0.013973958790302277,6.227651465451345e-05,0.23551695048809052,-0.0014140820130705833,0.13666029274463654,0.015916774049401283,2.147306440747343e-05,8.988234299067699e-07,1.2282899660931434e-05,-9.630429076423752e-07,0.7562605738639832,-0.00023821841750759631,-0.014135416597127914,-5.5647193221375346e-05,0,0,0,0,1,0,0,0,1,0,0
0.24116477370262146,-0.0010370410745963454,0.013312673196196556,5.693384082405828e-06,0.2513216733932495,-0.001392776146531105,0.15771380066871643,0.015713201835751534,2.1191086489125155e-05,8.988234299067699e-07,1.2282899660931434e-05,-9.630429076423752e-07,0.7421167492866516,-0.0002950636262539774,-0.014150142669677734,-5.782354492112063e-05,0,0,0,0,1,0,0,0,1,0,16
0.25447729229927063,0.0007004057988524437,0.013312689028680325,3.3214616905752337e-06,0.2666681110858917,-0.0013729291968047619,0.12169547379016876,0.014493783004581928,1.5940669982228428e-05,4.634405286196852e-07,4.097482451470569e-05,-1.2733747212223534e-07,0.7279603481292725,-0.00035289593506604433,-0.014161362312734127,-5.407575372373685e-05,0,0,0,0,1,0,0,0,1,0,16
0.26778995990753174,0.001016146270558238,0.013312697410583496,9.482557175033435e-07,0.28235700726509094,-0.00113308138679713,0.1742367297410965,0.015752393752336502,0.0002633905678521842,4.0487327623850433e-07,-7.757118396511942e-07,1.8028227088962012e-07,0.7137946486473083,-0.0003973124548792839,-0.014169075526297092,-3.6508736229734495e-05,0,0,0,0,1,0,0,0,1,0,7
0.28118664026260376,0.0010013086721301079,0.013516930863261223,-4.796623034053482e-05,0.2979988157749176,-0.0008715346339158714,0.1347707211971283,0.01555195078253746,0.0002600571315269917,4.0487327623850433e-07,-7.757118396511942e-07,1.8028227088962012e-07,0.6996217370033264,-0.0004241483111400157,-0.014175387099385262,-1.8918324713013135e-05,0,0,0,0,0,0,1,0,1,0,14
0.29483333230018616,0.0008800413925200701,0.013742377050220966,-0.0001832566485973075,0.3125383257865906,-0.000629585178103298,0.13702881336212158,0.014029093086719513,0.00023286580108106136,-9.924951882567257e-07,3.129049582639709e-05,1.9085771327809198e-06,0.6854435205459595,-0.00042771422886289656,-0.014179594814777374,1.0028427823272068e-05,0,0,0,0,0,0,0,0,1,0,6
0.3086709678173065,0.0006342396955005825,0.01390891894698143,-0.00026568182511255145,0.3262609839439392,-0.000402056728489697,0.11793908476829529,0.01318079698830843,0.00021800672402605414,-2.3809025151422247e-06,6.290276360232383e-05,1.172635393231758e-06,0.6712614297866821,-0.00040106484084390104,-0.014183801598846912,4.0250070014735684e-05,0,0,0,0,0,1,0,0,1,0,7
0.32250943779945374,0.0005904858116991818,0.01397092454135418,-0.00021635601297020912,0.3390592932701111,-0.0001904797536553815,0.1149919331073761,0.012490350753068924,0.00020646967459470034,-2.884269633796066e-06,7.388213998638093e-05,7.289858820758166e-13,0.657076358795166,-0.0003488480288069695,-0.014186606742441654,5.494758806889877e-05,0,0,0,0,0,0,1,0,1,0,6
0.33550921082496643,0.0016543602105230093,0.01361006312072277,0.00015642996004316956,0.3511820137500763,9.913527719618287e-06,0.10941587388515472,0.011816035024821758,0.00019532296573743224,-2.7287080683890963e-06,6.98973672115244e-05,0.0,0.6428890228271484,-0.0002943605068139732,-0.014188009314239025,5.411073288996704e-05,0,0,0,0,0,1,0,0,1,0,12
0.34852954745292664,0.0022211705800145864,0.012725241482257843,0.0006778085371479392,0.3649826645851135,0.0027574801351875067,0.15521076321601868,0.014225674793124199,0.003360981121659279,3.6201963666826487e-06,1.611016887181904e-05,1.7479993402957916e-05,0.6287001371383667,-0.00024027891049627215,-0.014189411886036396,5.7591831136960536e-05,0,0,0,0,0,1,0,0,1,0,6
0.3609176278114319,0.003835872281342745,0.01214847806841135,0.0023421344812959433,0.37910178303718567,0.006092769093811512,0.11946232616901398,0.013959459029138088,0.0032939384691417217,2.3932013846206246e-06,1.7754782675183378e-05,1.8869353880290873e-05,0.6145103573799133,-0.00015938933938741684,-0.014190113171935081,9.995163418352604e-05,0,0,0,0,0,1,0,0,1,0,12
0.3727577030658722,0.006389925722032785,0.011874997988343239,0.002564546884968877,0.3921743333339691,0.009134726598858833,0.130285382270813,0.012716471217572689,0.0029448512941598892,-2.2740059648640454e-05,5.1151320803910494e-05,2.398928700131364e-05,0.6003205180168152,-3.6139172152616084e-05,-0.014189411886036396,0.0001423125504516065,0,0,0,0,0,1,0,0,1,0,12
0.3849062919616699,0.008981588296592236,0.012358496896922588,0.0026003452949225903,0.4045092463493347,0.011982547119259834,0.11858467012643814,0.012015972286462784,0.0027701067738234997,-3.8698875869158655e-05,7.107978308340535e-05,-5.831057858785016e-12,0.5861453413963318,0.000354716059518978,-0.014145233668386936,0.0007475215825252235,0,0,0,0,0,1,0,0,1,0,16
0.3974859118461609,0.011573991738259792,0.012745927087962627,0.0025825637858361006,0.41617557406425476,0.014672059565782547,0.11102475225925446,0.011379636824131012,0.0026234097313135862,-3.6649998946813866e-05,6.73165122861974e-05,0.0,0.5720807313919067,0.0015653311274945736,-0.013980795629322529,0.0015880404971539974,0,0,0,0,0,1,0,0,1,0,7
0.41038069128990173,0.014185099862515926,0.01299942284822464,0.0026445782277733088,0.42720139026641846,0.017213892191648483,0.11248773336410522,0.010743958875536919,0.0024768642615526915,-3.4601562219904736e-05,6.355402001645416e-05,-1.1657982738888517e-11,0.5582414269447327,0.0035997889935970306,-0.013719236478209496,0.002365684136748314,0,0,0,0,0,0,1,0,1,0,5
0.4233332872390747,0.017030144110322,0.012941759079694748,0.002654050709679723,0.4376112222671509,0.01961372420191765,0.10797764360904694,0.01013909000903368,0.0023374208249151707,-3.265400664531626e-05,5.9976860939059407e-05,8.742136355099905e-12,0.5446828007698059,0.00632263021543622,-0.013416304253041744,0.0030128934886306524,0,0,0,0,1,0,0,0,1,0,7
0.435280978679657,0.019895656034350395,0.011681132949888706,0.0020371221471577883,0.44743332266807556,0.021878059953451157,0.1113424226641655,0.009567737579345703,0.0022057045716792345,-3.081324030063115e-05,5.659583257511258e-05,0.0,0.5314666628837585,0.009684081189334393,-0.013041496276855469,0.0036439469549804926,0,0,0,0,0,0,1,0,1,0,6
0.4452933967113495,0.02166944183409214,0.008467365987598896,0.0011533356737345457,0.49221909046173096,0.022267915308475494,0.37985214591026306,0.059093177318573,-0.0004988685832358897,-1.712356970529072e-05,3.4559532650746405e-05,0.0013546561822295189,0.5198699831962585,0.013307486660778522,-0.010033214464783669,0.003861639415845275,0,0,0,0,0,1,0,0,1,0,12
0.4532661437988281,0.02289264090359211,0.0073944819159805775,0.0011787174735218287,0.5498416423797607,0.021551307290792465,0.5997371673583984,0.056444503366947174,-0.0008923414861783385,-1.712356970529072e-05,3.4559532650746405e-05,0.0013546561822295189,0.510468602180481,0.01772639900445938,-0.008940696716308594,0.004817010834813118,0,0,0,0,0,1,0,0,1,0,3
0.46036356687545776,0.02370646968483925,0.006899062544107437,0.0005705647636204958,0.6049018502235413,0.020450409501791,0.638141930103302,0.05394818261265755,-0.0012688885908573866,-1.712356970529072e-05,3.4559532650746405e-05,0.0013546561822295189,0.5019214749336243,0.022911367937922478,-0.008563434705138206,0.005349730607122183,0,0,1,0,0,0,0,0,1,0,0
0.4666029214859009,0.024238642305135727,0.006084464956074953,0.0005194576224312186,0.6575371026992798,0.018982822075486183,0.5069306492805481,0.05157826468348503,-0.0016274047084152699,-1.712356970529072e-05,3.4559532650746405e-05,0.0013546561822295189,0.49601879715919495,0.026921909302473068,-0.004435512702912092,0.0031154188327491283,0,0,1,0,0,0,0,0,1,0,6
0.4734472930431366,0.02471901848912239,0.007591935805976391,0.00035806154482997954,0.7078626155853271,0.017166852951049805,0.2170291543006897,0.04931512102484703,-0.001967479009181261,-1.712356970529072e-05,3.4559532650746405e-05,0.0013546561822295189,0.4931885600090027,0.02957690879702568,-0.0033315876498818398,0.002577204490080476,0,0,0,0,0,1,0,0,1,0,14
0.48153722286224365,0.024889105930924416,0.008672703988850117,-7.324993202928454e-05,0.7510452270507812,0.015444805845618248,0.24074868857860565,0.040351517498493195,-0.0016438498860225081,-1.349483136436902e-05,5.350710125640035e-05,0.0012336628278717399,0.49166834354400635,0.03153768181800842,-0.0018315250054001808,0.0015926569467410445,0,0,0,0,0,0,0,0,1,0,7
0.48981064558029175,0.024425579234957695,0.00904889591038227,-0.00043025516788475215,0.7906887531280518,0.013700965791940689,0.2786746323108673,0.03906073793768883,-0.001824596431106329,-1.349483136436902e-05,5.350710125640035e-05,0.0012336628278717399,0.4911586046218872,0.03304512798786163,-0.0007724680472165346,0.0009055791888386011,0,0,0,0,0,0,1,0,1,0,7
0.49916398525238037,0.024003779515624046,0.010150515474379063,-0.0004796260327566415,0.8290290236473083,0.01178023312240839,0.15044501423835754,0.0377475805580616,-0.0019983495585620403,-1.349483136436902e-05,5.350710125640035e-05,0.0012336628278717399,0.4915306568145752,0.033754244446754456,-3.376077438588254e-05,0.0005191027885302901,0,0,0,0,0,0,1,0,1,0,18
0.5094911456108093,0.023542718961834908,0.010669729672372341,-0.0004736068076454103,0.8635417222976685,0.00997084565460682,0.1695014387369156,0.03342890739440918,-0.0017895110649988055,-7.818072845111601e-06,7.544091931777075e-05,0.0010500058997422457,0.4931141138076782,0.034103695303201675,0.0024718213826417923,0.00018762420222628862,0,0,0,0,0,0,1,0,1,0,16
0.5201371312141418,0.023073341697454453,0.011073722504079342,-0.000490153965074569,0.8962321877479553,0.008150996640324593,0.11769100278615952,0.030870433896780014,-0.0017115137306973338,-1.285447069676593e-06,9.722559479996562e-05,0.0008348831906914711,0.49763011932373047,0.03406277298927307,0.004711402114480734,-0.00010959220526274294,0,0,0,0,0,0,1,0,1,0,18
0.5315024256706238,0.022573059424757957,0.011792665347456932,-0.0005174612742848694,0.9256675243377686,0.006502956617623568,0.11427421867847443,0.02805590257048607,-0.0015640956116840243,1.0479650882189162e-05,0.00013263055006973445,0.00041663460433483124,0.5034980773925781,0.033828165382146835,0.006090010516345501,-0.00031422253232449293,0,0,0,0,0,0,1,0,1,0,10
0.5436323881149292,0.02204136922955513,0.012425464577972889,-0.0005438282387331128,0.9523247480392456,0.005021257326006889,0.11124857515096664,0.02559855580329895,-0.001420516287907958,1.9841932953568175e-05,0.00015140438335947692,5.867706927981109e-12,0.510452926158905,0.03342002257704735,0.007489969488233328,-0.00045097304973751307,0,0,0,0,0,0,1,0,1,0,7
0.5563378930091858,0.02148602530360222,0.012914923951029778,-0.0005638627917505801,0.9767592549324036,0.0036653324496001005,0.10958797484636307,0.02352096326649189,-0.0013052267022430897,1.8233140508527867e-05,0.00013912840222474188,5.860362108783823e-12,0.5186777710914612,0.032909758388996124,0.008745525032281876,-0.0005509426700882614,0,0,0,0,0,0,1,0,1,0,12
0.5694653391838074,0.020913464948534966,0.01328587532043457,-0.0005794198950752616,0.9992617964744568,0.0024166207294911146,0.10971199721097946,0.02170596271753311,-0.0012045088224112988,1.6826274077175185e-05,0.0001283932797377929,5.854458411114205e-12,0.5279150009155273,0.03231385350227356,0.009342840872704983,-0.0006041746819391847,0,0,0,0,0,0,1,0,1,0,1
