lt_dp_posx,lt_dp_posy,lt_dp_velx,lt_dp_vely,ball_posx,ball_posy,ball_posz,ball_vel_x,ball_vel_y,ball_rot_x,ball_rot_y,ball_rot_z,rt_gk_posx,rt_gk_posy,rt_gk_velx,rt_gk_vely,action_left,action_top_left,action_top,action_top_right,action_right,action_bottom_right,action_bottom,action_bottom_left,action_sprint,action_dribble,sel_action
-1.0110293626785278,-0.0,0.0,-0.0,0.019999999552965164,-0.0,0.11061639338731766,-0.0,0.0,0.0,-0.0,0.0,1.0110293626785278,0.0,-0.0,0.0,0,0,0,0,0,0,0,0,0,0,5
0.0,-0.0,0.0,-0.0,0.019999999552965164,-0.0,0.11059734225273132,-0.0,0.0,0.0,-0.0,0.0,1.0106345415115356,-3.1861822208378854e-11,-0.001967654563486576,-1.5578560663698227e-10,0,0,0,0,1,0,0,0,0,0,5
0.0008584571187384427,6.31864074951416e-11,0.0032361329067498446,2.5075197127022442e-11,0.019999999552965164,-0.0,0.10930104553699493,-0.0,0.0,0.0,-0.0,0.0,1.0068784952163696,-2.6190344337706506e-10,-0.004527849145233631,-2.1994273069481096e-10,0,0,0,0,1,0,0,0,0,0,5
0.004070135299116373,-1.1033407520955052e-09,0.0049414923414587975,-2.770934315332596e-10,0.019999999552965164,-0.0,0.11075475811958313,-0.0,0.0,0.0,-0.0,0.0,1.0014904737472534,-4.1574887976736363e-10,-0.006076167803257704,-8.290019365420065e-11,0,0,0,0,1,0,0,0,0,0,13
0.007871970534324646,-4.405483977620861e-09,0.006513637024909258,-3.710970974957206e-10,0.021814193576574326,-1.919535225214375e-10,0.11905936896800995,0.009004201740026474,-9.530071176655497e-10,2.920990543626295e-13,-2.5668914531706832e-06,-2.272282622478583e-12,0.9946169853210449,2.0481224355384242e-11,-0.007505276706069708,5.917762946339167e-10,0,0,0,0,1,0,0,0,1,0,0
0.015182881616055965,-4.637022765763277e-09,0.007938067428767681,-8.555410546673414e-11,0.03035673499107361,-1.098009905220465e-09,0.10534955561161041,0.00817275419831276,-8.683166408118836e-10,6.0634010833060525e-12,2.2233871277421713e-05,-4.865467403969426e-12,0.986401379108429,4.5882522781148793e-10,-0.008770297281444073,2.934328890979998e-10,0,0,0,0,1,0,0,0,1,0,18
0.023825105279684067,-4.767021888341105e-09,0.009190707467496395,-1.3697155909486725e-10,0.03821047022938728,-1.933115889585224e-09,0.11269862204790115,0.007662375457584858,-8.147729713137153e-10,1.1381846853897315e-11,4.532364982878789e-05,0.0,0.9771802425384521,6.341420721867053e-10,-0.009335489943623543,2.2246234021583433e-10,0,0,0,0,1,0,0,0,1,0,18
0.03296341001987457,-5.7231801520174486e-09,0.009851382113993168,-2.371023377634174e-10,0.04564186930656433,-2.7233273414140058e-09,0.11210299283266068,0.007240790408104658,-7.699436088692835e-10,1.0756078319684725e-11,4.283177986508235e-05,6.94334423900034e-19,0.9674903154373169,7.988885109000421e-10,-0.010107545182108879,1.152600584419794e-10,0,0,0,0,1,0,0,0,1,0,0
0.040885716676712036,-8.154317221453766e-09,0.009685585275292397,-1.2715165031984554e-10,0.052648138254880905,-3.468333398259915e-09,0.11100589483976364,0.006817336194217205,-7.249161826372585e-10,1.0126965238610453e-11,4.032659489894286e-05,1.3885677249701834e-18,0.9569175243377686,8.402761264569847e-10,-0.01093008928000927,-1.994874231081578e-11,0,0,0,0,1,0,0,0,1,0,13
0.050809651613235474,-8.651723781838427e-09,0.010593323037028313,-7.154383335761239e-11,0.06588450074195862,2.538750777603127e-05,0.14662382006645203,0.013831733725965023,2.7887346732313745e-05,2.854333160939859e-07,8.133003575494513e-06,3.5940200859840843e-07,0.9460111856460571,1.648215897098737e-09,-0.010957437567412853,7.119076994577256e-10,0,0,0,0,1,0,0,0,1,0,13
0.061511363834142685,3.511102477204986e-06,0.010849535465240479,6.5499230004206765e-06,0.0794624388217926,5.255355790723115e-05,0.11541591584682465,0.012867785058915615,2.484861579432618e-05,2.920202923917259e-08,3.572785499272868e-05,4.6688651877957454e-07,0.9346734285354614,2.1027595220601825e-09,-0.011628516018390656,2.4162533085458904e-10,0,0,0,0,1,0,0,0,1,0,5
0.07279764115810394,1.4273947272158694e-05,0.011619224213063717,1.448333296139026e-05,0.09186188131570816,7.611839100718498e-05,0.11319675296545029,0.01208172645419836,2.2745614842278883e-05,-1.856381999232326e-07,5.814373434986919e-05,2.56864552738989e-07,0.9227253198623657,7.666902490655048e-08,-0.012204927392303944,3.079372277170478e-07,0,0,0,0,1,0,0,0,1,0,18
0.0847788006067276,3.170457057422027e-05,0.01227075606584549,1.8925651602330618e-05,0.10355120897293091,9.802042768569663e-05,0.11222615838050842,0.011410308070480824,2.137276533176191e-05,-2.985634068863874e-07,6.749296153429896e-05,-4.5547218069635215e-14,0.9102458953857422,1.1473233598735533e-06,-0.012685270980000496,1.787739392966614e-06,0,0,0,0,1,0,0,0,1,0,18
0.09735527634620667,5.315264206728898e-05,0.012805094011127949,2.3973423594725318e-05,0.11461616307497025,0.00011874631309183314,0.10859900712966919,0.010783788748085499,2.0199226128170267e-05,-2.821870168645546e-07,6.379093247232959e-05,0.0,0.8973493576049805,3.815192485490115e-06,-0.013054819777607918,3.269923354309867e-06,0,0,0,0,1,0,0,0,1,0,16
0.11039263755083084,-8.298049942823127e-05,0.01320716179907322,2.8767084586434066e-05,0.1250637322664261,0.00013831577962264419,0.10880786925554276,0.010176208801567554,1.9061151760979556e-05,-2.662842746303795e-07,6.019599095452577e-05,6.829857046673077e-14,0.8841332197189331,7.371212632278912e-06,-0.01333671435713768,3.843522790702991e-06,0,0,0,0,1,0,0,0,1,0,16
0.123631551861763,-0.0019212791230529547,0.013239067979156971,1.6684309230186045e-05,0.1349201649427414,0.0001567779399920255,0.11073844879865646,0.00959957204759121,1.7981052224058658e-05,-2.511893626433448e-07,5.6783639593049884e-05,4.552602191716312e-14,0.8706738948822021,1.1570784408831969e-05,-0.0135505897924304,4.481641553866211e-06,0,0,0,0,1,0,0,0,1,0,16
0.1368706077337265,-0.0022479163017123938,0.013239067979156971,4.76623245049268e-06,0.14988969266414642,-7.532312156399712e-05,0.15853874385356903,0.015455832704901695,-0.00025785554316826165,-6.126785478954844e-08,1.0369019946665503e-05,-7.978029543664888e-07,0.8570301532745361,1.320365845458582e-05,-0.013712574727833271,-3.6828878364758566e-06,0,0,0,0,1,0,0,0,1,0,13
0.1501993089914322,-0.002230672398582101,0.013456800021231174,5.137335756444372e-05,0.16522149741649628,-0.0003310824395157397,0.11716939508914948,0.015123102813959122,-0.00025209851446561515,4.855416335658447e-08,1.2795473594451323e-05,-9.663740456744563e-07,0.8432477116584778,1.944123368957662e-06,-0.013833887875080109,-1.721162880130578e-05,0,0,0,0,1,0,0,0,1,0,5
0.1637946218252182,-0.002100772922858596,0.013697322458028793,0.00019704112492036074,0.17935000360012054,-0.0005650188541039824,0.12572547793388367,0.013744492083787918,-0.0002271047414978966,1.7067466160369804e-06,4.9295384087599814e-05,-1.8289413219463313e-06,0.8293611407279968,-2.24168488784926e-05,-0.013925748877227306,-3.0063574740779586e-05,0,0,0,0,1,0,0,0,1,0,13
0.17759345471858978,-0.0018355009378865361,0.013875084929168224,0.0002877938386518508,0.19258323311805725,-0.0007832400733605027,0.11795040965080261,0.012886748649179935,-0.0002123645826941356,2.9668187835341087e-06,7.623204874107614e-05,1.4581516332920486e-12,0.8153963685035706,-5.925765071879141e-05,-0.013993768021464348,-4.239589907228947e-05,0,0,0,0,1,0,0,0,1,0,18
0.19154727458953857,-0.001580764539539814,0.014012175612151623,0.00022536223696079105,0.205088272690773,-0.0009893141686916351,0.10695590823888779,0.012190422974526882,-0.00020088962628506124,2.8065267088095425e-06,7.21133328625001e-05,0.0,0.8013734817504883,-0.00010846148506971076,-0.014044958166778088,-5.4779480706201866e-05,0,0,0,0,1,0,0,0,1,0,5
0.20561762154102325,-0.0013896425953134894,0.014113328419625759,0.0001634537911741063,0.21690158545970917,-0.0011839887592941523,0.11112890392541885,0.011512037366628647,-0.0001897103211376816,2.650270744197769e-06,6.80983648635447e-05,0.0,0.7873075008392334,-0.0001641219132579863,-0.014082123525440693,-5.529727786779404e-05,0,0,0,0,1,0,0,0,1,0,16
0.21971632540225983,-0.0012624298688024282,0.014122012071311474,0.00010066614777315408,0.2280525267124176,-0.0013677484821528196,0.11018563061952591,0.010860622860491276,-0.00017897547513712198,2.5002634629345266e-06,6.424394086934626e-05,-3.643232091878057e-13,0.7732090353965759,-0.00021896018006373197,-0.014110873453319073,-5.445719216368161e-05,0,0,0,0,1,0,0,0,1,0,5
0.23367328941822052,-0.001197651494294405,0.013679967261850834,3.656666376627982e-05,0.24243292212486267,-0.0014055587816983461,0.1571343094110489,0.015835141763091087,2.148743260477204e-05,8.989376283352613e-07,1.2278230315132532e-05,-9.625376833355404e-07,0.7590862512588501,-0.00027311075245961547,-0.014131911098957062,-5.41546251042746e-05,0,0,0,0,1,0,0,0,1,0,16
0.24705924093723297,-0.0003781621635425836,0.013312590308487415,4.744130364997545e-06,0.25815626978874207,-0.0013842073967680335,0.13814039528369904,0.015631891787052155,2.1261284928186797e-05,8.989376283352613e-07,1.2278230315132532e-05,-9.625376833355404e-07,0.7449454665184021,-0.00032740310416556895,-0.014147337526082993,-5.440260792966001e-05,0,0,0,0,1,0,0,0,1,0,16
0.2603715658187866,0.001015408313833177,0.013312522321939468,2.3724217044218676e-06,0.27344459295272827,-0.0012914232211187482,0.15094290673732758,0.0158751979470253,0.00026546051958575845,4.0460912487105816e-07,-7.777784389872977e-07,1.8099038356922392e-07,0.7307912111282349,-0.00038170968764461577,-0.014158557169139385,-5.238489029579796e-05,0,0,0,0,1,0,0,0,1,0,16
0.2736872732639313,0.0010162886464968324,0.013344252482056618,-1.8706660966927302e-06,0.2892073392868042,-0.001027856138534844,0.17014317214488983,0.015671642497181892,0.00026204143068753183,4.0460912487105816e-07,-7.777784389872977e-07,1.8099038356922392e-07,0.7166271209716797,-0.0004218327230773866,-0.014167673885822296,-3.0085284379310906e-05,0,0,0,0,1,0,0,0,1,0,16
0.28718751668930054,0.0009696039487607777,0.013615629635751247,-0.00010001959162764251,0.30462515354156494,-0.000770231825299561,0.11693178117275238,0.014495953917503357,0.00024104746989905834,-6.417307645278925e-07,2.324438901268877e-05,1.7091239215005771e-06,0.702455461025238,-0.0004396389704197645,-0.014174685813486576,-7.756268132652622e-06,0,0,0,0,1,0,0,0,1,0,18
0.30091768503189087,0.0007937816553749144,0.01381425280123949,-0.000235696803429164,0.318700909614563,-0.0005365453544072807,0.13001012802124023,0.01394007820636034,0.00023135286755859852,-1.017768113342754e-06,3.186332105542533e-05,1.9165418052580208e-06,0.6882782578468323,-0.00043486201320774853,-0.014179594814777374,1.5199719200609252e-05,0,0,0,0,1,0,0,0,1,0,16
0.314817875623703,0.0005336359026841819,0.013965018093585968,-0.00024291967565659434,0.33202800154685974,-0.00031591474544256926,0.12117227911949158,0.01289663277566433,0.0002131980290869251,-2.8381480206007836e-06,7.316975097637624e-05,3.304809013116028e-07,0.6740968823432922,-0.0004068858688697219,-0.014182399027049541,3.8430647691711783e-05,0,0,0,0,1,0,0,0,1,0,6
0.32833051681518555,0.0009286199347116053,0.013805284164845943,-0.0001605366269359365,0.3445596694946289,-0.00010876003943849355,0.11239105463027954,0.012229600921273232,0.00020216163829900324,-2.8242750431672903e-06,7.234455551952124e-05,-3.6446426389044606e-13,0.6599124073982239,-0.00035693799145519733,-0.014185905456542969,5.53522004338447e-05,0,0,0,0,0,1,0,0,1,0,12
0.3412551283836365,0.002017847029492259,0.013368270359933376,0.0001692476071184501,0.35699036717414856,0.0007347505888901651,0.128550723195076,0.014405917376279831,0.003407899057492614,4.592069672071375e-06,1.479921138525242e-05,1.6261019482044503e-05,0.645725429058075,-0.00030038473778404295,-0.014188009314239025,5.753546065534465e-05,0,0,0,0,0,1,0,0,1,0,12
0.35408419370651245,0.0026797393802553415,0.012407583184540272,0.0014420885127037764,0.37122467160224915,0.004097894765436649,0.15288688242435455,0.01415556762367487,0.0033442992717027664,3.6201583952788496e-06,1.6110072465380654e-05,1.7479898815508932e-05,0.6315369009971619,-0.00024164917704183608,-0.014189411886036396,5.971716018393636e-05,0,0,0,0,0,1,0,0,1,0,6
0.3662535846233368,0.004860169719904661,0.01184169016778469,0.0025627787690609694,0.38504207134246826,0.007349487394094467,0.12132281810045242,0.013078269548714161,0.003039842937141657,-1.667886863288004e-05,4.316298145567998e-05,2.709334876271896e-05,0.6173564195632935,5.319745832821354e-05,-0.014166271314024925,0.0005296540912240744,0,0,0,0,0,1,0,0,1,0,18
0.37812766432762146,0.007422609254717827,0.012079407460987568,0.002589950105175376,0.3977731168270111,0.010298190638422966,0.11544486880302429,0.012467466294765472,0.002880722749978304,-2.771408253465779e-05,5.7602141168899834e-05,1.9192322724848054e-05,0.6032232642173767,0.0008692254777997732,-0.014098952524363995,0.0010499623604118824,0,0,0,0,0,1,0,0,1,0,12
0.3904600143432617,0.010020792484283447,0.012525039725005627,0.002595924772322178,0.4098235070705414,0.013076664879918098,0.10648500919342041,0.011762847192585468,0.0027117556892335415,-3.788523099501617e-05,6.958522862987593e-05,0.0,0.5891789197921753,0.0021876792889088392,-0.013999378308653831,0.0015130239771679044,0,0,0,0,0,1,0,0,1,0,12
0.4031819701194763,0.012609802186489105,0.01286057848483324,0.00259958952665329,0.42123064398765564,0.01570640504360199,0.11318568885326385,0.011119981296360493,0.002563551999628544,-3.581251439754851e-05,6.577819294761866e-05,-1.1659155411958277e-11,0.5752415657043457,0.0039241379126906395,-0.013882271945476532,0.0019187561701983213,0,0,0,0,0,1,0,0,1,0,14
0.4161677956581116,0.01525052823126316,0.013076908886432648,0.002674751216545701,0.43200692534446716,0.018190715461969376,0.11169163882732391,0.010499090887606144,0.002420413540676236,-3.381259739398956e-05,6.210490391822532e-05,8.742930858451903e-12,0.5614378452301025,0.006066433619707823,-0.013728352263569832,0.0023420846555382013,0,0,0,0,0,0,0,0,1,0,5
0.42886480689048767,0.018265755847096443,0.012461386620998383,0.0025556304026395082,0.4421776235103607,0.020535413175821304,0.10880304127931595,0.009906935505568981,0.0022839014418423176,-3.19062928610947e-05,5.860350574948825e-05,-2.913879641047723e-12,0.5478578209877014,0.008743750862777233,-0.013448911719024181,0.0029497239738702774,0,0,0,0,1,0,0,0,1,0,4
0.44022056460380554,0.020831219851970673,0.010659083724021912,0.0017490392783656716,0.45750969648361206,0.022619247436523438,0.14142091572284698,0.06669975817203522,0.0008691261173225939,-1.309314484387869e-05,3.205307439202443e-05,0.0008775386959314346,0.5345919728279114,0.012021295726299286,-0.013106360100209713,0.0035434532910585403,0,0,0,1,0,0,0,0,1,0,12
0.44919919967651367,0.022167159244418144,0.008381464518606663,0.0012685664696618915,0.5223271250724792,0.023303179070353508,0.33938276767730713,0.0633213073015213,0.0005341218202374876,-1.309314484387869e-05,3.205307439202443e-05,0.0008775386959314346,0.5224109292030334,0.015542606823146343,-0.010802114382386208,0.0032692435197532177,0,0,0,1,0,0,0,0,1,0,2
0.45677462220191956,0.023343591019511223,0.007229342125356197,0.00097601895686239,0.5839162468910217,0.023658746853470802,0.354806125164032,0.060207661241292953,0.00021144722995813936,-1.309314484387869e-05,3.205307439202443e-05,0.0008775386959314346,0.5141651034355164,0.018367642536759377,-0.005875264760106802,0.0024280052166432142,0,1,0,0,0,0,0,0,1,0,0
0.4635371267795563,0.023921767249703407,0.006132967304438353,0.0005072098574601114,0.6425144672393799,0.023699097335338593,0.19911618530750275,0.057310592383146286,-9.750250319484621e-05,-1.309314484387869e-05,3.205307439202443e-05,0.0008775386959314346,0.5113227367401123,0.020777640864253044,-0.0007380457245744765,0.0028713324572890997,0,1,0,0,0,0,0,0,1,0,1
0.469830185174942,0.02442919835448265,0.006772139575332403,0.0005017342045903206,0.6939130425453186,0.023546693846583366,0.1817149817943573,0.047536589205265045,-0.00018980760069098324,-1.1700948562065605e-05,5.502746716956608e-05,0.0008004264673218131,0.5135091543197632,0.023333769291639328,0.004306961316615343,0.00194939982611686,1,0,0,0,0,0,0,0,1,0,16
0.4774352014064789,0.024846363812685013,0.008258048444986343,0.00032021099468693137,0.7404565215110779,0.023249030113220215,0.14201246201992035,0.04573039337992668,-0.0003849309869110584,-1.1700948562065605e-05,5.502746716956608e-05,0.0008004264673218131,0.5191733837127686,0.024502122774720192,0.006488140672445297,0.0006678287172690034,1,0,0,0,0,0,0,0,1,0,13
0.48638400435447693,0.024973491206765175,0.009335138835012913,-3.2140877010533586e-05,0.7820106148719788,0.022869965061545372,0.13599780201911926,0.039577193558216095,-0.0003972630947828293,-9.105071512749419e-06,8.350744610652328e-05,0.0006773079512640834,0.5264530181884766,0.025013700127601624,0.007903225719928741,0.00042690045665949583,1,0,0,0,0,0,0,0,1,0,5
0.4959569275379181,0.024936484172940254,0.009927555918693542,-4.621894913725555e-05,0.8188683390617371,0.022476017475128174,0.10934718698263168,0.03439087048172951,-0.0003738615778274834,-4.64483309770003e-06,0.00012290386075619608,0.000468253914732486,0.5350496768951416,0.02529393509030342,0.0091335354372859,0.0001478993654018268,0,0,0,0,1,0,0,0,1,0,15
0.5064579844474792,0.024883516132831573,0.01086503081023693,-6.845455936854705e-05,0.8508263826370239,0.022132620215415955,0.10927006602287292,0.03031061589717865,-0.0003242293605580926,3.3330968562950147e-06,0.0001744745677569881,6.587452662643045e-05,0.5443710684776306,0.025302397087216377,0.009334788657724857,-3.627612750278786e-05,0,0,0,0,1,0,0,0,0,0,7
0.5178544521331787,0.02482084557414055,0.011730864644050598,-7.216315862024203e-05,0.8795647621154785,0.021825937554240227,0.10937074571847916,0.027530010789632797,-0.0002937866956926882,4.103910214325879e-06,0.00016283859440591186,1.4687802840293585e-12,0.554240882396698,0.025251546874642372,0.010282852686941624,-6.50232468615286e-05,0,0,0,0,0,0,1,0,0,0,11
0.5299915671348572,0.024750929325819016,0.012385785579681396,-8.655781857669353e-05,0.9057700634002686,0.021546287462115288,0.10953052341938019,0.025176629424095154,-0.00026867236010730267,3.7531331145146396e-06,0.00014892028411850333,0.0,0.5649638772010803,0.025167174637317657,0.011001264676451683,-9.739227971294895e-05,0,0,0,0,0,0,1,0,0,0,2
0.5426717400550842,0.024662625044584274,0.012883931398391724,-9.719984518596902e-05,0.9298085570335388,0.021289760246872902,0.10964582115411758,0.023150868713855743,-0.00024705444229766726,3.4511808735260274e-06,0.00013693915389012545,0.0,0.5760006904602051,0.025066431611776352,0.011197816580533981,-0.000105987761344295,0,1,0,0,0,0,0,0,0,0,10
0.5557776689529419,0.02456696331501007,0.013265592977404594,-0.00010633569036144763,0.951969563961029,0.021053271368145943,0.1097298339009285,0.021386072039604187,-0.0002282213099533692,3.1881165796221467e-06,0.00012650109420064837,1.4633670794225728e-12,0.5876650810241699,0.024954047054052353,0.011843343265354633,-0.00011896592332050204,0,1,0,0,0,0,0,0,0,0,10
0.5692098140716553,0.024461310356855392,0.013555548153817654,-0.00011511526827234775,0.9724854230880737,0.020834336057305336,0.10979197174310684,0.01983240246772766,-0.00021164133795537055,2.9565203476522584e-06,0.00011731157428584993,-1.4622178251197382e-12,0.5999599695205688,0.024831492453813553,0.012471134774386883,-0.00012652744771912694,0,1,0,0,0,0,0,0,0,0,9
0.5828886032104492,0.02435269020497799,0.01377225760370493,-0.00011514213838381693,0.9915456175804138,0.020630935207009315,0.1098385602235794,0.018451901152729988,-0.00019690935732796788,2.7507323920872295e-06,0.00010914618178503588,1.4612705576816376e-12,0.6127452254295349,0.024702483788132668,0.012895419262349606,-0.00013337739801499993,0,1,0,0,0,0,0,0,0,0,10
0.5967512726783752,0.024239113554358482,0.013933045789599419,-0.00012046506890328601,1.0093066692352295,0.02044139988720417,0.10987392067909241,0.01721513457596302,-0.00018371114856563509,2.5663687210908392e-06,0.00010183078848058358,3.6512012488963685e-13,0.6259011626243591,0.02456752397119999,0.013271922245621681,-0.00013766299525741488,0,1,0,0,0,0,0,0,0,0,12
