lt_dp_posx,lt_dp_posy,lt_dp_velx,lt_dp_vely,ball_posx,ball_posy,ball_posz,ball_vel_x,ball_vel_y,ball_rot_x,ball_rot_y,ball_rot_z,rt_gk_posx,rt_gk_posy,rt_gk_velx,rt_gk_vely,action_left,action_top_left,action_top,action_top_right,action_right,action_bottom_right,action_bottom,action_bottom_left,action_sprint,action_dribble,sel_action
-1.0110293626785278,-0.0,0.0,-0.0,0.019999999552965164,-0.0,0.11061639338731766,-0.0,0.0,0.0,-0.0,0.0,1.0110293626785278,0.0,-0.0,0.0,0,0,0,0,0,0,0,0,0,0,5
0.0022227545268833637,1.214716660591364e-10,0.003935635089874268,2.5671381687075723e-11,0.019999999552965164,-0.0,0.11059734225273132,-0.0,0.0,0.0,-0.0,0.0,1.0110293626785278,0.0,-0.0,0.0,0,0,0,0,1,0,0,0,0,0,5
0.005271322093904018,-2.6352731108403304e-09,0.005585023667663336,-4.004820364222894e-10,0.019999999552965164,-0.0,0.10930104553699493,-0.0,0.0,0.0,-0.0,0.0,1.0081888437271118,-1.941391630788658e-10,-0.004046103451400995,-2.362121054311217e-10,0,0,0,0,1,0,0,0,0,0,13
0.010625659488141537,-4.5637658097064104e-09,0.007103427313268185,-2.554758071759977e-10,0.025320498272776604,-5.634832600520667e-10,0.1260860562324524,0.008659591898322105,-9.180178284218243e-10,2.2965069516184267e-12,6.04173601459479e-06,-4.012789232843428e-12,1.0032682418823242,-3.850590957199529e-10,-0.005623172502964735,-1.3338315174582505e-10,0,0,0,0,1,0,0,0,1,0,18
0.01848970539867878,-4.6795465280524695e-09,0.008461274206638336,-1.3390841213656302e-10,0.03355647996068001,-1.4382255386635734e-09,0.11838945001363754,0.007918355986475945,-8.42004965750931e-10,1.176400036412284e-11,4.684515806729905e-05,0.0,0.9968275427818298,-1.647618153022279e-10,-0.0070915501564741135,6.362089743916499e-10,0,0,0,0,1,0,0,0,1,0,0
0.027614345774054527,-4.809848963560626e-09,0.009638728573918343,-8.884844249212875e-11,0.041250068694353104,-2.2563302337630375e-09,0.1135486587882042,0.007504452485591173,-7.979922833634134e-10,1.1148005261973903e-11,4.439179610926658e-05,-6.943675111245361e-19,0.9889967441558838,3.35211552959791e-10,-0.008409163914620876,3.61082358457665e-10,0,0,0,0,1,0,0,0,1,0,5
0.03612228110432625,-6.656200479682184e-09,0.009277104400098324,-1.8268359047723948e-10,0.048517677932977676,-3.0291376074131904e-09,0.11264698207378387,0.007074202410876751,-7.522412137639378e-10,1.0508609607495778e-11,4.1845705709420145e-05,-2.0829425256238677e-18,0.9799808859825134,4.81547801634008e-10,-0.009335489943623543,-3.8756876180601196e-11,0,0,0,0,1,0,0,0,1,0,0
0.04460865631699562,-8.484513536188842e-09,0.010067443363368511,-1.1342846106821014e-10,0.05758916214108467,8.605913535575382e-06,0.13116511702537537,0.013979627750813961,2.82593955489574e-05,2.9465124384842056e-07,7.136271051422227e-06,3.4855759167840006e-07,0.9704952239990234,1.266424409784861e-09,-0.00983055867254734,6.634999216714732e-10,0,0,0,0,1,0,0,0,1,0,13
0.055106088519096375,4.77037247037515e-07,0.010675542056560516,2.4280604975501774e-06,0.07142878323793411,3.651112274383195e-05,0.13711479306221008,0.013769258745014668,2.7762731406255625e-05,2.854166609722597e-07,8.147850167006254e-06,3.5950483834312763e-07,0.9601738452911377,1.717284536795205e-09,-0.010699383914470673,2.648284647133181e-10,0,0,0,0,1,0,0,0,1,0,5
0.06596015393733978,6.92342246111366e-06,0.011177010834217072,9.552155461278744e-06,0.08453243225812912,6.21985673205927e-05,0.12683330476284027,0.012486477382481098,2.3782886273693293e-05,-6.458757439986584e-08,4.5695003791479394e-05,4.101929391708836e-07,0.9492757320404053,2.3455200448552205e-07,-0.010805971920490265,6.612394827243406e-07,0,0,0,0,1,0,0,0,1,0,16
0.07753842324018478,2.0731586118927225e-05,0.011883500963449478,1.7103986465372145e-05,0.09663836658000946,8.502074342686683e-05,0.1176246926188469,0.011771108955144882,2.2048556274967268e-05,-3.080120904996875e-07,6.962900806684047e-05,0.0,0.9381436109542847,1.5034547686809674e-06,-0.011441286653280258,1.7422402152078575e-06,0,0,0,0,1,0,0,0,1,0,18
0.08977188169956207,3.966278745792806e-05,0.012501724064350128,2.055774712061975e-05,0.10808058828115463,0.00010645325528457761,0.11083377152681351,0.011161502450704575,2.090670204779599e-05,-2.920708368492342e-07,6.602532812394202e-05,4.554409760025753e-14,0.9263702630996704,3.837819804175524e-06,-0.012035930529236794,2.6565007829049136e-06,0,0,0,0,1,0,0,0,1,0,0
0.10254812240600586,6.3369981944561e-05,0.012981190346181393,2.649111411301419e-05,0.1188960000872612,0.00012671167496591806,0.10950885713100433,0.010538773611187935,1.9740258721867576e-05,-2.757730328539765e-07,6.234108150238171e-05,-4.5536562395158756e-14,0.9140385389328003,6.766706064809114e-06,-0.012554140761494637,3.206852170478669e-06,0,0,0,0,1,0,0,0,1,0,13
0.11571427434682846,-0.0007769088260829449,0.013238980434834957,2.3831020371289924e-05,0.1291036754846573,0.00014583177107851952,0.11070510745048523,0.009941724129021168,1.8621918570715934e-05,-2.6014203058366547e-07,5.880753815290518e-05,-6.829461990506477e-14,0.9012559056282043,1.0346526323701255e-05,-0.01295384205877781,3.878120423905784e-06,0,0,0,0,1,0,0,0,1,0,16
0.12895330786705017,-0.0022525659296661615,0.013239067979156971,1.1915582035726402e-05,0.140615314245224,7.988599827513099e-05,0.13553325831890106,0.01557299867272377,-0.0002598423161543906,-6.126012408458337e-08,1.036990033753682e-05,-7.978075018399977e-07,0.8881267309188843,1.3693433174921665e-05,-0.013260280713438988,2.235257625216036e-06,0,0,0,0,1,0,0,0,1,0,18
0.14219574630260468,-0.0022468690294772387,0.013272990472614765,3.3491965041321237e-06,0.15608079731464386,-0.0001781393657438457,0.15389469265937805,0.015377793461084366,-0.0002565539616625756,-6.126012408458337e-08,1.036990033753682e-05,-7.978075018399977e-07,0.8747334480285645,1.4143361113383435e-05,-0.013492387719452381,-9.764682999957586e-07,0,0,0,0,1,0,0,0,1,0,16
0.15563490986824036,-0.002196631161496043,0.013562160544097424,0.00010679462866391987,0.17103396356105804,-0.00042704708175733685,0.12458185106515884,0.014172323048114777,-0.00023464793048333377,1.2913152431792696e-06,4.019002153654583e-05,-1.932192162712454e-06,0.8611396551132202,1.0199845746683422e-05,-0.013669097796082497,-9.854404197540134e-06,0,0,0,0,1,0,0,0,1,0,16
0.16931922733783722,-0.0020076557993888855,0.013774283230304718,0.00025409332010895014,0.18478500843048096,-0.0006542741321027279,0.10572804510593414,0.013355893082916737,-0.00022030368563719094,2.1954676867608214e-06,5.991645957692526e-05,-1.4151382856653072e-06,0.8473948240280151,-1.2556739420688245e-05,-0.013800929300487041,-3.3075000828830525e-05,0,0,0,0,1,0,0,0,1,0,18
0.1831846684217453,-0.001725860289297998,0.013934689573943615,0.00026497329236008227,0.19769737124443054,-0.0008670638198964298,0.11271274089813232,0.01260455697774887,-0.000207717705052346,2.90160551230656e-06,7.455514423782006e-05,7.290113066167614e-13,0.833536684513092,-5.769526251242496e-05,-0.01390050444751978,-5.5041607993189245e-05,0,0,0,0,1,0,0,0,1,0,0
0.19718925654888153,-0.0014969457406550646,0.014056352898478508,0.00020027445862069726,0.20992252230644226,-0.001068528858013451,0.11237554252147675,0.011916355229914188,-0.00019637640798464417,2.7433950435806764e-06,7.049003761494532e-05,3.6443049099277314e-13,0.8195934295654297,-0.00011199844448128715,-0.01397483516484499,-5.3685620514443144e-05,0,0,0,0,1,0,0,0,1,0,0
0.2112855464220047,-0.0013310274807736278,0.014121859334409237,0.00013841709005646408,0.22146748006343842,-0.0012587840901687741,0.11105363070964813,0.011247918009757996,-0.0001853607827797532,2.5894830741890473e-06,6.653536547673866e-05,3.643614002093315e-13,0.8055866956710815,-0.00016489757399540395,-0.014030232094228268,-5.224452252150513e-05,0,0,0,0,1,0,0,0,1,0,5
0.22538252174854279,-0.0012291098246350884,0.014120737090706825,7.549019937869161e-05,0.2329203486442566,-0.001418543979525566,0.12036368995904922,0.016202325001358986,2.2783331587561406e-05,9.569889698468614e-07,8.313909347634763e-06,-1.1230620202695718e-06,0.7915324568748474,-0.0002170459774788469,-0.014072306454181671,-5.281757694319822e-05,0,0,0,0,1,0,0,0,1,0,16
0.23909927904605865,-0.0011891196481883526,0.013386151753365993,1.1927167179237586e-05,0.24877412617206573,-0.0013969874707981944,0.16152387857437134,0.015753796324133873,2.1391195332398638e-05,8.989440516415925e-07,1.2278042959223967e-05,-9.624997119317413e-07,0.7774427533149719,-0.0002709239488467574,-0.014103160239756107,-5.4741492931498215e-05,0,0,0,0,1,0,0,0,1,0,5
0.2524116039276123,0.000357985234586522,0.013312599621713161,3.7958748180244584e-06,0.2643519937992096,-0.00137598707806319,0.10267231613397598,0.015166591852903366,1.9513561710482463e-05,7.958136052366171e-07,1.9121653167530894e-05,-7.102553354343399e-07,0.7633265852928162,-0.0003261899692006409,-0.014126300811767578,-5.316024908097461e-05,0,0,0,0,1,0,0,0,1,0,16
0.2657240331172943,0.0010161364916712046,0.013312522321939468,1.4232747389542055e-06,0.2798015773296356,-0.0011855685152113438,0.17040634155273438,0.01579304225742817,0.0002640736638568342,4.045866432988987e-07,-7.778239137223864e-07,1.8104755383774318e-07,0.7491905093193054,-0.00037080259062349796,-0.01414383202791214,-3.761117113754153e-05,0,0,0,0,1,0,0,0,1,0,16
0.2790824770927429,0.0010100062936544418,0.013462585397064686,-2.7134015908814035e-05,0.29548346996307373,-0.0009233541204594076,0.1504458338022232,0.015591677278280258,0.0002607136848382652,4.045866432988987e-07,-7.778239137223864e-07,1.8104755383774318e-07,0.7350396513938904,-0.00039984018076211214,-0.014156453311443329,-2.2017535229679197e-05,0,0,0,0,1,0,0,0,1,0,6
0.29268333315849304,0.0009155547013506293,0.013702932745218277,-0.0001561351091368124,0.31032794713974,-0.0006759605021215975,0.1344221979379654,0.01407252624630928,0.00023360838531516492,-9.809391485759988e-07,3.1020234018797055e-05,1.904934265439806e-06,0.7208777666091919,-0.0004084493266418576,-0.01416557002812624,4.312157216190826e-06,0,0,0,0,0,1,0,0,1,0,7
0.30648720264434814,0.000688004307448864,0.01387876644730568,-0.0002729546104092151,0.32421186566352844,-0.00044560377136804163,0.10671103000640869,0.013519799336791039,0.00022400567831937224,-1.4116085367277265e-06,4.0852839447325096e-05,1.9270405573479366e-06,0.706707775592804,-0.0003881699522025883,-0.014173283241689205,3.334758730488829e-05,0,0,0,0,0,0,1,0,1,0,7
0.32044389843940735,0.0004429569817148149,0.014014454558491707,-0.00021702845697291195,0.3371511399745941,-0.0002316628088010475,0.10754548758268356,0.012635797262191772,0.0002088762412313372,-2.9181892386986874e-06,7.475016900571063e-05,0.0,0.6925320029258728,-0.0003418683190830052,-0.014178192242980003,5.030055399402045e-05,0,0,0,0,0,0,1,0,1,0,6
0.33353251218795776,0.0014054286293685436,0.013691570609807968,0.00015737237117718905,0.3494088053703308,-2.9037024432909675e-05,0.11276651173830032,0.01195143349468708,0.00019756334950216115,-2.7599380700848997e-06,7.069655111990869e-05,0.0,0.6783517003059387,-0.0002922288840636611,-0.014182399027049541,4.9098078306997195e-05,0,0,0,0,0,1,0,0,1,0,12
0.34656211733818054,0.002101719845086336,0.013037989847362041,0.0003355185326654464,0.36273258924484253,0.00208508362993598,0.15035368502140045,0.014260595664381981,0.0033694044686853886,3.6201511193212355e-06,1.6110083379317075e-05,1.7479884263593704e-05,0.664168119430542,-0.000243794362177141,-0.014185204170644283,4.7891146095935255e-05,0,0,0,0,0,1,0,0,1,0,12
0.3590753972530365,0.003386939875781536,0.01239776611328125,0.0019756159745156765,0.3768967390060425,0.005431510973721743,0.1345832198858261,0.014085211791098118,0.003327844897285104,3.6201511193212355e-06,1.6110083379317075e-05,1.7479884263593704e-05,0.6499818563461304,-0.00017904536798596382,-0.01418730802834034,7.854268187656999e-05,0,0,0,0,0,1,0,0,1,0,12
0.37098395824432373,0.005877894349396229,0.011766658164560795,0.002545606577768922,0.3902234137058258,0.008544874377548695,0.13146385550498962,0.012800402007997036,0.0029664048925042152,-2.1424861188279465e-05,4.942740633850917e-05,2.4914461391745135e-05,0.6357942819595337,-8.364235691260546e-05,-0.014188009314239025,0.00010919824126176536,0,0,0,0,0,1,0,0,1,0,3
0.3830345869064331,0.00846150703728199,0.012268739752471447,0.002599931787699461,0.4026968777179718,0.01142739225178957,0.11832620203495026,0.012131649069488049,0.002796776592731476,-3.9069920603651553e-05,7.176122744567692e-05,5.831256484623015e-12,0.6216121315956116,0.0001817554875742644,-0.014166271314024925,0.0005378757487051189,0,0,1,0,0,0,0,0,1,0,12
0.39553558826446533,0.011057214811444283,0.01267580408602953,0.002587796887382865,0.41448986530303955,0.01414609607309103,0.11485911905765533,0.011504095047712326,0.0026521040126681328,-3.704997288878076e-05,6.805108569096774e-05,-5.8301983033026694e-12,0.6074948906898499,0.0011002160608768463,-0.014065293595194817,0.0012291069142520428,0,0,1,0,0,0,0,0,1,0,6
0.4083782434463501,0.013656959868967533,0.012956647202372551,0.0026292065158486366,0.4256429970264435,0.016717301681637764,0.11186166107654572,0.010865462012588978,0.002504877047613263,-3.499162630760111e-05,6.427042535506189e-05,-5.829178285898795e-12,0.5935208201408386,0.0026996098458766937,-0.013898400589823723,0.0018679514760151505,0,0,0,0,0,1,0,0,1,0,5
0.4213826060295105,0.01640917919576168,0.013046467676758766,0.002675442025065422,0.4361737370491028,0.019145004451274872,0.11103268712759018,0.01025848276913166,0.0023649469949305058,-3.30378461512737e-05,6.068185030017048e-05,0.0,0.5797077417373657,0.004815613850951195,-0.013737819157540798,0.002318171551451087,0,0,0,0,1,0,0,0,1,0,1
0.43359342217445374,0.019390055909752846,0.011752490885555744,0.0020900643430650234,0.4461106061935425,0.021435804665088654,0.10831203311681747,0.009679327718913555,0.002231431193649769,-3.117326195933856e-05,5.725707524106838e-05,-8.741161440506406e-12,0.5660743713378906,0.00737873837351799,-0.013542876578867435,0.0027625826187431812,1,0,0,0,0,0,0,0,1,0,3
0.444156289100647,0.02143057808279991,0.009226448833942413,0.0013418032322078943,0.48307543992996216,0.022127533331513405,0.22534918785095215,0.0637592151761055,-0.0009059631265699863,-6.024281901773065e-06,4.252637882018462e-05,0.0015036630211398005,0.5526952743530273,0.010455082170665264,-0.01322031021118164,0.003360382979735732,0,0,1,0,0,0,0,0,1,0,4
0.4523825943470001,0.022656822577118874,0.0073944819159805775,0.0011787317926064134,0.5450860261917114,0.020963814109563828,0.29666075110435486,0.060609832406044006,-0.0013704036828130484,-6.024281901773065e-06,4.252637882018462e-05,0.0015036630211398005,0.5396967530250549,0.014158479869365692,-0.012806934304535389,0.0039810910820961,0,0,0,1,0,0,0,0,1,0,9
0.4595790505409241,0.023592276498675346,0.006899062544107437,0.0005705647636204958,0.6040492057800293,0.019351663067936897,0.1697508990764618,0.05764000862836838,-0.0018053366802632809,-6.024281901773065e-06,4.252637882018462e-05,0.0015036630211398005,0.5273667573928833,0.018333176150918007,-0.011431469582021236,0.004021745175123215,0,0,0,1,0,0,0,0,1,0,16
0.4660184383392334,0.024124806746840477,0.00613261666148901,0.0005071813357062638,0.6554495096206665,0.017569076269865036,0.16905762255191803,0.04843372479081154,-0.0018292954191565514,-3.1964591471478343e-06,6.55276162433438e-05,0.0013661206467077136,0.5179936289787292,0.021723520010709763,-0.007395884487777948,0.0027493711095303297,0,0,0,1,0,0,0,0,1,0,11
0.47272610664367676,0.02459537796676159,0.007397637702524662,0.0003890557854901999,0.7020346522331238,0.015629414469003677,0.12410461157560349,0.04280414059758186,-0.001881052739918232,7.59276986173063e-07,9.017594129545614e-05,0.0011853808537125587,0.5134397149085999,0.023448927327990532,-0.00213454756885767,0.0008228863007389009,0,0,0,1,0,0,0,0,1,0,5
0.4808945655822754,0.024775944650173187,0.008750980719923973,-3.103388371528126e-05,0.7418642044067383,0.01378339622169733,0.10928438603878021,0.0370035395026207,-0.001768549787811935,8.033036465349142e-06,0.00013035738083999604,0.0008337583276443183,0.5147619247436523,0.023950917646288872,0.0035198586992919445,0.00027414472424425185,0,0,0,0,1,0,0,0,1,0,3
0.489984929561615,0.024501901119947433,0.009251291863620281,-0.0003616803733166307,0.7760449051856995,0.012117277830839157,0.10905901342630386,0.03218153491616249,-0.001585771213285625,1.6135611076606438e-05,0.00016695140220690519,0.0003781123668886721,0.5196396112442017,0.024024467915296555,0.005283418111503124,-1.542374593554996e-05,0,0,1,0,0,0,0,0,1,0,16
0.4996607005596161,0.024111894890666008,0.010199111886322498,-0.0004233690269757062,0.8063989281654358,0.010619365610182285,0.10924625396728516,0.029009418562054634,-0.0014314783038571477,1.99961505131796e-05,0.0001715876132948324,-5.881171417920772e-12,0.5261410474777222,0.02383626066148281,0.007040762342512608,-0.0002571379882283509,0,0,1,0,0,0,0,0,1,0,3
0.5103052258491516,0.023654799908399582,0.011079194955527782,-0.0004888986586593091,0.833955705165863,0.009259571321308613,0.10944343358278275,0.0264318585395813,-0.00130428746342659,1.8219703633803874e-05,0.00015634392912033945,-1.1741684013966136e-11,0.5341810584068298,0.02351752668619156,0.008369682356715202,-0.00034637076896615326,0,0,1,0,0,0,0,0,1,0,6
0.5217307209968567,0.023148372769355774,0.011822281405329704,-0.0005275586154311895,0.8591495752334595,0.008016379550099373,0.10958315432071686,0.024230491369962692,-0.001195660443045199,1.6702462744433433e-05,0.00014332438877318054,5.8628006963101775e-12,0.543402373790741,0.02311033010482788,0.00950279925018549,-0.00043985285446979105,0,0,0,0,0,1,0,0,1,0,14
0.5338539481163025,0.022601045668125153,0.012438925914466381,-0.0005664443597197533,0.8823106288909912,0.006873489823192358,0.10968401283025742,0.022325702011585236,-0.0011016682256013155,1.5389587133540772e-05,0.00013205851428210735,2.9282101916827674e-12,0.5534783601760864,0.022643866017460823,0.01019319985061884,-0.0004756382550112903,0,0,0,0,0,0,0,0,1,0,17
0.5456881523132324,0.022058025002479553,0.010431122966110706,-0.00047924023238010705,0.9037018418312073,0.005817932542413473,0.10975797474384308,0.020658737048506737,-0.00101941148750484,1.4240599739423487e-05,0.00012219903874211013,2.9256360788848523e-12,0.56416916847229,0.022142833098769188,0.010821000672876835,-0.0005110587226226926,0,0,0,0,0,0,0,0,1,1,16
0.5534417033195496,0.021704133599996567,0.005172121804207563,-0.00023512526240665466,0.9235358238220215,0.004839221015572548,0.10981299728155136,0.01918533630669117,-0.0009467060444876552,1.3225017028162256e-05,0.00011348431871738285,-5.847060249170033e-12,0.57449871301651,0.02165447734296322,0.01032582763582468,-0.000490388018079102,0,0,0,0,0,0,0,0,1,1,0
0.5567356944084167,0.021558552980422974,0.002656823955476284,-0.00011975365487160161,0.941986620426178,0.003928763326257467,0.10985445976257324,0.01787150464951992,-0.0008818745263852179,1.2319404049776495e-05,0.00010571323218755424,2.9217856432894873e-12,0.5842406749725342,0.02119087614119053,0.010686571709811687,-0.0005106676835566759,0,0,0,0,0,0,0,0,1,1,1
0.5582775473594666,0.021495375782251358,0.0006192424334585667,-2.1340596504160203e-05,0.9591985940933228,0.0030794308986514807,0.10988608747720718,0.016690732911229134,-0.000823608657810837,1.1505485417728778e-05,9.872899681795388e-05,5.840649578564561e-12,0.5948579907417297,0.02068222314119339,0.011449000798165798,-0.0005494892247952521,1,0,0,0,0,0,0,0,1,1,8
0.5619281530380249,0.02133721299469471,0.001785827218554914,0.0003200071514584124,0.9752930402755737,0.002285246504470706,0.10991046577692032,0.015622005797922611,-0.0007708721677772701,1.0768800166260917e-05,9.24074774957262e-05,-7.297723189636507e-12,0.6066700220108032,0.020114824175834656,0.012086419388651848,-0.0005811310256831348,0,0,0,0,0,0,0,1,1,1,18
0.5639516711235046,0.02215198427438736,-0.0006857499829493463,0.0014829409774392843,0.990372359752655,0.0015411528293043375,0.10992943495512009,0.014648504555225372,-0.0007228346657939255,1.0097754966409411e-05,8.664914639666677e-05,-5.836071209630589e-12,0.6190400123596191,0.01951911486685276,0.012582890689373016,-0.000606769579462707,0,0,0,0,0,0,0,1,1,0,13
0.5641719698905945,0.023510821163654327,-0.002085891319438815,0.0019967546686530113,1.0045241117477417,0.0008428327855654061,0.10994432121515274,0.013756567612290382,-0.0006788215832784772,9.482929272053298e-06,8.137336408253759e-05,-1.4585652564208518e-12,0.631842851638794,0.018901245668530464,0.012967165559530258,-0.0006261481903493404,0,0,0,0,0,0,0,1,1,0,18
