lt_dp_posx,lt_dp_posy,lt_dp_velx,lt_dp_vely,ball_posx,ball_posy,ball_posz,ball_vel_x,ball_vel_y,ball_rot_x,ball_rot_y,ball_rot_z,rt_gk_posx,rt_gk_posy,rt_gk_velx,rt_gk_vely,action_left,action_top_left,action_top,action_top_right,action_right,action_bottom_right,action_bottom,action_bottom_left,action_sprint,action_dribble,sel_action
-1.0110293626785278,-0.0,0.0,-0.0,0.019999999552965164,-0.0,0.11061639338731766,0.0,-0.0,0.0,-0.0,0.0,1.0110293626785278,0.0,-0.0,0.0,0,0,0,0,0,0,0,0,0,0,5
0.0008581235888414085,1.0608899175812425e-10,0.0032361329067498446,2.350730721190075e-10,0.019999999552965164,-0.0,0.11059734225273132,0.0,-0.0,0.0,-0.0,0.0,1.0110293626785278,0.0,-0.0,0.0,0,0,0,0,1,0,0,0,0,0,5
0.004095788113772869,-3.544020910073442e-10,0.0049343896098434925,-2.4426119460407847e-10,0.019999999552965164,-0.0,0.10930104553699493,0.0,-0.0,0.0,-0.0,0.0,1.0109632015228271,-5.908663857669139e-13,-0.0006619621999561787,-5.90866418292979e-12,0,0,0,0,1,0,0,0,0,0,13
0.008506884798407555,-1.6562009541587486e-09,0.006507073994725943,-2.878157157049088e-10,0.0226728655397892,3.203089529724146e-11,0.12250946462154388,0.008819825015962124,1.0592583754576168e-10,9.142659502733852e-13,-1.8786762666422874e-05,2.0893169464485106e-13,1.007768154144287,-2.3373860139064284e-11,-0.004207386635243893,-2.5064174694056085e-11,0,0,0,0,1,0,0,0,1,0,13
0.015811625868082047,-1.7564065757369463e-09,0.007932238280773163,8.40276251357075e-11,0.031164444983005524,1.3470694004702466e-10,0.11370010673999786,0.008204934187233448,9.9735220082664e-11,1.3954309712946311e-12,-4.8674159188522026e-05,5.208482313668507e-19,1.0026906728744507,-4.3322741227758144e-11,-0.005775339435786009,-1.3759514361222358e-11,0,0,0,0,1,0,0,0,1,0,0
0.02444927766919136,-2.223494277586724e-09,0.00918643455952406,-5.30506860663138e-10,0.03914539888501167,2.3171842222780015e-10,0.11427255719900131,0.007788564078509808,9.467283901276602e-11,1.3225514433612418e-12,-4.6071221731835976e-05,-2.604016525599157e-19,0.9961044192314148,2.8033558807649683e-10,-0.007231095340102911,6.302540156433167e-10,0,0,0,0,1,0,0,0,1,0,18
0.033788248896598816,-3.5133727038783036e-09,0.009951071813702583,-2.5038790485432116e-10,0.04669920355081558,3.235376133670087e-10,0.11035674065351486,0.007359822280704975,8.946133417397917e-11,1.2497756735757592e-12,-4.3536085286177695e-05,-1.7358730243837085e-19,0.9881436228752136,7.770586951671987e-10,-0.008531177416443825,3.6703526329340264e-10,0,0,0,0,1,0,0,0,1,0,13
0.04189756512641907,-7.270739121878478e-09,0.009685607627034187,-1.377468417107508e-10,0.05382099747657776,4.101056716443452e-10,0.10942528396844864,0.006930423900485039,8.424186348499063e-11,1.1768509344117772e-12,-4.099572106497362e-05,-2.603614050532362e-19,0.9790472984313965,9.686089708083045e-10,-0.009335489943623543,2.5358556920984654e-10,0,0,0,0,1,0,0,0,1,0,13
0.05160771682858467,-8.332277978695402e-09,0.01050952635705471,-7.845207816714606e-11,0.06648774445056915,2.3542213966720738e-05,0.14592403173446655,0.014017065055668354,2.9260807423270307e-05,3.8005208580216276e-07,-4.279303175280802e-05,-2.460218162525507e-08,0.9695028066635132,1.1692311563393787e-09,-0.009924523532390594,1.6582248074659134e-10,0,0,0,0,1,0,0,0,1,0,18
0.062283873558044434,3.0996334317023866e-06,0.010763458907604218,6.492790816992056e-06,0.08031841367483139,5.2502429753076285e-05,0.1152229979634285,0.013379339128732681,2.841870991687756e-05,3.9252552141988417e-07,-6.901827873662114e-05,-4.158809741028335e-09,0.9590960144996643,1.2758227807552203e-09,-0.010777922347187996,5.655869175780204e-11,0,0,0,0,1,0,0,0,1,0,0
0.07349324971437454,1.3915588169766124e-05,0.011549495160579681,1.4640925655839965e-05,0.09335747361183167,8.024700218811631e-05,0.10899363458156586,0.01277842652052641,2.719345866353251e-05,3.799218291078432e-07,-7.559487130492926e-05,0.0,0.9481951594352722,3.793121265971422e-07,-0.01080527063459158,9.410047141500399e-07,0,0,0,0,1,0,0,0,1,0,16
0.08540928363800049,3.234524047002196e-05,0.012209135107696056,2.0203991880407557e-05,0.10575751960277557,0.00010663519788067788,0.11389151960611343,0.012090763077139854,2.573006167949643e-05,3.594377631088719e-07,-7.151907630031928e-05,0.0,0.9369930624961853,2.0607042188203195e-06,-0.011505099013447762,2.275487759106909e-06,0,0,0,0,1,0,0,0,1,0,16
0.09793233126401901,5.5099801102187485e-05,0.01275793556123972,2.5400764570804313e-05,0.1174817681312561,0.00013158528599888086,0.11149943619966507,0.011420640163123608,2.4303983082063496e-05,3.395139742679021e-07,-6.755475624231622e-05,-9.109470041354997e-14,0.9251608848571777,5.009160304325633e-06,-0.012094132602214813,3.283023488620529e-06,0,0,0,0,1,0,0,0,1,0,5
0.11092948913574219,8.429386798525229e-05,0.013175519183278084,3.231366281397641e-05,0.12854592502117157,0.00015513061953242868,0.11083129048347473,0.01077461987733841,2.292920180479996e-05,3.2031235264184943e-07,-6.373412907123566e-05,9.107871520776939e-14,0.9127786755561829,8.648595212434884e-06,-0.012599019333720207,3.987078343925532e-06,0,0,0,0,1,0,0,0,1,0,16
0.12328720092773438,-7.395559077849612e-05,0.01340499147772789,2.9650673241121694e-05,0.13898174464702606,0.00017733882123138756,0.11047385632991791,0.010163950733840466,2.1629652110277675e-05,3.021630732291669e-07,-6.012287121848203e-05,4.553223575086418e-14,0.899957001209259,1.3082735677016899e-05,-0.012988903559744358,4.791701940121129e-06,0,0,0,0,1,0,0,0,1,0,5
0.13411468267440796,-0.0007611223263666034,0.013405167497694492,1.61726802616613e-05,0.14943012595176697,0.0001857065362855792,0.1195223405957222,0.01562848687171936,-0.00010541358642512932,-1.1818870149227223e-07,-4.609050665749237e-05,-5.417411941266437e-08,0.8867981433868408,1.7894939446705393e-05,-0.013286225497722626,4.706701929535484e-06,0,0,0,0,1,0,0,0,1,0,13
0.1475178599357605,-0.0007523623062297702,0.013386063277721405,2.691477675398346e-06,0.16477245092391968,8.274447463918477e-05,0.1508752405643463,0.01524806022644043,-0.00010229884355794638,-2.5365093847540265e-07,-5.070263796369545e-05,-1.7512171268663224e-07,0.8733821511268616,2.243091876152903e-05,-0.01351272314786911,4.398131750349421e-06,0,0,0,0,1,0,0,0,1,0,0
0.16096316277980804,-0.0007399374735541642,0.013568121008574963,2.9766228180960752e-05,0.17973347008228302,-1.7082322301575914e-05,0.12316951900720596,0.014485649764537811,-9.551493712933734e-05,-1.159676230599871e-06,-8.022446854738519e-05,-1.6451929241156904e-07,0.8597712516784668,2.5560993890394457e-05,-0.013683823868632317,-1.3451818325904696e-08,0,0,0,0,1,0,0,0,1,0,18
0.1746547520160675,-0.0006806825986132026,0.013782872818410397,8.296925807371736e-05,0.193884938955307,-0.00011033682676497847,0.11392621695995331,0.013826455920934677,-9.111042163567618e-05,-1.272612848879362e-06,-8.177568088285625e-05,1.8232483123097054e-13,0.8460135459899902,1.963980139407795e-05,-0.013812148943543434,-1.0587067663436756e-05,0,0,0,0,1,0,0,0,1,0,0
0.18852929770946503,-0.00057939876569435,0.013942577876150608,0.0001006153688649647,0.20732033252716064,-0.00019887022790499032,0.11453941464424133,0.013102599419653416,-8.634047844680026e-05,-1.2061296956744627e-06,-7.750367512926459e-05,1.8228142248648965e-13,0.8321455717086792,3.6262915728002554e-06,-0.01390891894698143,-1.961095040314831e-05,0,0,0,0,1,0,0,0,1,0,13
0.2025400549173355,-0.0004923852393403649,0.014061085879802704,7.59001195547171e-05,0.22002650797367096,-0.0002825985138770193,0.11015138030052185,0.012381335720419884,-8.158770651789382e-05,-1.1398013839425403e-06,-7.324148464249447e-05,-1.8224046674942401e-13,0.818195104598999,-1.57869126269361e-05,-0.013981145806610584,-1.9246668671257794e-05,0,0,0,0,1,0,0,0,1,0,18
0.21644426882266998,-0.0003545209183357656,0.014141044579446316,5.271988266031258e-05,0.23201744258403778,-0.00036161355092190206,0.10926578938961029,0.011680003255605698,-7.696620741626248e-05,-1.0752272601166624e-06,-6.909210787853226e-05,0.0,0.8041828274726868,-3.4819408028852195e-05,-0.014035842381417751,-1.88535159395542e-05,0,0,0,0,1,0,0,0,1,0,16
0.22823400795459747,0.0005379747599363327,0.014141101390123367,3.075264612562023e-05,0.2433270514011383,-0.00043613911839202046,0.11069923639297485,0.011012671515345573,-7.256880053319037e-05,-1.0137600838788785e-06,-6.51423106319271e-05,-3.6433803565251444e-13,0.7901240587234497,-5.337212496669963e-05,-0.01407651323825121,-1.8253700545756146e-05,0,0,0,0,1,0,0,0,1,0,16
0.2416669726371765,0.0007105697877705097,0.013533234596252441,8.408639587287325e-06,0.2583116888999939,-0.0003309572930447757,0.15297743678092957,0.015326823107898235,0.00012386112939566374,1.113603289581988e-07,-5.391307786339894e-05,1.3700368128866103e-07,0.7760308980941772,-7.124497642507777e-05,-0.01410596538335085,-1.7559050320414826e-05,0,0,0,0,1,0,0,0,1,0,16
0.25508570671081543,0.0007058445480652153,0.013516930863261223,-2.157058952434454e-05,0.27345943450927734,-0.00020891294116154313,0.11552142351865768,0.014714795164763927,0.00011639331933110952,1.2044843060721178e-06,-7.784998160786927e-05,2.942312562481675e-07,0.7619121074676514,-8.738972246646881e-05,-0.014127703383564949,-1.1721630471583921e-05,0,0,0,0,1,0,0,0,1,0,13
0.26873353123664856,0.0006483199540525675,0.01374465599656105,-8.791194704826921e-05,0.2878066599369049,-9.56709700403735e-05,0.11044134199619293,0.014065565541386604,0.00011100481788162142,1.5508811657127808e-06,-8.321067434735596e-05,3.6467991170255343e-13,0.7477743029594421,-8.930754847824574e-05,-0.014145233668386936,6.109910373197636e-06,0,0,0,0,1,0,0,0,1,0,16
0.28257521986961365,0.0005296996678225696,0.013913827948272228,-0.00012857688125222921,0.3014516830444336,1.2014941603410989e-05,0.10653568804264069,0.013319198973476887,0.00010511452273931354,1.4685381302115275e-06,-7.879268378019333e-05,3.645885676695215e-13,0.7336223125457764,-7.337333227042109e-05,-0.014157154597342014,2.3976375814527273e-05,0,0,0,0,1,0,0,0,1,0,7
0.29656144976615906,0.0004162605619058013,0.01404004916548729,-0.00010017911699833348,0.31436166167259216,0.00011389988503651693,0.11323007941246033,0.012580136768519878,9.928188228514045e-05,1.3869546364730923e-06,-7.441540219588205e-05,-3.645029970130581e-13,0.7194595336914062,-4.792828985955566e-05,-0.014166271314024925,2.512498940632213e-05,0,0,0,0,0,0,1,0,1,0,7
0.30986806750297546,0.000979273347184062,0.013836730271577835,3.625345561886206e-05,0.3265482783317566,0.00021007625036872923,0.11170315742492676,0.011869749054312706,9.367555321659893e-05,1.3086233821013593e-06,-7.021264173090458e-05,0.0,0.7052888870239258,-2.319632585567888e-05,-0.01417398452758789,2.4409786419710144e-05,0,0,0,0,0,0,1,0,1,0,6
0.3226596713066101,0.002000463893637061,0.013319534249603748,0.00028818240389227867,0.3389859199523926,0.0013393232366070151,0.13362781703472137,0.014310182072222233,0.0035225138999521732,1.736240301397629e-05,-5.2101655455771834e-05,2.518484507163521e-06,0.6911121606826782,3.885017576976679e-06,-0.014178893528878689,3.3913293009391055e-05,0,0,0,0,0,1,0,0,1,0,12
0.3353827893733978,0.0029459642246365547,0.012370417825877666,0.0017564583104103804,0.35318422317504883,0.0048327879048883915,0.14246565103530884,0.014118491671979427,0.003473884891718626,1.7769369151210412e-05,-5.251701804809272e-05,2.782564251901931e-06,0.6769310832023621,4.864932270720601e-05,-0.014182399027049541,5.3643401770386845e-05,0,0,0,0,0,1,0,0,1,0,12
0.3474459946155548,0.005346163176000118,0.011742816306650639,0.002658923389390111,0.3669215738773346,0.008191416040062904,0.12691552937030792,0.013358423486351967,0.003247601445764303,4.5368942664936185e-05,-7.90199264883995e-05,1.1666979882196671e-11,0.6627472043037415,0.00011835462646558881,-0.014183801598846912,0.00012545683421194553,0,0,0,0,0,1,0,0,1,0,12
0.3592969477176666,0.008020543493330479,0.012069940567016602,0.002706307452172041,0.37996652722358704,0.011362808756530285,0.1183551624417305,0.01273481547832489,0.0030959940049797297,4.3249739974271506e-05,-7.532883319072425e-05,0.0,0.6485776901245117,0.0005409427685663104,-0.014150142669677734,0.0006655137403868139,0,0,0,0,0,1,0,0,1,0,3
0.37161144614219666,0.010739864781498909,0.012500145472586155,0.002722770208492875,0.3923397660255432,0.014370894990861416,0.11496146768331528,0.012065739370882511,0.002933333395048976,4.0978731703944504e-05,-7.137338980101049e-05,0.0,0.634468674659729,0.0015025539323687553,-0.014067397452890873,0.001203406136482954,0,0,1,0,0,0,0,0,1,0,6
0.3842983841896057,0.013466641306877136,0.01281710248440504,0.0027473748195916414,0.40403345227241516,0.017213772982358932,0.11188136041164398,0.01138863991945982,0.0027687211986631155,3.867724444717169e-05,-6.73648391966708e-05,0.0,0.6204508543014526,0.002932006726041436,-0.013983950950205326,0.0015675700269639492,0,0,0,0,0,1,0,0,1,0,12
0.3972334861755371,0.016259988769888878,0.01302080973982811,0.002830964047461748,0.41506829857826233,0.019896483048796654,0.1110362783074379,0.01074746623635292,0.0026128434110432863,3.65008891094476e-05,-6.357427628245205e-05,0.0,0.6065110564231873,0.004658861085772514,-0.013901205733418465,0.0018569128587841988,0,0,0,0,0,1,0,0,1,0,5
0.41022658348083496,0.01926467753946781,0.013024107553064823,0.0028600110672414303,0.42547696828842163,0.02242695540189743,0.10828690975904465,0.010137684643268585,0.0024645982775837183,3.443069363129325e-05,-5.996857362333685e-05,0.0,0.5926645994186401,0.006680512800812721,-0.013791813515126705,0.0021766817662864923,0,0,0,0,1,0,0,0,1,0,5
0.4222468435764313,0.02241665869951248,0.011615759693086147,0.0021900346037000418,0.43529731035232544,0.024814406409859657,0.11130557954311371,0.00956602580845356,0.0023256223648786545,3.248848224757239e-05,-5.6585744459880516e-05,2.9136426344528177e-12,0.57895827293396,0.009072963148355484,-0.013632633723318577,0.0025682970881462097,0,0,0,0,1,0,0,0,1,0,4
0.4324130117893219,0.0244652908295393,0.008675631135702133,0.0013072524452582002,0.47601744532585144,0.02621781826019287,0.32215777039527893,0.06079455465078354,0.0007571868482045829,-1.3329621651791967e-05,9.92730292637134e-06,0.00042973581003025174,0.5654259920120239,0.011854374781250954,-0.01344645768404007,0.0029549715109169483,0,0,0,1,0,0,0,0,1,0,0
0.440436989068985,0.02578774094581604,0.007356615737080574,0.0012755393981933594,0.5351760387420654,0.0268638227134943,0.6022233366966248,0.05786529928445816,0.0005584958707913756,-1.3329621651791967e-05,9.92730292637134e-06,0.00042973581003025174,0.5534226894378662,0.014658592641353607,-0.010332640260457993,0.002622205065563321,0,0,0,1,0,0,0,0,1,0,11
0.4475553631782532,0.02675601653754711,0.006880129221826792,0.0006610126583836973,0.5915634036064148,0.02732359617948532,0.7964242100715637,0.055217351764440536,0.0003822777362074703,-1.3329621651791967e-05,9.92730292637134e-06,0.00042973581003025174,0.5459396839141846,0.017192183062434196,-0.004934212658554316,0.002567163435742259,0,0,0,1,0,0,0,0,1,0,0
0.45390045642852783,0.02736562490463257,0.006115787196904421,0.0005875763017684221,0.6454393267631531,0.02761889062821865,0.9080051183700562,0.05281246453523636,0.00022717905812896788,-1.3329621651791967e-05,9.92730292637134e-06,0.00042973581003025174,0.5437821745872498,0.020251993089914322,1.4725853361596819e-05,0.003026974853128195,0,0,0,1,0,0,0,0,1,0,12
0.4607299864292145,0.027934366837143898,0.0075273653492331505,0.0005120295681990683,0.6970289945602417,0.027769986540079117,0.9396296739578247,0.050618622452020645,9.165683877654374e-05,-1.3329621651791967e-05,9.92730292637134e-06,0.00042973581003025174,0.5466118454933167,0.022609224542975426,0.004674757365137339,0.0017480559181421995,0,0,0,1,0,0,0,0,1,0,5
0.4690420627593994,0.02829556167125702,0.008921412751078606,0.00019891980628017336,0.7465280294418335,0.0277955774217844,0.8935281038284302,0.048608895391225815,-2.5898669264279306e-05,-1.3329621651791967e-05,9.92730292637134e-06,0.00042973581003025174,0.552391767501831,0.02388794533908367,0.006538278888911009,0.0010153180919587612,0,0,0,0,1,0,0,0,1,0,9
0.47832703590393066,0.028334662318229675,0.009335489943623543,-5.789350780105451e-06,0.7941078543663025,0.027712740004062653,0.7716078758239746,0.04676041379570961,-0.00012708215217571706,-1.3329621651791967e-05,9.92730292637134e-06,0.00042973581003025174,0.5597391128540039,0.024808114394545555,0.007988073863089085,0.0008020104141905904,0,0,0,0,1,0,0,0,1,0,8
0.48824864625930786,0.028320565819740295,0.010373312048614025,-2.2957769033382647e-05,0.8399184942245483,0.02753700315952301,0.5755366086959839,0.045053690671920776,-0.000213420411455445,-1.3329621651791967e-05,9.92730292637134e-06,0.00042973581003025174,0.5684387683868408,0.025396395474672318,0.009247134439647198,0.00039821036625653505,0,0,0,0,0,0,0,1,1,0,14
0.49910876154899597,0.028284139931201935,0.011240384541451931,-4.554479164653458e-05,0.8840926289558411,0.02728242613375187,0.30680596828460693,0.04347197338938713,-0.0002863404806703329,-1.3329621651791967e-05,9.92730292637134e-06,0.00042973581003025174,0.5777939558029175,0.025640694424510002,0.009532535448670387,0.0002068480825982988,0,0,0,0,0,0,0,0,1,0,15
0.5107865929603577,0.0282353013753891,0.012007530778646469,-5.21611946169287e-05,0.924519956111908,0.026935555040836334,0.17116379737854004,0.03484690189361572,-0.00043375600944273174,-1.2596788110386115e-05,-1.3412636690190993e-05,0.0003942390321753919,0.5878449082374573,0.025824416428804398,0.010451148264110088,0.00015902177256066352,0,0,0,0,0,0,0,0,0,0,5
0.5231768488883972,0.028187142685055733,0.012624327093362808,-5.6053711887216195e-05,0.9588391184806824,0.02647225931286812,0.29922962188720703,0.03389351814985275,-0.0004858107422478497,-1.2596788110386115e-05,-1.3412636690190993e-05,0.0003942390321753919,0.5986765027046204,0.025950536131858826,0.010927284136414528,0.00010415127326268703,0,0,0,0,1,0,0,0,0,0,13
0.5360898375511169,0.02813609503209591,0.013090674765408039,-5.7157845731126145e-05,0.9922264814376831,0.025962725281715393,0.3138110935688019,0.032978612929582596,-0.0005274858558550477,-1.2596788110386115e-05,-1.3412636690190993e-05,0.0003942390321753919,0.609643816947937,0.026034638285636902,0.011240734718739986,6.958628364372998e-05,0,0,0,0,1,0,0,0,1,0,18
