lt_dp_posx,lt_dp_posy,lt_dp_velx,lt_dp_vely,ball_posx,ball_posy,ball_posz,ball_vel_x,ball_vel_y,ball_rot_x,ball_rot_y,ball_rot_z,rt_gk_posx,rt_gk_posy,rt_gk_velx,rt_gk_vely,action_left,action_top_left,action_top,action_top_right,action_right,action_bottom_right,action_bottom,action_bottom_left,action_sprint,action_dribble,sel_action
-1.0110293626785278,-0.0,0.0,-0.0,0.019999999552965164,-0.0,0.11061639338731766,0.0,-0.0,0.0,-0.0,0.0,1.0110293626785278,0.0,-0.0,0.0,0,0,0,0,0,0,0,0,0,0,5
0.0,-0.0,0.0,-0.0,0.019999999552965164,-0.0,0.11059734225273132,0.0,-0.0,0.0,-0.0,0.0,1.0100501775741577,-8.022917399874707e-12,-0.003236181568354368,-2.5031638220540664e-11,0,0,0,0,1,0,0,0,0,0,5
4.241273563820869e-05,1.157607863733201e-11,0.0006617647595703602,5.533552435710298e-11,0.019999999552965164,-0.0,0.10930104553699493,0.0,-0.0,0.0,-0.0,0.0,1.0059254169464111,-3.224626815567788e-11,-0.00484480569139123,-2.1483743603556427e-11,0,0,0,0,1,0,0,0,0,0,5
0.002880488522350788,1.6380509448854497e-10,0.004276019521057606,1.0108697212629636e-10,0.019999999552965164,-0.0,0.11075475811958313,0.0,-0.0,0.0,-0.0,0.0,1.0002306699752808,-4.500159273002069e-11,-0.0063720871694386005,-3.904107072350005e-12,0,0,0,0,1,0,0,0,0,0,5
0.006310980301350355,-1.2954378680873901e-09,0.005893108434975147,-3.6759809085573636e-10,0.019999999552965164,-0.0,0.11053141206502914,0.0,-0.0,0.0,-0.0,0.0,0.9930757880210876,5.149626280953612e-10,-0.0077724456787109375,5.432133076688217e-10,0,0,0,0,1,0,0,0,0,0,13
0.012720324099063873,-1.8093189169121615e-09,0.007382407784461975,-1.86656856637768e-10,0.02782951109111309,-4.4091522100053737e-10,0.11851169168949127,0.008456655777990818,-4.75826433810056e-10,-4.127789256236358e-12,-3.229106732760556e-05,-1.4697724374374e-12,0.9846126437187195,8.94902374426465e-10,-0.00900100264698267,2.2998296322906953e-10,0,0,0,0,1,0,0,0,1,0,0
0.02084559015929699,-1.9384283067580554e-09,0.008707515895366669,-1.8623529107753e-10,0.03598489612340927,-8.995488798291262e-10,0.10680514574050903,0.007951012812554836,-4.4711148672327283e-10,-6.246225325162724e-12,-4.703375088865869e-05,0.0,0.975313127040863,1.067834931589573e-09,-0.009335489943623543,2.018714778673214e-10,0,0,0,0,1,0,0,0,1,0,18
0.030195849016308784,-2.1204713540612374e-09,0.009847519919276237,-1.6574004668701292e-10,0.04369121417403221,-1.3328999015627119e-09,0.11039599031209946,0.007507634349167347,-4.2217881968120707e-10,-5.897814354949293e-12,-4.441022974788211e-05,0.0,0.9654421806335449,1.2273344562885313e-09,-0.010284255258738995,1.1417385092915566e-10,0,0,0,0,1,0,0,0,1,0,16
0.03860125690698624,-3.036981999215982e-09,0.009385165758430958,-1.7454329648280975e-10,0.050955161452293396,-1.7413758213180586e-09,0.11031106859445572,0.007066906895488501,-3.9739525559134847e-10,-5.551523650504375e-12,-4.1802686610026285e-05,3.4715666539720696e-19,0.9547167420387268,1.3045081681539727e-09,-0.011003718711435795,2.973187807064903e-10,0,0,0,0,1,0,0,0,1,0,0
0.04737188294529915,-3.7102318994897132e-09,0.010158954188227654,-1.0774411918212934e-10,0.06077883392572403,1.1813431228802074e-05,0.13620929419994354,0.014067775569856167,2.937835051852744e-05,3.8029642723813595e-07,-4.303434252506122e-05,-2.359450768096849e-08,0.9437978863716125,1.5151679910729854e-09,-0.011102592572569847,1.4189437125278204e-10,0,0,0,0,1,0,0,0,1,0,5
0.05792097747325897,8.746820299165847e-07,0.010675542056560516,3.513945557642728e-06,0.07475697249174118,4.100744263269007e-05,0.12802498042583466,0.01388746127486229,2.9017501219641417e-05,3.806354413882218e-07,-4.3562329665292054e-05,-2.297845291820977e-08,0.9323297739028931,1.5859800139850222e-09,-0.011747725307941437,1.1093305961329403e-11,0,0,0,0,1,0,0,0,1,0,0
0.06883295625448227,8.636970051156823e-06,0.011254759505391121,1.116910334530985e-05,0.08808230608701706,6.924327317392454e-05,0.12420414388179779,0.013002825900912285,2.7680560378939845e-05,3.867132249979477e-07,-7.691960490774363e-05,9.113783810748774e-14,0.9202682971954346,1.9080546564964607e-07,-0.012311514467000961,6.002136956340109e-07,0,0,0,0,1,0,0,0,1,0,16
0.08048031479120255,2.4437344109173864e-05,0.011945822276175022,1.9302273358334787e-05,0.10073912143707275,9.618726471671835e-05,0.11380387097597122,0.012358857318758965,2.63096735579893e-05,3.675563675642479e-07,-7.3109200457111e-05,-4.5559801591099625e-14,0.9076964855194092,1.7241538898815634e-06,-0.012767314910888672,2.3483310087613063e-06,0,0,0,0,1,0,0,0,1,0,5
0.09277476370334625,4.535463449428789e-05,0.012555718421936035,2.2894661015016027e-05,0.11271888762712479,0.00012168993998784572,0.11225045472383499,0.01167542114853859,2.4854754883563146e-05,3.472137848348211e-07,-6.906296039232984e-05,0.0,0.89472895860672,4.970142526872223e-06,-0.01311722956597805,3.7120892102393555e-06,0,0,0,0,1,0,0,0,1,0,18
0.10559763759374619,7.182484114309773e-05,0.01302221231162548,2.955901982204523e-05,0.12403049319982529,0.0001457702019251883,0.10975604504346848,0.01101827435195446,2.3455821064999327e-05,3.276777249539009e-07,-6.517712608911097e-05,4.5542325607331874e-14,0.8814587593078613,9.044982107297983e-06,-0.013384398072957993,4.3990994527121074e-06,0,0,0,0,1,0,0,0,1,0,18
0.11855003237724304,0.00010412759002065286,0.013374940492212772,3.346340963616967e-05,0.13470061123371124,0.00016848488303367049,0.11078747361898422,0.010391251184046268,2.2121002984931692e-05,3.0902259595677606e-07,-6.146649684524164e-05,-4.5534837836078146e-14,0.8679583072662354,1.3824444977217354e-05,-0.01358705386519432,5.084119038656354e-06,0,0,0,0,1,0,0,0,1,0,18
0.13031147420406342,-0.0011512022465467453,0.013405099511146545,2.158230017812457e-05,0.14476555585861206,0.00018991123943123966,0.11049692332744598,0.009803022257983685,2.086876702378504e-05,2.9153358127587126e-07,-5.7987843320006505e-05,-9.105644840565197e-14,0.8542835116386414,1.9216782675357535e-05,-0.01373992208391428,5.671445251209661e-06,0,0,0,0,1,0,0,0,1,0,16
0.14303845167160034,-0.0016824807971715927,0.013405084609985352,8.094039912975859e-06,0.15852558612823486,5.269369648885913e-05,0.15161734819412231,0.015409124083817005,-0.0002033903292613104,-5.852438675901794e-07,-5.070255065220408e-05,-3.561489734238421e-07,0.8404778242111206,2.5223562261089683e-05,-0.013854924589395523,6.271945039770799e-06,0,0,0,0,1,0,0,0,1,0,0
0.15643210709095,-0.0016746288165450096,0.013462936505675316,2.27224882110022e-05,0.1738203912973404,-0.00014916117652319372,0.12004584074020386,0.01514678169041872,-0.00019964623788837343,-6.8019477339476e-07,-5.238053199718706e-05,-4.218000810851663e-07,0.8265740275382996,2.852815669029951e-05,-0.013940474949777126,-4.120461653656093e-06,0,0,0,0,1,0,0,0,1,0,13
0.1700335144996643,-0.0015993359265848994,0.01370380911976099,0.00012344079732429236,0.18832187354564667,-0.0003376356908120215,0.12806960940361023,0.014221178367733955,-0.00018429178453516215,-2.5747094696271233e-06,-8.412849274463952e-05,-7.293990173136422e-13,0.8125967383384705,1.2583989700942766e-05,-0.014004286378622055,-2.5644763809395954e-05,0,0,0,0,1,0,0,0,1,0,5
0.18383930623531342,-0.001420165877789259,0.013881220482289791,0.0002145927574019879,0.20217905938625336,-0.0005172104574739933,0.12034464627504349,0.01353740319609642,-0.0001754307304508984,-2.4507951366103953e-06,-8.00796042312868e-05,-3.646146427317698e-13,0.7985644340515137,-2.4742492314544506e-05,-0.014052671380341053,-4.505214383243583e-05,0,0,0,0,1,0,0,0,1,0,13
0.1977979987859726,-0.0012275936314836144,0.014016032218933105,0.000170468571013771,0.2153296023607254,-0.0006876276456750929,0.10977929085493088,0.012820706702768803,-0.00016614301421213895,-2.3210870949696982e-06,-7.584144623251632e-05,-1.0935910380385772e-12,0.7844911813735962,-6.931986717972904e-05,-0.014088434167206287,-4.418318349053152e-05,0,0,0,0,1,0,0,0,1,0,0
0.21187154948711395,-0.0010838534217327833,0.014115782454609871,0.00012239628995303065,0.2277422845363617,-0.0008484828867949545,0.11092343181371689,0.012086472474038601,-0.00015662817168049514,-2.188026655858266e-06,-7.149367593228817e-05,7.288973027583245e-13,0.7703872323036194,-0.0001130092641687952,-0.014115782454609871,-4.3281212128931656e-05,0,0,0,0,1,0,0,0,1,0,16
0.22600965201854706,0.00020196250989101827,0.01414050068706274,7.810932584106922e-05,0.2394436001777649,-0.0010001203045248985,0.11042065918445587,0.011392874643206596,-0.00014763990475330502,-2.0625075194402598e-06,-6.739231321262196e-05,7.287520196672115e-13,0.7562603950500488,-0.0001564663980389014,-0.014135416597127914,-4.406670996104367e-05,0,0,0,0,1,0,0,0,1,0,16
0.24006696045398712,0.0012902183225378394,0.013827050104737282,3.394559462321922e-05,0.2529183030128479,-0.0009443546878173947,0.14625997841358185,0.015670962631702423,0.000254733458859846,1.8391297373909765e-07,-5.402084207162261e-05,2.4462747205689084e-07,0.7421164512634277,-0.00020136444072704762,-0.014150142669677734,-4.5576653064927086e-05,0,0,0,0,1,0,0,0,1,0,18
0.2535526156425476,0.0013010688126087189,0.01340525969862938,-8.077998245425988e-06,0.2684805989265442,-0.0006914028781466186,0.1368173360824585,0.015471010468900204,0.0002515015657991171,1.8391297373909765e-07,-5.402084207162261e-05,2.4462747205689084e-07,0.7279598116874695,-0.00024524281616322696,-0.014162063598632812,-3.4455370041541755e-05,0,0,0,0,1,0,0,0,1,0,18
0.26710471510887146,0.0012327722506597638,0.013660508207976818,-0.0001298548886552453,0.2834194302558899,-0.00045267833047546446,0.1298351287841797,0.014554028399288654,0.0002303106739418581,3.2175016713154037e-06,-8.60940563143231e-05,7.294844524448341e-13,0.7137934565544128,-0.0002573654637672007,-0.014169776812195778,6.156978088256437e-06,0,0,0,0,1,0,0,0,1,0,6
0.28087273240089417,0.0010252553038299084,0.013847035355865955,-0.00026911389431916177,0.2976479232311249,-0.00022751899086870253,0.11960697174072266,0.013890737667679787,0.00021981439203955233,3.070695356655051e-06,-8.216582500608638e-05,0.0,0.699620246887207,-0.00022885216458234936,-0.014175387099385262,4.680920756072737e-05,0,0,0,0,0,1,0,0,1,0,7
0.29480141401290894,0.0007616401417180896,0.013990086503326893,-0.00023761647753417492,0.311161071062088,-1.3680187294085044e-05,0.1139938235282898,0.013180759735405445,0.00020857930940110236,2.9138627724023536e-06,-7.79692709329538e-05,0.0,0.6854420304298401,-0.00017852132441475987,-0.014180295169353485,4.978431752533652e-05,0,0,0,0,0,0,1,0,1,0,7
0.3079116642475128,0.0014952969504520297,0.013728341087698936,8.553822408430278e-05,0.3239261507987976,0.00018832131172530353,0.11150013655424118,0.01242897566407919,0.00019668269669637084,2.7476446575747104e-06,-7.352160901064053e-05,7.289722753385519e-13,0.6712599992752075,-0.00012940671877004206,-0.014183801598846912,4.8566133045824245e-05,0,0,0,0,0,0,1,0,1,0,6
0.3208674490451813,0.0022327853366732597,0.013193663209676743,0.00015364594582933933,0.33725982904434204,0.0019836516585201025,0.14443765580654144,0.014372764155268669,0.003373882034793496,1.7507243683212437e-05,-5.40064720553346e-05,2.4643504730192944e-06,0.6570749282836914,-7.766195631120354e-05,-0.014185905456542969,6.0179034335305914e-05,0,0,0,0,0,1,0,0,1,0,12
0.3334459960460663,0.003335125744342804,0.012428619898855686,0.0017679050797596574,0.3515351414680481,0.005334588699042797,0.13189426064491272,0.014193296432495117,0.00333190499804914,1.7507243683212437e-05,-5.40064720553346e-05,2.4643504730192944e-06,0.6428878307342529,-4.03624744649278e-06,-0.01418730802834034,8.462791447527707e-05,0,0,0,0,0,1,0,0,1,0,12
0.34542328119277954,0.005753491539508104,0.011716870591044426,0.002522613387554884,0.36523059010505676,0.008521387353539467,0.1261199414730072,0.01338521484285593,0.0031047628726810217,4.337537393439561e-05,-7.918181654531509e-05,0.0,0.6286997199058533,9.97172319330275e-05,-0.01418730802834034,0.0001658548426348716,0,0,0,0,0,1,0,0,1,0,3
0.35742834210395813,0.008322381414473057,0.012225262820720673,0.00259340088814497,0.37826302647590637,0.011544320732355118,0.11852917820215225,0.01272517815232277,0.0029516650829464197,4.123529288335703e-05,-7.527507841587067e-05,-5.832310329134671e-12,0.6145318746566772,0.0005910327308811247,-0.014143130742013454,0.0007573265465907753,0,0,1,0,0,0,0,0,1,0,0
0.3698873817920685,0.01092185452580452,0.012635133229196072,0.0025994684547185898,0.3906114101409912,0.014408566057682037,0.11111865192651749,0.012040711008012295,0.0027928987983614206,3.9017930248519406e-05,-7.12272958480753e-05,1.1662201586382093e-11,0.6004408001899719,0.0016723411390557885,-0.01404004916548729,0.001345740514807403,0,0,1,0,0,0,0,0,1,0,12
0.38269463181495667,0.013532649725675583,0.012925442308187485,0.0026393593288958073,0.4022732973098755,0.017113598063588142,0.11251985281705856,0.01136051956564188,0.002635125070810318,3.681242378661409e-05,-6.720115197822452e-05,1.1659928231266825e-11,0.5864657759666443,0.0032766277436167,-0.013928202912211418,0.001772443181835115,0,0,1,0,0,0,0,0,1,0,12
0.3957309126853943,0.016217539086937904,0.01311722956597805,0.002720980439335108,0.4132775366306305,0.019666077569127083,0.10795025527477264,0.010715892538428307,0.0024856003001332283,3.47241475537885e-05,-6.33890085737221e-05,0.0,0.5726005434989929,0.005245331674814224,-0.013810396194458008,0.0021288234274834394,0,0,1,0,0,0,0,0,1,0,5
0.40867817401885986,0.01918606087565422,0.012949026189744473,0.002706008730456233,0.4236566424369812,0.02207356132566929,0.1113424226641655,0.010109235532581806,0.002344883279874921,3.275751805631444e-05,-5.9798923757625744e-05,8.742071302969556e-12,0.5588701367378235,0.007580155972391367,-0.013645957224071026,0.0025394288823008537,0,0,0,0,1,0,0,0,1,0,5
0.4204319417476654,0.022073421627283096,0.011663668788969517,0.002078463090583682,0.43344980478286743,0.024345146492123604,0.10855492204427719,0.009539766237139702,0.0022127905394881964,3.09128372464329e-05,-5.6431508710375056e-05,8.740874343771132e-12,0.5453649759292603,0.0104158790782094,-0.013382645323872566,0.0030765763949602842,0,0,0,0,1,0,0,0,1,0,17
0.43000704050064087,0.023733165115118027,0.008258749730885029,0.0012076642597094178,0.4863906502723694,0.02430400252342224,0.33880168199539185,0.06264546513557434,-0.0008750188280828297,1.7826705516199581e-06,-7.560693120467477e-07,0.0023377600591629744,0.5321508049964905,0.013782610185444355,-0.013068844564259052,0.003602259559556842,0,0,0,0,1,0,0,0,1,1,14
0.43788206577301025,0.02498430572450161,0.007384664844721556,0.0012048978824168444,0.5473061800003052,0.023015355691313744,0.5228219628334045,0.05954374372959137,-0.0016183271072804928,1.7826705516199581e-06,-7.560693120467477e-07,0.0023377600591629744,0.5205020904541016,0.01715431734919548,-0.010014982894062996,0.0030784800183027983,0,0,0,0,0,0,0,0,1,1,7
0.4449235200881958,0.025762267410755157,0.006894504185765982,0.0005949912592768669,0.6052709817886353,0.021015683189034462,0.6008884906768799,0.05670997127890587,-0.0023028296418488026,1.7826705516199581e-06,-7.560693120467477e-07,0.0023377600591629744,0.5132603049278259,0.01976754330098629,-0.004746984224766493,0.0022233815398067236,0,0,0,0,0,0,1,0,1,1,5
0.4511446952819824,0.026298116892576218,0.006290043238550425,0.0005323065561242402,0.6605311036109924,0.018363770097494125,0.5782225728034973,0.05410538986325264,-0.0029288677033036947,1.7826705516199581e-06,-7.560693120467477e-07,0.0023377600591629744,0.5114148259162903,0.022197501733899117,0.000300477520795539,0.0029066104907542467,0,0,0,0,1,0,0,0,1,1,12
0.4582937955856323,0.02679414115846157,0.0078285438939929,0.0004281267465557903,0.7132975459098816,0.01511709950864315,0.4593733549118042,0.051698703318834305,-0.0034984268713742495,1.7826705516199581e-06,-7.560693120467477e-07,0.0023377600591629744,0.5145020484924316,0.024495741352438927,0.004893190693110228,0.0016272638458758593,0,0,0,0,1,0,0,0,1,1,18
0.46689271926879883,0.02707388624548912,0.009195543825626373,0.00012701400555670261,0.7637539505958557,0.01133056078106165,0.2483387291431427,0.04946418106555939,-0.004014504607766867,1.7826705516199581e-06,-7.560693120467477e-07,0.0023377600591629744,0.5205125212669373,0.0254997406154871,0.006765828467905521,0.0006156960153020918,0,0,0,0,1,0,0,0,1,0,15
0.47639644145965576,0.02704285830259323,0.009657834656536579,-0.00015241613436955959,0.8089630007743835,0.007361825089901686,0.18629564344882965,0.041229162365198135,-0.003837832249701023,-2.8232250315340934e-06,-2.0736541046062484e-05,0.002145182341337204,0.5280672907829285,0.025933479890227318,0.008170745335519314,0.00024540573940612376,0,0,0,0,1,0,0,0,0,0,4
0.4866584539413452,0.026762936264276505,0.01062653586268425,-0.00042873172787949443,0.8493919968605042,0.0033543575555086136,0.24015027284622192,0.039783135056495667,-0.004141040146350861,-2.8232250315340934e-06,-2.0736541046062484e-05,0.002145182341337204,0.536898672580719,0.02588481456041336,0.009305336512625217,-0.00030364145641215146,0,0,0,1,0,0,0,0,0,0,2
0.49779289960861206,0.026180410757660866,0.011483713984489441,-0.0006734153139404953,0.8884056806564331,-0.0009378468384966254,0.16747939586639404,0.03839190676808357,-0.004411178641021252,-2.8232250315340934e-06,-2.0736541046062484e-05,0.002145182341337204,0.546231746673584,0.025401951745152473,0.009501681663095951,-0.0005393222090788186,0,1,0,0,0,0,0,0,0,0,5
0.5097087621688843,0.025455623865127563,0.012168890796601772,-0.0008118763216771185,0.9240118861198425,-0.0052056931890547276,0.15058927237987518,0.03366631641983986,-0.004162220284342766,-1.0375796591688413e-05,-4.50512052339036e-05,0.0018505776533856988,0.5562431812286377,0.024794502183794975,0.01040311437100172,-0.0006677431520074606,0,0,0,0,1,0,0,0,0,0,13
0.5222009420394897,0.02456667833030224,0.0126809012144804,-0.0009875245159491897,0.9569846987724304,-0.009426974691450596,0.10291581600904465,0.03180709481239319,-0.004182595759630203,-1.2464769497455563e-05,-5.110610436531715e-05,0.0017675089184194803,0.5670170187950134,0.02405744418501854,0.0108634727075696,-0.0007749459473416209,0,0,0,0,1,0,0,0,1,0,15
0.5351530313491821,0.02357420325279236,0.013103129342198372,-0.0010401407489553094,0.9860560297966003,-0.013320236466825008,0.11324668675661087,0.02748020924627781,-0.0037304984871298075,-3.174082303303294e-05,-0.00010539626964600757,0.000936920172534883,0.5779132843017578,0.02324458211660385,0.011162898503243923,-0.0008617148851044476,0,0,0,0,1,0,0,0,0,0,5
0.5484417676925659,0.02251528576016426,0.013399266637861729,-0.0011095836525782943,1.0119177103042603,-0.016857709735631943,0.1100374162197113,0.024672269821166992,-0.0033872455824166536,-4.437153984326869e-05,-0.00013866607332602143,0.00021752386237494648,0.5894187092781067,0.022325167432427406,0.011766658164560795,-0.0009648822597227991,0,0,0,0,1,0,0,0,0,0,5
