lt_dp_posx,lt_dp_posy,lt_dp_velx,lt_dp_vely,ball_posx,ball_posy,ball_posz,ball_vel_x,ball_vel_y,ball_rot_x,ball_rot_y,ball_rot_z,rt_gk_posx,rt_gk_posy,rt_gk_velx,rt_gk_vely,action_left,action_top_left,action_top,action_top_right,action_right,action_bottom_right,action_bottom,action_bottom_left,action_sprint,action_dribble,sel_action
-1.0110293626785278,-0.0,0.0,-0.0,0.019999999552965164,-0.0,0.11061639338731766,-0.0,0.0,0.0,-0.0,0.0,1.0110293626785278,0.0,-0.0,0.0,0,0,0,0,0,0,0,0,0,0,5
0.0011741208145394921,7.735240920014874e-11,0.0034112120047211647,2.5561334299206706e-11,0.019999999552965164,-0.0,0.11059734225273132,-0.0,0.0,0.0,-0.0,0.0,1.0110293626785278,0.0,-0.0,0.0,0,0,0,0,1,0,0,0,0,0,5
0.004422922618687153,-8.490598224497603e-10,0.005096871871501207,-3.511485824336802e-10,0.019999999552965164,-0.0,0.10930104553699493,-0.0,0.0,0.0,-0.0,0.0,1.0110293626785278,0.0,-0.0,0.0,0,0,0,0,1,0,0,0,0,0,13
0.009172579273581505,-2.248098374124652e-09,0.006656940560787916,-3.111293167545881e-10,0.02351834625005722,-2.3498894496931655e-10,0.1237609013915062,0.008640825748443604,-5.774550837500669e-10,8.578172894235792e-13,2.8631586701521883e-06,-2.160265672943029e-12,1.0089819431304932,-1.4695028527356158e-10,-0.003723537316545844,-2.407950505656231e-10,0,0,0,0,1,0,0,0,1,0,13
0.016618236899375916,-2.3979764840476037e-09,0.008066108450293541,-6.756445403155453e-11,0.03173869848251343,-7.851597705332836e-10,0.11614876240491867,0.007883042097091675,-5.281650672372962e-10,7.136320180622935e-12,4.499864735407755e-05,-3.712325585825127e-13,1.0043776035308838,-3.591844044414927e-10,-0.005314630456268787,-1.6715942519063276e-10,0,0,0,0,1,0,0,0,1,0,13
0.025379417464137077,-2.5590771723926764e-09,0.009301392361521721,-1.6886948783767508e-10,0.03938759118318558,-1.2976458796387647e-09,0.11215836554765701,0.007456739898771048,-4.996117408673229e-10,6.979599190271024e-12,4.410948167787865e-05,1.3887229247326137e-18,0.9982317090034485,-2.9956007119302797e-10,-0.006807551719248295,6.647227213107954e-10,0,0,0,0,1,0,0,0,1,0,18
0.034123267978429794,-3.4658411696142366e-09,0.00938898604363203,-2.1288948381936734e-10,0.04660476744174957,-1.781206515616418e-09,0.10997506976127625,0.007023810409009457,-4.706049439029414e-10,6.574312275131611e-12,4.154816269874573e-05,-6.9430821261437375e-19,0.9906662106513977,2.615046235110441e-10,-0.008160226047039032,4.3742021116344176e-10,0,0,0,0,1,0,0,0,1,0,0
0.04200782999396324,-4.873198733434947e-09,0.009879701770842075,-1.2068802901499254e-10,0.05416184291243553,2.9176910629757913e-06,0.11805255711078644,0.014280873350799084,2.919882899732329e-05,3.387698939150141e-07,1.9754040749830892e-06,2.8654977768383105e-07,0.9818469882011414,5.093240829090462e-10,-0.009317257441580296,7.669952173383621e-11,0,0,0,0,1,0,0,0,1,0,5
0.052374325692653656,7.600381479733187e-08,0.010675586760044098,8.096020565062645e-07,0.06805383414030075,3.095910506090149e-05,0.14388057589530945,0.013800008222460747,2.78262778010685e-05,2.8579501076819724e-07,7.81202379585011e-06,3.571963418380619e-07,0.9724517464637756,3.208573389201774e-07,-0.009637720882892609,6.528248377435375e-07,0,0,0,0,1,0,0,0,1,0,0
0.0631360337138176,5.079401944385609e-06,0.011016691103577614,8.292555321531836e-06,0.08140779286623001,5.743060683016665e-05,0.12316214293241501,0.012638581916689873,2.420726559648756e-05,-2.3475928756511166e-08,4.119111326872371e-05,4.415138903368643e-07,0.9623057246208191,1.4918766737537226e-06,-0.010538101196289062,1.6409391037086607e-06,0,0,0,0,1,0,0,0,1,0,13
0.07457146793603897,1.738605715218e-05,0.011754298582673073,1.580894968356006e-05,0.09365328401327133,8.060479012783617e-05,0.11358226090669632,0.011888263747096062,2.227019467682112e-05,-3.127945547021227e-07,7.048631960060447e-05,-9.110760241940255e-14,0.9514368772506714,3.6288786304794485e-06,-0.010879600420594215,2.356129243707983e-06,0,0,0,0,1,0,0,0,1,0,16
0.08668049424886703,3.562166239134967e-05,0.012389439158141613,1.9674327631946653e-05,0.10521049052476883,0.00010225542064290494,0.11358392238616943,0.011278527788817883,2.1128564185346477e-05,-2.95163374630647e-07,6.671601295238361e-05,-9.109112254638077e-14,0.9404253959655762,6.17715522821527e-06,-0.011310156434774399,2.7434120966063347e-06,0,0,0,0,1,0,0,0,1,0,5
0.09935958683490753,5.8172412536805496e-05,0.012895552441477776,2.5244913558708504e-05,0.11614431440830231,0.00012273821630515158,0.11179264634847641,0.010653635486960411,1.9957918993895873e-05,-2.7880747666131356e-07,6.301909888861701e-05,0.0,0.9287715554237366,9.153141945716925e-06,-0.011916019953787327,3.1551198844681494e-06,0,0,0,0,1,0,0,0,1,0,16
0.11246998608112335,-0.00041433333535678685,0.013238980434834957,2.6232888558297418e-05,0.12646575272083282,0.00014207376807462424,0.11068522185087204,0.010052826255559921,1.883240111055784e-05,-2.6308561018595356e-07,5.946546298218891e-05,0.0,0.9165447354316711,1.2501634955697227e-05,-0.012460877187550068,3.5580894746090053e-06,0,0,0,0,1,0,0,0,1,0,5
0.12570899724960327,-0.0022550132125616074,0.013238980434834957,1.4309534890344366e-05,0.13684134185314178,0.00013202668924350291,0.1198347881436348,0.015870558097958565,-0.00026511034229770303,-2.4892960936995223e-07,6.190531166794244e-06,-4.6713086021554773e-07,0.9038431644439697,1.6362751921406016e-05,-0.01288231648504734,4.1047401282412466e-06,0,0,0,0,1,0,0,0,1,0,16
0.13894805312156677,-0.0022472627460956573,0.013239067979156971,2.384898834861815e-06,0.15235882997512817,-0.00012678543862421066,0.15824943780899048,0.01542055793106556,-0.0002571671502664685,-6.148716380494079e-08,1.03487554952153e-05,-7.976235565365641e-07,0.8907760381698608,1.7927495719050057e-05,-0.013204882852733135,-5.058941951574525e-06,0,0,0,0,1,0,0,0,1,0,18
0.1523285061120987,-0.002216427819803357,0.013511145487427711,7.768745126668364e-05,0.16754749417304993,-0.0003798691323027015,0.11589499562978745,0.014445397071540356,-0.00023942781263031065,1.0323091146346997e-06,3.448934148764238e-05,-1.8853313576983055e-06,0.8774299621582031,-1.1098599088654737e-06,-0.013451015576720238,-3.053170075872913e-05,0,0,0,0,1,0,0,0,1,0,13
0.16596972942352295,-0.002056879922747612,0.013737117871642113,0.0002258844906464219,0.18146640062332153,-0.0006099596503190696,0.11777903139591217,0.013579584658145905,-0.00022412821999751031,1.8981190805789083e-06,5.347800106392242e-05,-1.7050655287675909e-06,0.8638722896575928,-4.43977078248281e-05,-0.01363684143871069,-5.03135597682558e-05,0,0,0,0,1,0,0,0,1,0,13
0.17980265617370605,-0.001779136247932911,0.013905588537454605,0.00027752164169214666,0.194536030292511,-0.0008253127452917397,0.11214467138051987,0.012757774442434311,-0.00021016367827542126,2.9361351607803954e-06,7.547071436420083e-05,3.6452316317346634e-13,0.8501548171043396,-9.53979033511132e-05,-0.01377778872847557,-5.155198959982954e-05,0,0,0,0,1,0,0,0,1,0,13
0.19378255307674408,-0.0015371241606771946,0.014034789986908436,0.00021278181520756334,0.20690259337425232,-0.0010290318168699741,0.11327112466096878,0.01205158606171608,-0.00019853038247674704,2.773394953692332e-06,7.128762808861211e-05,3.644448837766129e-13,0.8363171815872192,-0.00014755003212485462,-0.013882271945476532,-5.262719059828669e-05,0,0,0,0,1,0,0,0,1,0,5
0.20786720514297485,-0.0013585687847808003,0.014121775515377522,0.00015106430510059,0.21858397126197815,-0.0012214635498821735,0.11138110607862473,0.011379918083548546,-0.00018746576097328216,2.618803819132154e-06,6.73140020808205e-05,3.6437468168594445e-13,0.8223891258239746,-0.0002000855456572026,-0.01396151166409254,-5.2188152039889246e-05,0,0,0,0,1,0,0,0,1,0,16
0.22194206714630127,-0.0012456751428544521,0.014121596701443195,8.811557927401736e-05,0.2296079397201538,-0.001403065980412066,0.11085900664329529,0.010735458694398403,-0.00017684942577034235,2.470520030328771e-06,6.350246985675767e-05,7.286222948772736e-13,0.808393657207489,-0.0002517967368476093,-0.014020415022969246,-5.1309856644365937e-05,0,0,0,0,1,0,0,0,1,0,16
0.23579001426696777,-0.0011935691582038999,0.013533059507608414,2.4125265554175712e-05,0.24499648809432983,-0.001401251764036715,0.161333829164505,0.015794480219483376,2.1269004719215445e-05,8.98811151728296e-07,1.228343626280548e-05,-9.631065722714993e-07,0.7943478226661682,-0.0003026830672752112,-0.014064592309296131,-5.072677959105931e-05,0,0,0,0,1,0,0,0,1,0,16
0.24912448227405548,-1.0798618859553244e-05,0.01331253070384264,4.269574674253818e-06,0.2606728971004486,-0.0013801298337057233,0.12239395827054977,0.015528498217463493,2.0794212105101906e-05,8.826061730360379e-07,1.336816876573721e-05,-9.210077109855774e-07,0.7802643775939941,-0.0003533640701789409,-0.014097549952566624,-5.063810385763645e-05,0,0,0,0,1,0,0,0,1,0,0
0.2624369263648987,0.001015615533106029,0.013312522321939468,1.8982938172484864e-06,0.27601611614227295,-0.0012386535527184606,0.16264554858207703,0.015834003686904907,0.0002647642104420811,4.049070696510171e-07,-7.755405704301666e-07,1.8019264302893134e-07,0.7661529183387756,-0.0004039385821670294,-0.014122093096375465,-5.051867992733605e-05,0,0,0,0,1,0,0,0,1,0,5
0.2757681608200073,0.0010143655817955732,0.01340525969862938,-1.1444127267168369e-05,0.291738361120224,-0.000975765404291451,0.16224001348018646,0.015631595626473427,0.00026137562235817313,4.049070696510171e-07,-7.755405704301666e-07,1.8019264302893134e-07,0.7520202994346619,-0.00044290616642683744,-0.014140325598418713,-2.9507329600164667e-05,0,0,0,0,1,0,0,0,1,0,0
0.2893202304840088,0.0009451787918806076,0.013660508207976818,-0.00012819989933632314,0.30688297748565674,-0.000723015982657671,0.12772521376609802,0.014215442351996899,0.00023610646894667298,-8.709401413398155e-07,2.8506770831882022e-05,1.8575916556073935e-06,0.7378720641136169,-0.00046082938206382096,-0.014153649099171162,-8.438495569862425e-06,0,0,0,0,1,0,0,0,1,0,6
0.3030884265899658,0.000742544827517122,0.013847561553120613,-0.000261671346379444,0.32086890935897827,-0.0004908895934931934,0.12039799988269806,0.013780029490590096,0.0002285571681568399,-1.1529825769684976e-06,3.4959008189616725e-05,1.9426845483394573e-06,0.7237120866775513,-0.00045774169848300517,-0.014164167456328869,1.2439617421478033e-05,0,0,0,0,0,1,0,0,1,0,16
0.3170175850391388,0.00048678298480808735,0.01399061270058155,-0.00022998319764155895,0.3339919149875641,-0.0002737969043664634,0.11646071076393127,0.01277538575232029,0.00021118154108989984,-2.950475163743249e-06,7.55775545258075e-05,-3.6452525026264837e-13,0.7095435857772827,-0.000433892710134387,-0.014171880669891834,3.318672315799631e-05,0,0,0,0,0,1,0,0,1,0,6
0.33032700419425964,0.0011492628837004304,0.013769307173788548,-2.535692829042091e-06,0.34638717770576477,-6.889894575579092e-05,0.11196405440568924,0.012087318114936352,0.00019980753131676465,-2.791179895211826e-06,7.14975394657813e-05,3.644487055892709e-13,0.6953688263893127,-0.00038976393989287317,-0.014176789671182632,5.077401510789059e-05,0,0,0,0,0,1,0,0,1,0,12
0.343313992023468,0.0020512540359050035,0.013251515105366707,0.0001677610562182963,0.3592540919780731,0.0014105371665209532,0.1414707750082016,0.014295564033091068,0.003377904649823904,3.6201536204316653e-06,1.611020888958592e-05,1.747986789268907e-05,0.6811893582344055,-0.00033629973768256605,-0.01418099645525217,5.5664793762844056e-05,0,0,0,0,0,1,0,0,1,0,12
0.3559684753417969,0.00301060127094388,0.012411089614033699,0.0017083754064515233,0.3734533190727234,0.004765286576002836,0.1457274705171585,0.014120439067482948,0.003336042631417513,3.6201536204316653e-06,1.611020888958592e-05,1.747986789268907e-05,0.6670064926147461,-0.0002779456553980708,-0.014183801598846912,6.0554015362868086e-05,0,0,0,0,0,1,0,0,1,0,6
0.3680117130279541,0.005369669757783413,0.011754386126995087,0.002543920651078224,0.38703393936157227,0.007950102910399437,0.12847749888896942,0.012907412834465504,0.002994310576468706,-1.965367300726939e-05,4.709641507361084e-05,2.5936087695299648e-05,0.6528262495994568,-4.319338040659204e-05,-0.014170478098094463,0.0004465226083993912,0,0,0,0,0,1,0,0,1,0,12
0.37996119260787964,0.00794141460210085,0.012176177464425564,0.0025966735556721687,0.39963972568511963,0.010866355150938034,0.11383721977472305,0.012260674498975277,0.0028264792636036873,-3.967566954088397e-05,7.276597170857713e-05,-5.831552688656538e-12,0.6386818885803223,0.0006675664335489273,-0.014117185026407242,0.0009266864508390427,0,0,0,0,0,1,0,0,1,0,12
0.39238008856773376,0.010539185255765915,0.012602525763213634,0.0025922530330717564,0.4115583300590515,0.013614018447697163,0.1145234927535057,0.011627142317593098,0.00268046697601676,-3.7444791814778e-05,6.877637497382239e-05,0.0,0.6246084570884705,0.0018409974873065948,-0.014040750451385975,0.001339420210570097,0,0,0,0,0,1,0,0,1,0,12
0.40516528487205505,0.013131649233400822,0.01291036605834961,0.0026141058187931776,0.42283886671066284,0.016214579343795776,0.11012726277112961,0.01099580992013216,0.002534921746701002,-3.541342812241055e-05,6.50453002890572e-05,5.829382115907222e-12,0.6106099486351013,0.0033528076019138098,-0.01396151166409254,0.0016525922110304236,0,0,0,0,0,1,0,0,1,0,14
0.4181925058364868,0.015787426382303238,0.013112671673297882,0.0026890821754932404,0.4334915280342102,0.01867038942873478,0.1092800721526146,0.010379001498222351,0.0023927262518554926,-3.3426615118514746e-05,6.139602919574827e-05,5.828441895783243e-12,0.5966988205909729,0.005176750477403402,-0.013866845518350601,0.001963819842785597,0,0,0,0,0,0,0,0,1,0,6
0.43065521121025085,0.018854252994060516,0.012128796428442001,0.0023676990531384945,0.44354450702667236,0.020987944677472115,0.1111873909831047,0.009792421944439411,0.0022574986796826124,-3.1536805181531236e-05,5.792493175249547e-05,-8.741396495537401e-12,0.5829142928123474,0.007369800470769405,-0.013712574727833271,0.0023799079935997725,0,0,0,0,0,1,0,0,1,0,15
0.4416506290435791,0.02115151658654213,0.009950820356607437,0.0015507617499679327,0.4692649245262146,0.02244497835636139,0.2328883409500122,0.06309207528829575,-0.00033850513864308596,1.0727848348324187e-05,3.0041634090594016e-05,0.0013479263288900256,0.5693003535270691,0.009976196102797985,-0.013528851792216301,0.002790880622342229,0,0,0,0,0,1,0,0,0,0,15
0.4502468705177307,0.02241796813905239,0.008052587509155273,0.0012386073358356953,0.5306791067123413,0.021851740777492523,0.5162913799285889,0.06007731705904007,-0.0007949346909299493,1.0727848348324187e-05,3.0041634090594016e-05,0.0013479263288900256,0.5564625859260559,0.012812848202884197,-0.011581182479858398,0.002698037074878812,0,0,0,0,0,1,0,0,0,0,4
0.4575752913951874,0.023478055372834206,0.0068994127213954926,0.0005705647636204958,0.5892014503479004,0.020826883614063263,0.6203047633171082,0.05727951228618622,-0.0012061814777553082,1.0727848348324187e-05,3.0041634090594016e-05,0.0013479263288900256,0.5473718047142029,0.015241047367453575,-0.0067475964315235615,0.0021758261136710644,0,0,0,1,0,0,0,0,0,0,0
0.4641679525375366,0.0240232702344656,0.00613261666148901,0.0005072098574601114,0.6450271606445312,0.019415494054555893,0.5560344457626343,0.05466095730662346,-0.0015726782148703933,1.0727848348324187e-05,3.0041634090594016e-05,0.0013479263288900256,0.5437598824501038,0.017379093915224075,-0.0015542787732556462,0.002562500536441803,0,0,0,1,0,0,0,0,0,0,2
0.47063788771629333,0.024513544514775276,0.0070901475846767426,0.0004402473277878016,0.6983193159103394,0.01766144298017025,0.3337857723236084,0.05219286307692528,-0.0018961727619171143,1.0727848348324187e-05,3.0041634090594016e-05,0.0013479263288900256,0.5451430082321167,0.02005426026880741,0.003635883331298828,0.002308867173269391,0,1,0,0,0,0,0,0,0,0,0
0.478544682264328,0.024765709415078163,0.008539943024516106,5.8920188166666776e-05,0.7468360066413879,0.01568368822336197,0.17491024732589722,0.042111918330192566,-0.0019200330134481192,1.2330820027273148e-05,5.0736332923406735e-05,0.001234024646691978,0.5504002571105957,0.021619172766804695,0.006211855914443731,0.0010814107954502106,0,1,0,0,0,0,0,0,0,0,5
0.4876597225666046,0.024528035894036293,0.00931550469249487,-0.00039284880040213466,0.7881927490234375,0.013652414083480835,0.2746315598487854,0.04073681682348251,-0.0021176086738705635,1.2330820027273148e-05,5.0736332923406735e-05,0.001234024646691978,0.5574644207954407,0.022441033273935318,0.007726164534687996,0.0006646773545071483,0,0,0,0,1,0,0,0,0,0,16
0.49727723002433777,0.024109283462166786,0.01005810871720314,-0.00044757669093087316,0.8281669616699219,0.011440111324191093,0.2028529942035675,0.039348505437374115,-0.0022855664137750864,1.2330820027273148e-05,5.0736332923406735e-05,0.001234024646691978,0.5659213066101074,0.022829169407486916,0.00901572871953249,0.00014022777031641454,0,0,0,0,1,0,0,0,0,0,18
0.5078476071357727,0.023623131215572357,0.010962696745991707,-0.0005172485252842307,0.8650695085525513,0.00916857086122036,0.15801969170570374,0.03466140478849411,-0.0022320852149277925,1.5107538274605758e-05,7.327837374759838e-05,0.0010637317318469286,0.5752174854278564,0.0226813405752182,0.009326374158263206,-0.0002654117706697434,0,0,0,0,1,0,0,0,0,0,18
0.5192598104476929,0.023077579215168953,0.011765255592763424,-0.0005656309658661485,0.8991774320602417,0.006886042654514313,0.12236732244491577,0.033592160791158676,-0.0023172583896666765,1.517705914011458e-05,7.376231951639056e-05,0.0010594625491648912,0.5849810838699341,0.022369958460330963,0.01018152479082346,-0.00035508969449438155,0,0,0,0,1,0,0,0,0,0,7
0.5313905477523804,0.022487616166472435,0.01240512914955616,-0.0006093363044783473,0.9301049113273621,0.004682403523474932,0.10837482661008835,0.02950245328247547,-0.0021455860696733,2.0799659978365526e-05,0.00011224854097235948,0.0006877129781059921,0.5956140756607056,0.02195689268410206,0.010979876853525639,-0.00045938356197439134,0,0,0,0,0,0,1,0,0,0,4
0.544076681137085,0.021858226507902145,0.012896341271698475,-0.0006417908589355648,0.9577925801277161,0.0026487912982702255,0.10927648842334747,0.02652117796242237,-0.0019520100904628634,2.7268824851489626e-05,0.00015687815903220326,-1.1742373566547837e-11,0.6064978241920471,0.0214784424751997,0.01100301742553711,-0.0005027324077673256,0,0,0,1,0,0,0,0,0,0,17
0.5571898221969604,0.021208319813013077,0.013275908306241035,-0.0006549426470883191,0.9830657243728638,0.0007886344101279974,0.10956785827875137,0.024302324280142784,-0.001788698835298419,2.498678986739833e-05,0.0001437494793208316,-1.1726104462428388e-11,0.6178701519966125,0.020936615765094757,0.011654460802674294,-0.0005730601842515171,0,0,0,1,0,0,0,0,0,1,5
0.5706372857093811,0.02055651694536209,0.013557584024965763,-0.0006645011599175632,1.0062907934188843,-0.0009207797120325267,0.10967732965946198,0.022383898496627808,-0.0016474988078698516,2.3014525140752085e-05,0.00013240300177130848,-1.1713213732278405e-11,0.6298384070396423,0.020334921777248383,0.012221056036651134,-0.0006222696392796934,0,0,0,0,1,0,0,0,0,1,4
