lt_dp_posx,lt_dp_posy,lt_dp_velx,lt_dp_vely,ball_posx,ball_posy,ball_posz,ball_vel_x,ball_vel_y,ball_rot_x,ball_rot_y,ball_rot_z,rt_gk_posx,rt_gk_posy,rt_gk_velx,rt_gk_vely,action_left,action_top_left,action_top,action_top_right,action_right,action_bottom_right,action_bottom,action_bottom_left,action_sprint,action_dribble,sel_action
-1.0110293626785278,-0.0,0.0,-0.0,0.019999999552965164,-0.0,0.11061639338731766,-0.0,0.0,0.0,-0.0,0.0,1.0110293626785278,0.0,-0.0,0.0,0,0,0,0,0,0,0,0,0,0,5
0.0,-0.0,0.0,-0.0,0.019999999552965164,-0.0,0.11059734225273132,-0.0,0.0,0.0,-0.0,0.0,1.0097103118896484,-9.884149054784075e-11,-0.0033988673239946365,-2.35544500570839e-10,0,0,0,0,1,0,0,0,0,0,5
0.0018565163481980562,1.0645127834774115e-10,0.00376110733486712,2.5890145929907682e-11,0.019999999552965164,-0.0,0.10930104553699493,-0.0,0.0,0.0,-0.0,0.0,1.005424976348877,-3.2258068438650866e-10,-0.0050032841973006725,-1.9212086088682412e-10,0,0,0,0,1,0,0,0,0,0,5
0.005117420107126236,-1.23186993938873e-09,0.005418794695287943,-3.821565286443729e-10,0.019999999552965164,-0.0,0.11075475811958313,-0.0,0.0,0.0,-0.0,0.0,0.9995788931846619,-4.2783665499257495e-10,-0.0065179429948329926,-2.046465080729476e-11,0,0,0,0,1,0,0,0,0,0,13
0.010548306629061699,-2.2963746459936374e-09,0.006952005438506603,-2.7291299775633604e-10,0.02522820234298706,-3.509962598347016e-10,0.12527400255203247,0.00850360281765461,-5.71340086352734e-10,1.4286799824778096e-12,6.630818916164571e-06,-2.5661989894176784e-12,0.9922854900360107,1.834446206050444e-10,-0.007902874611318111,5.177769879516347e-10,0,0,0,0,1,0,0,0,1,0,0
0.018270881846547127,-2.433319101768916e-09,0.008328302763402462,-1.432253621258539e-10,0.03330766409635544,-8.946386409469653e-10,0.11863908171653748,0.007772594690322876,-5.234523370312161e-10,7.312615790677768e-12,4.5977663830854e-05,6.944023044090517e-19,0.9837011694908142,5.281161619130614e-10,-0.009114601649343967,1.9047985411191348e-10,0,0,0,0,1,0,0,0,1,0,16
0.02727341093122959,-2.605279991740872e-09,0.009525523521006107,-1.604330696070022e-10,0.04086044430732727,-1.4032872641678296e-09,0.11335219442844391,0.0073664006777107716,-4.960967747713596e-10,6.930498709645239e-12,4.357512079877779e-05,2.777400147736384e-18,0.9743693470954895,6.988460365953131e-10,-0.009437869302928448,1.9335644196871726e-10,0,0,0,0,1,0,0,0,1,0,18
0.03562644124031067,-3.784601076972649e-09,0.009175658226013184,-1.806836069651041e-10,0.04799283668398857,-1.8836245896380888e-09,0.11261618137359619,0.006941673811525106,-4.67493210809522e-10,6.530752934968964e-12,4.1061739466385916e-05,0.0,0.9644050598144531,8.4654316889754e-10,-0.010371208190917969,9.892012903245373e-11,0,0,0,0,1,0,0,0,1,0,5
0.044013068079948425,-4.914670004296795e-09,0.010067443363368511,-1.1342506101019723e-10,0.05697288364171982,8.607077688793652e-06,0.131169393658638,0.013979136943817139,2.8258777092560194e-05,2.9495265607693e-07,6.829412996012252e-06,3.463820519300498e-07,0.9536177515983582,1.7108758854078587e-08,-0.010990395210683346,1.0776139447443711e-07,0,0,0,0,1,0,0,0,1,0,18
0.05451050400733948,4.808159701497061e-07,0.010675542056560516,2.429104142720462e-06,0.0708119198679924,3.651177030405961e-05,0.13715770840644836,0.013768683187663555,2.7762229365180247e-05,2.857582330761943e-07,7.840217222110368e-06,3.573763649455941e-07,0.9426805973052979,4.129033754907141e-07,-0.011172715574502945,6.513923267448263e-07,0,0,0,0,1,0,0,0,1,0,18
0.06536457687616348,6.929974915692583e-06,0.011177098378539085,9.55626273935195e-06,0.08391428738832474,6.220061186468229e-05,0.1268157809972763,0.012483330443501472,2.378188401053194e-05,-6.265454288723049e-08,4.535929474513978e-05,4.117671323911054e-07,0.9311493039131165,1.3336214124137769e-06,-0.011804524809122086,1.1487579740787623e-06,0,0,0,0,1,0,0,0,1,0,18
0.07694283872842789,2.0744082576129586e-05,0.011883500963449478,1.7111353372456506e-05,0.09601514786481857,8.501601405441761e-05,0.11762622743844986,0.011764731258153915,2.20373894990189e-05,-3.0785605531491456e-07,6.959128222661093e-05,-4.5551805600077544e-14,0.9190320372581482,2.739988531175186e-06,-0.012362704612314701,1.710104129415413e-06,0,0,0,0,1,0,0,0,1,0,13
0.08917637914419174,3.968349483329803e-05,0.012501811608672142,2.0566829334711656e-05,0.10745122283697128,0.0001064377574948594,0.11083171516656876,0.011155528947710991,2.0896246496704407e-05,-2.919248345278902e-07,6.599001062568277e-05,-4.554401967322638e-14,0.9064158201217651,5.020422577217687e-06,-0.012806584127247334,2.76214154837362e-06,0,0,0,0,1,0,0,0,1,0,13
0.10195267200469971,6.340148684103042e-05,0.012981190346181393,2.650336864462588e-05,0.11826086044311523,0.00012668607814703137,0.10950837284326553,0.0105331651866436,1.9730443455046043e-05,-2.756359265276842e-07,6.230789585970342e-05,0.0,0.8934142589569092,8.285056537715718e-06,-0.013147382065653801,3.5281500458950177e-06,0,0,0,0,1,0,0,0,1,0,16
0.11511886864900589,-0.0007768685463815928,0.013238980434834957,2.384471008554101e-05,0.12846311926841736,0.00014579668641090393,0.11070507764816284,0.009936442598700523,1.86126671906095e-05,-2.600127970708854e-07,5.877629155293107e-05,-9.105937575151768e-14,0.8801179528236389,1.2120670362492092e-05,-0.013407538644969463,4.099128091183957e-06,0,0,0,0,1,0,0,0,1,0,0
0.1283579021692276,-0.002252524718642235,0.013239067979156971,1.19227115646936e-05,0.13997220993041992,7.985518459463492e-05,0.13554394245147705,0.015576662495732307,-0.0002598081191536039,-6.146942865825622e-08,1.0350085176469292e-05,-7.976352094374306e-07,0.8665978312492371,1.652463288337458e-05,-0.013604585081338882,4.649246420740383e-06,0,0,0,0,1,0,0,0,1,0,16
0.1416003406047821,-0.0022468247916549444,0.013272990472614765,3.3491965041321237e-06,0.1554412990808487,-0.00017813575686886907,0.15394198894500732,0.015381364151835442,-0.000256519386311993,-6.146942865825622e-08,1.0350085176469292e-05,-7.976352094374306e-07,0.852908194065094,1.4747846762475092e-05,-0.013753245584666729,-8.051247277762741e-06,0,0,0,0,1,0,0,0,1,0,18
0.15503950417041779,-0.0021965578198432922,0.013562160544097424,0.00010685879533411935,0.17039868235588074,-0.00042702522478066385,0.12457466870546341,0.014176860451698303,-0.00023464171681553125,1.2887943512396305e-06,4.013697252958082e-05,-1.9326521396578755e-06,0.839091420173645,-6.977455200285476e-07,-0.01386404037475586,-2.137690353265498e-05,0,0,0,0,1,0,0,0,1,0,13
0.16872382164001465,-0.0020074709318578243,0.013774107210338116,0.0002542430302128196,0.18415343761444092,-0.0006542344926856458,0.10569819808006287,0.013358838856220245,-0.00022027503291610628,2.1934383767074905e-06,5.9886446251766756e-05,-1.41730322411604e-06,0.825178861618042,-2.9110715331626125e-05,-0.013948889449238777,-3.392838334548287e-05,0,0,0,0,1,0,0,0,1,0,0
0.18258926272392273,-0.0017255109269171953,0.013934689573943615,0.0002651212562341243,0.197068452835083,-0.000866993679665029,0.11271215975284576,0.012607214972376823,-0.00020768858666997403,2.9011971491854638e-06,7.457084575435147e-05,3.6450595146397813e-13,0.811194896697998,-6.971980474190786e-05,-0.014010597951710224,-4.608336530509405e-05,0,0,0,0,1,0,0,0,1,0,18
0.19659383594989777,-0.001496477983891964,0.01405617780983448,0.00020037070498801768,0.20929615199565887,-0.0010684297885745764,0.11237724125385284,0.011918813921511173,-0.00019634801719803363,2.7429966849013e-06,7.050453132251278e-05,-3.6443076204331626e-13,0.7971577048301697,-0.0001221240672748536,-0.014056879095733166,-5.571481233346276e-05,0,0,0,0,1,0,0,0,1,0,16
0.21068452298641205,-0.0013309101341292262,0.014121794141829014,0.00013846989895682782,0.22084346413612366,-0.0012586575467139482,0.11105409264564514,0.011250212788581848,-0.0001853335852501914,2.589101313787978e-06,6.654889148194343e-05,0.0,0.7830809950828552,-0.00017748665413819253,-0.01409123931080103,-5.5067790526663885e-05,0,0,0,0,1,0,0,0,1,0,5
0.22476065158843994,-0.0012305071577429771,0.014120909385383129,7.551981980213895e-05,0.232298344373703,-0.0014184098690748215,0.12036361545324326,0.016202356666326523,2.261606277897954e-05,9.567487495587557e-07,8.318947038787883e-06,-1.1234265002713073e-06,0.7689745426177979,-0.00023218031856231391,-0.014117185026407242,-5.438277730718255e-05,0,0,0,0,1,0,0,0,1,0,16
0.23847739398479462,-0.0011905014980584383,0.013385975733399391,1.1930732398468535e-05,0.24815212190151215,-0.0013970165746286511,0.16152344644069672,0.015753833577036858,2.1228919649729505e-05,8.988176318780461e-07,1.228306155098835e-05,-9.630656450099195e-07,0.7548456192016602,-0.00028223477420397103,-0.01413752045482397,-4.4915592297911644e-05,0,0,0,0,1,0,0,0,1,0,5
0.251789927482605,0.00035742457839660347,0.013312703929841518,3.795446900767274e-06,0.263729989528656,-0.0013761764857918024,0.10267069935798645,0.015166610479354858,1.935771433636546e-05,7.958737455737719e-07,1.9127362975268625e-05,-7.110763249329466e-07,0.7407001852989197,-0.0003207198460586369,-0.014151545241475105,-3.321858457638882e-05,0,0,0,0,1,0,0,0,1,0,18
0.2651025652885437,0.0010159248486161232,0.013312697410583496,1.4232747389542055e-06,0.2791796326637268,-0.001185802393592894,0.1704067885875702,0.0157930888235569,0.0002640740422066301,4.048866912853555e-07,-7.756687523396977e-07,1.802473832412943e-07,0.7265424132347107,-0.00034762834548018873,-0.014162063598632812,-2.204449447162915e-05,0,0,0,0,1,0,0,0,1,0,0
0.2784610986709595,0.0010097945341840386,0.013462585397064686,-2.7134907213621773e-05,0.2948615849018097,-0.0009235877078026533,0.15044620633125305,0.01559172198176384,0.00026071403408423066,4.048866912853555e-07,-7.756687523396977e-07,1.802473832412943e-07,0.7123753428459167,-0.0003639785572886467,-0.014170478098094463,-1.1688989616231993e-05,0,0,0,0,1,0,0,0,1,0,6
0.2920619547367096,0.0009153406135737896,0.01370275765657425,-0.0001561395765747875,0.30970606207847595,-0.0006761940894648433,0.13442225754261017,0.014072597026824951,0.00023360761406365782,-9.807472451939248e-07,3.102175105595961e-05,1.9045240833293064e-06,0.6982015371322632,-0.00036996646667830646,-0.014176789671182632,-1.3218987078289501e-06,0,0,0,0,0,1,0,0,1,0,7
0.3058658242225647,0.0006877843989059329,0.01387876644730568,-0.00027296217740513384,0.3235900104045868,-0.000445838290033862,0.1067110151052475,0.013519872911274433,0.00022400451416615397,-1.4114754094407544e-06,4.0854680264601484e-05,1.926729964907281e-06,0.6840222477912903,-0.0003593101864680648,-0.01418099645525217,2.0459017832763493e-05,0,0,0,0,0,0,1,0,1,0,6
0.3198225498199463,0.00044273000094108284,0.014014454558491707,-0.00021703469974454492,0.33652937412261963,-0.00023189849162008613,0.10754528641700745,0.012635891325771809,0.00020887529535684735,-2.9181758236518363e-06,7.475074380636215e-05,3.645094209109301e-13,0.6698394417762756,-0.0003268665459472686,-0.014184502884745598,4.225040538585745e-05,0,0,0,0,0,1,0,0,1,0,6
0.33291158080101013,0.0014053898630663753,0.013691461645066738,0.00015736524073872715,0.3487870991230011,-2.927362402260769e-05,0.11276648193597794,0.01195151824504137,0.00019756243273150176,-2.7599262466537766e-06,7.06970677128993e-05,-3.644342314902682e-13,0.6556539535522461,-0.00027655818848870695,-0.014186606742441654,5.281824269331992e-05,0,0,0,0,0,1,0,0,1,0,6
0.3459413945674896,0.00210176850669086,0.013037989847362041,0.0003355114022269845,0.3621109426021576,0.0020848542917519808,0.1503540724515915,0.014260652475059032,0.003369416343048215,3.6201993225404294e-06,1.6110161595861427e-05,1.7480002497904934e-05,0.641466498374939,-0.0002220451715402305,-0.014188009314239025,5.58994070161134e-05,0,0,0,0,0,1,0,0,1,0,12
0.3584546446800232,0.0033869841136038303,0.01239776611328125,0.0019756087567657232,0.37627530097961426,0.00543129350990057,0.1345842033624649,0.014085267670452595,0.003327857004478574,3.6201993225404294e-06,1.6110161595861427e-05,1.7480002497904934e-05,0.6272779703140259,-0.00014869564620312303,-0.01418730802834034,0.00016401793982367963,0,0,0,0,0,1,0,0,1,0,0
0.3703633248806,0.005877933464944363,0.01176700834184885,0.002545603085309267,0.3896019756793976,0.008544676937162876,0.13146360218524933,0.012800473719835281,0.0029664214234799147,-2.142437733709812e-05,4.9426904297433794e-05,2.491501800250262e-05,0.6131072044372559,0.0003056777932215482,-0.01415084395557642,0.0006917378632351756,0,0,0,0,0,1,0,0,1,0,6
0.3824142515659332,0.008461534045636654,0.012269089929759502,0.002599917585030198,0.40207546949386597,0.011427205987274647,0.11832626909017563,0.0121317058801651,0.002796788699924946,-3.907009158865549e-05,7.17615766916424e-05,-5.831256484623015e-12,0.5989986062049866,0.0012867016484960914,-0.014067397452890873,0.0012172502465546131,0,0,0,0,0,1,0,0,1,0,12
0.39491546154022217,0.011057231575250626,0.01267615519464016,0.002587796887382865,0.4138684570789337,0.014145921915769577,0.11485906690359116,0.011504149995744228,0.002652115421369672,-3.7050125683890656e-05,6.805142038501799e-05,-1.1660396606605339e-11,0.5849881172180176,0.002751357853412628,-0.013962914235889912,0.0016504391096532345,0,0,0,0,0,1,0,0,1,0,12
0.4077581465244293,0.013656976632773876,0.012956647202372551,0.0026292065158486366,0.425021767616272,0.01671713963150978,0.11186166107654572,0.010865513235330582,0.002504888456314802,-3.499178637866862e-05,6.42707382212393e-05,5.829178285898795e-12,0.571092963218689,0.004626276437193155,-0.013835289515554905,0.002058021491393447,0,0,0,0,0,1,0,0,1,0,5
0.4207625091075897,0.016409210860729218,0.013046477921307087,0.0026754760183393955,0.43555253744125366,0.019144851714372635,0.11103268712759018,0.010258532129228115,0.002364956773817539,-3.3037988032447174e-05,6.068213770049624e-05,2.9141320433134776e-12,0.5573503971099854,0.006927988957613707,-0.013642100617289543,0.002547050593420863,0,0,0,0,1,0,0,0,1,0,6
0.43297332525253296,0.019390124827623367,0.011752504855394363,0.0020900799427181482,0.44548943638801575,0.021435657516121864,0.10831202566623688,0.009679376147687435,0.0022314409725368023,-3.117340384051204e-05,5.7257366279372945e-05,-5.827440526656735e-12,0.5438696146011353,0.009810101240873337,-0.013339519500732422,0.003154205158352852,0,0,0,0,0,1,0,0,1,0,1
0.44353610277175903,0.021430671215057373,0.009226097725331783,0.0013418174348771572,0.480461061000824,0.0224591251462698,0.22319892048835754,0.05985657498240471,-0.00020160306303296238,-3.347747451698524e-06,4.1429266275372356e-05,0.000844624824821949,0.5307266712188721,0.01329132355749607,-0.012972775846719742,0.0037463088519871235,1,0,0,0,0,0,0,0,1,0,16
0.45176246762275696,0.022656921297311783,0.0073944819159805775,0.0011787317926064134,0.5387856960296631,0.022110048681497574,0.295362651348114,0.057094499468803406,-0.0004668834153562784,-3.347747451698524e-06,4.1429266275372356e-05,0.000844624824821949,0.5194928050041199,0.016701048240065575,-0.009527627378702164,0.003044571029022336,1,0,0,0,0,0,0,0,1,0,2
0.4589589238166809,0.023592382669448853,0.0068994127213954926,0.0005705647636204958,0.5944278240203857,0.021506205201148987,0.1760033667087555,0.05447278916835785,-0.0007130216108635068,-3.347747451698524e-06,4.1429266275372356e-05,0.000844624824821949,0.5128424167633057,0.019299795851111412,-0.004097994416952133,0.0022330351639539003,0,1,0,0,0,0,0,0,1,0,14
0.46539828181266785,0.02412492223083973,0.006132967304438353,0.0005072098574601114,0.643524169921875,0.02076832950115204,0.16689056158065796,0.04646458104252815,-0.0007786088390275836,-2.080893182210275e-06,6.338453385978937e-05,0.0007691373466514051,0.5115217566490173,0.021908119320869446,0.0009130029357038438,0.0028549483977258205,0,0,0,0,0,0,0,0,1,0,8
0.4721035063266754,0.024610038846731186,0.007392378523945808,0.00042752784793265164,0.6883149743080139,0.019922107458114624,0.12336749583482742,0.0413428470492363,-0.0008351288852281868,-1.5646470785668498e-07,8.805694233160466e-05,0.0006650896393693984,0.5150899887084961,0.024055659770965576,0.005202082917094231,0.0014360869536176324,0,0,0,0,0,0,0,1,1,0,18
0.4802878797054291,0.024875838309526443,0.008798697032034397,9.870414942270145e-05,0.7267919778823853,0.019094889983534813,0.1095547080039978,0.03582002967596054,-0.0007981971139088273,3.5100256354780868e-06,0.00012935443373862654,0.00045596720883622766,0.5213116407394409,0.024898163974285126,0.006932370830327272,0.000523123424500227,0,0,0,0,0,0,0,1,1,0,6
0.48953044414520264,0.024772988632321358,0.00933163333684206,-0.00017051491886377335,0.7599703669548035,0.01833895593881607,0.10911896079778671,0.03130975738167763,-0.0007217967067845166,7.633045242982917e-06,0.00016656583466101438,0.00018238535267300904,0.5290110111236572,0.02529143914580345,0.008300121873617172,0.0002525924937799573,0,0,0,0,0,1,0,0,1,0,3
0.4993440806865692,0.02458488568663597,0.010273386724293232,-0.00020485174900386482,0.7895647287368774,0.017656099051237106,0.10930813103914261,0.02831597998738289,-0.0006533032865263522,9.125961696554441e-06,0.00016748685447964817,2.939147623198801e-12,0.5379483103752136,0.025339899584650993,0.009314453229308128,-0.0001332121028099209,0,0,1,0,0,0,0,0,1,0,16
0.5101118683815002,0.0243576318025589,0.011146418750286102,-0.00024514904362149537,0.8164898157119751,0.01703488826751709,0.1094869002699852,0.02584654651582241,-0.0005963286384940147,8.330202945217025e-06,0.00015288242138922215,0.0,0.5473369359970093,0.025116587057709694,0.009629656560719013,-0.00024261086946353316,0,0,1,0,0,0,0,0,1,0,1
0.5217064023017883,0.024100858718156815,0.011932499706745148,-0.00026670939405448735,0.8411462903022766,0.016466017812490463,0.10961435735225677,0.023729469627141953,-0.0005474838544614613,7.647963684576098e-06,0.00014036140055395663,1.46526768583094e-12,0.5574734210968018,0.024847354739904404,0.010527231730520725,-0.00029177757096476853,1,0,0,0,0,0,0,0,1,0,4
0.5339848399162292,0.02382165752351284,0.012542219832539558,-0.00028903974452987313,0.8638442754745483,0.015942329540848732,0.10970678180456161,0.021891580894589424,-0.0005050802719779313,7.055669357214356e-06,0.00012949116353411227,-1.4637599942898816e-12,0.5683404803276062,0.024534672498703003,0.010868380777537823,-0.00031695980578660965,0,0,0,1,0,0,0,0,1,0,9
0.546744704246521,0.02352263033390045,0.012971993535757065,-0.00030448034522123635,0.8848320245742798,0.015458102338016033,0.10977482795715332,0.02027852088212967,-0.0004678638360928744,6.535815828101477e-06,0.00011995040404144675,-2.925077497925588e-12,0.5795235633850098,0.024215901270508766,0.011397345922887325,-0.0003285477578174323,0,0,0,1,0,0,0,0,1,0,12
0.5599038004875183,0.023212052881717682,0.013330666348338127,-0.00031455291900783777,0.9043105840682983,0.015008694492280483,0.10982564836740494,0.01884913258254528,-0.0004348850343376398,6.075145847717067e-06,0.00011149587953696027,2.923071940746924e-12,0.5913591980934143,0.023879485204815865,0.01199818029999733,-0.0003459230938460678,0,0,0,1,0,0,0,0,1,0,5
0.5733728408813477,0.02289251796901226,0.013588480651378632,-0.00032259797444567084,0.9224457740783691,0.014590284787118435,0.10986407101154327,0.017571670934557915,-0.00040541167254559696,5.663433057634393e-06,0.00010393979027867317,2.921405088326945e-12,0.6038177609443665,0.023530462756752968,0.012596367858350277,-0.0003567204694263637,0,0,0,0,1,0,0,0,1,0,0
0.5870669484138489,0.02256670594215393,0.01379486545920372,-0.0003272268804721534,0.9393751621246338,0.014199691824615002,0.10989347100257874,0.01642124354839325,-0.00037886915379203856,5.292658443067921e-06,9.713503095554188e-05,-7.300012916204579e-13,0.6167058348655701,0.023171713575720787,0.012988868169486523,-0.0003651079023256898,0,0,0,0,1,0,0,0,1,0,11
0.6009397506713867,0.022236984223127365,0.01394855510443449,-0.0003305732971057296,0.9552146196365356,0.013834245502948761,0.10991619527339935,0.015378083102405071,-0.00035480139194987714,4.956447810400277e-06,9.096465510083362e-05,-1.4594093078121317e-12,0.6299506425857544,0.02280772104859352,0.01333604846149683,-0.0003686140989884734,0,0,0,0,1,0,0,0,1,0,5
0.6149389743804932,0.02190396375954151,0.014054992236196995,-0.0003335518413223326,0.970062255859375,0.013491680845618248,0.10993392020463943,0.01442627515643835,-0.0003328413295093924,4.649682068702532e-06,8.533467189408839e-05,1.4589024432964948e-12,0.643453061580658,0.022439802065491676,0.01355106383562088,-0.000372793321730569,0,0,0,0,1,0,0,0,1,0,11
0.629036009311676,0.02156883291900158,0.014140257611870766,-0.000335186836309731,0.9840019941329956,0.013170061632990837,0.10994785279035568,0.013552875258028507,-0.0003126904193777591,4.3681880015356e-06,8.016844367375597e-05,7.292329175408174e-13,0.6571400761604309,0.022069206461310387,0.013745042495429516,-0.0003726827271748334,0,0,0,0,1,0,0,0,1,0,3
0.6432052254676819,0.021232150495052338,0.014198366552591324,-0.00033690640702843666,0.9971065521240234,0.01286771148443222,0.10995890200138092,0.012747242115437984,-0.0002941028797067702,4.108529992663534e-06,7.540302613051608e-05,-1.4580874485234374e-12,0.6709808707237244,0.02169838920235634,0.013859309256076813,-0.0003749265451915562,0,0,1,0,0,0,0,0,1,0,1
0.6574260592460632,0.020894212648272514,0.014246169477701187,-0.0003376155800651759,1.0094386339187622,0.012583187781274319,0.10996770858764648,0.012000528164207935,-0.00027687480906024575,3.867864052153891e-06,7.098610512912273e-05,0.0,0.6849159002304077,0.02132583037018776,0.013945814222097397,-0.0003763897402677685,1,0,0,0,0,0,0,0,1,0,16
