lt_dp_posx,lt_dp_posy,lt_dp_velx,lt_dp_vely,ball_posx,ball_posy,ball_posz,ball_vel_x,ball_vel_y,ball_rot_x,ball_rot_y,ball_rot_z,rt_gk_posx,rt_gk_posy,rt_gk_velx,rt_gk_vely,action_left,action_top_left,action_top,action_top_right,action_right,action_bottom_right,action_bottom,action_bottom_left,action_sprint,action_dribble,sel_action
-1.0110293626785278,-0.0,0.0,-0.0,0.019999999552965164,-0.0,0.11061639338731766,-0.0,0.0,0.0,-0.0,0.0,1.0110293626785278,0.0,-0.0,0.0,0,0,0,0,0,0,0,0,0,0,5
0.0022227545268833637,1.214716660591364e-10,0.003935635089874268,2.5671381687075723e-11,0.019999999552965164,-0.0,0.11059734225273132,-0.0,0.0,0.0,-0.0,0.0,1.0110293626785278,0.0,-0.0,0.0,0,0,0,0,1,0,0,0,0,0,5
0.005271322093904018,-2.6352731108403304e-09,0.005585023667663336,-4.004820364222894e-10,0.019999999552965164,-0.0,0.10930104553699493,-0.0,0.0,0.0,-0.0,0.0,1.0089819431304932,-1.465951388057718e-10,-0.003723537316545844,-2.3984503272345137e-10,0,0,0,0,1,0,0,0,0,0,13
0.010625659488141537,-4.5637658097064104e-09,0.007103427313268185,-2.554758071759977e-10,0.025320498272776604,-5.634832600520667e-10,0.1260860562324524,0.008659591898322105,-9.180178284218243e-10,2.2965069516184267e-12,6.04173601459479e-06,-4.012789232843428e-12,1.0043776035308838,-3.5666875008999455e-10,-0.005314630456268787,-1.6376924816263738e-10,0,0,0,0,1,0,0,0,1,0,18
0.01848970539867878,-4.6795465280524695e-09,0.008461274206638336,-1.3390841213656302e-10,0.03355647996068001,-1.4382255386635734e-09,0.11838945001363754,0.007918355986475945,-8.42004965750931e-10,1.176400036412284e-11,4.684515806729905e-05,0.0,0.9982317090034485,-2.933744358557533e-10,-0.006807551719248295,6.629397586443986e-10,0,0,0,0,1,0,0,0,1,0,13
0.027614345774054527,-4.809848963560626e-09,0.009638728573918343,-8.884844249212875e-11,0.041250068694353104,-2.2563302337630375e-09,0.1135486587882042,0.007504452485591173,-7.979922833634134e-10,1.1148005261973903e-11,4.439179610926658e-05,-6.943675111245361e-19,0.9906662106513977,2.601535376012265e-10,-0.008160226047039032,4.2404613154189974e-10,0,0,0,0,1,0,0,0,1,0,5
0.03612228110432625,-6.656200479682184e-09,0.009277104400098324,-1.8268359047723948e-10,0.048517677932977676,-3.0291376074131904e-09,0.11264698207378387,0.007074202410876751,-7.522412137639378e-10,1.0508609607495778e-11,4.1845705709420145e-05,-2.0829425256238677e-18,0.9818469882011414,4.864831870676767e-10,-0.009317257441580296,4.820896459811763e-11,0,0,0,0,1,0,0,0,1,0,18
0.04460865631699562,-8.484513536188842e-09,0.010067443363368511,-1.1342846106821014e-10,0.05758916214108467,8.605913535575382e-06,0.13116511702537537,0.013979627750813961,2.82593955489574e-05,2.9465124384842056e-07,7.136271051422227e-06,3.4855759167840006e-07,0.9724517464637756,1.1321722448442983e-09,-0.009637720882892609,7.171033766795176e-10,0,0,0,0,1,0,0,0,1,0,0
0.055106088519096375,4.77037247037515e-07,0.010675542056560516,2.4280604975501774e-06,0.07142878323793411,3.651112274383195e-05,0.13711479306221008,0.013769258745014668,2.7762731406255625e-05,2.854166609722597e-07,8.147850167006254e-06,3.5950483834312763e-07,0.9623057246208191,1.6610526287763605e-09,-0.010538101196289062,3.5086361593883453e-10,0,0,0,0,1,0,0,0,1,0,0
0.06596015393733978,6.92342246111366e-06,0.011177010834217072,9.552155461278744e-06,0.08453243225812912,6.21985673205927e-05,0.12683330476284027,0.012486477382481098,2.3782886273693293e-05,-6.458757439986584e-08,4.5695003791479394e-05,4.101929391708836e-07,0.9514368772506714,1.1507086838946634e-07,-0.010879600420594215,4.5090311573403596e-07,0,0,0,0,1,0,0,0,1,0,16
0.07753842324018478,2.0731586118927225e-05,0.011883500963449478,1.7103986465372145e-05,0.09663836658000946,8.502074342686683e-05,0.1176246926188469,0.011771108955144882,2.2048556274967268e-05,-3.080120904996875e-07,6.962900806684047e-05,0.0,0.9404253959655762,1.18420314265677e-06,-0.011310156434774399,1.5704283669037977e-06,0,0,0,0,1,0,0,0,1,0,18
0.08977188169956207,3.966278745792806e-05,0.012501724064350128,2.055774712061975e-05,0.10808058828115463,0.00010645325528457761,0.11083377152681351,0.011161502450704575,2.090670204779599e-05,-2.920708368492342e-07,6.602532812394202e-05,4.554409760025753e-14,0.9287715554237366,3.3614080621191533e-06,-0.011916019953787327,2.6465199880476575e-06,0,0,0,0,1,0,0,0,1,0,5
0.10254812240600586,6.3369981944561e-05,0.012981190346181393,2.649111411301419e-05,0.1188960000872612,0.00012671167496591806,0.10950885713100433,0.010538773611187935,1.9740258721867576e-05,-2.757730328539765e-07,6.234108150238171e-05,-4.5536562395158756e-14,0.9165447354316711,6.228578968148213e-06,-0.012460877187550068,3.1205643153953133e-06,0,0,0,0,1,0,0,0,1,0,5
0.11571427434682846,-0.0007769088260829449,0.013238980434834957,2.3831020371289924e-05,0.1291036754846573,0.00014583177107851952,0.11070510745048523,0.009941724129021168,1.8621918570715934e-05,-2.6014203058366547e-07,5.880753815290518e-05,-6.829461990506477e-14,0.9038431644439697,9.728925761010032e-06,-0.01288231648504734,3.8074911117291776e-06,0,0,0,0,1,0,0,0,1,0,18
0.12895330786705017,-0.0022525659296661615,0.013239067979156971,1.1915582035726402e-05,0.140615314245224,7.988599827513099e-05,0.13553325831890106,0.01557299867272377,-0.0002598423161543906,-6.126012408458337e-08,1.036990033753682e-05,-7.978075018399977e-07,0.8907760381698608,1.3277160178404301e-05,-0.013204882852733135,2.3892016542959027e-06,0,0,0,0,1,0,0,0,1,0,13
0.14219574630260468,-0.0022468690294772387,0.013272990472614765,3.3491965041321237e-06,0.15608079731464386,-0.0001781393657438457,0.15389469265937805,0.015377793461084366,-0.0002565539616625756,-6.126012408458337e-08,1.036990033753682e-05,-7.978075018399977e-07,0.8774299025535583,1.3121695701556746e-05,-0.013451716862618923,-2.2506033019453753e-06,0,0,0,0,1,0,0,0,1,0,0
0.15563490986824036,-0.002196631161496043,0.013562160544097424,0.00010679462866391987,0.17103396356105804,-0.00042704708175733685,0.12458185106515884,0.014172323048114777,-0.00023464793048333377,1.2913152431792696e-06,4.019002153654583e-05,-1.932192162712454e-06,0.8638719320297241,8.180406439350918e-06,-0.013637542724609375,-8.45707836560905e-06,0,0,0,0,1,0,0,0,1,0,13
0.16931922733783722,-0.0020076557993888855,0.013774283230304718,0.00025409332010895014,0.18478500843048096,-0.0006542741321027279,0.10572804510593414,0.013355893082916737,-0.00022030368563719094,2.1954676867608214e-06,5.991645957692526e-05,-1.4151382856653072e-06,0.8501538634300232,-1.1962983080593403e-05,-0.01377778872847557,-3.005724647664465e-05,0,0,0,0,1,0,0,0,1,0,5
0.1831846684217453,-0.001725860289297998,0.013934689573943615,0.00026497329236008227,0.19769737124443054,-0.0008670638198964298,0.11271274089813232,0.01260455697774887,-0.000207717705052346,2.90160551230656e-06,7.455514423782006e-05,7.290113066167614e-13,0.836315929889679,-5.330883868737146e-05,-0.013882271945476532,-5.0602062401594594e-05,0,0,0,0,1,0,0,0,1,0,18
0.19718925654888153,-0.0014969457406550646,0.014056352898478508,0.00020027445862069726,0.20992252230644226,-0.001068528858013451,0.11237554252147675,0.011916355229914188,-0.00019637640798464417,2.7433950435806764e-06,7.049003761494532e-05,3.6443049099277314e-13,0.8223878145217896,-0.00010741903679445386,-0.01396151166409254,-5.380237053032033e-05,0,0,0,0,1,0,0,0,1,0,16
0.2112855464220047,-0.0013310274807736278,0.014121859334409237,0.00013841709005646408,0.22146748006343842,-0.0012587840901687741,0.11105363070964813,0.011247918009757996,-0.0001853607827797532,2.5894830741890473e-06,6.653536547673866e-05,3.643614002093315e-13,0.808392345905304,-0.00016054691514000297,-0.014020415022969246,-5.256446820567362e-05,0,0,0,0,1,0,0,0,1,0,5
0.22538252174854279,-0.0012291098246350884,0.014120737090706825,7.549019937869161e-05,0.2329203486442566,-0.001418543979525566,0.12036368995904922,0.016202325001358986,2.2783331587561406e-05,9.569889698468614e-07,8.313909347634763e-06,-1.1230620202695718e-06,0.7943464517593384,-0.000212739672861062,-0.014064592309296131,-5.262485137791373e-05,0,0,0,0,1,0,0,0,1,0,16
0.23909927904605865,-0.0011891196481883526,0.013386151753365993,1.1927167179237586e-05,0.24877412617206573,-0.0013969874707981944,0.16152387857437134,0.015753796324133873,2.1391195332398638e-05,8.989440516415925e-07,1.2278042959223967e-05,-9.624997119317413e-07,0.7802630662918091,-0.00026650444488041103,-0.014097549952566624,-5.46933661098592e-05,0,0,0,0,1,0,0,0,1,0,0
0.2524116039276123,0.000357985234586522,0.013312599621713161,3.7958748180244584e-06,0.2643519937992096,-0.00137598707806319,0.10267231613397598,0.015166591852903366,1.9513561710482463e-05,7.958136052366171e-07,1.9121653167530894e-05,-7.102553354343399e-07,0.7661516666412354,-0.00032232393277809024,-0.014122093096375465,-5.673759733326733e-05,0,0,0,0,1,0,0,0,1,0,13
0.2657240331172943,0.0010161364916712046,0.013312522321939468,1.4232747389542055e-06,0.2798015773296356,-0.0011855685152113438,0.17040634155273438,0.01579304225742817,0.0002640736638568342,4.045866432988987e-07,-7.778239137223864e-07,1.8104755383774318e-07,0.7520190477371216,-0.00036926145548932254,-0.014140325598418713,-3.891101368935779e-05,0,0,0,0,1,0,0,0,1,0,18
0.2790824770927429,0.0010100062936544418,0.013462585397064686,-2.7134015908814035e-05,0.29548346996307373,-0.0009233541204594076,0.1504458338022232,0.015591677278280258,0.0002607136848382652,4.045866432988987e-07,-7.778239137223864e-07,1.8104755383774318e-07,0.7378708124160767,-0.00039834296330809593,-0.014153649099171162,-2.103273982356768e-05,0,0,0,0,1,0,0,0,1,0,16
0.29268333315849304,0.0009155547013506293,0.013702932745218277,-0.0001561351091368124,0.31032794713974,-0.0006759605021215975,0.1344221979379654,0.01407252624630928,0.00023360838531516492,-9.809391485759988e-07,3.1020234018797055e-05,1.904934265439806e-06,0.7237108945846558,-0.0004076438199263066,-0.014164167456328869,2.2561177956959e-06,0,0,0,0,1,0,0,0,1,0,0
0.30648720264434814,0.000688004307448864,0.01387876644730568,-0.0002729546104092151,0.32421186566352844,-0.00044560377136804163,0.10671103000640869,0.013519799336791039,0.00022400567831937224,-1.4116085367277265e-06,4.0852839447325096e-05,1.9270405573479366e-06,0.7095423936843872,-0.0003905962803401053,-0.014171880669891834,2.915351615229156e-05,0,0,0,0,1,0,0,0,1,0,6
0.32044389843940735,0.0004429569817148149,0.014014454558491707,-0.00021702845697291195,0.3371511399745941,-0.0002316628088010475,0.10754548758268356,0.012635797262191772,0.0002088762412313372,-2.9181892386986874e-06,7.475016900571063e-05,0.0,0.6953676342964172,-0.0003474729892332107,-0.014176789671182632,5.051110565545969e-05,0,0,0,0,0,1,0,0,1,0,6
0.33353251218795776,0.0014054286293685436,0.013691570609807968,0.00015737237117718905,0.3494088053703308,-2.9037024432909675e-05,0.11276651173830032,0.01195143349468708,0.00019756334950216115,-2.7599380700848997e-06,7.069655111990869e-05,0.0,0.68118816614151,-0.0002974486560560763,-0.01418099645525217,4.9625232350081205e-05,0,0,0,0,0,1,0,0,1,0,12
0.34656211733818054,0.002101719845086336,0.013037989847362041,0.0003355185326654464,0.36273258924484253,0.00208508362993598,0.15035368502140045,0.014260595664381981,0.0033694044686853886,3.6201511193212355e-06,1.6110083379317075e-05,1.7479884263593704e-05,0.6670051217079163,-0.0002483124553691596,-0.014184502884745598,4.873557554674335e-05,0,0,0,0,0,1,0,0,1,0,12
0.3590753972530365,0.003386939875781536,0.01239776611328125,0.0019756159745156765,0.3768967390060425,0.005431510973721743,0.1345832198858261,0.014085211791098118,0.003327844897285104,3.6201511193212355e-06,1.6110083379317075e-05,1.7479884263593704e-05,0.6528230309486389,-5.697074084309861e-05,-0.014176088385283947,0.0003658103523775935,0,0,0,0,0,1,0,0,1,0,12
0.37098395824432373,0.005877894349396229,0.011766658164560795,0.002545606577768922,0.3902234137058258,0.008544874377548695,0.13146385550498962,0.012800402007997036,0.0029664048925042152,-2.1424861188279465e-05,4.942740633850917e-05,2.4914461391745135e-05,0.6386644840240479,0.0005267166416160762,-0.014140325598418713,0.0007618049276061356,0,0,0,0,0,1,0,0,1,0,16
0.3830345869064331,0.00846150703728199,0.012268739752471447,0.002599931787699461,0.4026968777179718,0.01142739225178957,0.11832620203495026,0.012131649069488049,0.002796776592731476,-3.9069920603651553e-05,7.176122744567692e-05,5.831256484623015e-12,0.6245548725128174,0.0014984974404796958,-0.014083526097238064,0.001127574942074716,0,0,0,0,0,1,0,0,1,0,12
0.39553558826446533,0.011057214811444283,0.01267580408602953,0.002587796887382865,0.41448986530303955,0.01414609607309103,0.11485911905765533,0.011504095047712326,0.0026521040126681328,-3.704997288878076e-05,6.805108569096774e-05,-5.8301983033026694e-12,0.610507607460022,0.002802708186209202,-0.014014804735779762,0.0014484943822026253,0,0,0,0,0,1,0,0,1,0,6
0.4083782434463501,0.013656959868967533,0.012956647202372551,0.0026292065158486366,0.4256429970264435,0.016717301681637764,0.11186166107654572,0.010865462012588978,0.002504877047613263,-3.499162630760111e-05,6.427042535506189e-05,-5.829178285898795e-12,0.5965384244918823,0.004426897969096899,-0.013928554020822048,0.0017676448915153742,0,0,0,0,0,1,0,0,1,0,5
0.4213826060295105,0.01640917919576168,0.013046467676758766,0.002675442025065422,0.4361737370491028,0.019145004451274872,0.11103268712759018,0.01025848276913166,0.0023649469949305058,-3.30378461512737e-05,6.068185030017048e-05,0.0,0.5826788544654846,0.0064087542705237865,-0.013799176551401615,0.002156575908884406,0,0,0,0,1,0,0,0,1,0,15
0.43359342217445374,0.019390055909752846,0.011752490885555744,0.0020900643430650234,0.4461106061935425,0.021435804665088654,0.10831203311681747,0.009679327718913555,0.002231431193649769,-3.117326195933856e-05,5.725707524106838e-05,-8.741161440506406e-12,0.568962812423706,0.00877740141004324,-0.0136442044749856,0.002541510621085763,0,0,0,0,1,0,0,0,0,0,0
0.444156289100647,0.02143057808279991,0.009226448833942413,0.0013418032322078943,0.4824305772781372,0.021671462804079056,0.221877783536911,0.06248139590024948,-0.0018103944603353739,1.1692463885992765e-05,2.357124503760133e-05,0.0014794294256716967,0.5554438233375549,0.011583127081394196,-0.01338159292936325,0.0030774534679949284,0,0,0,0,1,0,0,0,0,0,6
0.4523825943470001,0.022656822577118874,0.0073944819159805775,0.0011787317926064134,0.5432096123695374,0.0196286141872406,0.32049381732940674,0.05942370370030403,-0.0022266944870352745,1.1692463885992765e-05,2.357124503760133e-05,0.0014794294256716967,0.5422651171684265,0.01500600017607212,-0.013002227060496807,0.003702788846567273,0,0,0,0,0,1,0,0,0,0,6
0.4595790505409241,0.023592276498675346,0.006899062544107437,0.0005705647636204958,0.601060152053833,0.017192939296364784,0.26341861486434937,0.056594982743263245,-0.0026002221275120974,1.1692463885992765e-05,2.357124503760133e-05,0.0014794294256716967,0.529572606086731,0.019016260281205177,-0.012099742889404297,0.004105405416339636,0,0,0,0,0,1,0,0,0,0,16
0.4660184383392334,0.024124806746840477,0.00613261666148901,0.0005071813357062638,0.6554385423660278,0.014441195875406265,0.12481790035963058,0.047544386237859726,-0.0026453619357198477,1.4041440408618655e-05,4.581637404044159e-05,0.0013526336988434196,0.5193467140197754,0.022622747346758842,-0.008388477377593517,0.003085524309426546,0,0,0,0,0,1,0,0,0,0,2
0.47272825241088867,0.024580368772149086,0.007402546238154173,0.0003493573749437928,0.7015188336372375,0.011686203069984913,0.1699146032333374,0.045286089181900024,-0.002858592662960291,1.4253939298214391e-05,4.780944436788559e-05,0.001340109040029347,0.5137247443199158,0.024768918752670288,-0.0032572185155004263,0.0012853499501943588,0,1,0,0,0,0,0,0,0,0,18
0.4808693826198578,0.024673476815223694,0.008709852583706379,-0.00016572749882470816,0.7444700598716736,0.008801532909274101,0.13068275153636932,0.03920019045472145,-0.0027757901698350906,1.8219456251244992e-05,7.676345558138564e-05,0.0011328717228025198,0.5139508843421936,0.025318561121821404,0.0032081862445920706,0.0001900552015285939,0,1,0,0,0,0,0,0,0,0,4
0.48991918563842773,0.02421044558286667,0.009216747246682644,-0.0005688976380042732,0.7817345261573792,0.006049566436558962,0.11700539290904999,0.03480403497815132,-0.002656447933986783,2.3192451408249326e-05,0.00011024942068615928,0.0008491198532283306,0.5184714794158936,0.0252277459949255,0.00487275468185544,-0.00017952373309526592,0,0,0,1,0,0,0,0,0,0,18
0.49954837560653687,0.023602936416864395,0.010162655264139175,-0.0006543210474774241,0.8139908313751221,0.0035325183998793364,0.1064353659749031,0.030475543811917305,-0.002402077428996563,3.277781797805801e-05,0.00017463673430029303,0.00010024297807831317,0.5245668888092041,0.02488589659333229,0.00668027438223362,-0.00043208705028519034,0,0,0,1,0,0,0,0,0,0,6
0.5101434588432312,0.02290279045701027,0.01103905402123928,-0.0007436676532961428,0.8428751826286316,0.0012555799912661314,0.10932957381010056,0.027658922597765923,-0.0021803337149322033,3.0457089451374486e-05,0.00016360099834855646,2.3502541926512244e-11,0.5322986245155334,0.02437128685414791,0.008046210743486881,-0.0005494366050697863,0,0,0,0,0,1,0,0,0,0,15
0.521513819694519,0.02213313803076744,0.011774017475545406,-0.0008003376424312592,0.8691918253898621,-0.0008189456420950592,0.1095128133893013,0.025275006890296936,-0.0019924109801650047,2.7832340492750518e-05,0.00014950211334507912,-5.866526882336576e-12,0.5412442684173584,0.023744937032461166,0.009214109741151333,-0.0006635895697399974,0,0,0,0,0,1,0,0,0,0,16
0.533585250377655,0.021304704248905182,0.01239015907049179,-0.0008552990038879216,0.8933154940605164,-0.002720604185014963,0.10963312536478043,0.023226376622915268,-0.0018309190636500716,2.5576680855010636e-05,0.0001373857812723145,-5.859370714317302e-12,0.5511413216590881,0.02303105778992176,0.00995717290788889,-0.0007255190866999328,0,0,0,0,0,1,0,0,0,0,13
0.5461699366569519,0.020429696887731552,0.012824720703065395,-0.0008925956790335476,0.9155420660972595,-0.004472706932574511,0.10972052067518234,0.021444212645292282,-0.0016904320800676942,2.3614338715560734e-05,0.0001268450141651556,1.1707294855778372e-11,0.5617818832397461,0.022255796939134598,0.010792029090225697,-0.0007948955171741545,0,0,0,0,0,1,0,0,1,0,8
0.5591810941696167,0.019521702080965042,0.013210497796535492,-0.0009222449152730405,0.9361084699630737,-0.006093941163271666,0.1097850352525711,0.01987724006175995,-0.001566908205859363,2.188891448895447e-05,0.00011757691390812397,5.848999236335306e-12,0.5732247829437256,0.021416906267404556,0.011680934578180313,-0.00086074328282848,0,0,0,0,0,0,0,1,1,0,2
0.5724970102310181,0.018583791330456734,0.013468298129737377,-0.0009435658575966954,0.9552075862884521,-0.0075995116494596004,0.10983332991600037,0.018486464396119118,-0.0014572740765288472,2.0357470930321142e-05,0.00010935071622952819,1.169034574005634e-11,0.5854198336601257,0.02053040638566017,0.012258060276508331,-0.0009106340003199875,0,1,0,0,0,0,0,0,1,0,6
0.5857323408126831,0.017578883096575737,0.013527844101190567,-0.0009837348479777575,0.9729984998703003,-0.009001952596008778,0.10986992716789246,0.01724173314869404,-0.001359152258373797,1.898681694001425e-05,0.00010198824747931212,0.0,0.5985813736915588,0.01967943087220192,0.012959253042936325,-0.0009113969281315804,0,0,0,0,0,1,0,0,1,0,6
0.5993190407752991,0.016584565863013268,0.013765573501586914,-0.000982937403023243,0.9896136522293091,-0.010311714373528957,0.10989797860383987,0.016119346022605896,-0.0012706751003861427,1.7750873666955158e-05,9.534936543786898e-05,-2.919653668137512e-12,0.6121215224266052,0.018787991255521774,0.013439158909022808,-0.0009368471219204366,0,0,0,0,0,1,0,0,1,0,15
0.6130239367485046,0.015577555634081364,0.013832357712090015,-0.000996691407635808,1.0051648616790771,-0.011537592858076096,0.10991969704627991,0.015100426971912384,-0.0011903546983376145,1.6628853700240143e-05,8.93224059836939e-05,-5.83703224643628e-12,0.6258002519607544,0.017839914187788963,0.013597037643194199,-0.0009909197688102722,0,0,0,0,0,1,0,0,0,0,0
