lt_dp_posx,lt_dp_posy,lt_dp_velx,lt_dp_vely,ball_posx,ball_posy,ball_posz,ball_vel_x,ball_vel_y,ball_rot_x,ball_rot_y,ball_rot_z,rt_gk_posx,rt_gk_posy,rt_gk_velx,rt_gk_vely,action_left,action_top_left,action_top,action_top_right,action_right,action_bottom_right,action_bottom,action_bottom_left,action_sprint,action_dribble,sel_action
-1.0110293626785278,-0.0,0.0,-0.0,0.019999999552965164,-0.0,0.11061639338731766,0.0,-0.0,0.0,-0.0,0.0,1.0110293626785278,0.0,-0.0,0.0,0,0,0,0,0,0,0,0,0,0,5
0.0,-0.0,0.0,-0.0,0.019999999552965164,-0.0,0.11059734225273132,0.0,-0.0,0.0,-0.0,0.0,1.0089819431304932,-1.5615271228841543e-11,-0.003723537316545844,-2.552534225652714e-11,0,0,0,0,1,0,0,0,0,0,5
0.0,-0.0,0.0,-0.0,0.019999999552965164,-0.0,0.10930104553699493,0.0,-0.0,0.0,-0.0,0.0,1.0043776035308838,-3.788986485675494e-11,-0.005314630456268787,-1.7259107337741497e-11,0,0,0,0,1,0,0,0,0,0,5
0.0011742409551516175,1.3643361440607293e-10,0.0034112136345356703,2.3963026007933763e-10,0.019999999552965164,-0.0,0.11075475811958313,0.0,-0.0,0.0,-0.0,0.0,0.9982317090034485,8.941062473732941e-11,-0.006807551719248295,6.675547892243117e-10,0,0,0,0,1,0,0,0,0,0,5
0.004355194512754679,-9.771559117410789e-10,0.005103938281536102,-2.3148706562725607e-10,0.019999999552965164,-0.0,0.11053141206502914,0.0,-0.0,0.0,-0.0,0.0,0.9906662106513977,6.624450987757768e-10,-0.008160226047039032,4.586612756263264e-10,0,0,0,0,1,0,0,0,0,0,13
0.008538313210010529,-3.439343698730113e-09,0.006663426756858826,-3.542344473306258e-10,0.02272110804915428,-2.401155385634013e-10,0.12206600606441498,0.008977130055427551,-7.917650979294422e-10,-3.3805985354823376e-12,-1.925346441566944e-05,-1.8745146494053566e-12,0.9818469882011414,9.4439456255202e-10,-0.009317257441580296,1.219490203263618e-10,0,0,0,0,1,0,0,0,1,0,5
0.015989981591701508,-3.657014246982726e-09,0.008070995099842548,-7.288332437571654e-11,0.03136187046766281,-1.0010482442979196e-09,0.11363866925239563,0.00835032295435667,-7.344803099051944e-10,-1.0293307872721869e-11,-4.953729148837738e-05,6.944848673739421e-19,0.9724517464637756,1.1232696994767366e-09,-0.009637720882892609,1.7645683525469025e-10,0,0,0,0,1,0,0,0,1,0,5
0.02475566230714321,-3.816629234876245e-09,0.009305577725172043,-1.575874986059489e-10,0.03948330506682396,-1.7153971576533422e-09,0.11435475945472717,0.00792497955262661,-6.970690691332493e-10,-9.737841609458453e-12,-4.6878129069227725e-05,0.0,0.9623057246208191,1.2365546364634383e-09,-0.010538101196289062,5.403184497043689e-11,0,0,0,0,1,0,0,0,1,0,16
0.034221503883600235,-4.304198775173518e-09,0.010056434199213982,-2.5303861783676496e-10,0.04717102274298668,-2.3915975866373174e-09,0.11023221909999847,0.007491174153983593,-6.589126466671757e-10,-9.2050195590887e-12,-4.4313081161817536e-05,-1.388731506731469e-18,0.9514368772506714,1.65415281472292e-09,-0.010879600420594215,9.517413523951745e-10,0,0,0,0,1,0,0,0,1,0,16
0.04248494654893875,-5.735156793917895e-09,0.009685609489679337,-1.377486041898024e-10,0.05442111939191818,-3.0293054731345137e-09,0.10938604176044464,0.0070563675835728645,-6.206675173814347e-10,-8.670670084698351e-12,-4.174073183094151e-05,2.7772483600939804e-18,0.9404253959655762,2.343252925030015e-09,-0.011310156434774399,4.964262889650684e-10,0,0,0,0,1,0,0,0,1,0,16
0.05221288278698921,-6.173943134513138e-09,0.01050952635705471,-7.845207816714606e-11,0.06711333245038986,2.3539816538686864e-05,0.14591693878173828,0.014017813839018345,2.926232264144346e-05,3.8007601688150316e-07,-4.3082745833089575e-05,-2.6629042082504384e-08,0.9287715554237366,2.6045998691159866e-09,-0.011916019953787327,7.913372040979638e-11,0,0,0,0,1,0,0,0,1,0,0
0.06288903951644897,3.1001504794403445e-06,0.010763458907604218,6.489365205197828e-06,0.08094481378793716,5.2501141908578575e-05,0.11522690206766129,0.013381498865783215,2.8419235604815185e-05,3.926411125121376e-07,-6.93334877723828e-05,-4.6652202101427065e-09,0.9165447354316711,2.3228511736306245e-07,-0.012460877187550068,5.347782234821352e-07,0,0,0,0,1,0,0,0,1,0,16
0.07409841567277908,1.3910388588556089e-05,0.011549495160579681,1.4633183127443772e-05,0.09398728609085083,8.024661656236276e-05,0.10902407765388489,0.012782126665115356,2.71947355940938e-05,3.7993970636307495e-07,-7.561677193734795e-05,-1.3669725345156342e-13,0.9038431644439697,1.2612019872904057e-06,-0.01288231648504734,1.4333367062135949e-06,0,0,0,0,1,0,0,0,1,0,5
0.08601444959640503,3.233020834159106e-05,0.012209135107696056,2.019296334765386e-05,0.10639084875583649,0.00010663591092452407,0.11389370262622833,0.012094142846763134,2.5731002097018063e-05,3.594509507820476e-07,-7.153906335588545e-05,4.5556186454480743e-14,0.8907760381698608,3.150513066429994e-06,-0.013204882852733135,2.3125796815293143e-06,0,0,0,0,1,0,0,0,1,0,13
0.09853748977184296,5.5072068789741024e-05,0.012757848016917706,2.5386449124198407e-05,0.11811836808919907,0.00013158691581338644,0.1114998608827591,0.01142380852252245,2.4304825274157338e-05,3.395256840121874e-07,-6.757347728125751e-05,4.5547394252488244e-14,0.8774299025535583,6.223008313099854e-06,-0.013451716862618923,3.6956641906726873e-06,0,0,0,0,1,0,0,0,1,0,0
0.11153464019298553,8.424968837061897e-05,0.01317543163895607,3.229550566175021e-05,0.12918555736541748,0.00015513304970227182,0.11083120852708817,0.010777592658996582,2.2929967599338852e-05,3.2032312446972355e-07,-6.375171506078914e-05,4.553939826146616e-14,0.8638719320297241,1.061813691194402e-05,-0.013637542724609375,4.83640951642883e-06,0,0,0,0,1,0,0,0,1,0,5
0.1238897442817688,-4.0095332224154845e-05,0.013405018486082554,2.9636057661264203e-05,0.1396242380142212,0.00017734196444507688,0.1104738712310791,0.010166743770241737,2.163035242119804e-05,3.021727934537921e-07,-6.013937672832981e-05,1.365968156728098e-13,0.8501538634300232,1.580057323735673e-05,-0.01377778872847557,5.473023975355318e-06,0,0,0,0,1,0,0,0,1,0,0
0.13466542959213257,-0.0006011612131260335,0.013405082747340202,1.6164800399565138e-05,0.1500743329524994,0.000187491430551745,0.11951543390750885,0.015621257945895195,-8.760225318837911e-05,-8.034831466829928e-08,-4.608477320289239e-05,-4.047637958137784e-08,0.8363156914710999,2.1601843400276266e-05,-0.013882973231375217,6.068858965591062e-06,0,0,0,0,1,0,0,0,1,0,18
0.1480685919523239,-0.0005924055585637689,0.013386151753365993,2.6901409455604153e-06,0.16540931165218353,0.00010194352944381535,0.15080535411834717,0.015240778215229511,-8.499582327203825e-05,-1.9504635417888494e-07,-5.070620682090521e-05,-1.4329451403227722e-07,0.8223875761032104,2.452983972034417e-05,-0.01396151166409254,-1.0542270274527255e-06,0,0,0,0,1,0,0,0,1,0,16
0.16151389479637146,-0.0005818722420372069,0.013568121008574963,2.4915329049690627e-05,0.18036244809627533,1.9023133063456044e-05,0.1231798455119133,0.014477768912911415,-7.930370338726789e-05,-9.631978628021898e-07,-8.029711898416281e-05,-1.3574313584285846e-07,0.8083919882774353,1.8460343198967166e-05,-0.014021116308867931,-1.0183388440054841e-05,0,0,0,0,1,0,0,0,1,0,5
0.17520558834075928,-0.0005325039965100586,0.013783223927021027,6.903239409439266e-05,0.19450676441192627,-5.840642916155048e-05,0.11392323672771454,0.013819847255945206,-7.565123087260872e-05,-1.0566818673396483e-06,-8.173663809429854e-05,0.0,0.7943460941314697,4.1079929360421374e-06,-0.014064592309296131,-1.5851916032261215e-05,0,0,0,0,1,0,0,0,1,0,13
0.18908041715621948,-0.0004482886870391667,0.01394275389611721,8.365014946321025e-05,0.2079356610774994,-0.000131917666294612,0.11454194039106369,0.013096258975565434,-7.169023592723534e-05,-1.0014731515184394e-06,-7.74661311879754e-05,-1.8228105656825644e-13,0.7802626490592957,-1.1967950740654487e-05,-0.014097549952566624,-1.6257845345535316e-05,0,0,0,0,1,0,0,0,1,0,18
0.20309141278266907,-0.0003759416867978871,0.014061436988413334,6.311203469522297e-05,0.2206358015537262,-0.00020143941219430417,0.11014704406261444,0.012375476770102978,-6.774457870051265e-05,-9.464091021982313e-07,-7.320681470446289e-05,0.0,0.7661510705947876,-2.844516529876273e-05,-0.014122093096375465,-1.6655634681228548e-05,0,0,0,0,1,0,0,0,1,0,13
0.21698367595672607,-0.00026906598941423,0.014141123741865158,4.384481144370511e-05,0.23262111842632294,-0.0002670480462256819,0.10926466435194016,0.011674540117383003,-6.390758790075779e-05,-8.927966632654716e-07,-6.905978807481006e-05,0.0,0.7520185708999634,-4.493255619308911e-05,-0.014140325598418713,-1.6349918951164e-05,0,0,0,0,1,0,0,0,1,0,5
0.22863619029521942,0.0003846451290883124,0.014141228049993515,2.5576560801710002e-05,0.24392548203468323,-0.00032892925082705915,0.11069917678833008,0.011007561348378658,-6.0256475990172476e-05,-8.417611638833478e-07,-6.511207902804017e-05,9.108438016412063e-14,0.7378703951835632,-6.111226684879512e-05,-0.014153649099171162,-1.6039635738707148e-05,0,0,0,0,1,0,0,0,1,0,16
0.2420443445444107,0.0005121572758071125,0.013533234596252441,6.993385795794893e-06,0.25889408588409424,-0.00025248006568290293,0.15284356474876404,0.015309540554881096,9.084164048545063e-05,5.080564591253278e-08,-5.3893905715085566e-05,9.308212156611262e-08,0.7237108945846558,-7.623234705533832e-05,-0.014164167456328869,-1.3590959497378208e-05,0,0,0,0,1,0,0,0,1,0,16
0.2554630935192108,0.0005089447950012982,0.013516930863261223,-1.5654686649213545e-05,0.2740236818790436,-0.00016299331036861986,0.11552874743938446,0.014695494435727596,8.525356679456308e-05,8.796275210443127e-07,-7.793528493493795e-05,2.1554281204316794e-07,0.7095428705215454,-8.7690947111696e-05,-0.014171179383993149,-9.713048712001182e-06,0,0,0,0,1,0,0,0,1,0,18
0.2691110372543335,0.0004668662149924785,0.013745006173849106,-6.440919969463721e-05,0.28835341334342957,-8.004350820556283e-05,0.11054418236017227,0.014049316756427288,8.131662616506219e-05,1.136098262577434e-06,-8.311451529152691e-05,1.8233892585921285e-13,0.6953683495521545,-9.50425019254908e-05,-0.014176789671182632,-4.322406311985105e-06,0,0,0,0,1,0,0,0,1,0,16
0.2829532325267792,0.00037988589610904455,0.013914178125560284,-9.431935905013233e-05,0.30198290944099426,-1.1569726439120132e-06,0.10648694634437561,0.013303838670253754,7.70018741604872e-05,1.0757805739558535e-06,-7.870179251767695e-05,3.645867516308826e-13,0.6811888217926025,-9.308526205131784e-05,-0.014181697741150856,7.096154604369076e-06,0,0,0,0,1,0,0,0,1,0,7
0.29693982005119324,0.00029660071595571935,0.01404004916548729,-7.361904135905206e-05,0.3148782253265381,7.348025974351913e-05,0.113223135471344,0.012565980665385723,7.27311780792661e-05,1.0160445071960567e-06,-7.433166319970042e-05,-1.8225069890742684e-13,0.667005717754364,-7.970628939801827e-05,-0.014184502884745598,1.852011882874649e-05,0,0,0,0,0,0,1,0,1,0,7
0.3106912672519684,0.000759422779083252,0.013905331492424011,-6.253532774280757e-05,0.32705122232437134,0.0001439368206774816,0.11170138418674469,0.011856533586978912,6.862492591608316e-05,9.586726719135186e-07,-7.013446156634018e-05,0.0,0.6528202891349792,-5.867717118235305e-05,-0.014186606742441654,2.1555772036663257e-05,0,0,0,0,0,0,1,0,1,0,6
0.32377326488494873,0.0021436449605971575,0.013444838114082813,0.0003180367639288306,0.3388715088367462,0.0005675527499988675,0.11983098089694977,0.014561885967850685,0.0036362905520945787,1.3664799553225748e-05,-4.80287017126102e-05,-3.074387109336385e-07,0.6386328935623169,-3.660645961645059e-05,-0.014188009314239025,2.249197132186964e-05,0,0,0,0,0,1,0,0,1,0,12
0.33668583631515503,0.0028438360895961523,0.012385495007038116,0.0014527508756145835,0.3531818389892578,0.004128987435251474,0.15067175030708313,0.01422369945794344,0.003539217635989189,1.7348615074297413e-05,-5.178971332497895e-05,2.5481670036242576e-06,0.6244449019432068,3.776284211198799e-05,-0.014185204170644283,0.0002288723480887711,0,0,0,0,0,1,0,0,1,0,12
0.3488624095916748,0.005081136245280504,0.011816795915365219,0.002702400553971529,0.36714455485343933,0.007590041030198336,0.12330443412065506,0.01353954803198576,0.003329165279865265,4.2741623474285007e-05,-7.658058893866837e-05,2.8447143449739087e-06,0.6102786064147949,0.0005493886419571936,-0.01414453238248825,0.000742753385566175,0,0,0,0,0,1,0,0,1,0,6
0.36064448952674866,0.0077710989862680435,0.011960198171436787,0.0027184851933270693,0.3803780972957611,0.010842995718121529,0.11390013992786407,0.012932718731462955,0.003178991610184312,4.4403623178368434e-05,-7.648989412700757e-05,5.832687197809827e-12,0.5961772203445435,0.0015737900976091623,-0.014059684239327908,0.0012543810298666358,0,0,0,0,0,1,0,0,1,0,12
0.3728604316711426,0.010508601553738117,0.012411439791321754,0.002743225311860442,0.3929440379142761,0.013931836001574993,0.11457094550132751,0.012253946624696255,0.003012143075466156,4.2078008846146986e-05,-7.248376641655341e-05,1.1662938843859383e-11,0.5821607112884521,0.0030163475312292576,-0.013978340663015842,0.0015962208854034543,0,0,0,0,0,1,0,0,1,0,9
0.3854731023311615,0.013249903917312622,0.01275714673101902,0.0027498132549226284,0.40482765436172485,0.016852950677275658,0.1101025938987732,0.01157983485609293,0.0028464384377002716,3.9765480323694646e-05,-6.850022327853367e-05,1.1660647274147617e-11,0.5682365894317627,0.004799555987119675,-0.013877012766897678,0.0019358283607289195,0,0,0,0,0,1,0,0,1,0,12
0.3983572721481323,0.016045207157731056,0.012975580990314484,0.002834143815562129,0.4160423278808594,0.019609631970524788,0.10925104469060898,0.010923919267952442,0.0026852088049054146,3.75127128791064e-05,-6.461957673309371e-05,-1.1658540452486044e-11,0.5544376969337463,0.006955324672162533,-0.01371713262051344,0.0023708317894488573,0,0,0,0,0,1,0,0,1,0,5
0.4112846851348877,0.01904197223484516,0.012983206659555435,0.002866254188120365,0.42661988735198975,0.02220969647169113,0.11069868505001068,0.010299812071025372,0.002531797392293811,3.536830627126619e-05,-6.0925620346097276e-05,-1.1656649603897229e-11,0.5408403873443604,0.009598399512469769,-0.013493089005351067,0.0028646020218729973,0,0,0,0,1,0,0,0,1,0,5
0.4231801927089691,0.022148219868540764,0.0116100599989295,0.0022022139746695757,0.43659496307373047,0.024661656469106674,0.11053500324487686,0.00971481204032898,0.002387998392805457,3.3359981898684055e-05,-5.7466055295662954e-05,-5.827489966275801e-12,0.5274996161460876,0.012745669111609459,-0.013165263459086418,0.0034506525844335556,0,0,0,0,1,0,0,0,1,0,7
0.4333198368549347,0.024190282449126244,0.008720509707927704,0.0013310657814145088,0.4798019230365753,0.025859255343675613,0.3128899931907654,0.06475740671157837,0.00022416931460611522,1.8572887711343355e-05,-6.140418918221258e-06,0.0023144991137087345,0.5147016048431396,0.016727279871702194,-0.01247209683060646,0.00440827663987875,0,0,0,0,0,0,1,0,1,0,6
0.441346138715744,0.02552245557308197,0.0073534599505364895,0.0012832680949941278,0.5427407026290894,0.025650186464190483,0.5485985279083252,0.0614977665245533,-0.0005565828760154545,1.8572887711343355e-05,-6.140418918221258e-06,0.0023144991137087345,0.5026877522468567,0.021635664626955986,-0.011615192517638206,0.005307978950440884,0,0,0,0,0,1,0,0,1,0,5
0.4484620988368988,0.02649819105863571,0.006878376007080078,0.0006682279636152089,0.6025818586349487,0.024686487391591072,0.6631436944007874,0.05852513015270233,-0.0012894233223050833,1.8572887711343355e-05,-6.140418918221258e-06,0.0023144991137087345,0.4916943907737732,0.02693338878452778,-0.010201861150562763,0.004956368822604418,0,0,0,0,1,0,0,0,1,0,0
0.45446574687957764,0.027187975123524666,0.00573673564940691,0.0006730613531544805,0.6595869660377502,0.02301713638007641,0.6636472344398499,0.055794935673475266,-0.0019727589096874,1.8572887711343355e-05,-6.140418918221258e-06,0.0023144991137087345,0.4841901659965515,0.030768509954214096,-0.005502380896359682,0.0029200275894254446,0,0,0,0,1,0,0,0,1,0,11
0.4602864682674408,0.027927059680223465,0.006917919032275677,0.0005625846679322422,0.7139784693717957,0.02069159783422947,0.5564226508140564,0.053271759301424026,-0.002606883179396391,1.8572887711343355e-05,-6.140418918221258e-06,0.0023144991137087345,0.48045235872268677,0.033159200102090836,-0.003799265716224909,0.0022358838468790054,0,0,0,0,1,0,0,0,1,0,15
0.46794629096984863,0.028228336945176125,0.008550604805350304,-2.8557544283103198e-05,0.7659468650817871,0.017758313566446304,0.34708094596862793,0.05092693492770195,-0.003193352371454239,1.8572887711343355e-05,-6.140418918221258e-06,0.0023144991137087345,0.47870829701423645,0.03479190543293953,-0.001948496326804161,0.0014357758918777108,0,0,0,0,1,0,0,0,0,0,2
0.4767804741859436,0.027541911229491234,0.009212883189320564,-0.0007324842736124992,0.8142957091331482,0.014408075250685215,0.14864787459373474,0.041832126677036285,-0.0029924223199486732,1.3476017556968145e-05,-2.5727273168740794e-05,0.002123549347743392,0.4787564277648926,0.03609389811754227,-0.0007295268587768078,0.0008338037296198308,0,1,0,0,0,0,0,0,0,0,5
0.48644962906837463,0.026822546496987343,0.010201720520853996,-0.000748458260204643,0.8553318381309509,0.011233535595238209,0.2583671510219574,0.0403921976685524,-0.003319754032418132,1.3476017556968145e-05,-2.5727273168740794e-05,0.002123549347743392,0.47945085167884827,0.03666684404015541,-3.870565342367627e-05,0.0005038518575020134,0,0,0,0,1,0,0,0,0,0,18
0.4970659017562866,0.02610696479678154,0.011047563515603542,-0.0007166133727878332,0.8949540853500366,0.007745163515210152,0.2340860366821289,0.03899886831641197,-0.0036228522658348083,1.3476017556968145e-05,-2.5727273168740794e-05,0.002123549347743392,0.48199284076690674,0.036936067044734955,0.0037583087105304003,0.00015158882888499647,0,0,0,0,1,0,0,0,0,0,12
0.5085147023200989,0.02538560889661312,0.011834321543574333,-0.0007520712097175419,0.9328516721725464,0.004015881568193436,0.12160740047693253,0.03451856970787048,-0.003457566723227501,6.214160748641007e-06,-4.6042991016292945e-05,0.0018730520969256759,0.4870361089706421,0.036909881979227066,0.005169870797544718,-9.686639532446861e-05,0,0,0,0,1,0,0,0,0,0,7
0.5206743478775024,0.024641375988721848,0.012467579916119576,-0.0007600630633533001,0.9663556814193726,0.0005265534855425358,0.15610794723033905,0.03304983675479889,-0.0035592892672866583,5.059415343566798e-06,-4.924844324705191e-05,0.0018307442078366876,0.49334603548049927,0.03663206845521927,0.0068486821837723255,-0.00040539633482694626,0,0,0,0,0,0,1,0,0,0,15
0.5334501266479492,0.023896802216768265,0.012968337163329124,-0.0007666199817322195,0.9979398846626282,-0.0029703439213335514,0.12700650095939636,0.029601315036416054,-0.003309729741886258,-6.676913926639827e-06,-7.803636253811419e-05,0.0014136381214484572,0.5009430646896362,0.03617888316512108,0.008023353293538094,-0.000513826438691467,0,0,0,0,0,0,1,0,0,0,18
