lt_dp_posx,lt_dp_posy,lt_dp_velx,lt_dp_vely,ball_posx,ball_posy,ball_posz,ball_vel_x,ball_vel_y,ball_rot_x,ball_rot_y,ball_rot_z,rt_gk_posx,rt_gk_posy,rt_gk_velx,rt_gk_vely,action_left,action_top_left,action_top,action_top_right,action_right,action_bottom_right,action_bottom,action_bottom_left,action_sprint,action_dribble,sel_action
-1.0110293626785278,-0.0,0.0,-0.0,0.019999999552965164,-0.0,0.11061639338731766,0.0,-0.0,0.0,-0.0,0.0,1.0110293626785278,0.0,-0.0,0.0,0,0,0,0,0,0,0,0,0,0,5
0.0,-0.0,0.0,-0.0,0.019999999552965164,-0.0,0.11059734225273132,0.0,-0.0,0.0,-0.0,0.0,1.0110293626785278,0.0,-0.0,0.0,0,0,0,0,1,0,0,0,0,0,5
0.0015068008797243237,1.6729921614722087e-10,0.003586257342249155,2.42457776078453e-10,0.019999999552965164,-0.0,0.10930104553699493,0.0,-0.0,0.0,-0.0,0.0,1.0110293626785278,0.0,-0.0,0.0,0,0,0,0,1,0,0,0,0,0,5
0.0047621107660233974,-6.655095363683472e-10,0.0052583664655685425,-3.1212532558555495e-10,0.019999999552965164,-0.0,0.11075475811958313,0.0,-0.0,0.0,-0.0,0.0,1.0081888437271118,-2.0441334389054155e-11,-0.004046103451400995,-2.461020449928686e-11,0,0,0,0,1,0,0,0,0,0,13
0.009853105992078781,-1.7132782970108451e-09,0.006805261597037315,-2.6657762108861505e-10,0.02441324107348919,-2.385739106269824e-10,0.12463226169347763,0.008678829297423363,-4.689139632141348e-10,-2.7889134144448713e-12,-2.3611062715644948e-05,-1.3541227601027161e-12,1.0032682418823242,-3.960294592264546e-11,-0.005623172502964735,-1.2420075384822482e-11,0,0,0,0,1,0,0,0,1,0,0
0.017438050359487534,-1.8602481777207913e-09,0.00819813646376133,-3.446914143001578e-10,0.032777246087789536,-6.900826021727369e-10,0.1163645014166832,0.008125124499201775,-4.3843853547720357e-10,-6.124985935107574e-12,-4.806309152627364e-05,0.0,0.9968275427818298,2.7258419479925244e-11,-0.0070915501564741135,1.687356226964809e-10,0,0,0,0,1,0,0,0,1,0,18
0.026320859789848328,-2.489617401124633e-09,0.009414422325789928,-6.445948774747023e-10,0.04066177085042,-1.1155377732663396e-09,0.10947545617818832,0.007686356548219919,-4.1476219680980364e-10,-5.794259603369989e-12,-4.546787386061624e-05,6.943909823744173e-19,0.9889967441558838,1.558074919083552e-10,-0.008409163914620876,8.789311639612052e-11,0,0,0,0,1,0,0,0,1,0,16
0.03545873612165451,-4.666904640515668e-09,0.009781300090253353,-8.594371325720829e-10,0.048102185130119324,-1.5170286138399547e-09,0.11092846095561981,0.007241664454340935,-3.9076608615573605e-10,-5.458860360268991e-12,-4.283598900656216e-05,-3.4716728949819944e-19,0.9799808859825134,1.8135819235265416e-10,-0.009335489943623543,-2.7818044742722314e-11,0,0,0,0,1,0,0,0,1,0,18
0.04349726811051369,-8.414210661555899e-09,0.009783406741917133,-4.609770065666652e-10,0.0551045723259449,-1.8948829172416026e-09,0.11044289916753769,0.014519652351737022,2.9958113373140804e-05,3.7274296005307406e-07,-3.3605047065066174e-05,-3.770929524193889e-08,0.9704952239990234,9.73266356396607e-10,-0.00983055867254734,6.755621617671181e-10,0,0,0,0,1,0,0,0,1,0,18
0.05365075170993805,-9.042609327991613e-09,0.010675586760044098,-2.377836261224786e-10,0.06918628513813019,2.937154749815818e-05,0.14369232952594757,0.013972408138215542,2.918044810940046e-05,3.802940398145438e-07,-4.303434252506122e-05,-2.3596033571493535e-08,0.9601738452911377,1.444620090218507e-09,-0.010699383914470673,2.925243380857978e-10,0,0,0,0,1,0,0,0,1,0,0
0.06437833607196808,4.6069071686360985e-06,0.010933945886790752,7.956353329063859e-06,0.08285224437713623,5.810818402096629e-05,0.12247620522975922,0.013206139206886292,2.8106942409067415e-05,3.9296654108511575e-07,-7.556099444627762e-05,-1.1365430818699451e-09,0.9492757320404053,2.6916649176200735e-07,-0.010805971920490265,7.603439371450804e-07,0,0,0,0,1,0,0,0,1,0,18
0.07574000209569931,1.7141766875283793e-05,0.011687506921589375,1.648608122195583e-05,0.09575716406106949,8.557972614653409e-05,0.11547338217496872,0.012616364285349846,2.685726030904334e-05,3.7518006479331234e-07,-7.462725625373423e-05,9.112675891653765e-14,0.9381436109542847,1.7282893622905249e-06,-0.011441286653280258,2.0034349290654063e-06,0,0,0,0,1,0,0,0,1,0,18
0.08778546005487442,3.6508146877167746e-05,0.01233079843223095,2.0934705389663577e-05,0.10800774395465851,0.00011165831529069692,0.11361543089151382,0.011946264654397964,2.5430779714952223e-05,3.552694067820994e-07,-7.066680700518191e-05,0.0,0.9263702630996704,4.412574980960926e-06,-0.012035930529236794,3.0543774300895166e-06,0,0,0,0,1,0,0,0,1,0,13
0.10041385889053345,6.0415964981075376e-05,0.012850848957896233,2.6786663511302322e-05,0.11958439648151398,0.00013630226021632552,0.11140753328800201,0.011277900077402592,2.400797893642448e-05,3.3539024002493534e-07,-6.671266601188108e-05,4.554555110879502e-14,0.9140385389328003,7.778253348078579e-06,-0.012554140761494637,3.6833960166404722e-06,0,0,0,0,1,0,0,0,1,0,5
0.11340278387069702,9.08595320652239e-05,0.013245721347630024,3.2615283998893574e-05,0.13050729036331177,0.00015955453272908926,0.10943228751420975,0.010637659579515457,2.2645059289061464e-05,3.1635144637220947e-07,-6.292564648902044e-05,-4.5537731300625967e-14,0.9012559056282043,1.1887981600011699e-05,-0.01295384205877781,4.4506996346171945e-06,0,0,0,0,1,0,0,0,1,0,13
0.1257094293832779,-0.0005499363178387284,0.013404987752437592,2.697495074244216e-05,0.14080984890460968,0.00018148620438296348,0.11077036708593369,0.010033826343715191,2.135964678018354e-05,2.9838699333595287e-07,-5.9352325479267165e-05,-9.106154415586265e-14,0.8881267309188843,1.6641812180751003e-05,-0.013260280713438988,5.011679604649544e-06,0,0,0,0,1,0,0,0,1,0,18
0.13767769932746887,-0.0016872149426490068,0.013405084609985352,1.3485907402355224e-05,0.15235058963298798,0.00013417589070741087,0.13454997539520264,0.015493322163820267,-0.00020464672707021236,-5.729491476813564e-07,-5.047698869020678e-05,-3.465337954366987e-07,0.8747334480285645,2.202411815233063e-05,-0.013492387719452381,5.675497504853411e-06,0,0,0,0,1,0,0,0,1,0,5
0.15106552839279175,-0.0016808481886982918,0.013344252482056618,2.9873619951104047e-06,0.16773056983947754,-6.890407530590892e-05,0.14534130692481995,0.01529262587428093,-0.00020192806550767273,-5.85482553105976e-07,-5.070257611805573e-05,-3.562799406608974e-07,0.8611396551132202,2.6506972062634304e-05,-0.013669097796082497,-5.204433364269789e-07,0,0,0,0,1,0,0,0,1,0,16
0.16456593573093414,-0.001642844290472567,0.013615979813039303,7.967130659380928e-05,0.18260879814624786,-0.00026376862660981715,0.12779931724071503,0.0143929747864604,-0.00018658618500921875,-2.5937501959560905e-06,-8.494561188854277e-05,-1.6397681434909828e-08,0.8473947644233704,1.3889970432501286e-05,-0.013801630586385727,-2.2293839720077813e-05,0,0,0,0,1,0,0,0,1,0,13
0.17829732596874237,-0.001503993640653789,0.013816531747579575,0.00018559431191533804,0.19672581553459167,-0.0004467752587515861,0.11422672867774963,0.013810373842716217,-0.00017903151456266642,-2.50063203566242e-06,-8.167911437340081e-05,0.0,0.8335365056991577,-1.972312202269677e-05,-0.01390050444751978,-4.2908071918645874e-05,0,0,0,0,1,0,0,0,1,0,13
0.1921997219324112,-0.0012994019780308008,0.013966945931315422,0.00019096123287454247,0.21015799045562744,-0.0006209040875546634,0.11416908353567123,0.013109500519931316,-0.00016994566249195486,-2.3740540200378746e-06,-7.754464604659006e-05,-1.093690893058663e-12,0.8195933103561401,-6.24985113972798e-05,-0.01397483516484499,-4.2657804442569613e-05,0,0,0,0,1,0,0,0,1,0,16
0.2062314748764038,-0.0011361372889950871,0.014079668559134007,0.0001413043646607548,0.222865030169487,-0.0007856330485083163,0.11155664175748825,0.012372254393994808,-0.00016038834291975945,-2.2405301933758892e-06,-7.318332063732669e-05,7.289595901731338e-13,0.8055865168571472,-0.00010499028576305136,-0.014030933380126953,-4.234799416735768e-05,0,0,0,0,1,0,0,0,1,0,5
0.220354363322258,-0.0005495441146194935,0.014140325598418713,9.550560207571834e-05,0.23484639823436737,-0.0009409542544744909,0.110824353992939,0.011664287187159061,-0.00015121053729671985,-2.1123489659657935e-06,-6.899651634739712e-05,3.6440390093449293e-13,0.7915322780609131,-0.00014735240256413817,-0.014072306454181671,-4.2584837501635775e-05,0,0,0,0,1,0,0,0,1,0,18
0.23449279367923737,0.0012734696501865983,0.014121216721832752,5.202187821851112e-05,0.24663293361663818,-0.0010470637353137136,0.12001118808984756,0.01591932214796543,0.00026048420113511384,-1.7452921952099132e-07,-4.988915679859929e-05,-8.536243711887437e-08,0.7774425745010376,-0.0001902727672131732,-0.014103160239756107,-4.3191197619307786e-05,0,0,0,0,1,0,0,0,1,0,0
0.2482096552848816,0.0013010273687541485,0.013386151753365993,8.218810762627982e-06,0.2622804343700409,-0.000792661274317652,0.15339630842208862,0.015552896074950695,0.0002527864708099514,1.8366506537859095e-07,-5.402102033258416e-05,2.445555651320319e-07,0.7633265256881714,-0.00023259999579750001,-0.014125599525868893,-3.586394086596556e-05,0,0,0,0,1,0,0,0,1,0,16
0.2616548240184784,0.0012754453346133232,0.013567769899964333,-7.202287088148296e-05,0.27756956219673157,-0.0005457305815070868,0.12103412300348282,0.014778228476643562,0.0002340234786970541,2.83186454907991e-06,-8.283060742542148e-05,3.69928613963566e-07,0.7491909265518188,-0.0002470021427143365,-0.014143130742013454,3.1729580314276973e-06,0,0,0,0,1,0,0,0,1,0,5
0.2753445506095886,0.0011242954060435295,0.013779542408883572,-0.00021481556177604944,0.29204684495925903,-0.00031663384288549423,0.11014305800199509,0.014215784147381783,0.00022495446319226176,3.142944933642866e-06,-8.410044392803684e-05,-3.646988852405719e-13,0.735040545463562,-0.00022231886396184564,-0.014155752956867218,4.2292514990549535e-05,0,0,0,0,1,0,0,0,1,0,0
0.2892138659954071,0.0008601099834777415,0.013937318697571754,-0.000263027788605541,0.3058452010154724,-9.828483598539606e-05,0.10969007760286331,0.01348600909113884,0.0002134063543053344,2.981477109642583e-06,-7.977979112183675e-05,-3.646085711996039e-13,0.720879316329956,-0.00017314737488050014,-0.01416557002812624,4.887683462584391e-05,0,0,0,0,1,0,0,0,1,0,7
0.3027665317058563,0.0010891087586060166,0.013817518949508667,-0.000228006363613531,0.3189114034175873,0.00010847789235413074,0.1101132333278656,0.012727368623018265,0.0002014013152802363,2.8136034870840376e-06,-7.528774585807696e-05,3.6451966662146007e-13,0.7067099213600159,-0.0001251320936717093,-0.01417258195579052,4.730906948680058e-05,0,0,0,0,0,0,1,0,1,0,6
0.31555795669555664,0.002170621883124113,0.013426112942397594,0.00015634960436727852,0.33149290084838867,0.0006286588031798601,0.1195676401257515,0.014608782716095448,0.003442046931013465,1.3737703739025164e-05,-5.00378773722332e-05,-2.8993423484280356e-07,0.6925342082977295,-7.675025699427351e-05,-0.014178192242980003,5.348877311917022e-05,0,0,0,0,0,1,0,0,1,0,12
0.32848116755485535,0.0026890160515904427,0.012416348792612553,0.0012235208414494991,0.34584736824035645,0.003998795989900827,0.1496572047472,0.014266980811953545,0.0033489130437374115,1.750724004523363e-05,-5.400653390097432e-05,2.4643431970616803e-06,0.6783541440963745,-1.3464111361827236e-05,-0.014181697741150856,7.130282756406814e-05,0,0,0,0,0,1,0,0,1,0,12
0.34071141481399536,0.004738491028547287,0.011891476809978485,0.002560140797868371,0.35984888672828674,0.007272446993738413,0.12348359078168869,0.013585456646978855,0.003151401411741972,4.309046198613942e-05,-7.950374128995463e-05,7.818895255695679e-07,0.6641709208488464,6.763803685316816e-05,-0.014184502884745598,8.912009798223153e-05,0,0,0,0,0,1,0,0,1,0,12
0.3525676429271698,0.007286933250725269,0.012034527957439423,0.0025756978429853916,0.37313586473464966,0.010354429483413696,0.11386150866746902,0.012989467009902,0.003012965666130185,4.208468089927919e-05,-7.682567229494452e-05,2.9163962911304964e-11,0.649997353553772,0.0004327459027990699,-0.014158557169139385,0.0005907849408686161,0,0,0,0,0,1,0,0,1,0,6
0.36485716700553894,0.009881439618766308,0.012483666650950909,0.0026007089763879776,0.3857559263706207,0.013281695544719696,0.11461259424686432,0.01230578776448965,0.002854381687939167,3.987411764683202e-05,-7.279034616658464e-05,-5.831560061231311e-12,0.6358734369277954,0.001298743300139904,-0.014089135453104973,0.0010908113326877356,0,0,0,0,0,1,0,0,1,0,12
0.3775405287742615,0.012481319718062878,0.012827620841562748,0.0026085444260388613,0.39769065380096436,0.016050001606345177,0.11003613471984863,0.011629787273705006,0.002697579562664032,3.768585156649351e-05,-6.879565626149997e-05,5.830406470119787e-12,0.6218299269676208,0.0026157002430409193,-0.014013402163982391,0.0014522464480251074,0,0,0,0,0,1,0,0,1,0,12
0.3904961943626404,0.015133455395698547,0.013048158027231693,0.0026894670445472,0.40895384550094604,0.018662551417946815,0.10923182219266891,0.010971345007419586,0.0025448512751609087,3.555186412995681e-05,-6.490005762316287e-05,-5.829343951990751e-12,0.6078549027442932,0.004216195084154606,-0.013941876590251923,0.0017215831903740764,0,0,0,0,0,1,0,0,1,0,5
0.40359821915626526,0.017908364534378052,0.013163238763809204,0.0027508356142789125,0.41957828402519226,0.02112693525850773,0.11118966341018677,0.010347619652748108,0.0024001768324524164,3.352997009642422e-05,-6.12090589129366e-05,-1.4570988512985217e-11,0.5939590334892273,0.006088208872824907,-0.013851418159902096,0.0020093503408133984,0,0,0,0,1,0,0,0,1,0,5
0.41590866446495056,0.02102958969771862,0.011988949030637741,0.0023033679462969303,0.4296014904975891,0.023451874032616615,0.10842721909284592,0.009763422422111034,0.002264668932184577,3.163760629831813e-05,-5.775455429102294e-05,-2.9137785934052474e-12,0.5801807641983032,0.008298470638692379,-0.013715028762817383,0.0023741042241454124,0,0,0,0,1,0,0,0,1,0,5
0.42657536268234253,0.023241901770234108,0.009474333375692368,0.0014508169842883945,0.4623117446899414,0.02500866912305355,0.24348028004169464,0.06687165796756744,0.000538946536835283,2.1011290300521068e-05,-1.08858557723579e-05,0.00046378938714042306,0.5665514469146729,0.010871384292840958,-0.013555498793721199,0.0027349404990673065,0,0,0,0,1,0,0,0,1,0,6
0.43493109941482544,0.024502554908394814,0.00771319167688489,0.0012360120890662074,0.5272554159164429,0.02545836754143238,0.4757886230945587,0.06342016160488129,0.0003763242275454104,2.1011290300521068e-05,-1.08858557723579e-05,0.00046378938714042306,0.5541473627090454,0.013538881205022335,-0.01085014920681715,0.002515544183552265,0,0,0,0,0,1,0,0,1,0,6
0.442168653011322,0.02552449144423008,0.006894153542816639,0.0005949912592768669,0.5889338850975037,0.025744320824742317,0.5745233297348022,0.06029853969812393,0.0002118124539265409,2.1011290300521068e-05,-1.08858557723579e-05,0.00046378938714042306,0.546042263507843,0.015928499400615692,-0.005604940466582775,0.0023743468336760998,0,0,0,0,0,1,0,0,1,0,18
0.4486800730228424,0.02608645148575306,0.006128409411758184,0.0005289128166623414,0.6476471424102783,0.025865182280540466,0.5473973155021667,0.057454660534858704,4.637002348317765e-05,2.1011290300521068e-05,-1.08858557723579e-05,0.00046378938714042306,0.543353796005249,0.018768472597002983,-0.0005199628649279475,0.003105302108451724,0,0,0,0,0,1,0,0,1,0,13
0.4552539587020874,0.02661008946597576,0.007232848554849625,0.0004963441169820726,0.7036494612693787,0.025820491835474968,0.4013637900352478,0.05484668165445328,-0.00011915017967112362,2.1011290300521068e-05,-1.08858557723579e-05,0.00046378938714042306,0.5457611680030823,0.021273883059620857,0.004425819963216782,0.0019171733874827623,0,0,0,0,0,1,0,0,1,0,3
0.46329033374786377,0.02698950283229351,0.008662658743560314,0.0002544177114032209,0.7571573257446289,0.025610575452446938,0.14269685745239258,0.052440617233514786,-0.0002840386005118489,2.1011290300521068e-05,-1.08858557723579e-05,0.00046378938714042306,0.5514273643493652,0.022603821009397507,0.006466052029281855,0.0009667645208537579,0,0,1,0,0,0,0,0,1,0,7
0.4724799394607544,0.027066269889473915,0.009335138835012913,2.5667071668067365e-07,0.801987886428833,0.02547917701303959,0.22428232431411743,0.0426042340695858,-0.00011601804726524279,1.8875505702453665e-05,-3.454151010373607e-05,0.0004131165915168822,0.5587050318717957,0.02347692847251892,0.007919003255665302,0.0007637522649019957,0,0,0,0,0,0,1,0,1,0,0
0.48220354318618774,0.027058564126491547,0.010180823504924774,-1.4373560588865075e-05,0.8438008427619934,0.025318603962659836,0.22927825152873993,0.04117096960544586,-0.0001980109664145857,1.8875505702453665e-05,-3.454151010373607e-05,0.0004131165915168822,0.5673375725746155,0.024036578834056854,0.009182270616292953,0.00037773375515826046,0,0,0,0,0,0,1,0,1,0,2
0.49288949370384216,0.02703302726149559,0.011072790250182152,-3.473610559012741e-05,0.8838678002357483,0.025086503475904465,0.12110929191112518,0.03674549236893654,-0.00015520774468313903,1.650996091484558e-05,-5.478087405208498e-05,0.0003615695459302515,0.5766720771789551,0.02423952706158161,0.009434363804757595,0.00015297574282158166,0,1,0,0,0,0,0,0,1,0,15
0.5044119954109192,0.02699381485581398,0.0118690375238657,-4.2151037632720545e-05,0.9195000529289246,0.0249185748398304,0.1417444497346878,0.03515021875500679,-0.0001901045470731333,1.608262027730234e-05,-5.8380614063935354e-05,0.00035197619581595063,0.5866333246231079,0.024374868720769882,0.010367701761424541,0.0001154447891167365,0,1,0,0,0,0,0,0,0,0,13
0.5166391730308533,0.02694672904908657,0.012495587579905987,-5.12771075591445e-05,0.9524387717247009,0.024763328954577446,0.12193328887224197,0.030993632972240448,-0.00011891410395037383,1.1283280400675721e-05,-9.358907118439674e-05,0.00025045458460226655,0.597418487071991,0.024461779743433,0.01098969392478466,6.844552262919024e-05,0,1,0,0,0,0,0,0,1,0,4
0.5294099450111389,0.026891279965639114,0.012975931167602539,-5.740868436987512e-05,0.981357991695404,0.024680230766534805,0.11241821944713593,0.027400188148021698,-5.860231976839714e-05,3.8385064726753626e-07,-0.00015609183174092323,2.554738603066653e-05,0.6083551049232483,0.024516303092241287,0.011172715574502945,4.403328784974292e-05,0,0,0,1,0,0,0,0,1,0,4
0.5425944328308105,0.026831965893507004,0.013339869678020477,-6.085947825340554e-05,1.007468342781067,0.024625245481729507,0.10931213200092316,0.025095967575907707,-5.283057544147596e-05,-7.3800811151159e-07,-0.00014844481484033167,-3.666173267746764e-13,0.6198854446411133,0.02455003559589386,0.0118038235232234,2.4782983018667437e-05,0,0,0,1,0,0,0,0,1,0,18
