lt_dp_posx,lt_dp_posy,lt_dp_velx,lt_dp_vely,ball_posx,ball_posy,ball_posz,ball_vel_x,ball_vel_y,ball_rot_x,ball_rot_y,ball_rot_z,rt_gk_posx,rt_gk_posy,rt_gk_velx,rt_gk_vely,action_left,action_top_left,action_top,action_top_right,action_right,action_bottom_right,action_bottom,action_bottom_left,action_sprint,action_dribble,sel_action
-1.0110293626785278,-0.0,0.0,-0.0,0.019999999552965164,-0.0,0.11061639338731766,-0.0,0.0,0.0,-0.0,0.0,1.0110293626785278,0.0,-0.0,0.0,0,0,0,0,0,0,0,0,0,0,5
0.0,-0.0,0.0,-0.0,0.019999999552965164,-0.0,0.11059734225273132,-0.0,0.0,0.0,-0.0,0.0,1.0110293626785278,0.0,-0.0,0.0,0,0,0,0,1,0,0,0,0,0,5
0.0011738373432308435,7.744034580259296e-11,0.0034112127032130957,2.5561308278354566e-11,0.019999999552965164,-0.0,0.10930104553699493,-0.0,0.0,0.0,-0.0,0.0,1.0097103118896484,-9.884149054784075e-11,-0.0033988673239946365,-2.35544500570839e-10,0,0,0,0,1,0,0,0,0,0,5
0.00442265160381794,-8.389731687152846e-10,0.0050968751311302185,-3.420025096456669e-10,0.019999999552965164,-0.0,0.11075475811958313,-0.0,0.0,0.0,-0.0,0.0,1.005424976348877,-3.2258068438650866e-10,-0.0050032841973006725,-1.9212086088682412e-10,0,0,0,0,1,0,0,0,0,0,13
0.00917257834225893,-2.2344774919247357e-09,0.006656940560787916,-3.2433725150049497e-10,0.023521598428487778,-2.365284079708374e-10,0.1245177686214447,0.008653565309941769,-5.815478654191963e-10,8.111915002564918e-13,2.5089022983593168e-06,-2.1285896222716927e-12,0.9995788931846619,-4.2783665499257495e-10,-0.0065179429948329926,-2.046465080729476e-11,0,0,0,0,1,0,0,0,1,0,5
0.016618236899375916,-2.4076329818711883e-09,0.008066108450293541,-8.788801630910115e-11,0.03175758942961693,-7.908435573078521e-10,0.11630871891975403,0.007858331315219402,-5.296175720204133e-10,7.081689835236604e-12,4.436245944816619e-05,-4.773446178260587e-13,0.9922854900360107,1.7934646823203337e-10,-0.007902874611318111,5.096763011636085e-10,0,0,0,0,1,0,0,0,1,0,5
0.02537941373884678,-2.574654711651192e-09,0.009301370941102505,-1.7123570617005868e-10,0.0393972210586071,-1.3057331882393441e-09,0.11498811841011047,0.007451809477061033,-5.022312010716234e-10,7.016100807971659e-12,4.4079752115067095e-05,0.0,0.9837011694908142,5.097089972316837e-10,-0.009114601649343967,1.7084643422204948e-10,0,0,0,0,1,0,0,0,1,0,5
0.034132156521081924,-3.463002995474085e-09,0.009388974867761135,-2.1289396634482927e-10,0.04662004113197327,-1.7925310125121996e-09,0.10737019777297974,0.007032405119389296,-4.739645342866083e-10,6.621275142754124e-12,4.159919990343042e-05,1.3886183897827023e-18,0.9743693470954895,6.713366529353948e-10,-0.009437869302928448,1.9312143550997973e-10,0,0,0,0,1,0,0,0,1,0,5
0.04203260689973831,-4.8359907189876594e-09,0.009879720397293568,-1.2068911148244155e-10,0.05418930947780609,2.9174168503232067e-06,0.11805228888988495,0.014280705712735653,2.919623329944443e-05,3.3874468385874934e-07,2.015978907365934e-06,2.8685761321867176e-07,0.9644050598144531,8.186084587968878e-10,-0.010371208190917969,9.830562752721761e-11,0,0,0,0,1,0,0,0,1,0,16
0.052399106323719025,7.602933749240037e-08,0.010675586760044098,8.094853001239244e-07,0.06808121502399445,3.095630745519884e-05,0.143874853849411,0.0137999402359128,2.7823760319733992e-05,2.8574416433002625e-07,7.852933777030557e-06,3.5746427329286234e-07,0.9536177515983582,3.5377610174691654e-08,-0.010990395210683346,2.2969513224779803e-07,0,0,0,0,1,0,0,0,1,0,5
0.06316081434488297,5.078705271444051e-06,0.011016691103577614,8.291357517009601e-06,0.08143512904644012,5.742504799854942e-05,0.12316391617059708,0.012638741172850132,2.4204722649301402e-05,-2.3726711262384015e-08,4.123845064896159e-05,4.413427632243838e-07,0.9426805973052979,8.825889494801231e-07,-0.011172715574502945,1.3951542996437638e-06,0,0,0,0,1,0,0,0,1,0,16
0.07459624856710434,1.7383581507601775e-05,0.011754298582673073,1.580666685185861e-05,0.09368103742599487,8.059756510192528e-05,0.11358216404914856,0.011889006942510605,2.226955803052988e-05,-3.1278011647373205e-07,7.049005944281816e-05,9.110762274819328e-14,0.9311493039131165,2.855103502952261e-06,-0.011804524809122086,2.4613730147393653e-06,0,0,0,0,1,0,0,0,1,0,5
0.0867052748799324,3.561630001058802e-05,0.012389439158141613,1.9670931578730233e-05,0.10523895174264908,0.000102247555332724,0.11358419060707092,0.011279221624135971,2.1127936634002253e-05,-2.951546491658519e-07,6.672012386843562e-05,-4.5545564661322174e-14,0.9190320372581482,5.613478606392164e-06,-0.012362704612314701,2.940364083769964e-06,0,0,0,0,1,0,0,0,1,0,5
0.0993843674659729,5.8163168432656676e-05,0.012895552441477776,2.524073534004856e-05,0.11617346853017807,0.00012272977619431913,0.11179271340370178,0.010654293932020664,1.9957340555265546e-05,-2.787993764741259e-07,6.302300607785583e-05,0.0,0.9064158201217651,8.844726835377514e-06,-0.012806584127247334,3.472636990409228e-06,0,0,0,0,1,0,0,0,1,0,5
0.11249476671218872,-0.0004143470723647624,0.013238980434834957,2.622875399538316e-05,0.12649552524089813,0.0001420647749910131,0.11068519949913025,0.010053449310362339,1.883185177575797e-05,-2.630779931678262e-07,5.946916280663572e-05,-2.27654978473147e-14,0.8934142589569092,1.257895928574726e-05,-0.013147382065653801,3.912654847226804e-06,0,0,0,0,1,0,0,0,1,0,5
0.12573377788066864,-0.0022550304420292377,0.013238980434834957,1.4308394383988343e-05,0.13687163591384888,0.00013201682304497808,0.11983438581228256,0.015870139002799988,-0.00026511444593779743,-2.489134089955769e-07,6.192745786393061e-06,-4.67152801775228e-07,0.8801179528236389,1.6779187717474997e-05,-0.013407538644969463,4.4458815864345524e-06,0,0,0,0,1,0,0,0,1,0,5
0.13897283375263214,-0.0022472809068858624,0.013239067979156971,2.38311622524634e-06,0.15238872170448303,-0.00012679917563218623,0.15824487805366516,0.015420145355165005,-0.0002571709919720888,-6.145269537682907e-08,1.0351108358008787e-05,-7.976562415024091e-07,0.8665978312492371,2.1508438294404186e-05,-0.013604585081338882,4.956883458362427e-06,0,0,0,0,1,0,0,0,1,0,5
0.15235328674316406,-0.0022164478432387114,0.013511145487427711,7.768210343783721e-05,0.167576864361763,-0.0003798856632784009,0.11589527875185013,0.014444848522543907,-0.00023942813277244568,1.032533987199713e-06,3.449430732871406e-05,-1.8853394294637837e-06,0.852908194065094,1.4159991224005353e-05,-0.013753245584666729,-1.9358474673936144e-05,0,0,0,0,1,0,0,0,1,0,18
0.16599449515342712,-0.0020569106563925743,0.01373694185167551,0.00022586845443584025,0.1814953088760376,-0.0006099775200709701,0.11778201162815094,0.013579203747212887,-0.00022413079568650573,1.898345090012299e-06,5.348171544028446e-05,-1.7048748759407317e-06,0.8390914797782898,-1.934920328494627e-05,-0.013864741660654545,-4.4858861656393856e-05,0,0,0,0,1,0,0,0,1,0,13
0.17982743680477142,-0.001779185957275331,0.013905588537454605,0.0002775020548142493,0.19456462562084198,-0.0008253338164649904,0.1121436133980751,0.012757467105984688,-0.00021016695245634764,2.936182227131212e-06,7.546893175458536e-05,0.0,0.8251794576644897,-7.262586586875841e-05,-0.013947486877441406,-5.444332418846898e-05,0,0,0,0,1,0,0,0,1,0,16
0.19380734860897064,-0.0015371895860880613,0.014034789986908436,0.00021276755433063954,0.20693086087703705,-0.0010290559148415923,0.11327101290225983,0.012051300145685673,-0.000198533438378945,2.7734383820643416e-06,7.128595461836085e-05,7.288897133431171e-13,0.8111959099769592,-0.00012654118472710252,-0.014009896665811539,-5.347117257770151e-05,0,0,0,0,1,0,0,0,1,0,5
0.20789217948913574,-0.0013586280401796103,0.014121698215603828,0.0001510560978204012,0.218611940741539,-0.0012214905582368374,0.11138108372688293,0.011379649862647057,-0.0001874686568044126,2.6188445190200582e-06,6.731242319801822e-05,-3.6437468168594445e-13,0.79715895652771,-0.00017949870380107313,-0.014056879095733166,-5.279362449073233e-05,0,0,0,0,1,0,0,0,1,0,13
0.2219693511724472,-0.001245570252649486,0.014121674932539463,8.811054431134835e-05,0.22963565587997437,-0.0014030957827344537,0.11085901409387589,0.010735207237303257,-0.00017685210332274437,2.4705575469852192e-06,6.35010001133196e-05,7.286221864570563e-13,0.7830822467803955,-0.00023270830570254475,-0.014091940596699715,-5.354458699002862e-05,0,0,0,0,1,0,0,0,1,0,13
0.23581770062446594,-0.0011934363283216953,0.013533059507608414,2.4124374249367975e-05,0.2450241893529892,-0.001401265966705978,0.161333829164505,0.015794476494193077,2.1286312403390184e-05,8.988234299067699e-07,1.2282899660931434e-05,-9.630429076423752e-07,0.7689757943153381,-0.00028665110585279763,-0.014117185026407242,-5.426469215308316e-05,0,0,0,0,1,0,0,0,1,0,18
0.2491522878408432,-1.0731955626397394e-05,0.013312707655131817,4.2698598008428235e-06,0.26070061326026917,-0.0013801270397379994,0.12239403277635574,0.015528500080108643,2.0811223294003867e-05,8.826152679830557e-07,1.3367628525884356e-05,-9.209391578224313e-07,0.7548474669456482,-0.00033684546360746026,-0.014136819168925285,-4.506108598434366e-05,0,0,0,0,1,0,0,0,1,0,16
0.26246488094329834,0.0010156246135011315,0.013312697410583496,1.8982938172484864e-06,0.2760438323020935,-0.0012386427260935307,0.16264566779136658,0.015834026038646698,0.00026476397761143744,4.0487330466021376e-07,-7.757118396511942e-07,1.8028219983534655e-07,0.7407025098800659,-0.00037546607200056314,-0.014151545241475105,-3.334580469527282e-05,0,0,0,0,1,0,0,0,1,0,5
0.27579623460769653,0.0010143746621906757,0.01340525969862938,-1.1444127267168369e-05,0.29176610708236694,-0.0009757546940818429,0.16224044561386108,0.015631617978215218,0.000261375360423699,4.0487330466021376e-07,-7.757118396511942e-07,1.8028219983534655e-07,0.7265451550483704,-0.0004003347712568939,-0.014162063598632812,-1.352378421870526e-05,0,0,0,0,1,0,0,0,1,0,7
0.289348304271698,0.0009451876976527274,0.013660508207976818,-0.00012819989933632314,0.3069107234477997,-0.000723005214240402,0.12772513926029205,0.01421547681093216,0.00023610671632923186,-8.709523058314517e-07,2.850646706065163e-05,1.8576369029688067e-06,0.7123786807060242,-0.0003962789196521044,-0.014169776812195778,1.8444643501425162e-05,0,0,0,0,0,0,1,0,1,0,18
0.30311647057533264,0.0007425531512126327,0.013847210444509983,-0.00026167178293690085,0.320896714925766,-0.0004908785922452807,0.12039768695831299,0.013780053704977036,0.00022855722636450082,-1.1529945140864584e-06,3.4958782634930685e-05,1.9427257029747125e-06,0.698205292224884,-0.00036023775464855134,-0.014176088385283947,5.044158751843497e-05,0,0,0,0,0,0,1,0,1,0,18
0.3170456290245056,0.000486790289869532,0.01399061270058155,-0.00022998453641775995,0.3340197205543518,-0.0002737858158070594,0.11646080762147903,0.012775406241416931,0.00021118170116096735,-2.950477210106328e-06,7.557767094112933e-05,-7.290505005252967e-13,0.6840267181396484,-0.0003104718925897032,-0.014180295169353485,4.9211485020350665e-05,0,0,0,0,0,0,1,0,1,0,7
0.33035531640052795,0.0011493887286633253,0.013769297860562801,-2.535621433708002e-06,0.3464149832725525,-6.88876534695737e-05,0.11196406185626984,0.012087337672710419,0.00019980772049166262,-2.7911826236959314e-06,7.149765588110313e-05,3.644487055892709e-13,0.6698442697525024,-0.00026193956728093326,-0.014183801598846912,4.797603469341993e-05,0,0,0,0,0,0,1,0,1,0,12
0.34334254264831543,0.002051485003903508,0.013251515105366707,0.00016776283155195415,0.3592819273471832,0.0014105550944805145,0.1414709836244583,0.014295610599219799,0.003377920249477029,3.620198185672052e-06,1.6110165233840235e-05,1.7479998859926127e-05,0.6556589603424072,-0.0002094404335366562,-0.014186606742441654,6.160610064398497e-05,0,0,0,0,0,0,1,0,1,0,18
0.3559970259666443,0.0030108324717730284,0.012411089614033699,0.0017083788989111781,0.3734813332557678,0.004765320103615522,0.1457282155752182,0.014120488427579403,0.003336057998239994,3.620198185672052e-06,1.6110165233840235e-05,1.7479998859926127e-05,0.6414716839790344,-0.00013488589320331812,-0.014188009314239025,8.514917135471478e-05,0,0,0,0,0,0,1,0,1,0,12
0.3680402338504791,0.00536990026012063,0.011754386126995087,0.002543920651078224,0.3870619535446167,0.007950155064463615,0.1284773349761963,0.01290747057646513,0.0029943292029201984,-1.9653403796837665e-05,4.7096062189666554e-05,2.593648423498962e-05,0.6272836923599243,-1.899377821246162e-05,-0.014185905456542969,0.00022731340141035616,0,0,0,0,0,0,1,0,1,0,5
0.37998974323272705,0.007941649295389652,0.012176177464425564,0.0025966735556721687,0.39966779947280884,0.010866421274840832,0.11383723467588425,0.01226071361452341,0.0028264906723052263,-3.9675840525887907e-05,7.276620453922078e-05,0.0,0.6131227016448975,0.0005471117328852415,-0.014131209813058376,0.0008429511799477041,0,0,0,0,1,0,0,0,1,0,16
0.3924086093902588,0.010539417155086994,0.012602525763213634,0.002592245815321803,0.4115864038467407,0.013614094816148281,0.11452347040176392,0.011627190746366978,0.002680479781702161,-3.744498098967597e-05,6.877666601212695e-05,-5.83040083226849e-12,0.5990504622459412,0.0017270473763346672,-0.014014103449881077,0.0014548880280926824,0,0,0,0,1,0,0,0,1,0,12
0.4051938056945801,0.01313187275081873,0.01291036605834961,0.002614091383293271,0.4228670597076416,0.01621466688811779,0.11012730002403259,0.010995849967002869,0.002534933853894472,-3.5413599107414484e-05,6.504554039565846e-05,5.829382115907222e-12,0.585107147693634,0.003443435300141573,-0.013888232409954071,0.001900447066873312,0,0,0,0,1,0,0,0,1,0,14
0.41822102665901184,0.015787644311785698,0.013112671673297882,0.002689067739993334,0.43351972103118896,0.01867048814892769,0.10928008705377579,0.01037904154509306,0.0023927383590489626,-3.342678246553987e-05,6.139626202639192e-05,5.828441895783243e-12,0.5712957382202148,0.00556498346850276,-0.013744480907917023,0.002301823114976287,0,0,0,0,0,0,0,0,1,0,5
0.4306837320327759,0.018854456022381783,0.012128796428442001,0.0023676694836467505,0.44357267022132874,0.02098805084824562,0.1111873909831047,0.009792455472052097,0.0022575100883841515,-3.1536957976641133e-05,5.792513911728747e-05,-5.827597519131311e-12,0.557655930519104,0.008112531155347824,-0.013521138578653336,0.0028067228849977255,0,0,0,0,1,0,0,0,1,0,7
0.4416791796684265,0.0211517084389925,0.009950820356607437,0.001550747430883348,0.4700581133365631,0.02280789613723755,0.17045031487941742,0.06553012132644653,0.0008491596090607345,3.2902303246373776e-06,4.5776785555062816e-05,0.0017682822654023767,0.5443277955055237,0.011280365288257599,-0.013158601708710194,0.0034606200642883778,0,0,0,0,0,0,1,0,1,0,18
0.45027539134025574,0.022418154403567314,0.008052237331867218,0.0012386073358356953,0.5337588787078857,0.02329280972480774,0.22678536176681519,0.062235236167907715,0.0001947608107002452,3.2902303246373776e-06,4.5776785555062816e-05,0.0017682822654023767,0.5314033627510071,0.015091616660356522,-0.012721735052764416,0.004094910342246294,0,0,0,0,0,0,1,0,1,0,11
0.4576038122177124,0.023478232324123383,0.0068994127213954926,0.000570550502743572,0.5936117768287659,0.023155616596341133,0.12221422791481018,0.05336867645382881,-0.0003803810104727745,3.653193516583997e-06,6.687669520033523e-05,0.0016427384689450264,0.5203135013580322,0.01866752654314041,-0.009473281912505627,0.003061383031308651,0,0,0,0,0,0,1,0,1,0,13
0.46419647336006165,0.02402344159781933,0.00613261666148901,0.0005071813357062638,0.6447997689247131,0.022530922666192055,0.11030155420303345,0.04946313425898552,-0.0008102026768028736,3.853789166896604e-06,7.330285006901249e-05,0.001597725786268711,0.5135003328323364,0.02087399922311306,-0.00445983000099659,0.001447038259357214,0,0,0,0,0,0,1,0,1,0,7
0.47066521644592285,0.024522576481103897,0.007085940334945917,0.00046919408487156034,0.6883477568626404,0.021639395505189896,0.11424847692251205,0.03996048867702484,-0.0009373768116347492,7.1449012466473505e-06,0.0001335600536549464,0.0010663114953786135,0.5122994184494019,0.021689318120479584,0.0016612164909020066,0.0007136872154660523,0,0,0,0,0,0,1,0,1,0,18
0.47856616973876953,0.024854660034179688,0.008536086417734623,0.0001879970368463546,0.725151538848877,0.020704466849565506,0.1087772473692894,0.03457774594426155,-0.0009164252551272511,1.0947082046186551e-05,0.000184594580787234,0.0003873439272865653,0.5158506035804749,0.02231333777308464,0.004392511676996946,0.0005017627263441682,0,0,0,0,0,0,1,0,1,0,5
0.48767027258872986,0.024817993864417076,0.00929866824299097,-0.0001550834276713431,0.7576910853385925,0.01983526721596718,0.1090724915266037,0.031025314703583717,-0.0008291529375128448,1.15821885628975e-05,0.0001835089933592826,5.889942179815311e-12,0.5212353467941284,0.02261909283697605,0.006164973136037588,9.422301809536293e-05,0,0,0,0,1,0,0,0,1,0,9
0.49726977944374084,0.024651572108268738,0.010076028294861317,-0.00018433344666846097,0.7870857119560242,0.019049691036343575,0.10932182520627975,0.02813648246228695,-0.0007519487990066409,1.0503942576178815e-05,0.00016642517584841698,2.938780729183632e-12,0.5285139679908752,0.022660423070192337,0.007750590797513723,2.6928039005724713e-05,0,0,0,0,1,0,0,0,1,0,18
0.5078672170639038,0.024450425058603287,0.010988950729370117,-0.00022273720242083073,0.813846230506897,0.018334519118070602,0.10949655622243881,0.025693241506814957,-0.0006866532494314015,9.591956768417731e-06,0.00015197561879176646,5.868063847336291e-12,0.5371299386024475,0.022623980417847633,0.008998728357255459,-6.837079854449257e-05,0,0,0,0,1,0,0,0,1,0,8
0.519310474395752,0.02422472834587097,0.01179258432239294,-0.00024017547548282892,0.8383610844612122,0.017679356038570404,0.1096213087439537,0.023596791550517082,-0.0006306255818344653,8.809387509245425e-06,0.00013957649935036898,5.860618847858268e-12,0.5467604398727417,0.022502990439534187,0.009707295335829258,-0.00012904294999316335,0,0,0,0,0,0,0,1,1,0,2
0.5314626097679138,0.023977357894182205,0.012430300004780293,-0.0002646860957611352,0.8609358072280884,0.017076043412089348,0.10971186310052872,0.02177543006837368,-0.0005819496000185609,8.129481102514546e-06,0.00012880405120085925,2.9273378426147856e-12,0.5571354627609253,0.022350909188389778,0.010608023963868618,-0.00015528281801380217,0,1,0,0,0,0,0,0,1,0,13
0.5441709160804749,0.023709861561655998,0.012922530993819237,-0.0002771447179839015,0.8818150758743286,0.01651804707944393,0.10977860540151596,0.020175810903310776,-0.0005391997983679175,7.532340077887056e-06,0.00011934286158066243,-5.8498566234133076e-12,0.5683387517929077,0.022170212119817734,0.01150190643966198,-0.00018780806567519903,0,1,0,0,0,0,0,0,1,0,6
0.5573056936264038,0.02343142405152321,0.013294994831085205,-0.00029088251176290214,0.9011971950531006,0.01600005477666855,0.10982848703861237,0.01875750720500946,-0.0005012957262806594,7.0028727350290865e-06,0.00011095391528215259,-1.4614741708496304e-12,0.5803202390670776,0.021964630112051964,0.0121420007199049,-0.00020646455232053995,0,0,0,0,0,1,0,0,1,0,4
0.5707595348358154,0.02313973568379879,0.013575944118201733,-0.00030252401484176517,0.9192458987236023,0.015517699532210827,0.10986623913049698,0.017489293590188026,-0.00046740262769162655,6.5294198066112585e-06,0.00010345249029342085,-1.4606508277198449e-12,0.5928406119346619,0.02173970267176628,0.012638953514397144,-0.00022630015155300498,0,0,0,1,0,0,0,0,1,0,4
0.5844520926475525,0.02284393087029457,0.013784190639853477,-0.0003050240920856595,0.936097264289856,0.015067345462739468,0.10989513248205185,0.0163466464728117,-0.0004368653753772378,6.102839506638702e-06,9.669372229836881e-05,-1.4599588898933646e-12,0.6058276891708374,0.021496007218956947,0.013086741790175438,-0.00024404922442045063,0,0,0,1,0,0,0,0,1,0,2
0.5983234643936157,0.02253940887749195,0.013940327800810337,-0.00031271774787455797,0.9518656730651855,0.014645932242274284,0.10991748422384262,0.01531009841710329,-0.0004091637092642486,5.715866791433655e-06,9.056246199179441e-05,0.0,0.6191322207450867,0.021239828318357468,0.013364538550376892,-0.0002556675754021853,0,1,0,0,0,0,0,0,1,0,6
0.612326979637146,0.022231081500649452,0.01405496709048748,-0.0003137259918730706,0.9666485786437988,0.014250857755541801,0.10993493348360062,0.014363968744874,-0.00038387824315577745,5.362649517337559e-06,8.496608643326908e-05,1.4588703509121892e-12,0.6326813101768494,0.02097257226705551,0.013614751398563385,-0.00026828647241927683,0,0,0,0,0,1,0,0,1,0,15
0.6264286041259766,0.021918997168540955,0.014140014536678791,-0.00031888013472780585,0.9805288910865784,0.013879905454814434,0.10994865745306015,0.013495482504367828,-0.0003606677637435496,5.038415565650212e-06,7.982892566360533e-05,-7.292190939631182e-13,0.646419882774353,0.020696213468909264,0.013763051480054855,-0.00027502712327986956,0,0,0,0,0,1,0,0,0,0,18
0.6406026482582092,0.0216030552983284,0.014200979843735695,-0.0003186030371580273,0.9935784935951233,0.0135311558842659,0.10995953530073166,0.012694107368588448,-0.0003392510989215225,4.739236828754656e-06,7.508869748562574e-05,0.0,0.6602808237075806,0.02041395753622055,0.013874582014977932,-0.0002803498937282711,0,0,0,0,0,1,0,0,0,0,8
0.6548294425010681,0.02128707803785801,0.014249155297875404,-0.0003215752658434212,1.0058594942092896,0.01320294663310051,0.10996821522712708,0.01195112057030201,-0.0003193947486579418,4.461853222892387e-06,7.069380808388814e-05,1.4577364922802039e-12,0.6742556691169739,0.020124634727835655,0.013979935087263584,-0.00028776246472261846,0,0,0,0,0,0,0,1,0,0,0
