lt_dp_posx,lt_dp_posy,lt_dp_velx,lt_dp_vely,ball_posx,ball_posy,ball_posz,ball_vel_x,ball_vel_y,ball_rot_x,ball_rot_y,ball_rot_z,rt_gk_posx,rt_gk_posy,rt_gk_velx,rt_gk_vely,action_left,action_top_left,action_top,action_top_right,action_right,action_bottom_right,action_bottom,action_bottom_left,action_sprint,action_dribble,sel_action
-1.0110293626785278,-0.0,0.0,-0.0,0.019999999552965164,-0.0,0.11061639338731766,0.0,-0.0,0.0,-0.0,0.0,1.0110293626785278,0.0,-0.0,0.0,0,0,0,0,0,0,0,0,0,0,5
0.0,-0.0,0.0,-0.0,0.019999999552965164,-0.0,0.11059734225273132,0.0,-0.0,0.0,-0.0,0.0,1.0093543529510498,-1.3062736656244134e-11,-0.0035601502750068903,-2.532124683540804e-11,0,0,0,0,1,0,0,0,0,0,5
0.0,-0.0,0.0,-0.0,0.019999999552965164,-0.0,0.10930104553699493,0.0,-0.0,0.0,-0.0,0.0,1.0049090385437012,-3.6163953776036095e-11,-0.005159658379852772,-1.8880749394489804e-11,0,0,0,0,1,0,0,0,0,0,5
0.002605511574074626,2.600850090850315e-10,0.004109719302505255,2.364695939061079e-10,0.019999999552965164,-0.0,0.11075475811958313,0.0,-0.0,0.0,-0.0,0.0,0.998912513256073,2.2658281501053423e-11,-0.006663799285888672,6.783369421725638e-10,0,0,0,0,1,0,0,0,0,0,5
0.0056115807965397835,-2.2176995795319954e-09,0.005743090528994799,-3.6283451243512843e-10,0.019999999552965164,-0.0,0.11053141206502914,0.0,-0.0,0.0,-0.0,0.0,0.9914822578430176,6.167977795179524e-10,-0.0080326022580266,4.929951447074643e-10,0,0,0,0,1,0,0,0,0,0,13
0.011350344866514206,-3.5563638700608635e-09,0.007246829103678465,-2.685681677050411e-10,0.02625294402241707,-5.508862255254598e-10,0.12481161206960678,0.008746067062020302,-7.698181536675008e-10,-5.1716118366906816e-12,-2.7159967430634424e-05,-2.452642472797195e-12,0.9827787280082703,9.330942685181753e-10,-0.009224695153534412,1.6062855212606308e-10,0,0,0,0,1,0,0,0,1,0,13
0.01934846118092537,-3.710904694642636e-09,0.008587582968175411,-1.7162836429829298e-10,0.034676697105169296,-1.2914774805139473e-09,0.11820586770772934,0.008197319693863392,-7.203754259776929e-10,-1.0063745843613692e-11,-4.8490652261534706e-05,-1.3889197937184013e-18,0.9734154939651489,1.106928104732674e-09,-0.009538145735859871,1.8190234041259856e-10,0,0,0,0,1,0,0,0,1,0,5
0.028588932007551193,-3.866592823698056e-09,0.009745994582772255,-1.2152660822106753e-10,0.04263823851943016,-1.991132814183061e-09,0.11113595962524414,0.0077664474956691265,-6.825107701224908e-10,-9.534758399487586e-12,-4.594178608385846e-05,6.944014772284391e-19,0.963359534740448,1.2329056664484028e-09,-0.010455355979502201,6.970628241287358e-11,0,0,0,0,1,0,0,0,1,0,13
0.03760350123047829,-4.834217470772728e-09,0.009499413892626762,-2.1665121086034134e-10,0.05015954747796059,-2.652100761224574e-09,0.11245888471603394,0.00732439523562789,-6.436632338235881e-10,-8.991890565468452e-12,-4.3326072045601904e-05,-6.943448153564792e-19,0.9525248408317566,1.5611664183623475e-09,-0.010928686708211899,1.0060027255676118e-09,0,0,0,0,1,0,0,0,1,0,16
0.046081144362688065,-6.0161022830129696e-09,0.00997435487806797,-1.177801051133187e-10,0.05871996656060219,5.929561666562222e-06,0.12600195407867432,0.014217185787856579,2.958190998469945e-05,3.779904034217907e-07,-4.0399401768809184e-05,-3.0620935120850845e-08,0.9415563941001892,2.2937971522196676e-09,-0.011242137290537357,5.254701673784723e-10,0,0,0,0,1,0,0,0,1,0,13
0.05651777237653732,2.5715735318954103e-07,0.010675586760044098,1.755066477926448e-06,0.07274871319532394,3.521084363455884e-05,0.138478621840477,0.013952975161373615,2.9125601940904744e-05,3.8007806324458215e-07,-4.310469012125395e-05,-2.6779904516160968e-08,0.9299631714820862,2.5925459556930264e-09,-0.011861324310302734,1.1438038016731156e-10,0,0,0,0,1,0,0,0,1,0,16
0.06732172518968582,6.474503607023507e-06,0.011097727343440056,9.706889613880776e-06,0.08627032488584518,6.373366340994835e-05,0.12547649443149567,0.01311839185655117,2.7909436539630406e-05,3.898955753811606e-07,-7.76020169723779e-05,-1.822823982684449e-13,0.9177908301353455,3.4501451295909646e-07,-0.012411790899932384,8.768586212681839e-07,0,0,0,0,1,0,0,0,1,0,18
0.07882937043905258,2.0627790945582092e-05,0.011819601058959961,1.7873400793178007e-05,0.09907367825508118,9.097286238102242e-05,0.11673243343830109,0.012505652382969856,2.6605830498738214e-05,3.7168308608670486e-07,-7.397546141874045e-05,4.5561834470173035e-14,0.9051313996315002,2.170664856748772e-06,-0.012844450771808624,2.6140842237509787e-06,0,0,0,0,1,0,0,0,1,0,18
0.09100107848644257,4.078757410752587e-05,0.01244641374796629,2.1806707081850618e-05,0.11120808124542236,0.00011678885493893176,0.10919179767370224,0.011830311268568039,2.516903441573959e-05,3.516204287734581e-07,-6.998241588007659e-05,-9.110534592363106e-14,0.8920965194702148,5.533471721719252e-06,-0.01317683421075344,3.699368335219333e-06,0,0,0,0,1,0,0,0,1,0,0
0.10372941941022873,6.591009150724858e-05,0.012938940897583961,2.813585706462618e-05,0.12266841530799866,0.0001411707344232127,0.11094443500041962,0.011163470335304737,2.3750313630443998e-05,3.3178227454300213e-07,-6.603410292882472e-05,9.108822908183295e-14,0.8787750601768494,9.615936505724676e-06,-0.013429276645183563,4.401877959026024e-06,0,0,0,0,1,0,0,0,1,0,16
0.11672907322645187,9.736754873301834e-05,0.013312306255102158,3.295168426120654e-05,0.13348016142845154,0.00016417275764979422,0.11041776835918427,0.010529456660151482,2.240145295218099e-05,3.12945132918685e-07,-6.22849547653459e-05,4.553645397494151e-14,0.8652356863021851,1.4383354937308468e-05,-0.013621414080262184,5.036355105403345e-06,0,0,0,0,1,0,0,0,1,0,0
0.12821722030639648,-0.0002628149522934109,0.01340509857982397,2.424450940452516e-05,0.14367815852165222,0.00018586908117868006,0.1092757135629654,0.009932606481015682,2.1131652829353698e-05,2.952090767394111e-07,-5.8754969359142706e-05,0.0,0.8515316843986511,1.973633152374532e-05,-0.013765166513621807,5.6303379096789286e-06,0,0,0,0,1,0,0,0,1,0,13
0.1400681585073471,-0.0005855184281244874,0.013405084609985352,1.0775268492579926e-05,0.1562822163105011,0.00015367910964414477,0.14480365812778473,0.015353966504335403,-8.448858716292307e-05,-1.9117264571377746e-07,-5.070624320069328e-05,-1.4118796798356925e-07,0.8377040028572083,2.5683331841719337e-05,-0.013873857446014881,6.202151780598797e-06,0,0,0,0,1,0,0,0,1,0,16
0.15345312654972076,-0.000580713851377368,0.013405434787273407,5.061671345174545e-06,0.17153164744377136,6.976960867177695e-05,0.133656844496727,0.015161794610321522,-8.343500667251647e-05,-1.9117264571377746e-07,-5.070624320069328e-05,-1.4118796798356925e-07,0.8237837553024292,2.9472215828718618e-05,-0.013955200091004372,-5.272110215059911e-08,0,0,0,0,1,0,0,0,1,0,16
0.16700588166713715,-0.000557259249035269,0.013661910779774189,4.2236148146912456e-05,0.1861397624015808,-9.559238606016152e-06,0.12543611228466034,0.014251346699893475,-7.69659091020003e-05,-1.0752598882390885e-06,-8.43055677250959e-05,-3.647033304694791e-13,0.8097941279411316,2.4335929992957972e-05,-0.014015506021678448,-9.306736501457635e-06,0,0,0,0,1,0,0,0,1,0,13
0.18077754974365234,-0.0004913617158308625,0.013852820731699467,8.466880535706878e-05,0.200007364153862,-8.445281127933413e-05,0.11882873624563217,0.013539440929889679,-7.312116213142872e-05,-1.0215155725745717e-06,-8.009174780454487e-05,-9.115372302456737e-13,0.7957525849342346,1.046796933223959e-05,-0.014060385525226593,-1.5832365534151904e-05,0,0,0,0,1,0,0,0,1,0,0
0.19471189379692078,-0.00040863349568098783,0.013994644396007061,7.444832590408623e-05,0.213147833943367,-0.00015541932953055948,0.11089959740638733,0.012812616303563118,-6.919589941389859e-05,-9.66694756243669e-07,-7.579354132758453e-05,-5.467941095564643e-13,0.7816724181175232,-5.380227321438724e-06,-0.014094044454395771,-1.585947029525414e-05,0,0,0,0,1,0,0,0,1,0,18
0.20876698195934296,-0.0003452913661021739,0.014099828898906708,5.4566589824389666e-05,0.22555707395076752,-0.00022243666171561927,0.1124788150191307,0.012088589370250702,-6.528567610075697e-05,-9.120343520407914e-07,-7.150792953325436e-05,9.111223060742635e-14,0.7675632834434509,-2.124993443430867e-05,-0.014119990170001984,-1.5876821635174565e-05,0,0,0,0,1,0,0,0,1,0,16
0.22173713147640228,-1.6895952285267413e-05,0.01414141058921814,3.6053395888302475e-05,0.23726625740528107,-0.00028567362460307777,0.1105983629822731,0.01140266191214323,-6.158126780064777e-05,-8.602684147263062e-07,-6.744919664924964e-05,9.109425318015382e-14,0.75343257188797,-3.719243250088766e-05,-0.014138221740722656,-1.6005853467504494e-05,0,0,0,0,1,0,0,0,1,0,18
0.23384900391101837,0.0004981582169421017,0.013974308967590332,1.7813661543186754e-05,0.24972303211688995,-0.00030048657208681107,0.1341818869113922,0.015434366650879383,9.010454959934577e-05,3.793717340272451e-08,-5.355002940632403e-05,8.262805550884877e-08,0.7392858266830444,-5.3273834055289626e-05,-0.01415224652737379,-1.6142515960382298e-05,0,0,0,0,1,0,0,0,1,0,13
0.24742943048477173,0.0005061149713583291,0.013344252482056618,9.536030347589985e-07,0.2650408446788788,-0.00021112403192091733,0.14396440982818604,0.015231049619615078,8.885947318049148e-05,4.904427441942971e-08,-5.389294165070169e-05,9.130063460816018e-08,0.7251273393630981,-6.728186417603865e-05,-0.014162764884531498,-8.91568652150454e-06,0,0,0,0,1,0,0,0,1,0,13
0.2609299123287201,0.0004911854630336165,0.013616330921649933,-3.383998409844935e-05,0.27986595034599304,-0.00012574702850542963,0.1266479790210724,0.01440980564802885,8.199351577786729e-05,1.1454471859906334e-06,-8.523918950231746e-05,-1.8236176186747083e-13,0.7109599709510803,-6.816881068516523e-05,-0.014170478098094463,5.684521056537051e-06,0,0,0,0,1,0,0,0,1,0,18
0.2746626138687134,0.0004304998437874019,0.013818810693919659,-8.189088111976162e-05,0.2939308285713196,-4.571620229398832e-05,0.11849688738584518,0.013726879842579365,7.810755778336897e-05,1.091128524421947e-06,-8.119698031805456e-05,1.823188274614404e-13,0.696786105632782,-5.459260137286037e-05,-0.014176088385283947,1.8848921172320843e-05,0,0,0,0,1,0,0,0,1,0,6
0.28856781125068665,0.00033970337244682014,0.013969399966299534,-8.516900561517105e-05,0.30726873874664307,3.0178227461874485e-05,0.11487046629190445,0.013006125576794147,7.40063696866855e-05,1.0338708307244815e-06,-7.693611405557021e-05,1.822758252927742e-13,0.6826075911521912,-3.567677777027711e-05,-0.014180295169353485,1.8970295059261844e-05,0,0,0,0,0,1,0,0,1,0,7
0.30260127782821655,0.0002661837206687778,0.014080720953643322,-6.428175402106717e-05,0.3198723793029785,0.00010189434397034347,0.11187469959259033,0.01227432768791914,6.984236097196117e-05,9.756516874404042e-07,-7.260371785378084e-05,1.822345171900025e-13,0.6684252619743347,-1.664045703364536e-05,-0.014183801598846912,1.909016282297671e-05,0,0,0,0,0,0,1,0,1,0,6
0.31600096821784973,0.001288727973587811,0.013792560435831547,0.00026547422748990357,0.3317646086215973,0.00016956253966782242,0.11102891713380814,0.01158200018107891,6.590293196495622e-05,9.206504500980373e-07,-6.851078069303185e-05,-9.109885426312331e-14,0.6542401313781738,3.082374178120517e-06,-0.014186606742441654,2.0626997866202146e-05,0,0,0,0,0,1,0,0,1,0,12
0.32912537455558777,0.0022676889784634113,0.013206636533141136,0.00031340564601123333,0.3446595370769501,0.00199740007519722,0.14497007429599762,0.01432869117707014,0.0035668713971972466,1.7348893379676156e-05,-5.1786875701509416e-05,2.546906671341276e-06,0.6400529146194458,2.48885371547658e-05,-0.014188009314239025,2.277089333801996e-05,0,0,0,0,0,1,0,0,1,0,12
0.34167012572288513,0.003573278896510601,0.012386546470224857,0.001959520624950528,0.3588907718658447,0.005539922509342432,0.13328005373477936,0.014149278402328491,0.0035223558079451323,1.7348893379676156e-05,-5.1786875701509416e-05,2.546906671341276e-06,0.6258646845817566,8.25207243906334e-05,-0.014185905456542969,0.00019332273222971708,0,0,0,0,0,1,0,0,1,0,12
0.3535807132720947,0.006152328569442034,0.011642890982329845,0.002663671737536788,0.3725435733795166,0.008908949792385101,0.1257108449935913,0.013332277536392212,0.003278450109064579,4.580190943670459e-05,-7.886868843343109e-05,5.833441368841008e-12,0.6116981506347656,0.0005855085328221321,-0.014142429456114769,0.0007560962112620473,0,0,0,0,0,1,0,0,1,0,9
0.36551105976104736,0.008864489383995533,0.012150933034718037,0.002737493021413684,0.38551968336105347,0.012099826708436012,0.11871328204870224,0.01266940776258707,0.0031154488679021597,4.3523388740140945e-05,-7.494518649764359e-05,-1.1664419430346129e-11,0.5976041555404663,0.0016499304911121726,-0.014046360738575459,0.0013161164242774248,0,0,0,0,0,1,0,0,1,0,18
0.3778972625732422,0.011607341468334198,0.012563607655465603,0.002741927746683359,0.39781489968299866,0.015123258344829082,0.11098520457744598,0.011988538317382336,0.002948022447526455,4.118509968975559e-05,-7.091870065778494e-05,5.8310114549320335e-12,0.5836104154586792,0.0031826994381844997,-0.013950993306934834,0.0016933707520365715,0,0,0,0,0,1,0,0,1,0,12
0.39063405990600586,0.014360412955284119,0.012854267843067646,0.002782809780910611,0.4094259440898895,0.017978467047214508,0.11249517649412155,0.011310981586575508,0.002781408838927746,3.885602200170979e-05,-6.690814916510135e-05,-5.829883884672649e-12,0.5697193145751953,0.0050714025273919106,-0.013838795945048332,0.002048089634627104,0,0,0,0,0,1,0,0,1,0,14
0.4035975933074951,0.01719062402844429,0.013043249025940895,0.0028677391819655895,0.42038199305534363,0.020672600716352463,0.11059708148241043,0.010669195093214512,0.00262359157204628,3.665064650704153e-05,-6.31106086075306e-05,-5.828876877694844e-12,0.555963397026062,0.0073401909321546555,-0.013666994869709015,0.002489677397534251,0,0,0,0,0,0,0,0,1,0,5
0.41626837849617004,0.02036174200475216,0.012606928125023842,0.0027840265538543463,0.4307132363319397,0.02321307733654976,0.11058024317026138,0.01006089337170124,0.0024740088265389204,3.456151171121746e-05,-5.951321145403199e-05,2.9139889286267096e-12,0.5424304604530334,0.010118828155100346,-0.013415954075753689,0.003013599431142211,0,0,0,0,1,0,0,0,1,0,5
0.4275975525379181,0.02318391017615795,0.010920551605522633,0.0019945253152400255,0.44045713543891907,0.025609150528907776,0.109211266040802,0.0693751871585846,0.0002290934498887509,1.555700509925373e-05,8.195715963665862e-06,0.002058453392237425,0.5291995406150818,0.013408360071480274,-0.012870746664702892,0.00345357577316463,0,0,0,0,1,0,0,0,1,0,14
0.43667030334472656,0.02472671866416931,0.008336937054991722,0.0013875619042664766,0.5058194398880005,0.025453750044107437,0.2959901690483093,0.06377250701189041,-0.00046900950837880373,1.535532828711439e-05,3.819920948444633e-06,0.0020353796426206827,0.5169996023178101,0.017339657992124557,-0.0118690375238657,0.004338676109910011,0,0,0,0,0,0,0,0,1,0,3
0.4443185329437256,0.026041574776172638,0.007353109307587147,0.00128369580488652,0.5678083896636963,0.024616794660687447,0.38659653067588806,0.06057671830058098,-0.0011314363218843937,1.535532828711439e-05,3.819920948444633e-06,0.0020353796426206827,0.5055796504020691,0.022153163328766823,-0.011029664427042007,0.005192619748413563,0,0,1,0,0,0,0,0,1,0,2
0.4511680603027344,0.026764288544654846,0.006368931382894516,0.0006191182765178382,0.6267649531364441,0.023141823709011078,0.38692450523376465,0.05767114832997322,-0.001749281189404428,1.535532828711439e-05,3.819920948444633e-06,0.0020353796426206827,0.4948972165584564,0.027569375932216644,-0.010174162685871124,0.0052492013201117516,0,1,0,0,0,0,0,0,1,0,8
0.4571074843406677,0.027418624609708786,0.006251525599509478,0.0006548526580445468,0.6829555630683899,0.021073782816529274,0.3012772798538208,0.05501394346356392,-0.0023221452720463276,1.535532828711439e-05,3.819920948444633e-06,0.0020353796426206827,0.48721832036972046,0.03171773627400398,-0.005634864792227745,0.0032007601112127304,0,0,0,0,0,0,0,1,1,0,2
0.4638955295085907,0.027972273528575897,0.007853202521800995,0.000297042221063748,0.7366094589233398,0.01845717616379261,0.13331863284111023,0.05257096514105797,-0.002851068042218685,1.535532828711439e-05,3.819920948444633e-06,0.0020353796426206827,0.48366543650627136,0.03425407037138939,-0.0035740197636187077,0.0023364017251878977,0,1,0,0,0,0,0,0,1,0,9
0.4724056124687195,0.02795596793293953,0.009228307753801346,-0.00035745359491556883,0.7827131152153015,0.015778126195073128,0.17855553328990936,0.04409879073500633,-0.0027421668637543917,1.0502207260287832e-05,-2.096317803079728e-05,0.0018389091128483415,0.4820897579193115,0.035989437252283096,-0.0017415517941117287,0.0014885487034916878,0,1,0,0,0,0,0,0,1,0,16
0.4816909432411194,0.027558550238609314,0.009676119312644005,-0.0004470172862056643,0.8259169459342957,0.012860065326094627,0.1456291675567627,0.04248259216547012,-0.0030580745078623295,1.0502207260287832e-05,-2.096317803079728e-05,0.0018389091128483415,0.48191550374031067,0.03708898648619652,-0.000638676923699677,0.000923019542824477,0,1,0,0,0,0,0,0,1,0,7
0.4917500913143158,0.02708888240158558,0.0105767622590065,-0.0005340772913768888,0.8649066090583801,0.009916452690958977,0.1350603550672531,0.03653155267238617,-0.002852590288966894,2.622670763230417e-06,-5.1765437092399225e-05,0.0015429098857566714,0.4825831651687622,0.03777506947517395,-1.0793151886900887e-05,0.0005574229871854186,0,0,0,0,0,0,1,0,1,0,6
0.5024643540382385,0.02654627151787281,0.01069026067852974,-0.0005603202735073864,0.8993078470230103,0.007134853396564722,0.1192287728190422,0.03196678310632706,-0.0026292982511222363,-7.663653377676383e-06,-8.782438817434013e-05,0.00114299519918859,0.48468124866485596,0.038094647228717804,0.0032271244563162327,0.00010223274875897914,0,0,0,0,0,1,0,0,1,0,9
0.5134537816047668,0.02596762403845787,0.011364675126969814,-0.0006162007339298725,0.9290128350257874,0.0046652755700051785,0.10731836408376694,0.028040355071425438,-0.002342558465898037,-2.254287937830668e-05,-0.0001355677959509194,0.0004953067982569337,0.4894278347492218,0.03800640255212784,0.004911428317427635,-0.00016732900985516608,0,0,0,0,0,1,0,0,1,0,15
0.5252164006233215,0.025333981961011887,0.012118445709347725,-0.0006525698117911816,0.9555439352989197,0.0024471222423017025,0.10948818922042847,0.0254470594227314,-0.002127256477251649,-2.9715985874645412e-05,-0.00015051964146550745,-1.1734312306554973e-11,0.49533048272132874,0.037711404263973236,0.006191556341946125,-0.00039902966818772256,0,0,0,0,0,1,0,0,0,0,7
0.5376750826835632,0.02467442862689495,0.012673375196754932,-0.0006904577021487057,0.9798256754875183,0.0004172741319052875,0.10962394624948502,0.023373885080218315,-0.0019539478234946728,-2.7295258405501954e-05,-0.00013825803762301803,-1.171973108837765e-11,0.5025619268417358,0.03726377338171005,0.007701747119426727,-0.0005122363800182939,0,0,0,0,0,0,1,0,0,0,3
0.5506035685539246,0.023977095261216164,0.013092556968331337,-0.0007247104658745229,1.0021886825561523,-0.0014521643752232194,0.10971386730670929,0.021572183817625046,-0.0018033345695585012,-2.5191477107000537e-05,-0.00012760174286086112,-5.854042944841709e-12,0.5110169053077698,0.036686912178993225,0.008897213265299797,-0.0006450234213843942,0,0,1,0,0,0,0,0,0,0,0
