lt_dp_posx,lt_dp_posy,lt_dp_velx,lt_dp_vely,ball_posx,ball_posy,ball_posz,ball_vel_x,ball_vel_y,ball_rot_x,ball_rot_y,ball_rot_z,rt_gk_posx,rt_gk_posy,rt_gk_velx,rt_gk_vely,action_left,action_top_left,action_top,action_top_right,action_right,action_bottom_right,action_bottom,action_bottom_left,action_sprint,action_dribble,sel_action
-1.0110293626785278,-0.0,0.0,-0.0,0.019999999552965164,-0.0,0.11061639338731766,-0.0,0.0,0.0,-0.0,0.0,1.0110293626785278,0.0,-0.0,0.0,0,0,0,0,0,0,0,0,0,0,5
0.0015069420915096998,9.174210696683005e-11,0.003586255246773362,2.5862921179675702e-11,0.019999999552965164,-0.0,0.11059734225273132,-0.0,0.0,0.0,-0.0,0.0,1.0100501775741577,-7.528565965086997e-11,-0.003236181568354368,-2.3500956736199896e-10,0,0,0,0,1,0,0,0,0,0,5
0.00464782677590847,-1.8564798587306086e-09,0.005265382118523121,-3.6326505692407807e-10,0.019999999552965164,-0.0,0.10930104553699493,-0.0,0.0,0.0,-0.0,0.0,1.0059254169464111,-3.03348873798015e-10,-0.00484480569139123,-2.030373785766315e-10,0,0,0,0,1,0,0,0,0,0,13
0.00921948254108429,-4.506941930770836e-09,0.00681169331073761,-3.145188554043443e-10,0.023584002628922462,-3.7888581161382717e-10,0.12418566644191742,0.008803398348391056,-9.313531057486557e-10,1.4795921649338184e-12,2.538643002480967e-06,-3.416231490402377e-12,1.0002306699752808,-4.2571782210565345e-10,-0.0063720871694386005,-4.044696522154112e-11,0,0,0,0,1,0,0,0,1,0,13
0.01681027188897133,-4.655686947074855e-09,0.008202935568988323,-7.154383335761239e-11,0.03196088224649429,-1.2668261994974728e-09,0.11617855727672577,0.007993858307600021,-8.488175717857871e-10,1.1187864003281422e-11,4.438766336534172e-05,-9.97578972553037e-13,0.9930757880210876,1.2133753723997387e-10,-0.0077724456787109375,5.192299368239617e-10,0,0,0,0,1,0,0,0,1,0,16
0.025697490200400352,-4.791060881359499e-09,0.009418520145118237,-1.1297969504386884e-10,0.039730194956064224,-2.0918331511410315e-09,0.11511452496051788,0.007578098215162754,-8.04702249279643e-10,1.1241584919885472e-11,4.4826800149166957e-05,6.943769203040039e-19,0.9846126437187195,4.570901435130281e-10,-0.00900100264698267,1.6811220471257826e-10,0,0,0,0,1,0,0,0,1,0,0
0.03457627072930336,-6.208548342101494e-09,0.009487852454185486,-2.184487174483607e-10,0.04707711562514305,-2.8719862044113142e-09,0.10721345245838165,0.007154013495892286,-7.596693829547974e-10,1.0612574187496282e-11,4.231857747072354e-05,-6.943238256484357e-19,0.975313127040863,9.094193731407074e-10,-0.009335489943623543,7.733560458689226e-10,0,0,0,0,1,0,0,0,1,0,13
0.042578261345624924,-8.580380850276015e-09,0.009879671037197113,-1.2068075705418124e-10,0.05475374311208725,2.9161358270357596e-06,0.11805135011672974,0.014280557632446289,2.9196711693657562e-05,3.38617610395886e-07,2.294853175044409e-06,2.890495522933634e-07,0.9654421806335449,1.5437956468744574e-09,-0.010284255258738995,4.842178880082315e-10,0,0,0,0,1,0,0,0,1,0,13
0.052944768220186234,7.225368392482778e-08,0.010675630532205105,8.091726613201899e-07,0.0686461552977562,3.095549254794605e-05,0.14384551346302032,0.013800475746393204,2.7824196877190843e-05,2.854333160939859e-07,8.133003575494513e-06,3.5940200859840843e-07,0.9547167420387268,1.330499088680881e-08,-0.011003718711435795,1.1509919062291374e-07,0,0,0,0,1,0,0,0,1,0,16
0.06370651721954346,5.073016382084461e-06,0.01101673487573862,8.288241588161327e-06,0.08200079947710037,5.742290886701085e-05,0.12317443639039993,0.012640985660254955,2.420397686364595e-05,-2.5372356660113837e-08,4.154718408244662e-05,4.404358264764596e-07,0.9437978863716125,7.455637955899874e-07,-0.011102592572569847,1.274298256248585e-06,0,0,0,0,1,0,0,0,1,0,5
0.07514198124408722,1.7373202354065143e-05,0.011754298582673073,1.58006096171448e-05,0.09425072371959686,8.059960964601487e-05,0.11358180642127991,0.011894912458956242,2.227987533842679e-05,-3.1288703894460923e-07,7.052048749756068e-05,-4.5553875748600633e-14,0.9323297739028931,2.6168049771513324e-06,-0.011747725307941437,2.366936996622826e-06,0,0,0,0,1,0,0,0,1,0,0
0.0872509554028511,3.55986958311405e-05,0.012389264069497585,1.9662826161948033e-05,0.10581433027982712,0.00010225950973108411,0.11358556151390076,0.011284740641713142,2.113756454491522e-05,-2.952890838514577e-07,6.675275653833523e-05,0.0,0.9202682971954346,5.336581580195343e-06,-0.012311514467000961,2.905404699049541e-06,0,0,0,0,1,0,0,0,1,0,16
0.09992998838424683,5.8135985455010086e-05,0.012895464897155762,2.5229817765648477e-05,0.11675415933132172,0.00012275102199055254,0.11179306358098984,0.010659477673470974,1.996637729462236e-05,-2.789255972857063e-07,6.305365968728438e-05,4.553798879864193e-14,0.9076964855194092,8.534970220352989e-06,-0.012767314910888672,3.4471538583602523e-06,0,0,0,0,1,0,0,0,1,0,5
0.11304035782814026,-0.00041438377229496837,0.013238980434834957,2.6214351237285882e-05,0.1270812302827835,0.00014209476648829877,0.11068510264158249,0.010058329440653324,1.8840350094251335e-05,-2.631966253829887e-07,5.949801561655477e-05,0.0,0.89472895860672,1.2259803042979911e-05,-0.01311722956597805,3.908936832885956e-06,0,0,0,0,1,0,0,0,1,0,16
0.12627936899662018,-0.002255065366625786,0.013238980434834957,1.4298983842309099e-05,0.13746125996112823,0.0001320509472861886,0.1198311522603035,0.015866780653595924,-0.0002651473041623831,-2.488891084340139e-07,6.209288130776258e-06,-4.6717659074602125e-07,0.8814587593078613,1.644903932174202e-05,-0.013384398072957993,4.437833013071213e-06,0,0,0,0,1,0,0,0,1,0,16
0.13951842486858368,-0.00224732025526464,0.013238980434834957,2.38311622524634e-06,0.15297502279281616,-0.00012679616338573396,0.1582086682319641,0.015416872687637806,-0.0002572021330706775,-6.126785478954844e-08,1.0369019946665503e-05,-7.978029543664888e-07,0.8679583072662354,2.117688927683048e-05,-0.01358705386519432,4.959557372785639e-06,0,0,0,0,1,0,0,0,1,0,0
0.1528988629579544,-0.002216503256931901,0.013511145487427711,7.76411106926389e-05,0.16815951466560364,-0.00037990426062606275,0.11589747667312622,0.014440430328249931,-0.00023943031555972993,1.0346504950575763e-06,3.4541793866083026e-05,-1.8855265579986735e-06,0.8542835116386414,1.637703098822385e-05,-0.01373992208391428,-1.645279917283915e-05,0,0,0,0,1,0,0,0,1,0,16
0.16654008626937866,-0.0020570510532706976,0.01373694185167551,0.00022574725153390318,0.18207429349422455,-0.000610007846262306,0.11780518293380737,0.013576163910329342,-0.00022415172134060413,1.9001340660906862e-06,5.351151048671454e-05,-1.7033835320034996e-06,0.8404778838157654,-1.429850271961186e-05,-0.013854924589395523,-4.197722228127532e-05,0,0,0,0,1,0,0,0,1,0,13
0.18037302792072296,-0.0017794735031202435,0.013905588537454605,0.0002773594460450113,0.1951410472393036,-0.0008253909763880074,0.11213546991348267,0.012754998169839382,-0.00021019346604589373,2.9365512546064565e-06,7.545432890765369e-05,0.0,0.8265745639801025,-6.619536725338548e-05,-0.01393977366387844,-5.409808727563359e-05,0,0,0,0,1,0,0,0,1,0,5
0.19435293972492218,-0.0015375937800854445,0.014034789986908436,0.00021267308329697698,0.20750494301319122,-0.0010291392682120204,0.11327014863491058,0.012049010954797268,-0.00019855926802847534,2.773798314592568e-06,7.127239223336801e-05,3.6444463983112407e-13,0.8125977516174316,-0.00011977110261796042,-0.014004286378622055,-5.313585279509425e-05,0,0,0,0,1,0,0,0,1,0,16
0.208439439535141,-0.0013589761219918728,0.0141217689961195,0.00015101002645678818,0.21918384730815887,-0.0012215989409014583,0.1113809123635292,0.011377506889402866,-0.00018749332230072469,2.619188535391004e-06,6.729971937602386e-05,-1.093123313221367e-12,0.7985658645629883,-0.00017236500571016222,-0.014052671380341053,-5.231771501712501e-05,0,0,0,0,1,0,0,0,1,0,5
0.22253549098968506,-0.0012445359025150537,0.01412187796086073,8.808357233647257e-05,0.23020552098751068,-0.001403228146955371,0.11085903644561768,0.010733198374509811,-0.00017687560466583818,2.4708854198252084e-06,6.348908937070519e-05,3.643109305982023e-13,0.7844926118850708,-0.00022528159024659544,-0.014088434167206287,-5.340132338460535e-05,0,0,0,0,1,0,0,0,1,0,18
0.2363872528076172,-0.0011921614641323686,0.013533059507608414,2.4116352506098337e-05,0.24559386074543,-0.0014012651517987251,0.16133412718772888,0.01579444669187069,2.1435846065287478e-05,8.989372872747481e-07,1.2278234862606041e-05,-9.62519834502018e-07,0.7703887224197388,-0.0002792643790598959,-0.014115782454609871,-5.445474380394444e-05,0,0,0,0,1,0,0,0,1,0,16
0.24972181022167206,-1.0033062608272303e-05,0.013312779366970062,4.270002591511002e-06,0.2612702548503876,-0.0013799777952954173,0.12239532917737961,0.015528482384979725,2.0958230379619636e-05,8.827035458125465e-07,1.3362758181756362e-05,-9.203789090861392e-07,0.7562623023986816,-0.00033072393853217363,-0.014134715311229229,-4.6574372390750796e-05,0,0,0,0,1,0,0,0,1,0,16
0.2630343735218048,0.0010158231016248465,0.013312697410583496,1.8982938172484864e-06,0.2766134738922119,-0.0012384242145344615,0.16264545917510986,0.015834014862775803,0.00026476336643099785,4.0460818695464695e-07,-7.783458499943663e-07,1.8099561316375912e-07,0.742118775844574,-0.0003708445583470166,-0.014150142669677734,-3.4834807593142614e-05,0,0,0,0,1,0,0,0,1,0,0
0.276365727186203,0.0010145731503143907,0.01340525969862938,-1.1444127267168369e-05,0.29233571887016296,-0.0009755368810147047,0.16224059462547302,0.01563160866498947,0.0002613748365547508,4.0460818695464695e-07,-7.783458499943663e-07,1.8099561316375912e-07,0.7279625535011292,-0.0003979783214163035,-0.014161362312734127,-1.6917987522901967e-05,0,0,0,0,1,0,0,0,1,0,18
0.28991779685020447,0.0009453874081373215,0.013660508207976818,-0.00012819810945075005,0.3074803650379181,-0.0007227874011732638,0.1277250200510025,0.014215461909770966,0.00023610767675563693,-8.710800329936319e-07,2.8503534849733114e-05,1.8580154801384197e-06,0.713796854019165,-0.0003971373662352562,-0.014169075526297092,1.5376625015051104e-05,0,0,0,0,1,0,0,0,1,0,6
0.3036859929561615,0.0007427565869875252,0.013847561553120613,-0.0002616668934933841,0.3214663565158844,-0.0004906599060632288,0.1203974112868309,0.013780017383396626,0.00022855801216792315,-1.1531043355716974e-06,3.495608689263463e-05,1.9430590327829123e-06,0.6996241211891174,-0.00036398350493982434,-0.014175387099385262,4.770220766658895e-05,0,0,0,0,0,1,0,0,1,0,0
0.3176151216030121,0.00048699890612624586,0.01399061270058155,-0.00022997919586487114,0.3345893323421478,-0.00027356637292541564,0.11646097898483276,0.012775320559740067,0.00021118212316650897,-2.9504840313165914e-06,7.557716890005395e-05,-7.290503921050795e-13,0.6854459047317505,-0.0003138152533210814,-0.014180295169353485,4.9399532144889235e-05,0,0,0,0,0,1,0,0,1,0,7
0.3309248089790344,0.0011496020015329123,0.013769295997917652,-2.5297752017650055e-06,0.34698450565338135,-6.866781041026115e-05,0.11196406930685043,0.012087264098227024,0.00019980820070486516,-2.7911883080378175e-06,7.149721204768866e-05,0.0,0.6712638735771179,-0.00026535679353401065,-0.014183100312948227,4.7687724872957915e-05,0,0,0,0,0,0,1,0,1,0,12
0.3439120352268219,0.0020517033990472555,0.013251515105366707,0.0001677681866567582,0.3598514497280121,0.0014107779134064913,0.14147095382213593,0.014295609667897224,0.0033779272343963385,3.6201940929458942e-06,1.6110026990645565e-05,1.7480013411841355e-05,0.6570791006088257,-0.0002145592588931322,-0.014185905456542969,5.948210309725255e-05,0,0,0,0,0,0,1,0,1,0,5
0.35656651854515076,0.0030110543593764305,0.012411089614033699,0.0017083806451410055,0.3740508556365967,0.004765547811985016,0.1457281857728958,0.014120482839643955,0.0033360631205141544,3.6201940929458942e-06,1.6110026990645565e-05,1.7480013411841355e-05,0.6428925395011902,-0.00014115973317530006,-0.01418730802834034,8.478700328851119e-05,0,0,0,0,1,0,0,0,1,0,12
0.368609756231308,0.005370127037167549,0.011754386126995087,0.002543927635997534,0.38763144612312317,0.00795038789510727,0.1284773349761963,0.012907466851174831,0.0029943345580250025,-1.9653449271572754e-05,4.709598943009041e-05,2.5936551537597552e-05,0.6287047266960144,-3.64396910299547e-05,-0.01418730802834034,0.00017023527470882982,0,0,0,0,1,0,0,0,1,0,12
0.38055893778800964,0.007941882126033306,0.012175826355814934,0.0025966805405914783,0.4002372920513153,0.010866659693419933,0.11383724212646484,0.012260712683200836,0.0028264960274100304,-3.967590964748524e-05,7.276620453922078e-05,-1.1663106244674815e-11,0.6145391464233398,0.00047818917664699256,-0.01413752045482397,0.000796082487795502,0,0,0,0,1,0,0,0,1,0,18
0.3929775655269623,0.010539651848375797,0.012602174654603004,0.0025922388304024935,0.4121559262275696,0.013614337891340256,0.11452346295118332,0.011627176776528358,0.00268048164434731,-3.744500281754881e-05,6.877657142467797e-05,0.0,0.6004590392112732,0.0016169212758541107,-0.014023220166563988,0.0014183231396600604,0,0,0,0,1,0,0,0,1,0,12
0.4057626724243164,0.013132095336914062,0.01291036605834961,0.002614077180624008,0.42343655228614807,0.016214914619922638,0.11012730747461319,0.010995842516422272,0.002534938044846058,-3.541365003911778e-05,6.504550401587039e-05,0.0,0.5865118503570557,0.003317937720566988,-0.013890336267650127,0.0018928502686321735,0,0,0,0,1,0,0,0,1,0,5
0.41878992319107056,0.015787851065397263,0.013112671673297882,0.002689067739993334,0.4340892434120178,0.018670739606022835,0.10928008705377579,0.010379037819802761,0.0023927423171699047,-3.342683703522198e-05,6.13962474744767e-05,2.9142209478916214e-12,0.5726996064186096,0.005436339881271124,-0.013744129799306393,0.0023022936657071114,0,0,0,0,1,0,0,0,1,0,2
0.4312525987625122,0.018854619935154915,0.012128773145377636,0.0023676748387515545,0.4441421926021576,0.020988311618566513,0.1111873909831047,0.009792453609406948,0.00225751381367445,-3.153701254632324e-05,5.7925135479308665e-05,-2.9137987595656556e-12,0.5590572357177734,0.007978112436830997,-0.013529553078114986,0.0027892477810382843,0,1,0,0,0,0,0,0,1,0,11
0.4422481060028076,0.021151836961507797,0.009950820356607437,0.001550747430883348,0.46937188506126404,0.022708484902977943,0.24751970171928406,0.06147446483373642,0.0005210996023379266,-1.0220573130936828e-05,2.643347943376284e-05,0.0018845049198716879,0.5457231998443604,0.011135089211165905,-0.013162108138203621,0.0034551015123724937,0,1,0,0,0,0,0,0,1,0,4
0.45084434747695923,0.022418281063437462,0.008052587509155273,0.0012385788140818477,0.5292636752128601,0.022877903655171394,0.5846600532531738,0.05862990394234657,-0.00011207097122678533,-1.0220573130936828e-05,2.643347943376284e-05,0.0018845049198716879,0.532799482345581,0.014947080984711647,-0.012717527337372303,0.004100671038031578,0,0,0,1,0,0,0,0,1,0,11
0.4581727385520935,0.02347836270928383,0.0068994127213954926,0.0005705647636204958,0.5864242315292358,0.022437307983636856,0.7500090599060059,0.055985722690820694,-0.0007030009874142706,-1.0220573130936828e-05,2.643347943376284e-05,0.0018845049198716879,0.5214186906814575,0.018670450896024704,-0.009878593496978283,0.003210009541362524,0,0,0,1,0,0,0,0,1,0,18
0.46476539969444275,0.024023570120334625,0.00613261666148901,0.0005071813357062638,0.6410345435142517,0.021429145708680153,0.7544960379600525,0.053507838398218155,-0.0012515266425907612,-1.0220573130936828e-05,2.643347943376284e-05,0.0018845049198716879,0.5140860676765442,0.021015992388129234,-0.005039747804403305,0.0015817760722711682,0,0,0,1,0,0,0,0,1,0,8
0.4712355136871338,0.024514146149158478,0.0070901475846767426,0.00044124547275714576,0.693246066570282,0.019895346835255623,0.6081389784812927,0.05117012560367584,-0.0017586596077308059,-1.0220573130936828e-05,2.643347943376284e-05,0.0018845049198716879,0.5121535062789917,0.021617019549012184,0.0007450580596923828,-0.00011012599861714989,0,0,0,0,0,0,0,1,1,0,16
0.479142427444458,0.02476925402879715,0.008539943024516106,6.37113771517761e-05,0.7431871294975281,0.01787636987864971,0.32009032368659973,0.04895218089222908,-0.0022261817939579487,-1.0220573130936828e-05,2.643347943376284e-05,0.0018845049198716879,0.5150955319404602,0.021524840965867043,0.0038003220688551664,-3.422276222408982e-07,0,0,0,0,0,0,0,1,1,0,15
0.48819026350975037,0.024543484672904015,0.009228324517607689,-0.00037841711309738457,0.787736713886261,0.015668310225009918,0.2032698094844818,0.039013803005218506,-0.0019957239273935556,-6.355970981530845e-06,4.6856839617248625e-05,0.0017120037227869034,0.5200303792953491,0.021504003554582596,0.005579640157520771,-0.0001291325897909701,0,0,0,0,0,0,0,1,0,0,0
0.4977148473262787,0.024142485111951828,0.010013632476329803,-0.00043353502405807376,0.8260971903800964,0.013536987826228142,0.32169848680496216,0.03782419487833977,-0.002239331603050232,-6.355970981530845e-06,4.6856839617248625e-05,0.0017120037227869034,0.5268380641937256,0.021340977400541306,0.007265210151672363,-0.00016306091856677085,0,0,0,0,0,0,0,1,0,0,18
0.5082045793533325,0.023675188422203064,0.010925300419330597,-0.0005029271123930812,0.8632617592811584,0.011172497645020485,0.2832244634628296,0.036623500287532806,-0.002464205725118518,-6.355970981530845e-06,4.6856839617248625e-05,0.0017120037227869034,0.5350444316864014,0.0211311187595129,0.008573586121201515,-0.00020467284775804728,0,0,0,0,0,0,0,1,0,0,16
0.5194993019104004,0.02315625175833702,0.011685970239341259,-0.0005423627444542944,0.8991817235946655,0.008596334606409073,0.09587442874908447,0.0350295715034008,-0.002635394223034382,-5.679184596374398e-06,4.9282687541563064e-05,0.0016840178286656737,0.5444194078445435,0.02086954563856125,0.009507518261671066,-0.0002661692560650408,0,0,0,0,0,0,0,1,0,0,2
0.5315149426460266,0.02259824611246586,0.012337892316281796,-0.0005804288084618747,0.9306666851043701,0.006234083790332079,0.1876247674226761,0.03109762631356716,-0.002411959460005164,5.488537180298181e-09,6.94940026733093e-05,0.0014463703846558928,0.5546330809593201,0.020552916452288628,0.010443656705319881,-0.00031641675741411746,0,1,0,0,0,0,0,0,0,0,16
0.5440937876701355,0.02200699970126152,0.01281371247023344,-0.0006063663167878985,0.961275577545166,0.0037652249448001385,0.10909886658191681,0.030007408931851387,-0.002492832252755761,6.877094733681588e-07,7.155849016271532e-05,0.0014173454837873578,0.5656812787055969,0.020182786509394646,0.011376806534826756,-0.00038970093009993434,0,1,0,0,0,0,0,0,0,0,12
0.5571157932281494,0.021389655768871307,0.0132160484790802,-0.0006325852009467781,0.9892480969429016,0.0014448054134845734,0.12116798013448715,0.027381686493754387,-0.002310133073478937,9.652565495343879e-06,9.821348794503137e-05,0.001025535399094224,0.5775452256202698,0.01974998041987419,0.012027282267808914,-0.0004380242608021945,0,1,0,0,0,0,0,0,0,0,3
0.5704938769340515,0.02074935846030712,0.013511307537555695,-0.0006541119073517621,1.0150208473205566,-0.0007259553531184793,0.11242496222257614,0.024716272950172424,-0.0020789874251931906,2.9101558538968675e-05,0.00014631844533141702,4.105210615890087e-11,0.5899690985679626,0.019261157140135765,0.012543207965791225,-0.0005003482801839709,0,0,1,0,0,0,0,0,0,0,16
