lt_dp_posx,lt_dp_posy,lt_dp_velx,lt_dp_vely,ball_posx,ball_posy,ball_posz,ball_vel_x,ball_vel_y,ball_rot_x,ball_rot_y,ball_rot_z,rt_gk_posx,rt_gk_posy,rt_gk_velx,rt_gk_vely,action_left,action_top_left,action_top,action_top_right,action_right,action_bottom_right,action_bottom,action_bottom_left,action_sprint,action_dribble,sel_action
-1.0110293626785278,-0.0,0.0,-0.0,0.019999999552965164,-0.0,0.11061639338731766,-0.0,0.0,0.0,-0.0,0.0,1.0110293626785278,0.0,-0.0,0.0,0,0,0,0,0,0,0,0,0,0,5
0.0011741208145394921,7.735240920014874e-11,0.0034112120047211647,2.5561334299206706e-11,0.019999999552965164,-0.0,0.11059734225273132,-0.0,0.0,0.0,-0.0,0.0,1.010831356048584,-1.6282879558571217e-11,-0.0013190157478675246,-1.0749609535842808e-10,0,0,0,0,1,0,0,0,0,0,5
0.004422922618687153,-8.490598224497603e-10,0.005096871871501207,-3.511485824336802e-10,0.019999999552965164,-0.0,0.10930104553699493,-0.0,0.0,0.0,-0.0,0.0,1.007331371307373,-2.398752863008724e-10,-0.004367968533188105,-2.2588120263122846e-10,0,0,0,0,1,0,0,0,0,0,13
0.009172579273581505,-2.248098374124652e-09,0.006656940560787916,-3.111293167545881e-10,0.02351834625005722,-2.3498894496931655e-10,0.1237609013915062,0.008640825748443604,-5.774550837500669e-10,8.578172894235792e-13,2.8631586701521883e-06,-2.160265672943029e-12,1.0020980834960938,-4.073052450870307e-10,-0.0059268055483698845,-1.0279029016846408e-10,0,0,0,0,1,0,0,0,1,0,13
0.016618236899375916,-2.3979764840476037e-09,0.008066108450293541,-6.756445403155453e-11,0.03173869848251343,-7.851597705332836e-10,0.11614876240491867,0.007883042097091675,-5.281650672372962e-10,7.136320180622935e-12,4.499864735407755e-05,-3.712325585825127e-13,0.9953674674034119,-4.0849237187279286e-11,-0.007369237951934338,6.080089209881123e-10,0,0,0,0,1,0,0,0,1,0,18
0.025379417464137077,-2.5590771723926764e-09,0.009301392361521721,-1.6886948783767508e-10,0.03938759118318558,-1.2976458796387647e-09,0.11215836554765701,0.007456739898771048,-4.996117408673229e-10,6.979599190271024e-12,4.410948167787865e-05,1.3887229247326137e-18,0.9872784614562988,4.111017914976145e-10,-0.008651789277791977,3.037145257511753e-10,0,0,0,0,1,0,0,0,1,0,13
0.034123267978429794,-3.4658411696142366e-09,0.00938898604363203,-2.1288948381936734e-10,0.04660476744174957,-1.781206515616418e-09,0.10997506976127625,0.007023810409009457,-4.706049439029414e-10,6.574312275131611e-12,4.154816269874573e-05,-6.9430821261437375e-19,0.9781137704849243,7.033605919914976e-10,-0.009335489943623543,9.055514671452158e-10,0,0,0,0,1,0,0,0,1,0,13
0.04200782999396324,-4.873198733434947e-09,0.009879701770842075,-1.2068802901499254e-10,0.05416184291243553,2.9176910629757913e-06,0.11805255711078644,0.014280873350799084,2.919882899732329e-05,3.387698939150141e-07,1.9754040749830892e-06,2.8654977768383105e-07,0.968501091003418,1.4353923605270325e-09,-0.010017086751759052,6.020642873139082e-10,0,0,0,0,1,0,0,0,1,0,18
0.052374325692653656,7.600381479733187e-08,0.010675586760044098,8.096020565062645e-07,0.06805383414030075,3.095910506090149e-05,0.14388057589530945,0.013800008222460747,2.78262778010685e-05,2.8579501076819724e-07,7.81202379585011e-06,3.571963418380619e-07,0.9580104947090149,1.8340136076488989e-09,-0.010855057276785374,2.2450941106200162e-10,0,0,0,0,1,0,0,0,1,0,5
0.0631360337138176,5.079401944385609e-06,0.011016691103577614,8.292555321531836e-06,0.08140779286623001,5.743060683016665e-05,0.12316214293241501,0.012638581916689873,2.420726559648756e-05,-2.3475928756511166e-08,4.119111326872371e-05,4.415138903368643e-07,0.9471069574356079,3.82207019811176e-07,-0.010882405564188957,8.185622277778748e-07,0,0,0,0,1,0,0,0,1,0,5
0.07457146793603897,1.738605715218e-05,0.011754298582673073,1.580894968356006e-05,0.09365328401327133,8.060479012783617e-05,0.11358226090669632,0.011888263747096062,2.227019467682112e-05,-3.127945547021227e-07,7.048631960060447e-05,-9.110760241940255e-14,0.9358362555503845,1.8201549210061785e-06,-0.01156821008771658,1.9234080355090555e-06,0,0,0,0,1,0,0,0,1,0,18
0.08668049424886703,3.562166239134967e-05,0.012389439158141613,1.9674327631946653e-05,0.10521049052476883,0.00010225542064290494,0.11358392238616943,0.011278527788817883,2.1128564185346477e-05,-2.95163374630647e-07,6.671601295238361e-05,-9.109112254638077e-14,0.9239458441734314,4.219241873215651e-06,-0.012150231748819351,2.6337402232456952e-06,0,0,0,0,1,0,0,0,1,0,16
0.09935958683490753,5.8172412536805496e-05,0.012895552441477776,2.5244913558708504e-05,0.11614431440830231,0.00012273821630515158,0.11179264634847641,0.010653635486960411,1.9957918993895873e-05,-2.7880747666131356e-07,6.301909888861701e-05,0.0,0.911514401435852,7.162427664297866e-06,-0.012642495334148407,3.2338255095964996e-06,0,0,0,0,1,0,0,0,1,0,0
0.11246998608112335,-0.00041433333535678685,0.013238980434834957,2.6232888558297418e-05,0.12646575272083282,0.00014207376807462424,0.11068522185087204,0.010052826255559921,1.883240111055784e-05,-2.6308561018595356e-07,5.946546298218891e-05,0.0,0.8986548185348511,1.0758123607956804e-05,-0.013021862134337425,3.885932528646663e-06,0,0,0,0,1,0,0,0,1,0,13
0.12570899724960327,-0.0022550132125616074,0.013238980434834957,1.4309534890344366e-05,0.13684134185314178,0.00013202668924350291,0.1198347881436348,0.015870558097958565,-0.00026511034229770303,-2.4892960936995223e-07,6.190531166794244e-06,-4.6713086021554773e-07,0.8854668736457825,1.4459092199103907e-05,-0.013312171213328838,3.462993845460005e-06,0,0,0,0,1,0,0,0,1,0,5
0.13894805312156677,-0.0022472627460956573,0.013239067979156971,2.384898834861815e-06,0.15235882997512817,-0.00012678543862421066,0.15824943780899048,0.01542055793106556,-0.0002571671502664685,-6.148716380494079e-08,1.03487554952153e-05,-7.976235565365641e-07,0.8720289468765259,1.759327460604254e-05,-0.013532358221709728,2.871350488931057e-06,0,0,0,0,1,0,0,0,1,0,16
0.1523285061120987,-0.002216427819803357,0.013511145487427711,7.768745126668364e-05,0.16754749417304993,-0.0003798691323027015,0.11589499562978745,0.014445397071540356,-0.00023942781263031065,1.0323091146346997e-06,3.448934148764238e-05,-1.8853313576983055e-06,0.8584014177322388,1.621046794753056e-05,-0.013698549941182137,-1.0252221727569122e-05,0,0,0,0,1,0,0,0,1,0,16
0.16596972942352295,-0.002056879922747612,0.013737117871642113,0.0002258844906464219,0.18146640062332153,-0.0006099596503190696,0.11777903139591217,0.013579584658145905,-0.00022412821999751031,1.8981190805789083e-06,5.347800106392242e-05,-1.7050655287675909e-06,0.8446311950683594,-8.23120899440255e-06,-0.013823368586599827,-3.558578100637533e-05,0,0,0,0,1,0,0,0,1,0,13
0.17980265617370605,-0.001779136247932911,0.013905588537454605,0.00027752164169214666,0.194536030292511,-0.0008253127452917397,0.11214467138051987,0.012757774442434311,-0.00021016367827542126,2.9361351607803954e-06,7.547071436420083e-05,3.6452316317346634e-13,0.8307540416717529,-5.6400236644549295e-05,-0.013917334377765656,-5.474806312122382e-05,0,0,0,0,1,0,0,0,1,0,0
0.19378255307674408,-0.0015371241606771946,0.014034789986908436,0.00021278181520756334,0.20690259337425232,-0.0010290318168699741,0.11327112466096878,0.01205158606171608,-0.00019853038247674704,2.773394953692332e-06,7.128762808861211e-05,3.644448837766129e-13,0.8167966604232788,-0.00011036906653316692,-0.013986756093800068,-5.331688225851394e-05,0,0,0,0,1,0,0,0,1,0,5
0.20786720514297485,-0.0013585687847808003,0.014121775515377522,0.00015106430510059,0.21858397126197815,-0.0012214635498821735,0.11138110607862473,0.011379918083548546,-0.00018746576097328216,2.618803819132154e-06,6.73140020808205e-05,3.6437468168594445e-13,0.8027791976928711,-0.00016285919991787523,-0.01404004916548729,-5.180314838071354e-05,0,0,0,0,1,0,0,0,1,0,13
0.22194206714630127,-0.0012456751428544521,0.014121596701443195,8.811557927401736e-05,0.2296079397201538,-0.001403065980412066,0.11085900664329529,0.010735458694398403,-0.00017684942577034235,2.470520030328771e-06,6.350246985675767e-05,7.286222948772736e-13,0.7887169718742371,-0.0002149516367353499,-0.014079318381845951,-5.278794196783565e-05,0,0,0,0,1,0,0,0,1,0,18
0.23579001426696777,-0.0011935691582038999,0.013533059507608414,2.4125265554175712e-05,0.24499648809432983,-0.001401251764036715,0.161333829164505,0.015794480219483376,2.1269004719215445e-05,8.98811151728296e-07,1.228343626280548e-05,-9.631065722714993e-07,0.7746214270591736,-0.00026861781952902675,-0.014108069241046906,-5.438077278085984e-05,0,0,0,0,1,0,0,0,1,0,16
0.24912448227405548,-1.0798618859553244e-05,0.01331253070384264,4.269574674253818e-06,0.2606728971004486,-0.0013801298337057233,0.12239395827054977,0.015528498217463493,2.0794212105101906e-05,8.826061730360379e-07,1.336816876573721e-05,-9.210077109855774e-07,0.7605010867118835,-0.00032235615071840584,-0.01412910595536232,-4.9921785830520093e-05,0,0,0,0,1,0,0,0,1,0,13
0.2624369263648987,0.001015615533106029,0.013312522321939468,1.8982938172484864e-06,0.27601611614227295,-0.0012386535527184606,0.16264554858207703,0.015834003686904907,0.0002647642104420811,4.049070696510171e-07,-7.755405704301666e-07,1.8019264302893134e-07,0.7463622093200684,-0.0003648362180683762,-0.014145934954285622,-3.6384633858688176e-05,0,0,0,0,1,0,0,0,1,0,16
0.2757681608200073,0.0010143655817955732,0.01340525969862938,-1.1444127267168369e-05,0.291738361120224,-0.000975765404291451,0.16224001348018646,0.015631595626473427,0.00026137562235817313,4.049070696510171e-07,-7.755405704301666e-07,1.8019264302893134e-07,0.7322092652320862,-0.00039375663618557155,-0.014158557169139385,-2.280849003000185e-05,0,0,0,0,1,0,0,0,1,0,7
0.2893202304840088,0.0009451787918806076,0.013660508207976818,-0.00012819989933632314,0.30688297748565674,-0.000723015982657671,0.12772521376609802,0.014215442351996899,0.00023610646894667298,-8.709401413398155e-07,2.8506770831882022e-05,1.8575916556073935e-06,0.7180455327033997,-0.00039939762791618705,-0.014167673885822296,8.410867849306669e-06,0,0,0,0,0,0,1,0,1,0,6
0.3030884265899658,0.000742544827517122,0.013847561553120613,-0.000261671346379444,0.32086890935897827,-0.0004908895934931934,0.12039799988269806,0.013780029490590096,0.0002285571681568399,-1.1529825769684976e-06,3.4959008189616725e-05,1.9426845483394573e-06,0.7038742899894714,-0.0003738003724720329,-0.01417398452758789,3.966298027080484e-05,0,0,0,0,0,1,0,0,1,0,6
0.3170175850391388,0.00048678298480808735,0.01399061270058155,-0.00022998319764155895,0.3339919149875641,-0.0002737969043664634,0.11646071076393127,0.01277538575232029,0.00021118154108989984,-2.950475163743249e-06,7.55775545258075e-05,-3.6452525026264837e-13,0.6896975040435791,-0.00032403122168034315,-0.014178893528878689,5.06708565808367e-05,0,0,0,0,0,1,0,0,1,0,6
0.33032700419425964,0.0011492628837004304,0.013769307173788548,-2.535692829042091e-06,0.34638717770576477,-6.889894575579092e-05,0.11196405440568924,0.012087318114936352,0.00019980753131676465,-2.791179895211826e-06,7.14975394657813e-05,3.644487055892709e-13,0.6755164265632629,-0.0002747366961557418,-0.014183100312948227,4.8167647037189454e-05,0,0,0,0,0,1,0,0,1,0,12
0.343313992023468,0.0020512540359050035,0.013251515105366707,0.0001677610562182963,0.3592540919780731,0.0014105371665209532,0.1414707750082016,0.014295564033091068,0.003377904649823904,3.6201536204316653e-06,1.611020888958592e-05,1.747986789268907e-05,0.6613323092460632,-0.00022699020337313414,-0.014185204170644283,5.2044888434465975e-05,0,0,0,0,0,1,0,0,1,0,5
0.3559684753417969,0.00301060127094388,0.012411089614033699,0.0017083754064515233,0.3734533190727234,0.004765286576002836,0.1457274705171585,0.014120439067482948,0.003336042631417513,3.6201536204316653e-06,1.611020888958592e-05,1.747986789268907e-05,0.6471462845802307,-0.00015876619727350771,-0.01418730802834034,8.146220352500677e-05,0,0,0,0,1,0,0,0,1,0,7
0.3680117130279541,0.005369669757783413,0.011754386126995087,0.002543920651078224,0.38703393936157227,0.007950102910399437,0.12847749888896942,0.012907412834465504,0.002994310576468706,-1.965367300726939e-05,4.709641507361084e-05,2.5936087695299648e-05,0.6329588890075684,-6.112274422775954e-05,-0.01418730802834034,0.00011088309111073613,0,0,0,0,0,0,1,0,1,0,18
0.37996119260787964,0.00794141460210085,0.012176177464425564,0.0025966735556721687,0.39963972568511963,0.010866355150938034,0.11383721977472305,0.012260674498975277,0.0028264792636036873,-3.967566954088397e-05,7.276597170857713e-05,-5.831552688656538e-12,0.6187821626663208,0.00028893371927551925,-0.014156453311443329,0.0006356762605719268,0,0,0,0,0,0,1,0,1,0,12
0.39238008856773376,0.010539185255765915,0.012602525763213634,0.0025922530330717564,0.4115583300590515,0.013614018447697163,0.1145234927535057,0.011627142317593098,0.00268046697601676,-3.7444791814778e-05,6.877637497382239e-05,0.0,0.6046764850616455,0.0012801237171515822,-0.014053372666239738,0.001281363540329039,0,0,0,0,0,0,1,0,1,0,12
0.40516528487205505,0.013131649233400822,0.01291036605834961,0.0026141058187931776,0.42283886671066284,0.016214579343795776,0.11012726277112961,0.01099580992013216,0.002534921746701002,-3.541342812241055e-05,6.50453002890572e-05,5.829382115907222e-12,0.590705394744873,0.002892926335334778,-0.013908217661082745,0.0018373345956206322,0,0,0,0,0,0,1,0,1,0,5
0.4181925058364868,0.015787426382303238,0.013112671673297882,0.0026890821754932404,0.4334915280342102,0.01867038942873478,0.1092800721526146,0.010379001498222351,0.0023927262518554926,-3.3426615118514746e-05,6.139602919574827e-05,5.828441895783243e-12,0.5768764615058899,0.0049646226689219475,-0.013759557157754898,0.002262759255245328,0,0,0,0,1,0,0,0,1,0,11
0.43065521121025085,0.018854252994060516,0.012128796428442001,0.0023676990531384945,0.44354450702667236,0.020987944677472115,0.1111873909831047,0.009792421944439411,0.0022574986796826124,-3.1536805181531236e-05,5.792493175249547e-05,-8.741396495537401e-12,0.5632128715515137,0.007459051441401243,-0.013580392114818096,0.002683142898604274,0,0,0,0,1,0,0,0,1,0,18
0.4416506290435791,0.02115151658654213,0.009950820356607437,0.0015507617499679327,0.46889108419418335,0.022270821034908295,0.18845821917057037,0.06185125932097435,-0.000925529922824353,-1.2854403394157998e-05,2.540001878514886e-05,0.0017491586040705442,0.5498213768005371,0.010511470958590508,-0.013225219212472439,0.003351898631080985,0,0,0,0,1,0,0,0,1,0,6
0.4502468705177307,0.02241796813905239,0.008052587509155273,0.0012386073358356953,0.529091477394104,0.021051496267318726,0.33681783080101013,0.05888449400663376,-0.001455055782571435,-1.2854403394157998e-05,2.540001878514886e-05,0.0017491586040705442,0.5368281602859497,0.014222144149243832,-0.012792208231985569,0.004000983200967312,0,0,0,0,0,1,0,0,1,0,11
0.4575752913951874,0.023478055372834206,0.0068994127213954926,0.0005705647636204958,0.586444616317749,0.019320081919431686,0.3250701129436493,0.05612916499376297,-0.0019526253454387188,-1.2854403394157998e-05,2.540001878514886e-05,0.0017491586040705442,0.5247669816017151,0.018246088176965714,-0.010905546136200428,0.003678790060803294,0,0,0,0,0,1,0,0,1,0,0
0.4641679525375366,0.0240232702344656,0.00613261666148901,0.0005072098574601114,0.6411423683166504,0.01710919477045536,0.16324295103549957,0.05355101451277733,-0.0024172356352210045,-1.2854403394157998e-05,2.540001878514886e-05,0.0017491586040705442,0.5161022543907166,0.021160276606678963,-0.006552654318511486,0.0021967305801808834,0,0,0,0,0,1,0,0,1,0,2
0.4706383943557739,0.024510588496923447,0.0070915501564741135,0.00043057938455604017,0.6886496543884277,0.014816940762102604,0.18160876631736755,0.04471254721283913,-0.0022940547205507755,-8.54409699968528e-06,4.9153240979649127e-05,0.0015755159547552466,0.5125101804733276,0.022346533834934235,-0.0011349425185471773,0.0002770332503132522,0,1,0,0,0,0,0,0,1,0,18
0.47854673862457275,0.02473616413772106,0.008540294133126736,1.599914139660541e-05,0.7324504256248474,0.012367239221930504,0.1313892900943756,0.04305548965930939,-0.0025738694239407778,-8.54409699968528e-06,4.9153240979649127e-05,0.0015755159547552466,0.5145242810249329,0.022104015573859215,0.0037519370671361685,-0.0002744522935245186,0,1,0,0,0,0,0,0,1,0,3
0.4875815212726593,0.02443612739443779,0.009218866005539894,-0.00046459745499305427,0.7714792490005493,0.009955563582479954,0.1277313530445099,0.037462737411260605,-0.0024027819745242596,-1.7709568282953114e-06,7.79808615334332e-05,0.0013153220061212778,0.5194579362869263,0.02188391610980034,0.005538361147046089,-0.00033481631544418633,0,0,1,0,0,0,0,0,1,0,13
0.4970918893814087,0.023942403495311737,0.010001467540860176,-0.0005279987817630172,0.8058871030807495,0.007705111056566238,0.10327660292387009,0.03217225894331932,-0.002129231346771121,1.0000591828429606e-05,0.00012148133828304708,0.0008385615656152368,0.5261527299880981,0.02150672674179077,0.007208759430795908,-0.000385015708161518,0,0,1,0,0,0,0,0,1,0,14
0.5075682401657104,0.023374250158667564,0.010912558995187283,-0.0006049465155228972,0.8359093070030212,0.00571890315040946,0.10918544232845306,0.028595158830285072,-0.0018929608631879091,2.6460300432518125e-05,0.0001691771758487448,1.1758943645190367e-11,0.5343087911605835,0.021079227328300476,0.008521419018507004,-0.0004358051810413599,0,0,0,0,0,0,0,0,1,0,8
0.5188478231430054,0.022744402289390564,0.01167432963848114,-0.0006557189044542611,0.8630852103233337,0.003919885493814945,0.10946298390626907,0.0260761771351099,-0.0017262155888602138,2.41137167904526e-05,0.00015424044977407902,-1.7608482380526702e-11,0.5436387658119202,0.020607048645615578,0.009596901014447212,-0.00047991008614189923,0,0,0,0,0,0,0,1,1,0,5
0.5308422446250916,0.022065885365009308,0.012318933382630348,-0.0007036292809061706,0.887949526309967,0.002273894613608718,0.10959769785404205,0.023920990526676178,-0.0015835443045943975,2.2120952053228393e-05,0.00014149399066809565,-2.3446911079361143e-11,0.5537131428718567,0.020091161131858826,0.010275551117956638,-0.0005238091689534485,0,0,0,0,1,0,0,0,1,0,7
0.5433944463729858,0.02134505845606327,0.012784946709871292,-0.0007371276733465493,0.9108220934867859,0.0007597513613291085,0.10969461500644684,0.0220533087849617,-0.0014599055284634233,2.0393967133713886e-05,0.00013044757361058146,0.0,0.5646042227745056,0.019523102790117264,0.011065933853387833,-0.0005746475653722882,0,0,0,0,0,0,1,0,1,0,13
0.5563867688179016,0.020594846457242966,0.013186361640691757,-0.0007643021526746452,0.931958019733429,-0.0006394306547008455,0.10976581275463104,0.020416654646396637,-0.0013515605824068189,1.888057158794254e-05,0.00012076732673449442,-5.850558752740209e-12,0.5763152241706848,0.018899569287896156,0.01190168783068657,-0.0006313997437246144,0,0,0,0,0,0,1,0,1,0,7
0.5697212219238281,0.019820816814899445,0.01348108146339655,-0.0007853453862480819,0.9515640735626221,-0.0019373291870579123,0.10981887578964233,0.018968362361192703,-0.001255685230717063,1.7541326087666675e-05,0.00011220098531339318,5.846466973741249e-12,0.588635265827179,0.018233969807624817,0.012442071922123432,-0.0006713542388752103,0,0,0,0,0,0,1,0,1,0,10
0.5832969546318054,0.019031692296266556,0.013689328916370869,-0.0007967209094204009,0.9698097109794617,-0.003145171795040369,0.1098589226603508,0.017675569280982018,-0.0011701040202751756,1.6345855328836478e-05,0.00010455430310685188,-5.843072553579631e-12,0.6014312505722046,0.017531488090753555,0.01293398067355156,-0.0007106288685463369,0,0,0,0,0,0,1,0,1,0,0
0.5970699787139893,0.01823074370622635,0.013857194222509861,-0.0008066624286584556,0.9868358373641968,-0.004272284917533398,0.10988951474428177,0.01651262678205967,-0.0010931184515357018,1.5270443327608518e-05,9.767553274286911e-05,0.0,0.6146045327186584,0.01679973676800728,0.013236185535788536,-0.0007347202626988292,0,0,0,0,0,0,1,0,1,0,10
0.6109824776649475,0.01742158830165863,0.013972827233374119,-0.000813423830550164,1.002760887145996,-0.005326497368514538,0.10991311818361282,0.015459151938557625,-0.0010233798529952765,1.4296250810730271e-05,9.144419163931161e-05,-5.8378163414474216e-12,0.6280267834663391,0.016047311946749687,0.013464972376823425,-0.0007548767607659101,0,0,0,0,0,0,1,0,1,0,18
