lt_dp_posx,lt_dp_posy,lt_dp_velx,lt_dp_vely,ball_posx,ball_posy,ball_posz,ball_vel_x,ball_vel_y,ball_rot_x,ball_rot_y,ball_rot_z,rt_gk_posx,rt_gk_posy,rt_gk_velx,rt_gk_vely,action_left,action_top_left,action_top,action_top_right,action_right,action_bottom_right,action_bottom,action_bottom_left,action_sprint,action_dribble,sel_action
-1.0110293626785278,-0.0,0.0,-0.0,0.019999999552965164,-0.0,0.11061639338731766,-0.0,0.0,0.0,-0.0,0.0,1.0110293626785278,0.0,-0.0,0.0,0,0,0,0,0,0,0,0,0,0,5
0.0,-0.0,0.0,-0.0,0.019999999552965164,-0.0,0.11059734225273132,-0.0,0.0,0.0,-0.0,0.0,1.0110293626785278,0.0,-0.0,0.0,0,0,0,0,1,0,0,0,0,0,5
0.0,-0.0,0.0,-0.0,0.019999999552965164,-0.0,0.10930104553699493,-0.0,0.0,0.0,-0.0,0.0,1.0085934400558472,-1.7055430678869499e-10,-0.003884820267558098,-2.392741005330379e-10,0,0,0,0,1,0,0,0,0,0,5
0.002605511574074626,1.3680566401941263e-10,0.004109719302505255,2.5224112729094195e-11,0.019999999552965164,-0.0,0.11075475811958313,-0.0,0.0,0.0,-0.0,0.0,1.0038305521011353,-3.7194536339768547e-10,-0.0054703038185834885,-1.5051691837353331e-10,0,0,0,0,1,0,0,0,0,0,5
0.005889641121029854,-1.5970879063686994e-09,0.005736230872571468,-3.9207298518917355e-10,0.019999999552965164,-0.0,0.11053141206502914,-0.0,0.0,0.0,-0.0,0.0,0.9975366592407227,-2.275870464307772e-10,-0.006950602866709232,6.571598265558976e-10,0,0,0,0,1,0,0,0,0,0,13
0.011982080526649952,-2.3340314125874784e-09,0.007240616716444492,-2.362129658539658e-10,0.02691209688782692,-4.666663722119324e-10,0.12254813313484192,0.008374633267521858,-5.659687718484463e-10,2.0085038233280672e-12,1.0416755685582757e-05,-2.8667975111862365e-12,0.989837646484375,3.212523580486959e-10,-0.008285746909677982,4.2978784420277805e-10,0,0,0,0,1,0,0,0,1,0,5
0.019974837079644203,-2.479345617700801e-09,0.008583002723753452,-1.7994919443431456e-10,0.03486180678009987,-1.0046676823805e-09,0.11699162423610687,0.007705577649176121,-5.217304921423249e-10,7.288690484497096e-12,4.558203727356158e-05,0.0,0.9809144139289856,5.637570410499393e-10,-0.009325672872364521,7.690945103000502e-11,0,0,0,0,1,0,0,0,1,0,16
0.029211096465587616,-2.6511925987904306e-09,0.009742094203829765,-1.496287399538332e-10,0.04233737289905548,-1.510824132466837e-09,0.10775913298130035,0.007286667823791504,-4.933667918649576e-10,6.8923690539623994e-12,4.31035332439933e-05,6.943401107667453e-19,0.971478283405304,7.547824587561536e-10,-0.00973448995500803,1.7614405767307773e-10,0,0,0,0,1,0,0,0,1,0,5
0.03715028613805771,-4.070698444991194e-09,0.009281553328037262,-1.6718125495085445e-10,0.049390897154808044,-1.9884056623453716e-09,0.11127554625272751,0.006866077426820993,-4.648892382164149e-10,6.494466856660219e-12,4.061513391206972e-05,-6.942896010505913e-19,0.961243748664856,8.686208419206309e-10,-0.010619443841278553,5.69768572600271e-11,0,0,0,0,1,0,0,0,1,0,5
0.04607756808400154,-4.900661654261285e-09,0.010248887352645397,-1.0085627472067316e-10,0.05977779999375343,1.4214143448043615e-05,0.1403011828660965,0.013893861323595047,2.8018363082082942e-05,2.857442211734451e-07,7.852933777030557e-06,3.574642164494435e-07,0.9503563046455383,1.3840943946519246e-09,-0.010805971920490265,8.991952182846319e-10,0,0,0,0,1,0,0,0,1,0,13
0.05666933208703995,1.209588958772656e-06,0.010675542056560516,4.048628852615366e-06,0.0735815018415451,4.204217475489713e-05,0.12649618089199066,0.013696718961000443,2.7571653845370747e-05,2.785293133911182e-07,8.640456144348718e-06,3.6553785776050063e-07,0.9392877221107483,2.0383907894938602e-09,-0.011376773938536644,4.756080529411122e-10,0,0,0,0,1,0,0,0,1,0,18
0.06764684617519379,9.054887414094992e-06,0.011330842971801758,1.0955336620099843e-05,0.08641690015792847,6.69076616759412e-05,0.12636925280094147,0.01235953439027071,2.3456506824004464e-05,-9.507835585509383e-08,4.876920866081491e-05,3.7999774349373183e-07,0.9275738596916199,4.673457620896215e-09,-0.011977027170360088,2.405892729484549e-08,0,0,0,0,1,0,0,0,1,0,0
0.07936257123947144,2.4316739654750563e-05,0.012014280073344707,1.7938891687663272e-05,0.09837605804204941,8.939208782976493e-05,0.11752312630414963,0.011652267538011074,2.1826706870342605e-05,-3.049231338536629e-07,6.892834790050983e-05,9.110068385428938e-14,0.9152939915657043,5.325115921550605e-07,-0.012507859617471695,1.12990312572947e-06,0,0,0,0,1,0,0,0,1,0,13
0.09171651303768158,4.395041105453856e-05,0.01260839868336916,2.160557050956413e-05,0.10968796163797379,0.00011058121890528128,0.11176754534244537,0.0110254418104887,2.0652551029343158e-05,-2.885046797018731e-07,6.521696195704862e-05,-4.55424103106266e-14,0.9025512933731079,2.5659337552497163e-06,-0.01291878055781126,2.766131046882947e-06,0,0,0,0,1,0,0,0,1,0,13
0.10458483546972275,6.889075302751735e-05,0.013062182813882828,2.7766725906985812e-05,0.12037452310323715,0.00013059900084044784,0.11096896231174469,0.010411463677883148,1.9502460418152623e-05,-2.7244587386121566e-07,6.158681935630739e-05,-4.553507500530338e-14,0.8894527554512024,5.8809428082895465e-06,-0.013232932426035404,3.5782254599325825e-06,0,0,0,0,1,0,0,0,1,0,5
0.11779036372900009,-0.0011668414808809757,0.013238980434834957,2.145966936950572e-05,0.13045881688594818,0.0001494886091677472,0.10908360034227371,0.009821703657507896,1.8397733583697118e-05,-2.570160688719625e-07,5.8098921726923436e-05,-4.5528430878865114e-14,0.8760826587677002,9.821856110647786e-06,-0.013472052291035652,4.231488219375024e-06,0,0,0,0,1,0,0,0,1,0,16
0.1310293972492218,-0.0022505000233650208,0.013239067979156971,9.537812729831785e-06,0.1431073695421219,2.7994654374197125e-05,0.1472282111644745,0.015537279658019543,-0.00025914341676980257,-6.145261011170078e-08,1.0351108358008787e-05,-7.97656298345828e-07,0.8625065684318542,1.3837717233400326e-05,-0.013653671368956566,1.8040615259451442e-06,0,0,0,0,1,0,0,0,1,0,0
0.14428842067718506,-0.0022447635419666767,0.01333785429596901,1.321675972576486e-05,0.15853729844093323,-0.0002293430588906631,0.14566361904144287,0.015342291444540024,-0.00025587400887161493,-6.145261011170078e-08,1.0351108358008787e-05,-7.97656298345828e-07,0.8487749099731445,8.045454706007149e-06,-0.013789709657430649,-1.201105351356091e-05,0,0,0,0,1,0,0,0,1,0,16
0.15778285264968872,-0.002170633291825652,0.013610019348561764,0.00013727426994591951,0.17323258519172668,-0.0004734790127258748,0.12910307943820953,0.014003572054207325,-0.00023157746181823313,1.456201971450355e-06,4.381480175652541e-05,-1.918556336022448e-06,0.8349266052246094,-1.1135725799249485e-05,-0.013891388662159443,-2.507038698240649e-05,0,0,0,0,1,0,0,0,1,0,16
0.17150762677192688,-0.0019523954251781106,0.013809168711304665,0.0002824732509907335,0.18681393563747406,-0.0006976486183702946,0.11690471321344376,0.013139991089701653,-0.0002164687612093985,3.0237451937864535e-06,7.772020762786269e-05,-3.6456715467661494e-13,0.820990264415741,-4.307186827645637e-05,-0.01396852359175682,-3.750021642190404e-05,0,0,0,0,1,0,0,0,1,0,16
0.1854040026664734,-0.0016744860913604498,0.013961861841380596,0.00025186705170199275,0.19959409534931183,-0.000908189918845892,0.1149793490767479,0.012468472123146057,-0.0002054059732472524,2.8694814773189137e-06,7.375453424174339e-05,3.644905015830202e-13,0.8069885969161987,-8.739496115595102e-05,-0.014026024378836155,-4.9912650865735486e-05,0,0,0,0,1,0,0,0,1,0,16
0.19943185150623322,-0.0014582672156393528,0.01407651323825121,0.0001880950730992481,0.21168439090251923,-0.001107366057112813,0.10733582079410553,0.011780688539147377,-0.00019407537183724344,2.711302158786566e-06,6.968885281821713e-05,0.0,0.7929384112358093,-0.00014215325063560158,-0.014068098738789558,-5.5697768402751535e-05,0,0,0,0,1,0,0,0,1,0,5
0.2135240137577057,-0.0013057789765298367,0.01412181742489338,0.00012587745732162148,0.22309879958629608,-0.0012954073026776314,0.11101727187633514,0.01111898198723793,-0.0001831744593800977,2.5588706193957478e-06,6.577090243808925e-05,0.0,0.7788518071174622,-0.00019735938985832036,-0.014100355096161366,-5.479763785842806e-05,0,0,0,0,1,0,0,0,1,0,16
0.22758762538433075,-0.0012173341820016503,0.013973958790302277,6.227651465451345e-05,0.23551695048809052,-0.0014140820130705833,0.13666029274463654,0.015916774049401283,2.147306440747343e-05,8.988234299067699e-07,1.2282899660931434e-05,-9.630429076423752e-07,0.7647379040718079,-0.0002516568056307733,-0.014124196954071522,-5.398061330197379e-05,0,0,0,0,1,0,0,0,1,0,16
0.24116477370262146,-0.0010370410745963454,0.013312673196196556,5.693384082405828e-06,0.2513216733932495,-0.001392776146531105,0.15771380066871643,0.015713201835751534,2.1191086489125155e-05,8.988234299067699e-07,1.2282899660931434e-05,-9.630429076423752e-07,0.7506036162376404,-0.00030578288715332747,-0.014141728170216084,-5.424196569947526e-05,0,0,0,0,1,0,0,0,1,0,18
0.25447729229927063,0.0007004057988524437,0.013312689028680325,3.3214616905752337e-06,0.2666681110858917,-0.0013729291968047619,0.12169547379016876,0.014493783004581928,1.5940669982228428e-05,4.634405286196852e-07,4.097482451470569e-05,-1.2733747212223534e-07,0.7364542484283447,-0.0003601608332246542,-0.014155051670968533,-5.448682713904418e-05,0,0,0,0,1,0,0,0,1,0,13
0.26778995990753174,0.001016146270558238,0.013312697410583496,9.482557175033435e-07,0.28235700726509094,-0.00113308138679713,0.1742367297410965,0.015752393752336502,0.0002633905678521842,4.0487327623850433e-07,-7.757118396511942e-07,1.8028227088962012e-07,0.7222937941551208,-0.000408479361794889,-0.014164868742227554,-3.897651913575828e-05,0,0,0,0,1,0,0,0,1,0,7
0.28118664026260376,0.0010013086721301079,0.013516930863261223,-4.796623034053482e-05,0.2979988157749176,-0.0008715346339158714,0.1347707211971283,0.01555195078253746,0.0002600571315269917,4.0487327623850433e-07,-7.757118396511942e-07,1.8028227088962012e-07,0.7081249356269836,-0.00043520177132450044,-0.014171880669891834,-1.669206358201336e-05,0,0,0,0,0,0,1,0,1,0,6
0.29483333230018616,0.0008800413925200701,0.013742377050220966,-0.0001832566485973075,0.3125383257865906,-0.000629585178103298,0.13702881336212158,0.014029093086719513,0.00023286580108106136,-9.924951882567257e-07,3.129049582639709e-05,1.9085771327809198e-06,0.6939497590065002,-0.00043957383604720235,-0.014177490957081318,5.8780269682756625e-06,0,0,0,0,0,1,0,0,1,0,7
0.3086709678173065,0.0006342396955005825,0.01390891894698143,-0.00026568182511255145,0.3262609839439392,-0.000402056728489697,0.11793908476829529,0.01318079698830843,0.00021800672402605414,-2.3809025151422247e-06,6.290276360232383e-05,1.172635393231758e-06,0.6797698736190796,-0.0004209422622807324,-0.01418099645525217,2.9067958166706376e-05,0,0,0,0,0,0,1,0,1,0,7
0.32250943779945374,0.0005904858116991818,0.01397092454135418,-0.00021635601297020912,0.3390592932701111,-0.0001904797536553815,0.1149919331073761,0.012490350753068924,0.00020646967459470034,-2.884269633796066e-06,7.388213998638093e-05,7.289858820758166e-13,0.6655866503715515,-0.000379115401301533,-0.014183801598846912,5.2267248975113034e-05,0,0,0,0,0,0,1,0,1,0,6
0.33550921082496643,0.0016543602105230093,0.01361006312072277,0.00015642996004316956,0.3511820137500763,9.913527719618287e-06,0.10941587388515472,0.011816035024821758,0.00019532296573743224,-2.7287080683890963e-06,6.98973672115244e-05,0.0,0.6514004468917847,-0.0003235502808820456,-0.01418730802834034,5.654286724166013e-05,0,0,0,0,0,1,0,0,1,0,12
0.34852954745292664,0.0022211705800145864,0.012725241482257843,0.0006778085371479392,0.3649826645851135,0.0027574801351875067,0.15521076321601868,0.014225674793124199,0.003360981121659279,3.6201963666826487e-06,1.611016887181904e-05,1.7479993402957916e-05,0.6372125148773193,-0.0002658127050381154,-0.01418871060013771,5.871476241736673e-05,0,0,0,0,0,1,0,0,1,0,18
0.3609176278114319,0.003835872281342745,0.01214847806841135,0.0023421344812959433,0.37910178303718567,0.006092769093811512,0.11946232616901398,0.013959459029138088,0.0032939384691417217,2.3932013846206246e-06,1.7754782675183378e-05,1.8869353880290873e-05,0.6230254173278809,-0.00013016279262956232,-0.014181697741150856,0.0003133402788080275,0,0,0,0,0,1,0,0,1,0,12
0.3727577030658722,0.006389925722032785,0.011874997988343239,0.002564546884968877,0.3921743333339691,0.009134726598858833,0.130285382270813,0.012716471217572689,0.0029448512941598892,-2.2740059648640454e-05,5.1151320803910494e-05,2.398928700131364e-05,0.6088661551475525,0.00046174152521416545,-0.014134715311229229,0.0008195727714337409,0,0,0,0,0,1,0,0,1,0,16
0.3849062919616699,0.008981588296592236,0.012358496896922588,0.0026003452949225903,0.4045092463493347,0.011982547119259834,0.11858467012643814,0.012015972286462784,0.0027701067738234997,-3.8698875869158655e-05,7.107978308340535e-05,-5.831057858785016e-12,0.5947772264480591,0.0015578618040308356,-0.014046360738575459,0.0013152770698070526,0,0,0,0,0,1,0,0,1,0,18
0.3974859118461609,0.011573991738259792,0.012745927087962627,0.0025825637858361006,0.41617557406425476,0.014672059565782547,0.11102475225925446,0.011379636824131012,0.0026234097313135862,-3.6649998946813866e-05,6.73165122861974e-05,0.0,0.5807874202728271,0.0031041656620800495,-0.013939072377979755,0.0017348445253446698,0,0,0,0,0,1,0,0,1,0,12
0.41038069128990173,0.014185099862515926,0.01299942284822464,0.0026445782277733088,0.42720139026641846,0.017213892191648483,0.11248773336410522,0.010743958875536919,0.0024768642615526915,-3.4601562219904736e-05,6.355402001645416e-05,-1.1657982738888517e-11,0.5669213533401489,0.005068091209977865,-0.013801981694996357,0.0021507402416318655,0,0,0,0,0,1,0,0,1,0,5
0.4233332872390747,0.017030144110322,0.012941759079694748,0.002654050709679723,0.4376112222671509,0.01961372420191765,0.10797764360904694,0.01013909000903368,0.0023374208249151707,-3.265400664531626e-05,5.9976860939059407e-05,8.742136355099905e-12,0.5532327890396118,0.007501330226659775,-0.0135723277926445,0.002701245481148362,0,0,0,0,1,0,0,0,1,0,9
0.435280978679657,0.019895656034350395,0.011681132949888706,0.0020371221471577883,0.44743332266807556,0.021878059953451157,0.1113424226641655,0.009567737579345703,0.0022057045716792345,-3.081324030063115e-05,5.659583257511258e-05,0.0,0.5398292541503906,0.01053285039961338,-0.013256072998046875,0.0032996374648064375,0,0,0,0,1,0,0,0,1,0,5
0.4452933967113495,0.02166944183409214,0.008467365987598896,0.0011533356737345457,0.4933090806007385,0.02187284827232361,0.41683393716812134,0.060604121536016464,-0.0011406639823690057,5.307259925757535e-06,3.503697371343151e-05,0.0020281837787479162,0.5269137024879456,0.01407941710203886,-0.01217793021351099,0.0035055517219007015,0,0,0,0,1,0,0,0,1,0,6
0.4532661437988281,0.02289264090359211,0.0073944819159805775,0.0011787174735218287,0.5523615479469299,0.02038498967885971,0.6843717098236084,0.05780947580933571,-0.001763508771546185,5.307259925757535e-06,3.503697371343151e-05,0.0020281837787479162,0.5167433619499207,0.017083393409848213,-0.008195988833904266,0.0025162999518215656,0,0,0,0,0,1,0,0,1,0,14
0.46036356687545776,0.02370646968483925,0.006899062544107437,0.0005705647636204958,0.608709990978241,0.01830529049038887,0.7643640637397766,0.05517476797103882,-0.00232993857935071,5.307259925757535e-06,3.503697371343151e-05,0.0020281837787479162,0.5114912390708923,0.018802504986524582,-0.002764252945780754,0.0009549862006679177,0,0,0,0,0,0,0,0,1,0,16
0.46664959192276,0.02422633394598961,0.00613261666148901,0.0005071813357062638,0.6624982357025146,0.01568995788693428,0.6687885522842407,0.05267173796892166,-0.0028405990451574326,5.307259925757535e-06,3.503697371343151e-05,0.0020281837787479162,0.5120413303375244,0.019071459770202637,0.003047550329938531,-7.165390707086772e-05,0,0,0,0,0,0,0,0,1,0,3
0.4736592173576355,0.024629084393382072,0.007703725248575211,0.00024794391356408596,0.7138458490371704,0.012593699619174004,0.40875011682510376,0.05027955397963524,-0.003297594841569662,5.307259925757535e-06,3.503697371343151e-05,0.0020281837787479162,0.5151443481445312,0.01900581456720829,0.003395361127331853,-6.54938121442683e-05,0,0,1,0,0,0,0,0,1,0,9
0.4821739196777344,0.024570977315306664,0.009088742546737194,-0.00036976096453145146,0.761238694190979,0.009197358042001724,0.16244466602802277,0.03999025374650955,-0.003057680558413267,8.949530638346914e-06,5.3837491577723995e-05,0.0018569754902273417,0.5188000202178955,0.018943825736641884,0.003797867801040411,-5.74799814785365e-05,0,0,1,0,0,0,0,0,1,0,3
0.4915761351585388,0.023984285071492195,0.009473140351474285,-0.0006507847574539483,0.8005443215370178,0.00599291268736124,0.3173900842666626,0.03874112665653229,-0.0033193062990903854,8.949530638346914e-06,5.3837491577723995e-05,0.0018569754902273417,0.5235793590545654,0.01885874755680561,0.0054729413241147995,-9.117542504100129e-05,0,0,1,0,0,0,0,0,1,0,1
0.5015903115272522,0.02329045720398426,0.010444064624607563,-0.000751543091610074,0.8385851383209229,0.0025453385896980762,0.3009530305862427,0.03746381029486656,-0.0035477960482239723,8.949530638346914e-06,5.3837491577723995e-05,0.0018569754902273417,0.5301913022994995,0.018695436418056488,0.0071310242637991905,-0.00017755724547896534,1,0,0,0,0,0,0,0,1,0,4
0.5124999284744263,0.022501546889543533,0.011283461935818195,-0.0008286926313303411,0.8753347396850586,-0.0011139974230900407,0.12247339636087418,0.03616172447800636,-0.0037463258486241102,8.949530638346914e-06,5.3837491577723995e-05,0.0018569754902273417,0.5383060574531555,0.018398011103272438,0.0084456792101264,-0.00031956163002178073,0,0,0,1,0,0,0,0,1,0,0
0.5241928100585938,0.02164795808494091,0.0120109673589468,-0.000903251173440367,0.9077620506286621,-0.004564471542835236,0.18904057145118713,0.03170115128159523,-0.003462856635451317,1.533114664198365e-05,7.615570939378813e-05,0.0015689332503825426,0.5476056933403015,0.017945989966392517,0.009524828754365444,-0.0004896573955193162,0,0,0,1,0,0,0,0,1,0,16
0.536513090133667,0.020717930048704147,0.012570811435580254,-0.0009763170382939279,0.938962996006012,-0.00808162521570921,0.1187562644481659,0.030723920091986656,-0.003551214002072811,1.553195033920929e-05,7.675783854210749e-05,0.0015595592558383942,0.557709276676178,0.017357390373945236,0.01021212711930275,-0.0005867787403985858,0,0,0,1,0,0,0,0,1,0,10
0.5493115782737732,0.01973877102136612,0.012992732226848602,-0.0010072024306282401,0.9675383567810059,-0.011429921723902225,0.13004125654697418,0.028003938496112823,-0.003330314764752984,2.4298335119965486e-05,0.00010267585457768291,0.0011365204118192196,0.5685697793960571,0.01669021137058735,0.011009135283529758,-0.0006724164704792202,0,0,0,1,0,0,0,0,1,0,3
0.5624953508377075,0.01872439496219158,0.013330493122339249,-0.001040037488564849,0.9940425753593445,-0.014607640914618969,0.10873928666114807,0.025393767282366753,-0.0030545543413609266,3.9419006498064846e-05,0.00014251263928599656,0.00024615382426418364,0.5802298188209534,0.01593201607465744,0.011859814636409283,-0.0007700292626395822,0,0,1,0,0,0,0,0,1,0,13
