lt_dp_posx,lt_dp_posy,lt_dp_velx,lt_dp_vely,ball_posx,ball_posy,ball_posz,ball_vel_x,ball_vel_y,ball_rot_x,ball_rot_y,ball_rot_z,rt_gk_posx,rt_gk_posy,rt_gk_velx,rt_gk_vely,action_left,action_top_left,action_top,action_top_right,action_right,action_bottom_right,action_bottom,action_bottom_left,action_sprint,action_dribble,sel_action
-1.0110293626785278,-0.0,0.0,-0.0,0.019999999552965164,-0.0,0.11061639338731766,0.0,-0.0,0.0,-0.0,0.0,1.0110293626785278,0.0,-0.0,0.0,0,0,0,0,0,0,0,0,0,0,5
0.0,-0.0,0.0,-0.0,0.019999999552965164,-0.0,0.11059734225273132,0.0,-0.0,0.0,-0.0,0.0,1.0109632015228271,-5.900687924387249e-13,-0.0006619621999561787,-5.900687924387249e-12,0,0,0,0,1,0,0,0,0,0,5
0.0018565163481980562,1.982930208921374e-10,0.00376110733486712,2.4271309961854115e-10,0.019999999552965164,-0.0,0.10930104553699493,0.0,-0.0,0.0,-0.0,0.0,1.007768154144287,-2.3127210216355998e-11,-0.004207386635243893,-2.4562249803516956e-11,0,0,0,0,1,0,0,0,0,0,5
0.0049516549333930016,-1.6119865442476566e-09,0.005425760988146067,-3.2541960792720204e-10,0.019999999552965164,-0.0,0.11075475811958313,0.0,-0.0,0.0,-0.0,0.0,1.0026906728744507,-4.209868564863939e-11,-0.005775339435786009,-1.2325308308691607e-11,0,0,0,0,1,0,0,0,0,0,13
0.00991531927138567,-3.5129084086094053e-09,0.0069583710283041,-2.709615587459524e-10,0.02449597418308258,-3.8239178490329095e-10,0.1251547634601593,0.008843498304486275,-7.515932320956153e-10,-4.247460022588356e-12,-2.3723954654997215e-05,-2.208933123221124e-12,0.9961044192314148,2.808904775442045e-10,-0.007231095340102911,6.2500943309729e-10,0,0,0,0,1,0,0,0,1,0,18
0.017643572762608528,-3.663050529567613e-09,0.008333014324307442,-3.7157985022240325e-10,0.033018819987773895,-1.105804003920241e-09,0.11791953444480896,0.008264042437076569,-7.009315905470714e-10,-9.791900797140318e-12,-4.8884285206440836e-05,0.0,0.9881436228752136,7.642578236932707e-10,-0.008531177416443825,3.463640763090581e-10,0,0,0,0,1,0,0,0,1,0,13
0.026650449261069298,-4.290876542967226e-09,0.009529577568173409,-6.097000682103726e-10,0.04105566442012787,-1.787465064850835e-09,0.11472956836223602,0.007841192185878754,-6.650666684038242e-10,-9.290975107323352e-12,-4.638349491870031e-05,-1.3888228067915795e-18,0.9790472984313965,9.982017434850832e-10,-0.009335489943623543,9.4644547754541e-10,0,0,0,0,1,0,0,0,1,0,5
0.035950422286987305,-6.457784973434855e-09,0.009889696724712849,-8.734132306287279e-10,0.04865556210279465,-2.432065659974114e-09,0.11181113123893738,0.007400090340524912,-6.276535402527372e-10,-8.768044450213619e-12,-4.377285949885845e-05,0.0,0.9695028066635132,1.7535698448867265e-09,-0.009924523532390594,6.305607702650207e-10,0,0,0,0,1,0,0,0,1,0,5
0.04417573660612106,-1.0238760062009078e-08,0.009783424437046051,-4.6097484163176716e-10,0.05581934377551079,-3.0396760664075373e-09,0.11103815585374832,0.014518647454679012,2.9956692742416635e-05,3.7271021824381023e-07,-3.3984695619437844e-05,-4.094776784313581e-08,0.9590960144996643,2.171202329037669e-09,-0.010777922347187996,2.376578378537886e-10,0,0,0,0,1,0,0,0,1,0,18
0.05433974042534828,-1.0869604771812647e-08,0.010675586760044098,-2.377836261224786e-10,0.06991203874349594,2.938166835519951e-05,0.14426317811012268,0.013985581696033478,2.9194183298386633e-05,3.800739705184242e-07,-4.308273128117435e-05,-2.6630200267163673e-08,0.9481951594352722,3.3257006748499407e-07,-0.01080527063459158,8.222996825679729e-07,0,0,0,0,1,0,0,0,1,0,5
0.06506732851266861,4.6006225602468476e-06,0.01093398965895176,7.948670827317983e-06,0.0835971012711525,5.813992174807936e-05,0.12248319387435913,0.013226758688688278,2.8132442821515724e-05,3.9321201938946615e-07,-7.521737279603258e-05,-1.5961345578574537e-09,0.9369930624961853,1.8018299670075066e-06,-0.011505099013447762,1.988388703466626e-06,0,0,0,0,1,0,0,0,1,0,0
0.07642898708581924,1.7123371435445733e-05,0.011687506921589375,1.6470150512759574e-05,0.09652134776115417,8.563640585634857e-05,0.11547289043664932,0.012635178864002228,2.6881562007474713e-05,3.7551942000391136e-07,-7.473852747352794e-05,-4.556364373254837e-14,0.9251608848571777,4.377831373858498e-06,-0.012094132602214813,2.8662259410339175e-06,0,0,0,0,1,0,0,0,1,0,0
0.08847449719905853,3.647083212854341e-05,0.012330885976552963,2.0913677872158587e-05,0.10879004001617432,0.00011173826351296157,0.11361848562955856,0.011963832192122936,2.5453260604990646e-05,3.5558343824959593e-07,-7.077072950778529e-05,0.0,0.9127786755561829,7.54293523641536e-06,-0.012599019333720207,3.455857040535193e-06,0,0,0,0,1,0,0,0,1,0,0
0.10110297054052353,6.035247497493401e-05,0.012850936502218246,2.6755415092338808e-05,0.1203836128115654,0.00013640380348078907,0.11140820384025574,0.011294323019683361,2.402886275376659e-05,3.356818751854007e-07,-6.680979277007282e-05,-4.554575439670236e-14,0.899957001209259,1.1372034350642934e-05,-0.012988903559744358,4.127487045479938e-06,0,0,0,0,1,0,0,0,1,0,18
0.11410405486822128,9.077373397303745e-05,0.01324573066085577,3.257347998442128e-05,0.13132236897945404,0.00015967620129231364,0.10943164676427841,0.01065305806696415,2.2664567950414494e-05,3.166239537222282e-07,-6.301674147835001e-05,-4.5537910871610784e-14,0.8867981433868408,1.5755817003082484e-05,-0.013286225497722626,4.630293915397488e-06,0,0,0,0,1,0,0,0,1,0,16
0.1260513812303543,-0.00014975933299865574,0.01340507809072733,2.6941870601149276e-05,0.14163978397846222,0.0001816267176764086,0.11077038198709488,0.01004831213504076,2.137796036549844e-05,2.9864293082937365e-07,-5.94380144320894e-05,0.0,0.8733821511268616,2.07217235583812e-05,-0.01351272314786911,5.230278475210071e-06,0,0,0,0,1,0,0,0,1,0,5
0.13734640181064606,-0.000598303391598165,0.013405084609985352,1.347075703961309e-05,0.15316346287727356,0.0001702361914794892,0.13429826498031616,0.015403494238853455,-8.594227256253362e-05,-1.8736376716788072e-07,-5.0398164603393525e-05,-1.3729358272485115e-07,0.8597712516784668,2.5996612748713233e-05,-0.013683823868632317,4.830873876926489e-06,0,0,0,0,1,0,0,0,1,0,16
0.15073427557945251,-0.0005920407129451632,0.013344252482056618,2.0199449863866903e-06,0.16845157742500305,8.497729868395254e-05,0.14434003829956055,0.01520178746432066,-8.477850497001782e-05,-1.9503607973092585e-07,-5.070621409686282e-05,-1.4328821862363839e-07,0.8460135459899902,2.986578874697443e-05,-0.013812148943543434,3.108428245468531e-06,0,0,0,0,1,0,0,0,1,0,13
0.16423481702804565,-0.0005755483289249241,0.01361650601029396,3.370897684362717e-05,0.18323910236358643,3.278016720287269e-06,0.12649273872375488,0.01435503177344799,-7.858056051190943e-05,-1.0818763485076488e-06,-8.438833901891485e-05,-1.8450247551982102e-08,0.8321455717086792,3.2012321753427386e-05,-0.01390891894698143,8.922760912355443e-07,0,0,0,0,1,0,0,0,1,0,0
0.1779676228761673,-0.0005174103425815701,0.013818986713886261,7.743345486233011e-05,0.1972481906414032,-7.340583397308365e-05,0.11852792650461197,0.01367186103016138,-7.483791705453768e-05,-1.0454534731252352e-06,-8.087157766567543e-05,1.8231545288217854e-13,0.818195104598999,2.881076215999201e-05,-0.013981145806610584,-6.556466360052582e-06,0,0,0,0,1,0,0,0,1,0,0
0.19187301397323608,-0.00043212983291596174,0.013969575986266136,7.965971599332988e-05,0.21053370833396912,-0.00014612899394705892,0.11483457684516907,0.012955558486282825,-7.091694715199992e-05,-9.90711669146549e-07,-7.663702854188159e-05,-1.8227289794690849e-13,0.8041828274726868,1.8132679542759433e-05,-0.014035842381417751,-1.4057205589779187e-05,0,0,0,0,1,0,0,0,1,0,16
0.20590664446353912,-0.00036388973239809275,0.014081071130931377,5.918554961681366e-05,0.2230885624885559,-0.0002148525818483904,0.11187047511339188,0.012227197177708149,-6.693002069368958e-05,-9.349689662485616e-07,-7.232499774545431e-05,0.0,0.7901240587234497,2.0821994439756963e-06,-0.01407651323825121,-1.621696719666943e-05,0,0,0,0,1,0,0,0,1,0,16
0.21936140954494476,-0.00014858998474664986,0.014141200110316277,4.019106927444227e-05,0.23493540287017822,-0.0002797004417516291,0.11102662235498428,0.011537972837686539,-6.315732025541365e-05,-8.822950121611939e-07,-6.825035234214738e-05,0.0,0.7760308980941772,-1.4052689948584884e-05,-0.01410596538335085,-1.6066094758571126e-05,0,0,0,0,1,0,0,0,1,0,16
0.23101197183132172,0.0005015332135371864,0.014121427200734615,2.1891375581617467e-05,0.24658465385437012,-0.0003255411866120994,0.11938656866550446,0.015648573637008667,9.359917748952284e-05,-1.027919367402319e-07,-4.9205078539671376e-05,-4.4420850997539674e-08,0.7619118690490723,-2.9904809707659297e-05,-0.014128404669463634,-1.5273690223693848e-05,0,0,0,0,1,0,0,0,1,0,5
0.2447289377450943,0.0005131298676133156,0.013386151753365993,3.458370656517218e-06,0.26195016503334045,-0.0002343165542697534,0.15053033828735352,0.015270938165485859,9.062379103852436e-05,5.08504882645866e-08,-5.389390935306437e-05,9.310155490993566e-08,0.7477735877037048,-4.392846312839538e-05,-0.014145233668386936,-1.2999357750231866e-05,0,0,0,0,1,0,0,0,1,0,13
0.25817421078681946,0.0005045909201726317,0.013568121008574963,-2.4602957637398504e-05,0.27693670988082886,-0.00014608386845793575,0.1232866495847702,0.014527590945363045,8.411585440626368e-05,1.0917041208813316e-06,-8.372056618100032e-05,7.397205337156265e-08,0.7336211204528809,-5.567281550611369e-05,-0.0141578558832407,-1.0716447832237463e-05,0,0,0,0,1,0,0,0,1,0,5
0.2718657851219177,0.00045265626977197826,0.013783047907054424,-7.391626422759145e-05,0.29113712906837463,-6.388429756043479e-05,0.11391452699899673,0.013876320794224739,8.032359619392082e-05,1.1219442512810929e-06,-8.207061182474717e-05,1.8232793475968928e-13,0.719458281993866,-6.072430915082805e-05,-0.01416697259992361,3.8461615758933476e-07,0,0,0,0,1,0,0,0,1,0,7
0.2857404351234436,0.00036163412733003497,0.013942577876150608,-9.077922004507855e-05,0.3046199083328247,1.4161428225634154e-05,0.11456193029880524,0.01314800325781107,7.610766624566168e-05,1.0631824807205703e-06,-7.777219434501603e-05,7.291363693373576e-13,0.7052876949310303,-5.3690946515416726e-05,-0.014173283241689205,1.2474821232899558e-05,0,0,0,0,0,0,1,0,1,0,6
0.29975128173828125,0.0002825857372954488,0.014061436988413334,-6.946218491066247e-05,0.31737005710601807,8.796597103355452e-05,0.11011986434459686,0.012423880398273468,7.191607437562197e-05,1.0046858278656146e-06,-7.349314546445385e-05,3.64485622673244e-13,0.6911113262176514,-3.6351211747387424e-05,-0.014178192242980003,1.8609824110171758e-05,0,0,0,0,0,1,0,0,1,0,6
0.31333598494529724,0.001003551878966391,0.01385424192994833,6.535449938382953e-05,0.3294018507003784,0.0001576126815052703,0.10925480723381042,0.01171966828405857,6.783970457036048e-05,9.477289495407604e-07,-6.932672840775922e-05,9.110243890655609e-14,0.6769306063652039,-1.7647776985540986e-05,-0.014182399027049541,1.877982504083775e-05,0,0,0,0,0,1,0,0,1,0,12
0.3264433443546295,0.0022067984100431204,0.013318482786417007,0.0003150419215671718,0.3417530357837677,0.0012852929066866636,0.13454368710517883,0.014371798373758793,0.0035769869573414326,1.715986945782788e-05,-5.159773354534991e-05,2.4198902792704757e-06,0.6627467274665833,1.702459599073336e-06,-0.014184502884745598,2.3723543563392013e-05,0,0,0,0,0,1,0,0,1,0,12
0.3391593396663666,0.003188806353136897,0.012362704612314701,0.0017978785326704383,0.3560209572315216,0.00483553996309638,0.14408797025680542,0.014187278226017952,0.003530238289386034,1.73485568666365e-05,-5.1789727876894176e-05,2.5481670036242576e-06,0.6485608220100403,5.178008723305538e-05,-0.014186606742441654,7.16417926014401e-05,0,0,0,0,0,1,0,0,1,0,12
0.3512130379676819,0.005618635565042496,0.01172984391450882,0.002682590624317527,0.36983522772789,0.008251529186964035,0.12669360637664795,0.013428105972707272,0.0033007333986461163,4.611915210261941e-05,-7.943920354591683e-05,0.0,0.634373664855957,0.00014978108811192214,-0.014188009314239025,0.00011956845264649019,0,0,0,0,0,1,0,0,1,0,0
0.36305147409439087,0.00831645168364048,0.012057669460773468,0.0027293080929666758,0.38294339179992676,0.011473627761006355,0.11845837533473969,0.012794103473424911,0.0031448914669454098,4.393279232317582e-05,-7.567949796793982e-05,0.0,0.6201944351196289,0.00046474180999211967,-0.014161362312734127,0.0005899554234929383,0,0,0,0,0,1,0,0,1,0,12
0.37535473704338074,0.01105714961886406,0.012489627115428448,0.0027425908483564854,0.39537495374679565,0.014529396779835224,0.11489231884479523,0.012122459709644318,0.0029797949828207493,4.1627816244727e-05,-7.170893513830379e-05,0.0,0.606081485748291,0.0014118681428954005,-0.01406318973749876,0.00123868219088763,0,0,0,0,0,1,0,0,1,0,12
0.388032466173172,0.013802183791995049,0.012807986699044704,0.0027653989382088184,0.40712273120880127,0.01741708628833294,0.11187601089477539,0.011441036127507687,0.00281229498796165,3.928594378521666e-05,-6.76747877150774e-05,0.0,0.592101514339447,0.0029905789997428656,-0.0139152305200696,0.001811131020076573,0,0,0,0,0,1,0,0,1,0,6
0.40095794200897217,0.01661456748843193,0.013010642491281033,0.002850898774340749,0.4182078540325165,0.020141903311014175,0.11103078722953796,0.010796156711876392,0.002653780160471797,3.707279029185884e-05,-6.386232416843995e-05,0.0,0.578259289264679,0.005023965146392584,-0.01377778872847557,0.002214629901573062,0,0,0,0,0,1,0,0,1,0,5
0.41378453373908997,0.019701294600963593,0.012844853103160858,0.0028357680421322584,0.42866191267967224,0.022711586207151413,0.1090250238776207,0.010179976001381874,0.0025023180060088634,3.49574038409628e-05,-6.021834269631654e-05,-2.9140747974387704e-12,0.5645703673362732,0.007458477281033993,-0.013612298294901848,0.0026136920787394047,0,0,0,0,1,0,0,0,1,0,14
0.42542245984077454,0.022682275623083115,0.011609635315835476,0.002202204894274473,0.43852096796035767,0.025135016068816185,0.11075132340192795,0.009601675905287266,0.00236016814596951,3.297073635621928e-05,-5.6796034186845645e-05,5.827333841162963e-12,0.5511134266853333,0.010386782698333263,-0.013312522321939468,0.003201596438884735,0,0,0,0,0,0,0,0,1,0,17
0.43497470021247864,0.024444492533802986,0.008227193728089333,0.0012953029945492744,0.4913261830806732,0.02608167752623558,0.27697786688804626,0.06249028071761131,0.0003414271923247725,1.1876502867380623e-05,-1.1712116247508675e-05,0.0020413314923644066,0.538001537322998,0.013916688039898872,-0.012938415631651878,0.0037959888577461243,0,0,0,0,0,0,0,0,1,1,6
0.4428172707557678,0.025779196992516518,0.0073534599505364895,0.0012832395732402802,0.5521256923675537,0.0260350089520216,0.3650645315647125,0.0594564825296402,-0.0003569404943846166,1.1876502867380623e-05,-1.1712116247508675e-05,0.0020413314923644066,0.5256550908088684,0.017853133380413055,-0.011257213540375233,0.003784709610044956,0,0,0,0,0,1,0,0,1,1,18
0.449838250875473,0.026631928980350494,0.006878376007080078,0.0006682279636152089,0.610030472278595,0.025316741317510605,0.3265032470226288,0.056669000536203384,-0.0010065882233902812,1.1876502867380623e-05,-1.1712116247508675e-05,0.0020413314923644066,0.5167056322097778,0.021217936649918556,-0.0067549594677984715,0.0029378673061728477,0,0,0,0,0,1,0,0,1,0,7
0.4560452699661255,0.027233261615037918,0.006277070380747318,0.0005931945634074509,0.6652653217315674,0.023975485935807228,0.16847801208496094,0.05409049615263939,-0.0016079251654446125,1.1876502867380623e-05,-1.1712116247508675e-05,0.0020413314923644066,0.5130518078804016,0.023631110787391663,-0.0014929210301488638,0.0022210145834833384,0,0,0,0,0,0,1,0,1,0,11
0.4631921052932739,0.027737414464354515,0.007835556752979755,0.00037237218930386007,0.7136020064353943,0.022319084033370018,0.17724572122097015,0.04558685049414635,-0.001749067334458232,8.774707566772122e-06,-3.459500294411555e-05,0.0018653401639312506,0.5142649412155151,0.026176052168011665,0.0034872223623096943,0.002214954234659672,0,0,0,0,0,0,1,0,1,0,12
0.4717845916748047,0.02784678526222706,0.009170349687337875,-0.00015568504750262946,0.7582488656044006,0.020360322669148445,0.1395573765039444,0.0438847541809082,-0.002125697210431099,8.774707566772122e-06,-3.459500294411555e-05,0.0018653401639312506,0.5194092988967896,0.027543528005480766,0.006101411767303944,0.0007883498328737915,0,0,0,0,0,0,1,0,1,0,6
0.48115232586860657,0.02754581905901432,0.00958140566945076,-0.00032954246853478253,0.7981805205345154,0.018287919461727142,0.13206617534160614,0.037851206958293915,-0.002075421856716275,2.9128766527719563e-06,-6.480051524704322e-05,0.001574105815961957,0.5263311862945557,0.028025442734360695,0.007564180064946413,0.0003676950582303107,0,0,0,0,0,1,0,0,1,0,5
0.49135369062423706,0.027195656672120094,0.010587953962385654,-0.0003863310848828405,0.833215057849884,0.0162804052233696,0.10939949005842209,0.03264114633202553,-0.001918740919791162,-6.3635598053224385e-06,-0.00010582964750938118,0.0010982695966959,0.5346135497093201,0.028212925419211388,0.008837966248393059,2.4469274649163708e-05,0,0,0,0,1,0,0,0,1,0,18
0.5024681687355042,0.026792464777827263,0.011477738618850708,-0.0004262025759089738,0.8635449409484863,0.014477763324975967,0.11008322983980179,0.028742600232362747,-0.001718928455375135,-1.9607901776907966e-05,-0.0001561808167025447,0.0003103757044300437,0.5438557267189026,0.02803710661828518,0.009325672872364521,-0.0002741813659667969,0,0,0,0,1,0,0,0,1,0,3
0.5143877863883972,0.026356326416134834,0.012186476029455662,-0.00046778228715993464,0.8908172845840454,0.012846932746469975,0.11018417030572891,0.026165027171373367,-0.0015644746599718928,-2.18536370084621e-05,-0.00015476102998945862,0.0,0.5535333752632141,0.02772836945950985,0.01009317021816969,-0.0003427124465815723,0,0,1,0,0,0,0,0,1,0,17
0.526912271976471,0.025876903906464577,0.012729206122457981,-0.0005106127937324345,0.9157652258872986,0.01135522872209549,0.11023121327161789,0.02400125563144684,-0.0014350973069667816,-2.004675661737565e-05,-0.00014196522533893585,1.1724006314384194e-11,0.5640878081321716,0.02734101191163063,0.010909052565693855,-0.00042333558667451143,0,0,1,0,0,0,0,0,1,1,15
0.5399174690246582,0.02537686936557293,0.013163920491933823,-0.0005216605495661497,0.9387145042419434,0.009983028285205364,0.1102663204073906,0.02212756872177124,-0.001323065022006631,-1.848202373366803e-05,-0.00013088423293083906,5.855785474573327e-12,0.5749727487564087,0.026901518926024437,0.010934647172689438,-0.0004532234452199191,0,0,1,0,0,0,0,0,0,1,13
0.5532576441764832,0.024850964546203613,0.013461015187203884,-0.0005473780329339206,0.959922194480896,0.008714962750673294,0.11029211431741714,0.02048650197684765,-0.0012249414576217532,-1.7111487977672368e-05,-0.0001211784765473567,8.776144741484693e-12,0.5864191055297852,0.026414351537823677,0.011704080738127232,-0.0005105118034407496,0,0,1,0,0,0,0,0,1,1,2
0.5665212273597717,0.02431928552687168,0.01232197880744934,-0.0004980708472430706,0.9795962572097778,0.00753860455006361,0.11031139642000198,0.019034817814826965,-0.0011381414951756597,-1.5899078789516352e-05,-0.0001125925628002733,5.8466473849827505e-12,0.5985403060913086,0.02588159404695034,0.012293512932956219,-0.0005467229057103395,0,1,0,0,0,0,0,0,1,1,13
0.5764856934547424,0.02392543852329254,0.007601688615977764,-0.0003044845652766526,0.9979068040847778,0.006443761754781008,0.11032600700855255,0.017739349976181984,-0.0010606823489069939,-1.4817107512499206e-05,-0.00010493031004443765,-5.843234316543766e-12,0.61082524061203,0.025328312069177628,0.012505486607551575,-0.0005749018164351583,0,1,0,0,0,0,0,0,1,1,6
0.5829646587371826,0.023654351010918617,0.00561673566699028,-0.0002211008977610618,1.0149955749511719,0.005421978421509266,0.11033719778060913,0.016574228182435036,-0.0009910166263580322,-1.3843986380379647e-05,-9.80389813776128e-05,-2.9201855777233332e-12,0.6237480640411377,0.024721650406718254,0.013072350062429905,-0.0006207439000718296,0,0,0,0,0,1,0,0,1,1,5
