lt_dp_posx,lt_dp_posy,lt_dp_velx,lt_dp_vely,ball_posx,ball_posy,ball_posz,ball_vel_x,ball_vel_y,ball_rot_x,ball_rot_y,ball_rot_z,rt_gk_posx,rt_gk_posy,rt_gk_velx,rt_gk_vely,action_left,action_top_left,action_top,action_top_right,action_right,action_bottom_right,action_bottom,action_bottom_left,action_sprint,action_dribble,sel_action
-1.0110293626785278,-0.0,0.0,-0.0,0.019999999552965164,-0.0,0.11061639338731766,-0.0,0.0,0.0,-0.0,0.0,1.0110293626785278,0.0,-0.0,0.0,0,0,0,0,0,0,0,0,0,0,5
0.0,-0.0,0.0,-0.0,0.019999999552965164,-0.0,0.11059734225273132,-0.0,0.0,0.0,-0.0,0.0,1.0089819431304932,-1.4662690506206388e-10,-0.003723537316545844,-2.399299370292596e-10,0,0,0,0,1,0,0,0,0,0,5
0.002606003312394023,1.3665313325361694e-10,0.004109717905521393,2.5224038135984728e-11,0.019999999552965164,-0.0,0.10930104553699493,-0.0,0.0,0.0,-0.0,0.0,1.0043776035308838,-3.568936812747836e-10,-0.005314630456268787,-1.64072269659421e-10,0,0,0,0,1,0,0,0,0,0,5
0.005889748688787222,-1.6158692162093757e-09,0.005736221559345722,-3.9490347103487977e-10,0.019999999552965164,-0.0,0.11075475811958313,-0.0,0.0,0.0,-0.0,0.0,0.9982317090034485,-2.933129850113403e-10,-0.006807551719248295,6.671441177275028e-10,0,0,0,0,1,0,0,0,0,0,13
0.011982083320617676,-2.3429196360780224e-09,0.0072406274266541,-2.111960745176944e-10,0.026900917291641235,-4.6274134524182386e-10,0.1217871755361557,0.008351038210093975,-5.605533814900809e-10,2.108325233146635e-12,1.1187295058334712e-05,-2.89301178499346e-12,0.9906662106513977,2.77985995333907e-10,-0.008160226047039032,4.5558157246716746e-10,0,0,0,0,1,0,0,0,1,0,0
0.019974837079644203,-2.4627933026266646e-09,0.008582981303334236,-1.7202612945244056e-10,0.03485063090920448,-9.970021475069757e-10,0.11043358594179153,0.007717124652117491,-5.187968943332066e-10,7.247685524652825e-12,4.5650209358427674e-05,6.9439496318111525e-19,0.9818469882011414,5.549870563115178e-10,-0.009317257441580296,1.1538840022362606e-10,0,0,0,0,1,0,0,0,1,0,5
0.029211096465587616,-2.6306974376666403e-09,0.00974207278341055,-1.4700585193594407e-10,0.042326509952545166,-1.4995814590079704e-09,0.11174360662698746,0.0072822971269488335,-4.895649441394312e-10,6.839157712379418e-12,4.307704875827767e-05,-6.943396454776508e-19,0.9724517464637756,7.35991989575524e-10,-0.009637720882892609,1.8366425047489088e-10,0,0,0,0,1,0,0,0,1,0,5
0.03713470324873924,-4.082219007273125e-09,0.009281536564230919,-1.671843774531112e-10,0.04937131702899933,-1.973180507874872e-09,0.11065375059843063,0.006851977203041315,-4.6063611258695403e-10,6.434930713283826e-12,4.053097291034646e-05,-6.942879466893662e-19,0.9623057246208191,8.622138003566704e-10,-0.010538101196289062,7.216428149492415e-11,0,0,0,0,1,0,0,0,1,0,18
0.04605286568403244,-4.930922781198888e-09,0.010248887352645397,-1.0085627472067316e-10,0.059750452637672424,1.4215445844456553e-05,0.14030303061008453,0.013893932104110718,2.8020915124216117e-05,2.857948970813595e-07,7.81207563704811e-06,3.571965976334468e-07,0.9514368772506714,5.4611565047935073e-08,-0.010879600420594215,2.1325953980522172e-07,0,0,0,0,1,0,0,0,1,0,5
0.05664462968707085,1.2097353874196415e-06,0.010675542056560516,4.049217750434764e-06,0.07355422526597977,4.204603465041146e-05,0.12650543451309204,0.013696862384676933,2.7574442356126383e-05,2.785988613140944e-07,8.597886335337535e-06,3.652596376468864e-07,0.9404253959655762,5.589000124928134e-07,-0.011310156434774399,7.402890673802176e-07,0,0,0,0,1,0,0,0,1,0,5
0.06762214750051498,9.056175258592702e-06,0.011330842971801758,1.095693096431205e-05,0.08638953417539597,6.691413727821782e-05,0.1263657957315445,0.012359187006950378,2.3458509531337768e-05,-9.481671270350489e-08,4.8724446969572455e-05,3.8030304949643323e-07,0.9287715554237366,1.5848459042899776e-06,-0.011916019953787327,1.246887677552877e-06,0,0,0,0,1,0,0,0,1,0,0
0.07933786511421204,2.432025212328881e-05,0.012014280073344707,1.794157833501231e-05,0.09834809601306915,8.939964027376845e-05,0.11752373725175858,0.011651546694338322,2.1827383534400724e-05,-3.0493254143948434e-07,6.892407691339031e-05,0.0,0.9165447354316711,3.1248309824150056e-06,-0.012460877187550068,1.9106560102954973e-06,0,0,0,0,1,0,0,0,1,0,18
0.09169181436300278,4.3957261368632317e-05,0.01260839868336916,2.1609357645502314e-05,0.10965929925441742,0.00011058945528930053,0.11176758259534836,0.011024761013686657,2.06531876756344e-05,-2.885136609620531e-07,6.521293107653037e-05,4.554240014623123e-14,0.9038431644439697,5.6213821153505705e-06,-0.01288231648504734,2.974328026539297e-06,0,0,0,0,1,0,0,0,1,0,0
0.10456013679504395,6.890178337926045e-05,0.013062182813882828,2.7771237000706606e-05,0.12034520506858826,0.00013060781930107623,0.11096901446580887,0.01041081640869379,1.950305340869818e-05,-2.724541161569505e-07,6.158300675451756e-05,0.0,0.8907760381698608,9.023541679198388e-06,-0.013204882852733135,3.631064828368835e-06,0,0,0,0,1,0,0,0,1,0,16
0.11776566505432129,-0.0011668261140584946,0.013238980434834957,2.146351835108362e-05,0.13042888045310974,0.00014949800970498472,0.10908360779285431,0.009821095503866673,1.839830474636983e-05,-2.5702399852889357e-07,5.809531648992561e-05,-2.2764210357234874e-14,0.8774299025535583,1.297513608733425e-05,-0.013451716862618923,4.21228514824179e-06,0,0,0,0,1,0,0,0,1,0,16
0.1310046911239624,-0.002250482328236103,0.013239067979156971,9.537812729831785e-06,0.1430773138999939,2.8006292268401012e-05,0.14723025262355804,0.015537700615823269,-0.0002591396332718432,-6.14872135429323e-08,1.03487554952153e-05,-7.976235565365641e-07,0.8638719320297241,1.7238442524103448e-05,-0.013637542724609375,2.97360384138301e-06,0,0,0,0,1,0,0,0,1,0,5
0.14426371455192566,-0.002244745148345828,0.01333785429596901,1.3218542335380334e-05,0.15850768983364105,-0.0002293275174451992,0.14566990733146667,0.015342693775892258,-0.0002558699925430119,-6.14872135429323e-08,1.03487554952153e-05,-7.976235565365641e-07,0.8501538634300232,1.2733780749840662e-05,-0.01377778872847557,-1.0853723324544262e-05,0,0,0,0,1,0,0,0,1,0,16
0.15775816142559052,-0.0021706100087612867,0.013610019348561764,0.0001372831902699545,0.1732035130262375,-0.0004734619287773967,0.1291017085313797,0.014004062861204147,-0.0002315764722879976,1.4559375358658144e-06,4.380958489491604e-05,-1.9186613826605026e-06,0.8363156914710999,-5.354216227715369e-06,-0.013882973231375217,-2.4022690922720358e-05,0,0,0,0,1,0,0,0,1,0,0
0.17148293554782867,-0.0019523572409525514,0.013809168711304665,0.00028249286697246134,0.18678519129753113,-0.0006976292352192104,0.11690501868724823,0.013140304014086723,-0.00021646525419782847,3.0236953989515314e-06,7.772201934130862e-05,-3.6456718178166925e-13,0.8223870992660522,-3.624522651080042e-05,-0.013962212949991226,-3.6354500480229035e-05,0,0,0,0,1,0,0,0,1,0,5
0.185379296541214,-0.0016744290478527546,0.013962037861347198,0.0002518830879125744,0.19956570863723755,-0.0009081672178581357,0.11497912555932999,0.012468775734305382,-0.00020540285913739353,2.8694371394522022e-06,7.375631685135886e-05,0.0,0.8083912134170532,-7.928654667921364e-05,-0.014020415022969246,-4.851967969443649e-05,0,0,0,0,1,0,0,0,1,0,0
0.19940713047981262,-0.0014581973664462566,0.014076338149607182,0.00018810488109011203,0.21165631711483002,-0.001107340445742011,0.10733610391616821,0.011780964210629463,-0.00019407234503887594,2.7112587304145563e-06,6.969047535676509e-05,0.0,0.7943452000617981,-0.00013323086022865027,-0.014064592309296131,-5.55852529942058e-05,0,0,0,0,1,0,0,0,1,0,5
0.21349824965000153,-0.0013057815376669168,0.014121859334409237,0.00012588340905494988,0.22307099401950836,-0.0012953787809237838,0.11101726442575455,0.011119242757558823,-0.0001831716508604586,2.5588315111235715e-06,6.577243766514584e-05,-3.6434852530853323e-13,0.7802618145942688,-0.00018845967133529484,-0.014096848666667938,-5.493087519425899e-05,0,0,0,0,1,0,0,0,1,0,18
0.22756001353263855,-0.001217469573020935,0.013973782770335674,6.227919220691547e-05,0.23548932373523712,-0.0014140569837763906,0.13666029274463654,0.01591677777469158,2.1455480236909352e-05,8.98811151728296e-07,1.228343626280548e-05,-9.63107140705688e-07,0.7661502957344055,-0.00024301365192513913,-0.014122093096375465,-5.424084883998148e-05,0,0,0,0,1,0,0,0,1,0,18
0.24113716185092926,-0.0010371662210673094,0.013312673196196556,5.693384082405828e-06,0.2512940466403961,-0.0013927686959505081,0.15771378576755524,0.015713201835751534,2.1173716959310696e-05,8.98811151728296e-07,1.228343626280548e-05,-9.63107140705688e-07,0.7520177960395813,-0.0002974157687276602,-0.014140325598418713,-5.453317135106772e-05,0,0,0,0,1,0,0,0,1,0,16
0.2544496953487396,0.0007003791979514062,0.013312687166035175,3.321034000691725e-06,0.26664045453071594,-0.0013729386264458299,0.12169548869132996,0.014493786729872227,1.5924812032608315e-05,4.635190578028414e-07,4.097518103662878e-05,-1.2748016331443068e-07,0.7378697395324707,-0.0003521028847899288,-0.014153649099171162,-5.481078551383689e-05,0,0,0,0,1,0,0,0,1,0,5
0.26776236295700073,0.0010161374229937792,0.013312697410583496,9.482557175033435e-07,0.28232938051223755,-0.0011330923298373818,0.17423677444458008,0.0157524012029171,0.0002633905678521842,4.049073538681114e-07,-7.755898536743189e-07,1.801922167032899e-07,0.723710298538208,-0.0004023077490273863,-0.014163466170430183,-4.1497329220874235e-05,0,0,0,0,1,0,0,0,1,0,18
0.28115904331207275,0.001001299824565649,0.013516930863261223,-4.796623034053482e-05,0.2979711890220642,-0.000871545635163784,0.13477078080177307,0.015551959164440632,0.0002600571315269917,4.049073538681114e-07,-7.755898536743189e-07,1.801922167032899e-07,0.7095420956611633,-0.0004314915568102151,-0.014171880669891834,-1.91050348803401e-05,0,0,0,0,1,0,0,0,1,0,7
0.29480573534965515,0.0008800321957096457,0.013742377050220966,-0.00018325755081605166,0.3125106990337372,-0.0006295964121818542,0.13702881336212158,0.014029094949364662,0.00023286549549084157,-9.92471768768155e-07,3.129056131001562e-05,1.908532112793182e-06,0.6953675150871277,-0.00043825263855978847,-0.014176789671182632,3.4227218748128507e-06,0,0,0,0,0,0,1,0,1,0,6
0.3086433708667755,0.0006342297419905663,0.01390891894698143,-0.00026568316388875246,0.3262333571910858,-0.00040206831181421876,0.11793908476829529,0.013180803507566452,0.00021800637478008866,-2.380890919084777e-06,6.290282180998474e-05,1.1726241382348235e-06,0.6811879873275757,-0.0004221871495246887,-0.014181697741150856,2.6410792997921817e-05,0,0,0,0,0,1,0,0,1,0,6
0.32248184084892273,0.0005904754507355392,0.013970919884741306,-0.00021635637676808983,0.3390316665172577,-0.00019049167167395353,0.1149919331073761,0.012490356341004372,0.00020646938355639577,-2.8842657684435835e-06,7.388216181425378e-05,7.289858820758166e-13,0.6670050024986267,-0.0003831278008874506,-0.014184502884745598,4.940866710967384e-05,0,0,0,0,0,1,0,0,1,0,6
0.3354816436767578,0.0016543518286198378,0.013610409572720528,0.00015642719517927617,0.3511544167995453,9.90133594314102e-06,0.10941586643457413,0.01181604154407978,0.00019532274745870382,-2.72870488515764e-06,6.989739631535485e-05,0.0,0.6528191566467285,-0.0003281511308159679,-0.014186606742441654,5.66698654438369e-05,0,0,0,0,0,1,0,0,1,0,12
0.348501980304718,0.0022211619652807713,0.012725591659545898,0.0006778067909181118,0.3649550676345825,0.0027574673295021057,0.15521076321601868,0.014225677587091923,0.003360981121659279,3.6201963666826487e-06,1.6110185242723674e-05,1.747999522194732e-05,0.6386313438415527,-0.00026965257711708546,-0.01418871060013771,5.9994552429998294e-05,0,0,0,0,0,1,0,0,1,0,12
0.3608900308609009,0.0038358625024557114,0.01214847806841135,0.0023421344812959433,0.37907418608665466,0.006092757452279329,0.11946232616901398,0.013959459029138088,0.0032939387019723654,2.3932013846206246e-06,1.7754795408109203e-05,1.8869355699280277e-05,0.6244433522224426,-0.00015620686463080347,-0.014183801598846912,0.0002698014723137021,0,0,0,0,0,1,0,0,1,0,12
0.372730016708374,0.006389913614839315,0.011874647811055183,0.002564546884968877,0.3921467363834381,0.009134714491665363,0.1302853524684906,0.012716463766992092,0.002944850828498602,-2.2740074200555682e-05,5.115132807986811e-05,2.398925607849378e-05,0.6102802753448486,0.0003990390105172992,-0.014138923026621342,0.0007885475060902536,0,0,0,0,0,1,0,0,1,0,0
0.38487833738327026,0.00898157712072134,0.012358496896922588,0.0026003452949225903,0.4044816493988037,0.011982535943388939,0.11858467012643814,0.01201596949249506,0.002770106540992856,-3.8698875869158655e-05,7.107977580744773e-05,-5.831057858785016e-12,0.5961867570877075,0.0014718181919306517,-0.014049866236746311,0.001304839039221406,0,0,0,0,0,1,0,0,1,0,12
0.39745771884918213,0.0115739731118083,0.012745576910674572,0.0025825495831668377,0.41614797711372375,0.014672048389911652,0.11102475225925446,0.011379636824131012,0.0026234097313135862,-3.6649998946813866e-05,6.73165122861974e-05,0.0,0.5821933150291443,0.0030080396682024,-0.013942928984761238,0.0017250517848879099,0,0,0,0,0,1,0,0,1,0,5
0.410352498292923,0.014185051433742046,0.01299942284822464,0.002644564025104046,0.42717379331588745,0.01721387915313244,0.11248773336410522,0.010743958875536919,0.0024768642615526915,-3.4601562219904736e-05,6.355402001645416e-05,-1.1657982738888517e-11,0.5683233737945557,0.004962533712387085,-0.013806188479065895,0.0021416035015136003,0,0,0,0,1,0,0,0,1,0,14
0.42330509424209595,0.01703006401658058,0.012941757217049599,0.0026540150865912437,0.43758365511894226,0.019613713026046753,0.10797764360904694,0.01013909000903368,0.0023374208249151707,-3.265400664531626e-05,5.9976860939059407e-05,8.742136355099905e-12,0.554625391960144,0.007374610286206007,-0.013583548367023468,0.0026774462312459946,0,0,0,0,0,0,0,0,1,0,14
0.4352527856826782,0.019895540550351143,0.011681130155920982,0.0020371011923998594,0.44740572571754456,0.02187804877758026,0.1113424226641655,0.009567737579345703,0.0022057045716792345,-3.081324030063115e-05,5.659583257511258e-05,0.0,0.5412114262580872,0.010386977344751358,-0.013265539892017841,0.0032842373475432396,0,0,0,0,0,0,0,0,1,0,18
0.4452652037143707,0.021669302135705948,0.008467365987598896,0.0011533071519806981,0.49495044350624084,0.022838450968265533,0.3405647277832031,0.06291328370571136,0.0003456615377217531,-1.200188671646174e-05,3.576702511054464e-05,0.0008657211437821388,0.5282208323478699,0.013965290039777756,-0.01241354364901781,0.0036587840877473354,0,0,0,0,0,0,0,0,1,0,6
0.45323801040649414,0.022892486304044724,0.0073944819159805775,0.0011787174735218287,0.5561886429786682,0.02301892079412937,0.5002623796463013,0.05990057438611984,4.7001041821204126e-05,-1.200188671646174e-05,3.576702511054464e-05,0.0008657211437821388,0.5177472829818726,0.017243297770619392,-0.008548357523977757,0.0029158934485167265,0,0,0,0,0,1,0,0,1,0,5
0.4603354036808014,0.023706302046775818,0.0068994127213954926,0.000570550502743572,0.6145263314247131,0.02290719375014305,0.4736521542072296,0.0570857971906662,-0.00023971899645403028,-1.200188671646174e-05,3.576702511054464e-05,0.0008657211437821388,0.5122300386428833,0.0197001900523901,-0.002865580841898918,0.0021569039672613144,0,0,0,0,1,0,0,0,1,0,0
0.466621458530426,0.024226151406764984,0.006132967304438353,0.0005071813357062638,0.6701413989067078,0.02251579612493515,0.2727557420730591,0.05443364381790161,-0.0005135108949616551,-1.200188671646174e-05,3.576702511054464e-05,0.0008657211437821388,0.5119171142578125,0.022403862327337265,0.0020612687803804874,0.0026397728361189365,0,0,0,0,1,0,0,0,1,0,17
0.47362273931503296,0.024696072563529015,0.007689700461924076,0.000395843293517828,0.7197961211204529,0.02197161316871643,0.18614862859249115,0.0438341423869133,-0.00047974128392525017,-1.0051084245787933e-05,5.904319914407097e-05,0.0007802488980814815,0.5162500739097595,0.024256637319922447,0.005628431681543589,0.0011876439675688744,0,0,0,0,1,0,0,0,1,1,17
0.4820798337459564,0.024924591183662415,0.009050790220499039,5.515568409464322e-05,0.7628182172775269,0.02140764892101288,0.23942822217941284,0.04235246032476425,-0.0006321420660242438,-1.0051084245787933e-05,5.904319914407097e-05,0.0007802488980814815,0.5228007435798645,0.0249332282692194,0.007219525054097176,0.00048596321721561253,0,0,0,0,1,0,0,0,1,1,18
0.49140411615371704,0.024846384301781654,0.009445933625102043,-0.00010834356362465769,0.8043113946914673,0.02069496363401413,0.10661833733320236,0.040549181401729584,-0.0007700606365688145,-9.867560947895981e-06,6.0584512539207935e-05,0.0007729456410743296,0.5307650566101074,0.02529711276292801,0.00854555331170559,0.0002420119708403945,0,0,0,0,1,0,0,0,1,0,0
0.5014259219169617,0.02472342737019062,0.010464822873473167,-0.00013660585682373494,0.8410195708274841,0.020015357062220573,0.14375446736812592,0.03615884110331535,-0.0007181804976426065,-7.2259931584994774e-06,8.237618021667004e-05,0.0006674631731584668,0.539870023727417,0.025361066684126854,0.009334087371826172,-9.1774039901793e-05,0,0,0,0,1,0,0,0,1,0,2
0.5123693346977234,0.024569159373641014,0.011322778649628162,-0.00016549557039979845,0.8749884963035583,0.019325582310557365,0.12094752490520477,0.032058101147413254,-0.0006529476377181709,-2.1519585970963817e-06,0.00011702793563017622,0.0004628628375940025,0.5493537187576294,0.02525288239121437,0.009828104637563229,-0.00012223230442032218,0,1,0,0,0,0,0,0,1,0,7
0.5241534113883972,0.02440202422440052,0.012097593396902084,-0.00017576705431565642,0.9050020575523376,0.018719762563705444,0.10933259129524231,0.028585121035575867,-0.0005727144307456911,8.000930392881855e-06,0.00016909369151107967,-5.8794137093587384e-12,0.5596714615821838,0.02510789781808853,0.010694826021790504,-0.00016398407751694322,0,0,0,0,0,0,1,0,1,0,14
0.5365951061248779,0.024222495034337044,0.012656675651669502,-0.00019390291708987206,0.9321755766868591,0.018175330013036728,0.10857535898685455,0.026078246533870697,-0.0005224882042966783,7.2990696935448796e-06,0.00015426047320943326,-5.869507137268304e-12,0.5706061124801636,0.024929437786340714,0.010873400606215,-0.00018259912030771375,0,0,0,0,0,0,0,0,1,0,10
0.5495054125785828,0.02402985468506813,0.013096271082758904,-0.00020017792121507227,0.9570472836494446,0.01767701655626297,0.10881955921649933,0.023932183161377907,-0.00047949084546417,6.698415745631792e-06,0.0001415661390637979,2.9308847016018547e-12,0.5819317698478699,0.024736201390624046,0.01153873372823,-0.00020199766731821,0,0,0,0,0,0,0,0,1,0,6
0.5627904534339905,0.023829031735658646,0.013427337631583214,-0.00020920031238347292,0.9799355864524841,0.017218446359038353,0.10905193537473679,0.022072024643421173,-0.00044222184806130826,6.1777727751177736e-06,0.00013056267926003784,-1.4639031089766497e-12,0.5939128994941711,0.02452457882463932,0.012211620807647705,-0.00021849923359695822,0,0,0,0,0,1,0,0,1,0,16
0.5763575434684753,0.023621365427970886,0.013673823326826096,-0.00021227635443210602,1.0010937452316284,0.016794532537460327,0.10921777039766312,0.02044139988720417,-0.0004095518961548805,5.721377419831697e-06,0.00012091706594219431,4.387974792546823e-12,0.6064804196357727,0.024300474673509598,0.012695582583546638,-0.00023057582438923419,0,0,0,0,0,1,0,0,1,0,18
