lt_dp_posx,lt_dp_posy,lt_dp_velx,lt_dp_vely,ball_posx,ball_posy,ball_posz,ball_vel_x,ball_vel_y,ball_rot_x,ball_rot_y,ball_rot_z,rt_gk_posx,rt_gk_posy,rt_gk_velx,rt_gk_vely,action_left,action_top_left,action_top,action_top_right,action_right,action_bottom_right,action_bottom,action_bottom_left,action_sprint,action_dribble,sel_action
-1.0110293626785278,-0.0,0.0,-0.0,0.019999999552965164,-0.0,0.11061639338731766,0.0,-0.0,0.0,-0.0,0.0,1.0110293626785278,0.0,-0.0,0.0,0,0,0,0,0,0,0,0,0,0,5
0.0,-0.0,0.0,-0.0,0.019999999552965164,-0.0,0.11059734225273132,0.0,-0.0,0.0,-0.0,0.0,1.0106345415115356,-3.396718453382852e-12,-0.001967654563486576,-1.6605321284668406e-11,0,0,0,0,1,0,0,0,0,0,5
0.0,-0.0,0.0,-0.0,0.019999999552965164,-0.0,0.10930104553699493,0.0,-0.0,0.0,-0.0,0.0,1.0068784952163696,-2.785685224160339e-11,-0.004527849145233631,-2.3320049016839484e-11,0,0,0,0,1,0,0,0,0,0,5
0.0011742409551516175,1.3643361440607293e-10,0.0034112136345356703,2.3963026007933763e-10,0.019999999552965164,-0.0,0.11075475811958313,0.0,-0.0,0.0,-0.0,0.0,1.0014904737472534,-4.401146808108436e-11,-0.006076167803257704,-8.480536585475651e-12,0,0,0,0,1,0,0,0,0,0,5
0.004355194512754679,-9.771559117410789e-10,0.005103938281536102,-2.3148706562725607e-10,0.019999999552965164,-0.0,0.11053141206502914,0.0,-0.0,0.0,-0.0,0.0,0.9946169853210449,4.0403178025449904e-10,-0.007505276706069708,5.941091507644103e-10,0,0,0,0,1,0,0,0,0,0,13
0.008538313210010529,-3.439343698730113e-09,0.006663426756858826,-3.542344473306258e-10,0.02272110804915428,-2.401155385634013e-10,0.12206600606441498,0.008977130055427551,-7.917650979294422e-10,-3.3805985354823376e-12,-1.925346441566944e-05,-1.8745146494053566e-12,0.986401379108429,8.473258761299007e-10,-0.008770297281444073,3.007134263821598e-10,0,0,0,0,1,0,0,0,1,0,16
0.015989981591701508,-3.657014246982726e-09,0.008070995099842548,-7.288332437571654e-11,0.03136187046766281,-1.0010482442979196e-09,0.11363866925239563,0.00835032295435667,-7.344803099051944e-10,-1.0293307872721869e-11,-4.953729148837738e-05,6.944848673739421e-19,0.9771802425384521,1.0294596286541946e-09,-0.009335489943623543,2.2357107831716405e-10,0,0,0,0,1,0,0,0,1,0,18
0.02475566230714321,-3.816629234876245e-09,0.009305577725172043,-1.575874986059489e-10,0.03948330506682396,-1.7153971576533422e-09,0.11435475945472717,0.00792497955262661,-6.970690691332493e-10,-9.737841609458453e-12,-4.6878129069227725e-05,0.0,0.9674903154373169,1.1970592295185156e-09,-0.010107545182108879,1.1969245039544774e-10,0,0,0,0,1,0,0,0,1,0,0
0.034221503883600235,-4.304198775173518e-09,0.010056434199213982,-2.5303861783676496e-10,0.04717102274298668,-2.3915975866373174e-09,0.11023221909999847,0.007491174153983593,-6.589126466671757e-10,-9.2050195590887e-12,-4.4313081161817536e-05,-1.388731506731469e-18,0.9569175243377686,1.2451208952768411e-09,-0.01093008928000927,-1.143497883188127e-11,0,0,0,0,1,0,0,0,1,0,5
0.04248494654893875,-5.735156793917895e-09,0.009685609489679337,-1.377486041898024e-10,0.05442111939191818,-3.0293054731345137e-09,0.10938604176044464,0.0070563675835728645,-6.206675173814347e-10,-8.670670084698351e-12,-4.174073183094151e-05,2.7772483600939804e-18,0.9460111856460571,2.0579111748020296e-09,-0.010957437567412853,7.197066831388099e-10,0,0,0,0,1,0,0,0,1,0,16
0.05221288278698921,-6.173943134513138e-09,0.01050952635705471,-7.845207816714606e-11,0.06711333245038986,2.3539816538686864e-05,0.14591693878173828,0.014017813839018345,2.926232264144346e-05,3.8007601688150316e-07,-4.3082745833089575e-05,-2.6629042082504384e-08,0.9346734285354614,2.5254154323306466e-09,-0.011628516018390656,2.588143310777724e-10,0,0,0,0,1,0,0,0,1,0,5
0.06288903951644897,3.1001504794403445e-06,0.010763458907604218,6.489365205197828e-06,0.08094481378793716,5.2501141908578575e-05,0.11522690206766129,0.013381498865783215,2.8419235604815185e-05,3.926411125121376e-07,-6.93334877723828e-05,-4.6652202101427065e-09,0.9227253198623657,7.928478140684092e-08,-0.012204927392303944,3.1694841595708567e-07,0,0,0,0,1,0,0,0,1,0,5
0.07409841567277908,1.3910388588556089e-05,0.011549495160579681,1.4633183127443772e-05,0.09398728609085083,8.024661656236276e-05,0.10902407765388489,0.012782126665115356,2.71947355940938e-05,3.7993970636307495e-07,-7.561677193734795e-05,-1.3669725345156342e-13,0.9102458953857422,1.1812617231043987e-06,-0.012685270980000496,1.8400427279630094e-06,0,0,0,0,1,0,0,0,1,0,16
0.08601444959640503,3.233020834159106e-05,0.012209135107696056,2.019296334765386e-05,0.10639084875583649,0.00010663591092452407,0.11389370262622833,0.012094142846763134,2.5731002097018063e-05,3.594509507820476e-07,-7.153906335588545e-05,4.5556186454480743e-14,0.8973493576049805,3.927415036741877e-06,-0.013054819777607918,3.3678666113701183e-06,0,0,0,0,1,0,0,0,1,0,5
0.09853748977184296,5.5072068789741024e-05,0.012757848016917706,2.5386449124198407e-05,0.11811836808919907,0.00013158691581338644,0.1114998608827591,0.01142380852252245,2.4304825274157338e-05,3.395256840121874e-07,-6.757347728125751e-05,4.5547394252488244e-14,0.8841332197189331,7.6273258855508175e-06,-0.01333671435713768,4.0352042560698465e-06,0,0,0,0,1,0,0,0,1,0,18
0.11153464019298553,8.424968837061897e-05,0.01317543163895607,3.229550566175021e-05,0.12918555736541748,0.00015513304970227182,0.11083120852708817,0.010777592658996582,2.2929967599338852e-05,3.2032312446972355e-07,-6.375171506078914e-05,4.553939826146616e-14,0.8706738948822021,1.2078791769454256e-05,-0.0135505897924304,4.78145284432685e-06,0,0,0,0,1,0,0,0,1,0,18
0.1238897442817688,-4.0095332224154845e-05,0.013405018486082554,2.9636057661264203e-05,0.1396242380142212,0.00017734196444507688,0.1104738712310791,0.010166743770241737,2.163035242119804e-05,3.021727934537921e-07,-6.013937672832981e-05,1.365968156728098e-13,0.8570301532745361,1.7195432519656606e-05,-0.013712574727833271,5.380240054364549e-06,0,0,0,0,1,0,0,0,1,0,5
0.13466542959213257,-0.0006011612131260335,0.013405082747340202,1.6164800399565138e-05,0.1500743329524994,0.000187491430551745,0.11951543390750885,0.015621257945895195,-8.760225318837911e-05,-8.034831466829928e-08,-4.608477320289239e-05,-4.047637958137784e-08,0.8432477116584778,2.2911259293323383e-05,-0.013833887875080109,5.97833059146069e-06,0,0,0,0,1,0,0,0,1,0,13
0.1480685919523239,-0.0005924055585637689,0.013386151753365993,2.6901409455604153e-06,0.16540931165218353,0.00010194352944381535,0.15080535411834717,0.015240778215229511,-8.499582327203825e-05,-1.9504635417888494e-07,-5.070620682090521e-05,-1.4329451403227722e-07,0.8293613195419312,2.8608041247935034e-05,-0.013925047591328621,3.5658458727994002e-06,0,0,0,0,1,0,0,0,1,0,13
0.16151389479637146,-0.0005818722420372069,0.013568121008574963,2.4915329049690627e-05,0.18036244809627533,1.9023133063456044e-05,0.1231798455119133,0.014477768912911415,-7.930370338726789e-05,-9.631978628021898e-07,-8.029711898416281e-05,-1.3574313584285846e-07,0.8153970837593079,2.6988453100784682e-05,-0.013993066735565662,-5.875798706256319e-06,0,0,0,0,1,0,0,0,1,0,16
0.17520558834075928,-0.0005325039965100586,0.013783223927021027,6.903239409439266e-05,0.19450676441192627,-5.840642916155048e-05,0.11392323672771454,0.013819847255945206,-7.565123087260872e-05,-1.0566818673396483e-06,-8.173663809429854e-05,0.0,0.8013744950294495,1.5884161257417873e-05,-0.014044256880879402,-1.5390787666547112e-05,0,0,0,0,1,0,0,0,1,0,16
0.18908041715621948,-0.0004482886870391667,0.01394275389611721,8.365014946321025e-05,0.2079356610774994,-0.000131917666294612,0.11454194039106369,0.013096258975565434,-7.169023592723534e-05,-1.0014731515184394e-06,-7.74661311879754e-05,-1.8228105656825644e-13,0.787307858467102,-4.284808028387488e-07,-0.014082824811339378,-1.6278036127914675e-05,0,0,0,0,1,0,0,0,1,0,16
0.20309141278266907,-0.0003759416867978871,0.014061436988413334,6.311203469522297e-05,0.2206358015537262,-0.00020143941219430417,0.11014704406261444,0.012375476770102978,-6.774457870051265e-05,-9.464091021982313e-07,-7.320681470446289e-05,0.0,0.7732089161872864,-1.665989839239046e-05,-0.014110873453319073,-1.6191783288377337e-05,0,0,0,0,1,0,0,0,1,0,13
0.21698367595672607,-0.00026906598941423,0.014141123741865158,4.384481144370511e-05,0.23262111842632294,-0.0002670480462256819,0.10926466435194016,0.011674540117383003,-6.390758790075779e-05,-8.927966632654716e-07,-6.905978807481006e-05,0.0,0.7590855360031128,-3.28338319377508e-05,-0.014132611453533173,-1.6211390175158158e-05,0,0,0,0,1,0,0,0,1,0,13
0.22863619029521942,0.0003846451290883124,0.014141228049993515,2.5576560801710002e-05,0.24392548203468323,-0.00032892925082705915,0.11069917678833008,0.011007561348378658,-6.0256475990172476e-05,-8.417611638833478e-07,-6.511207902804017e-05,9.108438016412063e-14,0.7449440956115723,-4.911946598440409e-05,-0.014148038811981678,-1.6345658877980895e-05,0,0,0,0,1,0,0,0,1,0,16
0.2420443445444107,0.0005121572758071125,0.013533234596252441,6.993385795794893e-06,0.25889408588409424,-0.00025248006568290293,0.15284356474876404,0.015309540554881096,9.084164048545063e-05,5.080564591253278e-08,-5.3893905715085566e-05,9.308212156611262e-08,0.7307894229888916,-6.549766840180382e-05,-0.01415925845503807,-1.6084086382761598e-05,0,0,0,0,1,0,0,0,1,0,18
0.2554630935192108,0.0005089447950012982,0.013516930863261223,-1.5654686649213545e-05,0.2740236818790436,-0.00016299331036861986,0.11552874743938446,0.014695494435727596,8.525356679456308e-05,8.796275210443127e-07,-7.793528493493795e-05,2.1554281204316794e-07,0.7166247963905334,-7.951325096655637e-05,-0.014168374240398407,-1.2322087968641426e-05,0,0,0,0,1,0,0,0,1,0,13
0.2691110372543335,0.0004668662149924785,0.013745006173849106,-6.440919969463721e-05,0.28835341334342957,-8.004350820556283e-05,0.11054418236017227,0.014049316756427288,8.131662616506219e-05,1.136098262577434e-06,-8.311451529152691e-05,1.8233892585921285e-13,0.7024528980255127,-8.976335084298626e-05,-0.014174685813486576,-8.55413145472994e-06,0,0,0,0,1,0,0,0,1,0,16
0.2829532325267792,0.00037988589610904455,0.013914178125560284,-9.431935905013233e-05,0.30198290944099426,-1.1569726439120132e-06,0.10648694634437561,0.013303838670253754,7.70018741604872e-05,1.0757805739558535e-06,-7.870179251767695e-05,3.645867516308826e-13,0.6882755160331726,-9.412821236765012e-05,-0.014178893528878689,5.059889076619584e-07,0,0,0,0,1,0,0,0,1,0,7
0.29693982005119324,0.00029660071595571935,0.01404004916548729,-7.361904135905206e-05,0.3148782253265381,7.348025974351913e-05,0.113223135471344,0.012565980665385723,7.27311780792661e-05,1.0160445071960567e-06,-7.433166319970042e-05,-1.8225069890742684e-13,0.6740940809249878,-8.738952601561323e-05,-0.014183100312948227,1.1838992577395402e-05,0,0,0,0,0,0,1,0,1,0,6
0.3106912672519684,0.000759422779083252,0.013905331492424011,-6.253532774280757e-05,0.32705122232437134,0.0001439368206774816,0.11170138418674469,0.011856533586978912,6.862492591608316e-05,9.586726719135186e-07,-7.013446156634018e-05,0.0,0.659909725189209,-6.979398312978446e-05,-0.014185204170644283,2.0782306819455698e-05,0,0,0,0,0,1,0,0,1,0,7
0.32377326488494873,0.0021436449605971575,0.013444838114082813,0.0003180367639288306,0.3388715088367462,0.0005675527499988675,0.11983098089694977,0.014561885967850685,0.0036362905520945787,1.3664799553225748e-05,-4.80287017126102e-05,-3.074387109336385e-07,0.645723283290863,-4.716558032669127e-05,-0.01418730802834034,2.4138911612681113e-05,0,0,0,0,0,0,1,0,1,0,12
0.33668583631515503,0.0028438360895961523,0.012385495007038116,0.0014527508756145835,0.3531818389892578,0.004128987435251474,0.15067175030708313,0.01422369945794344,0.003539217635989189,1.7348615074297413e-05,-5.178971332497895e-05,2.5481670036242576e-06,0.631534993648529,-2.1180565454415046e-05,-0.014189411886036396,2.749546001723502e-05,0,0,0,0,0,0,1,0,1,0,12
0.3488624095916748,0.005081136245280504,0.011816795915365219,0.002702400553971529,0.36714455485343933,0.007590041030198336,0.12330443412065506,0.01353954803198576,0.003329165279865265,4.2741623474285007e-05,-7.658058893866837e-05,2.8447143449739087e-06,0.6173536777496338,0.00024941956507973373,-0.014168374240398407,0.0005132685764692724,0,0,0,0,0,0,1,0,1,0,16
0.36064448952674866,0.0077710989862680435,0.011960198171436787,0.0027184851933270693,0.3803780972957611,0.010842995718121529,0.11390013992786407,0.012932718731462955,0.003178991610184312,4.4403623178368434e-05,-7.648989412700757e-05,5.832687197809827e-12,0.6032199263572693,0.0010586489224806428,-0.014098952524363995,0.0010509863495826721,0,0,0,0,0,0,1,0,1,0,12
0.3728604316711426,0.010508601553738117,0.012411439791321754,0.002743225311860442,0.3929440379142761,0.013931836001574993,0.11457094550132751,0.012253946624696255,0.003012143075466156,4.2078008846146986e-05,-7.248376641655341e-05,1.1662938843859383e-11,0.5891764760017395,0.002381318248808384,-0.014000780880451202,0.001510303933173418,0,0,0,0,0,0,1,0,1,0,12
0.3854731023311615,0.013249903917312622,0.01275714673101902,0.0027498132549226284,0.40482765436172485,0.016852950677275658,0.1101025938987732,0.01157983485609293,0.0028464384377002716,3.9765480323694646e-05,-6.850022327853367e-05,1.1660647274147617e-11,0.5752342343330383,0.00410156836733222,-0.013891037553548813,0.0018915741238743067,0,0,0,0,0,0,1,0,1,0,12
0.3983572721481323,0.016045207157731056,0.012975580990314484,0.002834143815562129,0.4160423278808594,0.019609631970524788,0.10925104469060898,0.010923919267952442,0.0026852088049054146,3.75127128791064e-05,-6.461957673309371e-05,-1.1658540452486044e-11,0.561415433883667,0.006202930584549904,-0.013750791549682617,0.002285674214363098,0,0,0,0,0,0,1,0,1,0,5
0.4112846851348877,0.01904197223484516,0.012983206659555435,0.002866254188120365,0.42661988735198975,0.02220969647169113,0.11069868505001068,0.010299812071025372,0.002531797392293811,3.536830627126619e-05,-6.0925620346097276e-05,-1.1656649603897229e-11,0.5477901697158813,0.008782501332461834,-0.013515178114175797,0.0028186507988721132,0,0,0,0,1,0,0,0,1,0,5
0.4231801927089691,0.022148219868540764,0.0116100599989295,0.0022022139746695757,0.43659496307373047,0.024661656469106674,0.11053500324487686,0.00971481204032898,0.002387998392805457,3.3359981898684055e-05,-5.7466055295662954e-05,-5.827489966275801e-12,0.5344270467758179,0.011889618821442127,-0.013231179676949978,0.0033414748031646013,0,0,0,0,1,0,0,0,1,0,16
0.4333198368549347,0.024190282449126244,0.008720509707927704,0.0013310657814145088,0.4792628288269043,0.024711163714528084,0.34946513175964355,0.06386680901050568,-0.001622318639419973,2.8820491934311576e-05,-3.8424800550274085e-06,0.0019365496700629592,0.5217746496200562,0.015537964180111885,-0.012179332785308361,0.004010822158306837,0,0,0,0,1,0,0,0,1,0,12
0.441346138715744,0.02552245557308197,0.0073534599505364895,0.0012832680949941278,0.5413295030593872,0.02279558591544628,0.6498178243637085,0.06064149737358093,-0.0021523255854845047,2.8820491934311576e-05,-3.8424800550274085e-06,0.0019365496700629592,0.5100142359733582,0.02003786712884903,-0.011394304223358631,0.004891259595751762,0,0,0,0,1,0,0,0,1,0,7
0.4484620988368988,0.02649819105863571,0.006878376007080078,0.0006682279636152089,0.6003358364105225,0.020362479612231255,0.8334735631942749,0.057708740234375,-0.0026591047644615173,2.8820491934311576e-05,-3.8424800550274085e-06,0.0019365496700629592,0.49907147884368896,0.025350656360387802,-0.010713759809732437,0.005542376544326544,0,0,0,0,0,0,1,0,1,0,3
0.4548056721687317,0.02711445279419422,0.00611438462510705,0.0005939930560998619,0.6565494537353516,0.017436698079109192,0.9073343276977539,0.05502467602491379,-0.003139965469017625,2.8820491934311576e-05,-3.8424800550274085e-06,0.0019365496700629592,0.48949840664863586,0.0303764920681715,-0.008017526008188725,0.004261104855686426,0,0,1,0,0,0,0,0,1,0,10
0.4609256386756897,0.027781425043940544,0.007164705079048872,0.0004405438376124948,0.7101988792419434,0.01404489018023014,0.8774542212486267,0.05255388468503952,-0.0035937726497650146,2.8820491934311576e-05,-3.8424800550274085e-06,0.0019365496700629592,0.48489925265312195,0.03341111168265343,-0.004492552950978279,0.0028992872685194016,0,0,1,0,0,0,0,0,1,0,18
0.468563437461853,0.027955932542681694,0.008611706085503101,-0.00023252901155501604,0.7614808678627014,0.010214211419224739,0.7491644024848938,0.05026732385158539,-0.004020484164357185,2.8820491934311576e-05,-3.8424800550274085e-06,0.0019365496700629592,0.48250794410705566,0.035583335906267166,-0.002356465207412839,0.0018603528151288629,0,0,1,0,0,0,0,0,1,0,12
0.47742295265197754,0.027429843321442604,0.009103558957576752,-0.0006383659783750772,0.8105664849281311,0.005971419624984264,0.5271812081336975,0.048140980303287506,-0.004420801065862179,2.8820491934311576e-05,-3.8424800550274085e-06,0.0019365496700629592,0.48201605677604675,0.03686129301786423,-0.001278063515201211,0.0013274963712319732,0,0,1,0,0,0,0,0,1,0,11
0.48685747385025024,0.026767650619149208,0.010064724832773209,-0.0007419422036036849,0.8576042652130127,0.0013422935735434294,0.21569980680942535,0.046154726296663284,-0.004795894492417574,2.8820491934311576e-05,-3.8424800550274085e-06,0.0019365496700629592,0.48247164487838745,0.03760650381445885,-0.0003745763096958399,0.0007938471389934421,0,0,1,0,0,0,0,0,1,0,9
0.4971233606338501,0.025996029376983643,0.01060430333018303,-0.0008176025003194809,0.8978235125541687,-0.002828859258443117,0.24360360205173492,0.03745744004845619,-0.0039228410460054874,2.168345781683456e-05,-2.258740641991608e-05,0.0017594487871974707,0.4836990237236023,0.037987180054187775,0.0017275650752708316,0.0002349243441130966,0,0,1,0,0,0,0,0,1,0,13
0.5076762437820435,0.025168614462018013,0.010939481668174267,-0.0008742660866118968,0.9346261024475098,-0.006845678202807903,0.3265804648399353,0.036272820085287094,-0.004092641174793243,2.168345781683456e-05,-2.258740641991608e-05,0.0017594487871974707,0.48779746890068054,0.03784951567649841,0.004421114921569824,-0.00024189265968743712,0,0,1,0,0,0,0,0,1,0,12
0.5189024209976196,0.024260861799120903,0.011657899245619774,-0.0009536477737128735,0.9702651500701904,-0.011028469540178776,0.28763896226882935,0.03512606397271156,-0.004255552776157856,2.168345781683456e-05,-2.258740641991608e-05,0.0017594487871974707,0.49339258670806885,0.03744620829820633,0.005799219477921724,-0.0004725971957668662,0,0,1,0,0,0,0,0,1,0,6
0.5309011340141296,0.023272354155778885,0.012297489680349827,-0.0010161309037357569,1.0047760009765625,-0.015370623208582401,0.13183611631393433,0.034011922776699066,-0.004412095062434673,2.168345781683456e-05,-2.258740641991608e-05,0.0017594487871974707,0.4999443590641022,0.03684663027524948,0.0071143400855362415,-0.0006716217030771077,0,0,0,0,0,1,0,0,1,0,18
