lt_dp_posx,lt_dp_posy,lt_dp_velx,lt_dp_vely,ball_posx,ball_posy,ball_posz,ball_vel_x,ball_vel_y,ball_rot_x,ball_rot_y,ball_rot_z,rt_gk_posx,rt_gk_posy,rt_gk_velx,rt_gk_vely,action_left,action_top_left,action_top,action_top_right,action_right,action_bottom_right,action_bottom,action_bottom_left,action_sprint,action_dribble,sel_action
-1.0110293626785278,-0.0,0.0,-0.0,0.019999999552965164,-0.0,0.11061639338731766,-0.0,0.0,0.0,-0.0,0.0,1.0110293626785278,0.0,-0.0,0.0,0,0,0,0,0,0,0,0,0,0,5
0.0022227545268833637,1.214716660591364e-10,0.003935635089874268,2.5671381687075723e-11,0.019999999552965164,-0.0,0.11059734225273132,-0.0,0.0,0.0,-0.0,0.0,1.0110293626785278,0.0,-0.0,0.0,0,0,0,0,1,0,0,0,0,0,5
0.005271322093904018,-2.6352731108403304e-09,0.005585023667663336,-4.004820364222894e-10,0.019999999552965164,-0.0,0.10930104553699493,-0.0,0.0,0.0,-0.0,0.0,1.0110293626785278,0.0,-0.0,0.0,0,0,0,0,1,0,0,0,0,0,13
0.010625659488141537,-4.5637658097064104e-09,0.007103427313268185,-2.554758071759977e-10,0.025320498272776604,-5.634832600520667e-10,0.1260860562324524,0.008659591898322105,-9.180178284218243e-10,2.2965069516184267e-12,6.04173601459479e-06,-4.012789232843428e-12,1.0097103118896484,-9.920856497425135e-11,-0.0033988673239946365,-2.3693721984408e-10,0,0,0,0,1,0,0,0,1,0,5
0.01848970539867878,-4.6795465280524695e-09,0.008461274206638336,-1.3390841213656302e-10,0.03355647996068001,-1.4382255386635734e-09,0.11838945001363754,0.007918355986475945,-8.42004965750931e-10,1.176400036412284e-11,4.684515806729905e-05,0.0,1.005424976348877,-3.2641733760385705e-10,-0.0050032841973006725,-1.9778692572636203e-10,0,0,0,0,1,0,0,0,1,0,5
0.027614345774054527,-4.809848963560626e-09,0.009638728573918343,-8.884844249212875e-11,0.041250068694353104,-2.2563302337630375e-09,0.1135486587882042,0.007504452485591173,-7.979922833634134e-10,1.1148005261973903e-11,4.439179610926658e-05,-6.943675111245361e-19,0.9995788931846619,-4.410829479439826e-10,-0.0065179429948329926,-3.32212729547976e-11,0,0,0,0,1,0,0,0,1,0,18
0.03612228110432625,-6.656200479682184e-09,0.009277104400098324,-1.8268359047723948e-10,0.048517677932977676,-3.0291376074131904e-09,0.11264698207378387,0.007074202410876751,-7.522412137639378e-10,1.0508609607495778e-11,4.1845705709420145e-05,-2.0829425256238677e-18,0.9922854900360107,1.575315711210834e-10,-0.007902874611318111,4.927388497222296e-10,0,0,0,0,1,0,0,0,1,0,18
0.04460865631699562,-8.484513536188842e-09,0.010067443363368511,-1.1342846106821014e-10,0.05758916214108467,8.605913535575382e-06,0.13116511702537537,0.013979627750813961,2.82593955489574e-05,2.9465124384842056e-07,7.136271051422227e-06,3.4855759167840006e-07,0.9837011694908142,4.579762957757083e-10,-0.009114601649343967,1.297964374868954e-10,0,0,0,0,1,0,0,0,1,0,13
0.055106088519096375,4.77037247037515e-07,0.010675542056560516,2.4280604975501774e-06,0.07142878323793411,3.651112274383195e-05,0.13711479306221008,0.013769258745014668,2.7762731406255625e-05,2.854166609722597e-07,8.147850167006254e-06,3.5950483834312763e-07,0.9743693470954895,1.969935112811072e-07,-0.009437869302928448,5.463061256705259e-07,0,0,0,0,1,0,0,0,1,0,5
0.06596015393733978,6.92342246111366e-06,0.011177010834217072,9.552155461278744e-06,0.08453243225812912,6.21985673205927e-05,0.12683330476284027,0.012486477382481098,2.3782886273693293e-05,-6.458757439986584e-08,4.5695003791479394e-05,4.101929391708836e-07,0.9644050598144531,1.183687800221378e-06,-0.010371208190917969,1.4249153537093662e-06,0,0,0,0,1,0,0,0,1,0,0
0.07753842324018478,2.0731586118927225e-05,0.011883500963449478,1.7103986465372145e-05,0.09663836658000946,8.502074342686683e-05,0.1176246926188469,0.011771108955144882,2.2048556274967268e-05,-3.080120904996875e-07,6.962900806684047e-05,0.0,0.9536177515983582,3.183567514497554e-06,-0.010990395210683346,2.344901986361947e-06,0,0,0,0,1,0,0,0,1,0,5
0.08977188169956207,3.966278745792806e-05,0.012501724064350128,2.055774712061975e-05,0.10808058828115463,0.00010645325528457761,0.11083377152681351,0.011161502450704575,2.090670204779599e-05,-2.920708368492342e-07,6.602532812394202e-05,4.554409760025753e-14,0.9426805973052979,5.706604042643448e-06,-0.011172715574502945,2.739721821853891e-06,0,0,0,0,1,0,0,0,1,0,0
0.10254812240600586,6.3369981944561e-05,0.012981190346181393,2.649111411301419e-05,0.1188960000872612,0.00012671167496591806,0.10950885713100433,0.010538773611187935,1.9740258721867576e-05,-2.757730328539765e-07,6.234108150238171e-05,-4.5536562395158756e-14,0.9311493039131165,8.697333214513492e-06,-0.011804524809122086,3.19709056384454e-06,0,0,0,0,1,0,0,0,1,0,16
0.11571427434682846,-0.0007769088260829449,0.013238980434834957,2.3831020371289924e-05,0.1291036754846573,0.00014583177107851952,0.11070510745048523,0.009941724129021168,1.8621918570715934e-05,-2.6014203058366547e-07,5.880753815290518e-05,-6.829461990506477e-14,0.9190320372581482,1.2096388672944158e-05,-0.012362704612314701,3.5905911772715626e-06,0,0,0,0,1,0,0,0,1,0,13
0.12895330786705017,-0.0022525659296661615,0.013239067979156971,1.1915582035726402e-05,0.140615314245224,7.988599827513099e-05,0.13553325831890106,0.01557299867272377,-0.0002598423161543906,-6.126012408458337e-08,1.036990033753682e-05,-7.978075018399977e-07,0.9064158201217651,1.5997322407201864e-05,-0.012806584127247334,4.157530838710954e-06,0,0,0,0,1,0,0,0,1,0,5
0.14219574630260468,-0.0022468690294772387,0.013272990472614765,3.3491965041321237e-06,0.15608079731464386,-0.0001781393657438457,0.15389469265937805,0.015377793461084366,-0.0002565539616625756,-6.126012408458337e-08,1.036990033753682e-05,-7.978075018399977e-07,0.8934142589569092,1.932025952555705e-05,-0.013147382065653801,-6.329038910735107e-07,0,0,0,0,1,0,0,0,1,0,16
0.15563490986824036,-0.002196631161496043,0.013562160544097424,0.00010679462866391987,0.17103396356105804,-0.00042704708175733685,0.12458185106515884,0.014172323048114777,-0.00023464793048333377,1.2913152431792696e-06,4.019002153654583e-05,-1.932192162712454e-06,0.8801179528236389,5.317587238096166e-06,-0.013407538644969463,-2.5687973902677186e-05,0,0,0,0,1,0,0,0,1,0,0
0.16931922733783722,-0.0020076557993888855,0.013774283230304718,0.00025409332010895014,0.18478500843048096,-0.0006542741321027279,0.10572804510593414,0.013355893082916737,-0.00022030368563719094,2.1954676867608214e-06,5.991645957692526e-05,-1.4151382856653072e-06,0.8665980100631714,-3.409827331779525e-05,-0.013603883795440197,-5.0551989261293784e-05,0,0,0,0,1,0,0,0,1,0,13
0.1831846684217453,-0.001725860289297998,0.013934689573943615,0.00026497329236008227,0.19769737124443054,-0.0008670638198964298,0.11271274089813232,0.01260455697774887,-0.000207717705052346,2.90160551230656e-06,7.455514423782006e-05,7.290113066167614e-13,0.8529090285301208,-8.488569437758997e-05,-0.013752544298768044,-5.094467996968888e-05,0,0,0,0,1,0,0,0,1,0,16
0.19718925654888153,-0.0014969457406550646,0.014056352898478508,0.00020027445862069726,0.20992252230644226,-0.001068528858013451,0.11237554252147675,0.011916355229914188,-0.00019637640798464417,2.7433950435806764e-06,7.049003761494532e-05,3.6443049099277314e-13,0.8390927314758301,-0.00013597621000371873,-0.01386404037475586,-5.119355409988202e-05,0,0,0,0,1,0,0,0,1,0,16
0.2112855464220047,-0.0013310274807736278,0.014121859334409237,0.00013841709005646408,0.22146748006343842,-0.0012587840901687741,0.11105363070964813,0.011247918009757996,-0.0001853607827797532,2.5894830741890473e-06,6.653536547673866e-05,3.643614002093315e-13,0.8251807689666748,-0.00018727406859397888,-0.013947486877441406,-5.138828419148922e-05,0,0,0,0,1,0,0,0,1,0,5
0.22538252174854279,-0.0012291098246350884,0.014120737090706825,7.549019937869161e-05,0.2329203486442566,-0.001418543979525566,0.12036368995904922,0.016202325001358986,2.2783331587561406e-05,9.569889698468614e-07,8.313909347634763e-06,-1.1230620202695718e-06,0.8111972808837891,-0.00023875180340837687,-0.014009896665811539,-5.15406827616971e-05,0,0,0,0,1,0,0,0,1,0,16
0.23909927904605865,-0.0011891196481883526,0.013386151753365993,1.1927167179237586e-05,0.24877412617206573,-0.0013969874707981944,0.16152387857437134,0.015753796324133873,2.1391195332398638e-05,8.989440516415925e-07,1.2278042959223967e-05,-9.624997119317413e-07,0.7971601486206055,-0.00029000459471717477,-0.014057580381631851,-4.934360913466662e-05,0,0,0,0,1,0,0,0,1,0,5
0.2524116039276123,0.000357985234586522,0.013312599621713161,3.7958748180244584e-06,0.2643519937992096,-0.00137598707806319,0.10267231613397598,0.015166591852903366,1.9513561710482463e-05,7.958136052366171e-07,1.9121653167530894e-05,-7.102553354343399e-07,0.7830827832221985,-0.0003330708423163742,-0.014091940596699715,-3.791708149947226e-05,0,0,0,0,1,0,0,0,1,0,13
0.2657240331172943,0.0010161364916712046,0.013312522321939468,1.4232747389542055e-06,0.2798015773296356,-0.0011855685152113438,0.17040634155273438,0.01579304225742817,0.0002640736638568342,4.045866432988987e-07,-7.778239137223864e-07,1.8104755383774318e-07,0.7689757943153381,-0.0003646681143436581,-0.014117886312305927,-2.6417477783979848e-05,0,0,0,0,1,0,0,0,1,0,6
0.2790824770927429,0.0010100062936544418,0.013462585397064686,-2.7134015908814035e-05,0.29548346996307373,-0.0009233541204594076,0.1504458338022232,0.015591677278280258,0.0002607136848382652,4.045866432988987e-07,-7.778239137223864e-07,1.8104755383774318e-07,0.7548468112945557,-0.00037851970409974456,-0.014136819168925285,-1.0511913615118829e-06,0,0,0,0,0,1,0,0,1,0,16
0.29268333315849304,0.0009155547013506293,0.013702932745218277,-0.0001561351091368124,0.31032794713974,-0.0006759605021215975,0.1344221979379654,0.01407252624630928,0.00023360838531516492,-9.809391485759988e-07,3.1020234018797055e-05,1.904934265439806e-06,0.74070143699646,-0.00036369028384797275,-0.014151545241475105,2.783072523016017e-05,0,0,0,0,0,1,0,0,1,0,18
0.30648720264434814,0.000688004307448864,0.01387876644730568,-0.0002729546104092151,0.32421186566352844,-0.00044560377136804163,0.10671103000640869,0.013519799336791039,0.00022400567831937224,-1.4116085367277265e-06,4.0852839447325096e-05,1.9270405573479366e-06,0.7265440225601196,-0.00032286872738040984,-0.014161362312734127,4.5094282540958375e-05,0,0,0,0,0,1,0,0,1,0,6
0.32044389843940735,0.0004429569817148149,0.014014454558491707,-0.00021702845697291195,0.3371511399745941,-0.0002316628088010475,0.10754548758268356,0.012635797262191772,0.0002088762412313372,-2.9181892386986874e-06,7.475016900571063e-05,0.0,0.7123775482177734,-0.00027789900195784867,-0.014169776812195778,4.486679972615093e-05,0,0,0,0,0,1,0,0,1,0,6
0.33353251218795776,0.0014054286293685436,0.013691570609807968,0.00015737237117718905,0.3494088053703308,-2.9037024432909675e-05,0.11276651173830032,0.01195143349468708,0.00019756334950216115,-2.7599380700848997e-06,7.069655111990869e-05,0.0,0.6982041597366333,-0.0002331604337086901,-0.014176088385283947,4.463285586098209e-05,0,0,0,0,0,1,0,0,1,0,12
0.34656211733818054,0.002101719845086336,0.013037989847362041,0.0003355185326654464,0.36273258924484253,0.00208508362993598,0.15035368502140045,0.014260595664381981,0.0033694044686853886,3.6201511193212355e-06,1.6110083379317075e-05,1.7479884263593704e-05,0.6840256452560425,-0.00017965005827136338,-0.014180295169353485,6.077470243326388e-05,0,0,0,0,0,1,0,0,1,0,12
0.3590753972530365,0.003386939875781536,0.01239776611328125,0.0019756159745156765,0.3768967390060425,0.005431510973721743,0.1345832198858261,0.014085211791098118,0.003327844897285104,3.6201511193212355e-06,1.6110083379317075e-05,1.7479884263593704e-05,0.6698434352874756,-0.00010999548976542428,-0.014183801598846912,7.692033977946267e-05,0,0,0,0,0,1,0,0,1,0,12
0.37098395824432373,0.005877894349396229,0.011766658164560795,0.002545606577768922,0.3902234137058258,0.008544874377548695,0.13146385550498962,0.012800402007997036,0.0029664048925042152,-2.1424861188279465e-05,4.942740633850917e-05,2.4914461391745135e-05,0.6556622385978699,8.217744471039623e-05,-0.014173283241689205,0.0003969552053604275,0,0,0,0,0,1,0,0,1,0,17
0.3830345869064331,0.00846150703728199,0.012268739752471447,0.002599931787699461,0.4026968777179718,0.01142739225178957,0.11832620203495026,0.012131649069488049,0.002796776592731476,-3.9069920603651553e-05,7.176122744567692e-05,5.831256484623015e-12,0.6415156722068787,0.0007661402341909707,-0.014117185026407242,0.0009184867958538234,0,0,0,0,0,1,0,0,1,1,12
0.39553558826446533,0.011057214811444283,0.01267580408602953,0.002587796887382865,0.41448986530303955,0.01414609607309103,0.11485911905765533,0.011504095047712326,0.0026521040126681328,-3.704997288878076e-05,6.805108569096774e-05,-5.8301983033026694e-12,0.6274482607841492,0.0019637886434793472,-0.01402672566473484,0.0013944029342383146,0,0,0,0,0,1,0,0,1,1,6
0.4083782434463501,0.013656959868967533,0.012956647202372551,0.0026292065158486366,0.4256429970264435,0.016717301681637764,0.11186166107654572,0.010865462012588978,0.002504877047613263,-3.499162630760111e-05,6.427042535506189e-05,-5.829178285898795e-12,0.6134633421897888,0.0035246326588094234,-0.013948889449238777,0.001696768100373447,0,0,0,0,0,1,0,0,1,1,14
0.4213826060295105,0.01640917919576168,0.013046467676758766,0.002675442025065422,0.4361737370491028,0.019145004451274872,0.11103268712759018,0.01025848276913166,0.0023649469949305058,-3.30378461512737e-05,6.068185030017048e-05,0.0,0.599564790725708,0.005386846140027046,-0.013855625875294209,0.0019972759764641523,0,0,0,0,0,0,0,0,1,1,5
0.43359342217445374,0.019390055909752846,0.011752490885555744,0.0020900643430650234,0.4461106061935425,0.021435804665088654,0.10831203311681747,0.009679327718913555,0.002231431193649769,-3.117326195933856e-05,5.725707524106838e-05,-8.741161440506406e-12,0.5857869386672974,0.007596228271722794,-0.01370345801115036,0.002401653677225113,0,0,0,0,1,0,0,0,1,1,6
0.444156289100647,0.02143057808279991,0.009226448833942413,0.0013418032322078943,0.4823019206523895,0.022658539935946465,0.3416939675807953,0.06225399300456047,0.0001901191717479378,-1.7717778973747045e-05,2.884372224798426e-05,0.0009831150528043509,0.5721869468688965,0.01023247092962265,-0.013510620221495628,0.002827270654961467,0,0,0,0,0,1,0,0,1,1,6
0.4523825943470001,0.022656822577118874,0.0073944819159805775,0.0011787317926064134,0.542931854724884,0.022679077461361885,0.6623255014419556,0.05933648347854614,-0.00011710955004673451,-1.7717778973747045e-05,2.884372224798426e-05,0.0009831150528043509,0.5590569376945496,0.013200512155890465,-0.012215095572173595,0.002893078373745084,0,0,0,0,0,1,0,0,1,1,6
0.4595790505409241,0.023592276498675346,0.006899062544107437,0.0005705647636204958,0.6007654070854187,0.022396784275770187,0.8057206273078918,0.056632839143276215,-0.00041608422179706395,-1.7717778973747045e-05,2.884372224798426e-05,0.0009831150528043509,0.5490767359733582,0.01582438312470913,-0.007812065072357655,0.0023659050930291414,0,0,0,0,0,1,0,0,1,1,5
0.4660184383392334,0.024124806746840477,0.00613261666148901,0.0005071813357062638,0.6559953093528748,0.021820751950144768,0.783214271068573,0.054106298834085464,-0.0007053634617477655,-1.7717778973747045e-05,2.884372224798426e-05,0.0009831150528043509,0.5444591641426086,0.01798897422850132,-0.0019508249824866652,0.0023426765110343695,0,0,0,0,1,0,0,0,1,1,7
0.4711962938308716,0.025081783533096313,0.0038764055352658033,0.0014462254475802183,0.7087825536727905,0.02096121571958065,0.6052529811859131,0.05172853171825409,-0.000984045909717679,-1.7717778973747045e-05,2.884372224798426e-05,0.0009831150528043509,0.5448684692382812,0.020721854642033577,0.0028298180550336838,0.0025435639545321465,0,0,0,0,0,0,1,0,1,1,17
0.47356876730918884,0.02738206833600998,0.0013344427570700645,0.003047365928068757,0.7592633366584778,0.019829053431749344,0.28142255544662476,0.04947734624147415,-0.0012516728602349758,-1.7717778973747045e-05,2.884372224798426e-05,0.0009831150528043509,0.5496610999107361,0.022470230236649513,0.005906820297241211,0.0011741402558982372,0,0,0,0,0,0,1,0,1,1,5
0.47459641098976135,0.030825911089777946,0.0017043421976268291,0.0031016089487820864,0.8031176328659058,0.018719792366027832,0.22983503341674805,0.038835734128952026,-0.0009208779665641487,-1.437361424905248e-05,5.09197598148603e-05,0.0008798851631581783,0.5564504265785217,0.02328719198703766,0.007454437203705311,0.0006843697046861053,0,0,0,0,1,0,0,0,1,1,18
0.4777849018573761,0.032761283218860626,0.00456676771864295,0.001100005116313696,0.8413266539573669,0.017732342705130577,0.34300023317337036,0.037692952901124954,-0.0010418080491945148,-1.437361424905248e-05,5.09197598148603e-05,0.0008798851631581783,0.56465083360672,0.02376730367541313,0.008776959031820297,0.0002958272525575012,0,0,0,0,1,0,0,0,1,0,4
0.48340079188346863,0.033253178000450134,0.006327558774501085,0.0001871699932962656,0.8783816695213318,0.016624456271529198,0.29508036375045776,0.036530181765556335,-0.001161776715889573,-1.437361424905248e-05,5.09197598148603e-05,0.0008798851631581783,0.5738748908042908,0.02381184883415699,0.009333737194538116,-0.00010457905591465533,0,0,0,1,0,0,0,0,1,0,8
0.4905799925327301,0.03336856886744499,0.007847827859222889,3.174161247443408e-05,0.9142260551452637,0.015399560332298279,0.09438995271921158,0.03497273847460747,-0.001257601659744978,-1.3859272257832345e-05,5.337753827916458e-05,0.0008644098415970802,0.5834848880767822,0.02368074655532837,0.01001287903636694,-0.00015538559819106013,0,0,0,0,0,0,0,1,1,0,18
0.499167799949646,0.03325748071074486,0.009159130044281483,-0.00023958785459399223,0.9456128478050232,0.014364966191351414,0.19535501301288605,0.03101956471800804,-0.001060208072885871,-9.542995940137189e-06,7.37567461328581e-05,0.0007343838806264102,0.5939699411392212,0.02349093183875084,0.010848045349121094,-0.0002183412289014086,0,0,0,0,0,0,0,1,1,0,3
0.5084924101829529,0.03292196989059448,0.009431558661162853,-0.0003605082747526467,0.9761863350868225,0.013271833769977093,0.12183234840631485,0.03019930236041546,-0.0011200995650142431,-9.542995940137189e-06,7.37567461328581e-05,0.0007343838806264102,0.6048670411109924,0.023255106061697006,0.010875393636524677,-0.0002450920292176306,0,0,1,0,0,0,0,0,1,0,5
0.5184982419013977,0.03253316879272461,0.010447992943227291,-0.0004122131795156747,1.0043398141860962,0.012270715087652206,0.1329365074634552,0.02762892097234726,-0.0009950650855898857,-3.0406508813030086e-06,9.971060353564098e-05,0.000531819008756429,0.6161296963691711,0.022988827899098396,0.011559093371033669,-0.00028273704810999334,0,0,0,0,1,0,0,0,1,0,5
