lt_dp_posx,lt_dp_posy,lt_dp_velx,lt_dp_vely,ball_posx,ball_posy,ball_posz,ball_vel_x,ball_vel_y,ball_rot_x,ball_rot_y,ball_rot_z,rt_gk_posx,rt_gk_posy,rt_gk_velx,rt_gk_vely,action_left,action_top_left,action_top,action_top_right,action_right,action_bottom_right,action_bottom,action_bottom_left,action_sprint,action_dribble,sel_action
-1.0110293626785278,-0.0,0.0,-0.0,0.019999999552965164,-0.0,0.11061639338731766,0.0,-0.0,0.0,-0.0,0.0,1.0110293626785278,0.0,-0.0,0.0,0,0,0,0,0,0,0,0,0,0,5
0.0018559683812782168,1.9839568876633962e-10,0.003761105705052614,2.4271326615199484e-10,0.019999999552965164,-0.0,0.11059734225273132,0.0,-0.0,0.0,-0.0,0.0,1.0110293626785278,0.0,-0.0,0.0,0,0,0,0,1,0,0,0,0,0,5
0.0049512931145727634,-1.6236472166752947e-09,0.005425762385129929,-3.337355947152787e-10,0.019999999552965164,-0.0,0.10930104553699493,0.0,-0.0,0.0,-0.0,0.0,1.0106345415115356,-3.411979249481889e-12,-0.001967654563486576,-1.6700318211659848e-11,0,0,0,0,1,0,0,0,0,0,13
0.00991531927138567,-3.5084914973282366e-09,0.0069583710283041,-2.268875087807487e-10,0.02449852228164673,-8.590338856917512e-11,0.1256798505783081,0.008851847611367702,-1.68372107922643e-10,-4.2534384217876586e-13,-2.3405809770338237e-05,-5.800097273127303e-13,1.0068784952163696,-2.847660648952477e-11,-0.004527849145233631,-2.4409608015418804e-11,0,0,0,0,1,0,0,0,1,0,18
0.017643578350543976,-3.5967959721716625e-09,0.008333046920597553,-3.2113472991923686e-10,0.03303325176239014,-2.471300664108611e-10,0.11791633814573288,0.008274576626718044,-1.5567283573325597e-10,-2.1747248099557304e-12,-4.894658923149109e-05,3.472353768023702e-19,1.0014904737472534,-4.660646521492673e-11,-0.006076167803257704,-1.1278006306625343e-11,0,0,0,0,1,0,0,0,1,0,16
0.026650458574295044,-4.11424982971198e-09,0.009529577568173409,-4.326899394335726e-10,0.041080355644226074,-3.985233254510945e-10,0.11473273485898972,0.007851239293813705,-1.477084565770781e-10,-2.063485450218283e-12,-4.644291038857773e-05,0.0,0.9946169853210449,3.973892603870155e-10,-0.007505276706069708,5.860307239480278e-10,0,0,0,0,1,0,0,0,1,0,5
0.035962894558906555,-6.030954846636405e-09,0.009889702312648296,-2.3433061047128945e-10,0.048690065741539,-5.416878057218355e-10,0.11181147396564484,0.0074097090400755405,-1.394018095401961e-10,-1.947381492173328e-12,-4.3829757487401366e-05,-3.471777068040388e-19,0.986401379108429,8.235412352064486e-10,-0.008770297281444073,2.7550020598177127e-10,0,0,0,0,1,0,0,0,1,0,16
0.044215764850378036,-9.828518443555367e-09,0.009783463552594185,-1.236793167880279e-10,0.05586325377225876,-6.766397997459705e-10,0.11103836447000504,0.01451859436929226,2.9956519938423298e-05,3.7271107089509314e-07,-3.400645437068306e-05,-4.113285356766028e-08,0.9771802425384521,9.833661662739246e-10,-0.009335489943623543,2.2622201334421277e-10,0,0,0,0,1,0,0,0,1,0,18
0.05438217520713806,-1.0240802872374388e-08,0.010675630532205105,-6.379245742760276e-11,0.0699559897184372,2.9383883884293027e-05,0.14426137506961823,0.013985619880259037,2.919403777923435e-05,3.8007729585842753e-07,-4.310449003241956e-05,-2.6779995110359778e-08,0.9674903154373169,1.1577878655799623e-09,-0.010107545182108879,1.3029109735551714e-10,0,0,0,0,1,0,0,0,1,0,5
0.06510981172323227,4.601150521921227e-06,0.010934033431112766,7.948541679070331e-06,0.08364111185073853,5.81419444642961e-05,0.1224839836359024,0.0132269486784935,2.8132250008638948e-05,3.9321051303886634e-07,-7.52540145185776e-05,-1.5954085830216513e-09,0.9569175243377686,1.22180743300504e-09,-0.01093008928000927,8.922580556347537e-12,0,0,0,0,1,0,0,0,1,0,0
0.07647150009870529,1.71236624737503e-05,0.011687506921589375,1.6469801266794093e-05,0.0965655967593193,8.563826122554019e-05,0.11547264456748962,0.012635420076549053,2.688141103135422e-05,3.755174020625418e-07,-7.473995356122032e-05,-9.11273010176239e-14,0.9460112452507019,6.02215550316032e-07,-0.010956736281514168,1.1831264146167086e-06,0,0,0,0,1,0,0,0,1,0,0
0.08851706981658936,3.6470133636612445e-05,0.012330885976552963,2.0911782485200092e-05,0.10883454233407974,0.0001117399733630009,0.11361880600452423,0.01196405291557312,2.5453096895944327e-05,3.5558113609113207e-07,-7.077202462824062e-05,0.0,0.9346734285354614,2.5679048576421337e-06,-0.011628516018390656,2.6064360554300947e-06,0,0,0,0,1,0,0,0,1,0,16
0.10114561021327972,6.034951366018504e-05,0.01285102404654026,2.6753132260637358e-05,0.12042832374572754,0.00013640534598380327,0.1114083006978035,0.01129453256726265,2.4028713596635498e-05,3.3567974355719343e-07,-6.681102968286723e-05,-9.109152234593187e-14,0.9227253198623657,5.687308657797985e-06,-0.012204927392303944,3.391462996660266e-06,0,0,0,0,1,0,0,0,1,0,18
0.11414693295955658,9.076930291485041e-05,0.013245770707726479,3.257258140365593e-05,0.1313672959804535,0.0001596776128280908,0.10943161696195602,0.010653255507349968,2.2664416974294e-05,3.1662179367231147e-07,-6.301790563156828e-05,4.553791764787436e-14,0.9102458953857422,9.480236258241348e-06,-0.012685270980000496,4.156486738793319e-06,0,0,0,0,1,0,0,0,1,0,18
0.12609386444091797,-0.00014671750250272453,0.013405095785856247,2.6941905161947943e-05,0.141684889793396,0.00018162798369303346,0.11077038198709488,0.010048496536910534,2.1377811208367348e-05,2.9864077077945694e-07,-5.9439102187752724e-05,4.55309347082572e-14,0.8973493576049805,1.4070692486711778e-05,-0.013054819777607918,4.880893357039895e-06,0,0,0,0,1,0,0,0,1,0,18
0.13738729059696198,-0.000590020208619535,0.013405172154307365,1.347075703961309e-05,0.15320859849452972,0.000170511455507949,0.13429734110832214,0.015403167344629765,-8.503628487233073e-05,-1.843820172098276e-07,-5.039785901317373e-05,-1.3568607926117693e-07,0.8841332197189331,1.8919570720754564e-05,-0.01333671435713768,4.797188466909574e-06,0,0,0,0,1,0,0,0,1,0,18
0.15077520906925201,-0.0005837582866661251,0.01334442850202322,2.0128154574194923e-06,0.16849638521671295,8.615149272372946e-05,0.1443362832069397,0.015201452188193798,-8.388463902520016e-05,-1.9198807876819046e-07,-5.070618135505356e-05,-1.4163087769247795e-07,0.8706738948822021,2.3640230210730806e-05,-0.0135505897924304,4.657336830860004e-06,0,0,0,0,1,0,0,0,1,0,13
0.1642758846282959,-0.0005674256826750934,0.01361650601029396,3.3366748539265245e-05,0.18328356742858887,5.315574981068494e-06,0.12649352848529816,0.014354665763676167,-7.774857658660039e-05,-1.070380335477239e-06,-8.438542863586918e-05,-1.829251061735704e-08,0.8570301532745361,2.6312165573472157e-05,-0.013712574727833271,-7.758329161333677e-07,0,0,0,0,1,0,0,0,1,0,16
0.1780088096857071,-0.000509890029206872,0.013818986713886261,7.662556890863925e-05,0.197292298078537,-7.055646710796282e-05,0.11852752417325974,0.013671541586518288,-7.4045718065463e-05,-1.0343867415940622e-06,-8.08696640888229e-05,0.0,0.8432477116584778,2.064307227556128e-05,-0.013833887875080109,-9.513526492810342e-06,0,0,0,0,1,0,0,0,1,0,5
0.19191434979438782,-0.000425502221332863,0.013969751074910164,7.882464706199244e-05,0.21057753264904022,-0.00014250983076635748,0.11483485251665115,0.012955252081155777,-7.0166279328987e-05,-9.802247404877562e-07,-7.663521682843566e-05,-3.6454576878876266e-13,0.8293613195419312,7.003659902693471e-06,-0.013925047591328621,-1.5348719898611307e-05,0,0,0,0,1,0,0,0,1,0,13
0.2059481143951416,-0.0003579772310331464,0.014081071130931377,5.856503776158206e-05,0.22313208878040314,-0.00021050595387350768,0.11187049001455307,0.012226910330355167,-6.622153159696609e-05,-9.25071674373612e-07,-7.232329517137259e-05,-1.8223194220984285e-13,0.8153970837593079,-8.178682037396356e-06,-0.013993066735565662,-1.5042419363453519e-05,0,0,0,0,1,0,0,0,1,0,13
0.21940188109874725,-0.00014543037104886025,0.014141388237476349,3.977076994488016e-05,0.23497863113880157,-0.00027466731262393296,0.11102664470672607,0.011537703685462475,-6.248873978620395e-05,-8.729550700081745e-07,-6.824875890742987e-05,0.0,0.8013744950294495,-2.304219924553763e-05,-0.014044256880879402,-1.4714340068167076e-05,0,0,0,0,1,0,0,0,1,0,5
0.2310483604669571,0.0004960319492965937,0.014121310785412788,2.1662046492565423e-05,0.24662761390209198,-0.00032004789682105184,0.11938608437776566,0.015648063272237778,9.235753532266244e-05,-1.0223671864650896e-07,-4.9204067181563005e-05,-4.4108254826369375e-08,0.787307858467102,-3.753188138944097e-05,-0.014082824811339378,-1.429719395673601e-05,0,0,0,0,1,0,0,0,1,0,13
0.24476534128189087,0.0005075071821920574,0.013386151753365993,3.422276222408982e-06,0.26199257373809814,-0.00023003433307167143,0.15052546560764313,0.01527041383087635,8.942066051531583e-05,4.94877561152407e-08,-5.389363650465384e-05,9.171519366191205e-08,0.7732089161872864,-5.158945714356378e-05,-0.014110873453319073,-1.3859996215614956e-05,0,0,0,0,1,0,0,0,1,0,13
0.2582106292247772,0.0004990869201719761,0.01356829609721899,-2.427097933832556e-05,0.27697858214378357,-0.0001429741532774642,0.12328734993934631,0.014527030289173126,8.299652836285532e-05,1.0772062069008825e-06,-8.371989679289982e-05,7.295127346651498e-08,0.7590858340263367,-6.328201561700553e-05,-0.014131911098957062,-7.0055843934824225e-06,0,0,0,0,1,0,0,0,1,0,13
0.2719022035598755,0.0004478456103242934,0.013783047907054424,-7.293191447388381e-05,0.29117846488952637,-6.186824612086639e-05,0.11391431093215942,0.013875837437808514,7.925501995487139e-05,1.1070181926697842e-06,-8.20677523734048e-05,0.0,0.7449448704719543,-6.298351217992604e-05,-0.014148038811981678,6.279075023485348e-06,0,0,0,0,1,0,0,0,1,0,6
0.285776823759079,0.0003580337215680629,0.013942577876150608,-8.957340469351038e-05,0.304660826921463,1.5139202332647983e-05,0.11456210911273956,0.013147542253136635,7.50951876398176e-05,1.0490381328054355e-06,-7.776943675708026e-05,0.0,0.7307905554771423,-4.95242202305235e-05,-0.01415925845503807,1.8208191249868833e-05,0,0,0,0,0,1,0,0,1,0,6
0.2997876703739166,0.0002800333022605628,0.014061085879802704,-6.85433333273977e-05,0.3174104690551758,8.796191104920581e-05,0.11011955142021179,0.012423445470631123,7.095937326084822e-05,9.91320575849386e-07,-7.34905552235432e-05,0.0,0.7166259288787842,-3.15819306706544e-05,-0.014168374240398407,1.772412178979721e-05,0,0,0,0,0,1,0,0,1,0,6
0.3133726716041565,0.001001578290015459,0.013854563236236572,6.616201426368207e-05,0.3294418454170227,0.0001566821156302467,0.10925473272800446,0.011719262227416039,6.69372602715157e-05,9.351213634545275e-07,-6.932429823791608e-05,9.110243213029251e-14,0.7024539709091187,-1.4125637790129986e-05,-0.014174685813486576,1.7236736312042922e-05,0,0,0,0,0,1,0,0,1,0,12
0.32648026943206787,0.0022053245920687914,0.013318131677806377,0.0003158333129249513,0.34179258346557617,0.0012840218842029572,0.13454332947731018,0.014371098019182682,0.0035778991878032684,1.715948383207433e-05,-5.159494685358368e-05,2.4184639642044203e-06,0.6882766485214233,8.342099135916214e-06,-0.014179594814777374,3.049814040423371e-05,0,0,0,0,0,1,0,0,1,0,12
0.339196115732193,0.003188089234754443,0.012362704612314701,0.0017986128805205226,0.35605981945991516,0.004835172090679407,0.14408689737319946,0.014186584390699863,0.003531137015670538,1.7348349501844496e-05,-5.1787050324492157e-05,2.54687302003731e-06,0.6740953922271729,4.937830090057105e-05,-0.014182399027049541,4.965921107213944e-05,0,0,0,0,0,1,0,0,1,0,12
0.3512495160102844,0.005618635099381208,0.01172984391450882,0.002683289349079132,0.36987337470054626,0.008252020925283432,0.12669354677200317,0.013427460566163063,0.003301568329334259,4.6130589907988906e-05,-7.943516538944095e-05,-5.833624382167724e-12,0.6599118709564209,0.0001412454730598256,-0.01418099645525217,0.0002271560369990766,0,0,0,0,0,1,0,0,1,0,12
0.36308753490448,0.008317146450281143,0.012057318352162838,0.0027299995999783278,0.38298091292381287,0.011474935337901115,0.11845842003822327,0.012793490663170815,0.0031456882134079933,4.394392453832552e-05,-7.567586726509035e-05,0.0,0.6457503437995911,0.0006689587607979774,-0.01413752045482397,0.0007733805105090141,0,0,0,0,0,1,0,0,1,0,12
0.37539049983024597,0.01105851586908102,0.012489627115428448,0.0027432467322796583,0.3954118490219116,0.014531475491821766,0.11489226669073105,0.012121878564357758,0.0029805516824126244,4.1638391849119216e-05,-7.170550088630989e-05,0.0,0.631659984588623,0.0017416251357644796,-0.014044256880879402,0.001316998852416873,0,0,0,0,0,1,0,0,1,0,12
0.38806790113449097,0.0138041777536273,0.012807635590434074,0.002766026183962822,0.40715906023979187,0.017419900745153427,0.1118760034441948,0.01144049596041441,0.002813011175021529,3.929593367502093e-05,-6.767157174181193e-05,1.1660186705064746e-11,0.617660641670227,0.003245584899559617,-0.013965018093585968,0.0016365931369364262,0,0,0,0,0,1,0,0,1,0,12
0.4009930193424225,0.016617193818092346,0.013010291382670403,0.0028515546582639217,0.41824373602867126,0.020145410671830177,0.11103078722953796,0.010795656591653824,0.002654456766322255,3.708223084686324e-05,-6.385934830177575e-05,-5.8290707330432845e-12,0.6037423014640808,0.0050436523742973804,-0.013877363875508308,0.0019299071282148361,0,0,0,0,0,1,0,0,1,0,5
0.4138190746307373,0.019704507663846016,0.01284449640661478,0.0028364278841763735,0.42869722843170166,0.022715751081705093,0.1090250238776207,0.010179509408771992,0.0025029578246176243,3.4966338716913015e-05,-6.021556328050792e-05,2.914074580598336e-12,0.5899262428283691,0.007150786463171244,-0.013753245584666729,0.0022772611118853092,0,0,0,0,1,0,0,0,1,0,5
0.42545637488365173,0.022685950621962547,0.011609628796577454,0.0022027790546417236,0.43855583667755127,0.02513979934155941,0.11075132340192795,0.009601236321032047,0.0023607707116752863,3.297913644928485e-05,-5.679341484210454e-05,0.0,0.5762642025947571,0.009648087434470654,-0.013582847081124783,0.0026765908114612103,0,0,0,0,1,0,0,0,1,0,16
0.43500828742980957,0.024448616430163383,0.008226843550801277,0.0012957308208569884,0.4927489459514618,0.02475001849234104,0.3482154607772827,0.0641360729932785,-0.0013324316823855042,-1.1383182027202565e-05,-2.417927817077725e-06,0.0022129954304546118,0.5628123879432678,0.012532292865216732,-0.01313861645758152,0.002975227078422904,0,0,0,0,1,0,0,0,1,0,18
0.4428507089614868,0.0257837176322937,0.007353109307587147,0.0012836387613788247,0.5550699830055237,0.023027556017041206,0.5405146479606628,0.06088291108608246,-0.002032778924331069,-1.1383182027202565e-05,-2.417927817077725e-06,0.0022129954304546118,0.5515507459640503,0.015258020721375942,-0.00939123798161745,0.0025030099786818027,0,0,0,0,1,0,0,0,1,0,7
0.44987159967422485,0.026636799797415733,0.006878376007080078,0.0006685701664537191,0.6143003106117249,0.0206375140696764,0.6213855743408203,0.05791817232966423,-0.0026732515543699265,-1.1383182027202565e-05,-2.417927817077725e-06,0.0022129954304546118,0.5451483726501465,0.01739390194416046,-0.003787699854001403,0.0018179131438955665,0,0,0,0,0,0,1,0,1,0,6
0.4560786187648773,0.027237942442297935,0.0062781223095953465,0.0005884889396838844,0.6707043647766113,0.01764029823243618,0.5962282419204712,0.0551992729306221,-0.0032532811164855957,-1.1383182027202565e-05,-2.417927817077725e-06,0.0022129954304546118,0.5438619256019592,0.019614145159721375,0.0007801196188665926,0.0027026429306715727,0,0,0,0,0,1,0,0,1,0,4
0.4632328748703003,0.02768515609204769,0.007846075110137463,0.0002554444072302431,0.7245084047317505,0.014095645397901535,0.4697781801223755,0.0526919886469841,-0.003774393582716584,-1.1383182027202565e-05,-2.417927817077725e-06,0.0022129954304546118,0.5471305251121521,0.02194877713918686,0.004838143941015005,0.0018472305964678526,0,0,0,1,0,0,0,0,1,0,16
0.47182244062423706,0.027574218809604645,0.009143702685832977,-0.00047814904246479273,0.7759082913398743,0.01006100233644247,0.24622857570648193,0.050368353724479675,-0.004239417612552643,-1.1383182027202565e-05,-2.417927817077725e-06,0.0022129954304546118,0.5530804991722107,0.023343833163380623,0.0067307669669389725,0.0011513963108882308,0,0,0,1,0,0,0,0,1,0,0
0.4811277389526367,0.02689661644399166,0.00949291605502367,-0.0007260644342750311,0.8216296434402466,0.0058737280778586864,0.1906263828277588,0.0414421483874321,-0.0040681143291294575,-1.5381458069896325e-05,-2.345388384128455e-05,0.002025756984949112,0.5606637001037598,0.02420807257294655,0.008247880265116692,0.000556176935788244,0,0,0,1,0,0,0,0,1,0,5
0.49117904901504517,0.026110248640179634,0.010480249300599098,-0.0008374024764634669,0.8622651100158691,0.0016488658729940653,0.24837559461593628,0.03998358175158501,-0.0043469201773405075,-1.5381458069896325e-05,-2.345388384128455e-05,0.002025756984949112,0.5695815086364746,0.02428847923874855,0.009311998263001442,-0.00033141893800348043,0,0,0,0,1,0,0,0,1,0,4
0.5021238923072815,0.025214316323399544,0.011318220756947994,-0.0009353366331197321,0.9014706611633301,-0.002832934958860278,0.17360147833824158,0.03857646882534027,-0.004586603492498398,-1.5381458069896325e-05,-2.345388384128455e-05,0.002025756984949112,0.5789883136749268,0.02380920760333538,0.009699428454041481,-0.0005350443534553051,0,0,0,1,0,0,0,0,1,0,14
0.5138550996780396,0.024242637678980827,0.012041890993714333,-0.0009998464956879616,0.9372825622558594,-0.007297420874238014,0.1521591991186142,0.03387510031461716,-0.00437415624037385,-2.1557232685154304e-05,-4.7201923734974116e-05,0.001755798002704978,0.5891759991645813,0.023181626573204994,0.010561943054199219,-0.0007069282000884414,0,0,0,0,0,0,0,0,1,0,16
0.5262165069580078,0.023212583735585213,0.012600421905517578,-0.0010529774008318782,0.9704745411872864,-0.011724565178155899,0.10362739861011505,0.032075561583042145,-0.004393419250845909,-2.3157261239248328e-05,-5.274468639981933e-05,0.0016840038588270545,0.5999959707260132,0.022401556372642517,0.010733043774962425,-0.0008113218937069178,0,0,0,0,0,0,0,0,1,0,16
0.5390608906745911,0.02213640883564949,0.013026068918406963,-0.001094543724320829,0.9997811913490295,-0.015849120914936066,0.11331236362457275,0.02770075388252735,-0.003967321012169123,-3.912507600034587e-05,-0.00010739871504483745,0.0008896395447663963,0.6109820604324341,0.021529754623770714,0.011286314576864243,-0.0009261392406187952,0,0,0,0,0,0,0,0,1,0,0
