lt_dp_posx,lt_dp_posy,lt_dp_velx,lt_dp_vely,ball_posx,ball_posy,ball_posz,ball_vel_x,ball_vel_y,ball_rot_x,ball_rot_y,ball_rot_z,rt_gk_posx,rt_gk_posy,rt_gk_velx,rt_gk_vely,action_left,action_top_left,action_top,action_top_right,action_right,action_bottom_right,action_bottom,action_bottom_left,action_sprint,action_dribble,sel_action
-1.0110293626785278,-0.0,0.0,-0.0,0.019999999552965164,-0.0,0.11061639338731766,0.0,-0.0,0.0,-0.0,0.0,1.0110293626785278,0.0,-0.0,0.0,0,0,0,0,0,0,0,0,0,0,5
0.0,-0.0,0.0,-0.0,0.019999999552965164,-0.0,0.11059734225273132,0.0,-0.0,0.0,-0.0,0.0,1.0110293626785278,0.0,-0.0,0.0,0,0,0,0,1,0,0,0,0,0,5
0.002222317736595869,2.2937836352543428e-10,0.003935635555535555,2.406634058704782e-10,0.019999999552965164,-0.0,0.10930104553699493,0.0,-0.0,0.0,-0.0,0.0,1.0106345415115356,-3.38655210645189e-12,-0.001967654563486576,-1.6542036837541296e-11,0,0,0,0,1,0,0,0,0,0,5
0.0054921419359743595,-9.92754212170155e-10,0.005578109063208103,-3.5155914290818657e-10,0.019999999552965164,-0.0,0.11075475811958313,0.0,-0.0,0.0,-0.0,0.0,1.0068784952163696,-2.7443991523767863e-11,-0.004527849145233631,-2.2594233775596884e-11,0,0,0,0,1,0,0,0,0,0,13
0.011258019134402275,-1.7533463569918695e-09,0.007097138091921806,-1.975291874511953e-10,0.026139209046959877,-3.275870130714509e-10,0.12431260198354721,0.008584994822740555,-4.578006584932126e-10,-3.2112596002470406e-12,-2.7008014512830414e-05,-1.4191526643073105e-12,1.0014904737472534,-4.2282771034463096e-11,-0.006076167803257704,-6.61698213583195e-12,0,0,0,0,1,0,0,0,1,0,0
0.019116537645459175,-1.9460071332133566e-09,0.008456573821604252,-5.582537210280236e-10,0.03440513461828232,-7.680284741518051e-10,0.1185283213853836,0.008044558577239513,-4.2852624226874525e-10,-5.98657451736373e-12,-4.758700742968358e-05,0.0,0.9946169853210449,7.441833260735109e-11,-0.007505276706069708,1.507380054110996e-10,0,0,0,0,1,0,0,0,1,0,5
0.028236888349056244,-2.5940178893790744e-09,0.009634762071073055,-6.106367078650976e-10,0.04221908375620842,-1.1842703484532535e-09,0.11089491844177246,0.00762146944180131,-4.059887703800058e-10,-5.671707895005262e-12,-4.508412894210778e-05,-3.471912777359635e-19,0.986401379108429,1.749757977398403e-10,-0.008770297281444073,5.3650438258667776e-11,0,0,0,0,1,0,0,0,1,0,5
0.03708210587501526,-5.252914547781984e-09,0.009385212324559689,-7.904455423535239e-10,0.04959878325462341,-1.5773800043916708e-09,0.11241202801465988,0.007185625843703747,-3.8277184200019576e-10,-5.347269935868093e-12,-4.2505191231612116e-05,-3.471638515287785e-19,0.9771802425384521,4.518136975661946e-10,-0.009335489943623543,8.630365866402201e-10,0,0,0,0,1,0,0,0,1,0,0
0.045432835817337036,-8.307247334471413e-09,0.00997435487806797,-4.38993008611277e-10,0.05805014818906784,5.930602583248401e-06,0.1259928196668625,0.014216886833310127,2.95807039947249e-05,3.7797664731442637e-07,-4.008524774690159e-05,-2.8286411435374248e-08,0.9674903154373169,1.1530526533576335e-09,-0.010107545182108879,5.650616641261763e-10,0,0,0,0,1,0,0,0,1,0,13
0.05586946755647659,2.5481895704615454e-07,0.010675630532205105,1.7560499827595777e-06,0.07207812368869781,3.521055623423308e-05,0.13850638270378113,0.013952200300991535,2.912426680268254e-05,3.8005143210284587e-07,-4.279361019143835e-05,-2.4599154713200733e-08,0.9569175243377686,1.511278546750816e-09,-0.01093008928000927,1.8584772609742117e-10,0,0,0,0,1,0,0,0,1,0,16
0.06667342036962509,6.475650479842443e-06,0.011097771115601063,9.712333849165589e-06,0.08559787273406982,6.37328193988651e-05,0.12545955181121826,0.013114520348608494,2.7908943593502045e-05,3.8988747519397293e-07,-7.75810403865762e-05,-9.114110426653235e-14,0.9460111856460571,5.610308448922297e-07,-0.010957437567412853,1.1020377996828756e-06,0,0,0,0,1,0,0,0,1,0,13
0.07818106561899185,2.06368749786634e-05,0.011819601058959961,1.7883427062770352e-05,0.09839726984500885,9.097112342715263e-05,0.11673883348703384,0.012501738965511322,2.6604871891322546e-05,3.716696710398537e-07,-7.395228749373928e-05,4.556178026006441e-14,0.9346734285354614,2.392479245827417e-06,-0.011628516018390656,2.428676452836953e-06,0,0,0,0,1,0,0,0,1,0,13
0.09035277366638184,4.080810322193429e-05,0.01244641374796629,2.18192653846927e-05,0.11052794009447098,0.00011678633745759726,0.10918579995632172,0.011826685629785061,2.5168294087052345e-05,3.5160991274096887e-07,-6.996093725319952e-05,-4.5552625527970486e-14,0.9227253198623657,5.2998352657596115e-06,-0.012204927392303944,3.1627716907678405e-06,0,0,0,0,1,0,0,0,1,0,0
0.1030811220407486,6.59453944535926e-05,0.012939028441905975,2.8152566301287152e-05,0.12198477983474731,0.00014116753300186247,0.11094466596841812,0.011160080321133137,2.3749695174046792e-05,3.317734638130787e-07,-6.601402856176719e-05,4.5544073883335007e-14,0.9102458953857422,8.843265277391765e-06,-0.012685270980000496,3.888431820087135e-06,0,0,0,0,1,0,0,0,1,0,0
0.11607395112514496,9.741331450641155e-05,0.013312279246747494,3.297213697806001e-05,0.13279326260089874,0.00016416895959991962,0.1104176864027977,0.010526277124881744,2.240089997940231e-05,3.1293726010517275e-07,-6.22661245870404e-05,4.553641670549183e-14,0.8973493576049805,1.3145725461072288e-05,-0.013054819777607918,4.596051894623088e-06,0,0,0,0,1,0,0,0,1,0,5
0.12759381532669067,-0.000354494753992185,0.013405189849436283,2.4259874408016913e-05,0.1429882049560547,0.000185864744707942,0.10927583277225494,0.00992961972951889,2.113115624524653e-05,2.9520194289034407e-07,-5.873728514416143e-05,0.0,0.8841332197189331,1.803710802050773e-05,-0.01333671435713768,5.1836009333783295e-06,0,0,0,0,1,0,0,0,1,0,13
0.13947713375091553,-0.0007570452871732414,0.01340525969862938,1.0782843673950993e-05,0.15559467673301697,0.00014425856352318078,0.14483921229839325,0.01536185946315527,-0.00010318325803382322,-2.5403272729818127e-07,-5.07027143612504e-05,-1.7532951801513263e-07,0.8706738948822021,2.357968878641259e-05,-0.0135505897924304,5.826336291647749e-06,0,0,0,0,1,0,0,0,1,0,13
0.1528620719909668,-0.0007520969957113266,0.01340525969862938,5.893622983421665e-06,0.1708519160747528,4.178281960776076e-05,0.13375519216060638,0.015169501304626465,-0.0001018955372273922,-2.5403272729818127e-07,-5.07027143612504e-05,-1.7532951801513263e-07,0.8570301532745361,2.7112730094813742e-05,-0.013712574727833271,-8.034606935325428e-07,0,0,0,0,1,0,0,0,1,0,0
0.16641467809677124,-0.0007236983510665596,0.013661910779774189,5.1381823141127825e-05,0.18546856939792633,-5.515546217793599e-05,0.12540827691555023,0.014259208925068378,-9.406567551195621e-05,-1.3141543604433537e-06,-8.435210474999622e-05,0.0,0.8432477116584778,2.0119896362302825e-05,-0.013833887875080109,-1.1855577213282231e-05,0,0,0,0,1,0,0,0,1,0,16
0.18018604815006256,-0.0006433575181290507,0.013852469623088837,0.0001033144217217341,0.19934342801570892,-0.00014668575022369623,0.11884298175573349,0.013546428643167019,-8.936352242017165e-05,-1.2484242688515224e-06,-8.013310434762388e-05,-5.469236175059677e-13,0.8293613195419312,3.0201092613424407e-06,-0.013925047591328621,-1.9362834791536443e-05,0,0,0,0,1,0,0,0,1,0,13
0.19411993026733398,-0.0005423983675427735,0.013994294218719006,9.085074270842597e-05,0.2124907374382019,-0.00023341624182648957,0.11088961362838745,0.012819213792681694,-8.456614159513265e-05,-1.1814242952823406e-06,-7.583259139209986e-05,-1.8226507813873943e-13,0.8153970837593079,-1.63626918947557e-05,-0.013993066735565662,-1.939493085956201e-05,0,0,0,0,1,0,0,0,1,0,16
0.2081747055053711,-0.00046510869287885725,0.014099303632974625,6.657441554125398e-05,0.22490628063678741,-0.0003153196012135595,0.11247707158327103,0.012094732373952866,-7.97868924564682e-05,-1.1146155429742066e-06,-7.154430932132527e-05,1.8222478647550444e-13,0.8013744950294495,-3.576355811674148e-05,-0.014044256880879402,-1.940259062394034e-05,0,0,0,0,1,0,0,0,1,0,18
0.2212119996547699,-1.2766115105478093e-05,0.014141201041638851,4.3979031033813953e-05,0.2366214245557785,-0.0003926023782696575,0.11059851199388504,0.011408395133912563,-7.525922410422936e-05,-1.0513450661164825e-06,-6.74831317155622e-05,0.0,0.7873085141181946,-5.523999425349757e-05,-0.014082123525440693,-1.9550143406377174e-05,0,0,0,0,1,0,0,0,1,0,5
0.2334395796060562,0.000704568054061383,0.013974308967590332,2.1729671061621048e-05,0.24908745288848877,-0.0004061157815158367,0.13423168659210205,0.015452232211828232,0.000125290040159598,9.777195941751415e-08,-5.358481575967744e-05,1.263584294974862e-07,0.7732099890708923,-7.487573748221621e-05,-0.014110873453319073,-1.9704100850503892e-05,0,0,0,0,1,0,0,0,1,0,16
0.24702003598213196,0.0007142616668716073,0.01334442850202322,1.0378231536378735e-06,0.2644234299659729,-0.00028184769325889647,0.14415939152240753,0.015249035321176052,0.0001235674280906096,1.1213194994752484e-07,-5.391297599999234e-05,1.3747315108503244e-07,0.759087085723877,-9.178647451335564e-05,-0.014131911098957062,-1.0270783604937606e-05,0,0,0,0,1,0,0,0,1,0,16
0.2605206370353699,0.0006932573160156608,0.013616330921649933,-4.724523751065135e-05,0.27926796674728394,-0.00016302768199238926,0.12660612165927887,0.014428575523197651,0.0001141713946708478,1.5949705129969516e-06,-8.53502206155099e-05,0.0,0.7449461221694946,-9.158677130471915e-05,-0.014148038811981678,8.772869477979839e-06,0,0,0,0,1,0,0,0,1,0,0
0.27425312995910645,0.0006087571964599192,0.013818460516631603,-0.00011392749001970515,0.2933501601219177,-5.159715874469839e-05,0.1185176745057106,0.013743259012699127,0.00010874858708120883,1.5191704960670904e-06,-8.129386696964502e-05,3.646396606968999e-13,0.7307918071746826,-7.251738861668855e-05,-0.01415925845503807,2.590859185147565e-05,0,0,0,0,1,0,0,0,1,0,5
0.2881578505039215,0.0004825163632631302,0.01396887470036745,-0.0001183456988655962,0.3067041039466858,5.407126809586771e-05,0.11485666781663895,0.013021762482821941,0.00010303944873157889,1.439463972019439e-06,-7.702863513259217e-05,0.0,0.7166271805763245,-4.679573976318352e-05,-0.014168374240398407,2.5567924240021966e-05,0,0,0,0,1,0,0,0,1,0,6
0.3020998537540436,0.0004639733524527401,0.014051415026187897,-9.177275933325291e-05,0.31932270526885986,0.000153920438606292,0.11187364161014557,0.012288836762309074,9.723992116050795e-05,1.3583786540039e-06,-7.268959598150104e-05,1.8223533034163186e-13,0.7024552822113037,-2.141726690751966e-05,-0.014174685813486576,2.5222911062883213e-05,0,0,0,0,0,1,0,0,1,0,7
0.31494876742362976,0.00147607724647969,0.013684110715985298,0.0002798593486659229,0.33122894167900085,0.00024813253548927605,0.11102781444787979,0.011595528572797775,9.175386367132887e-05,1.2817832839573384e-06,-6.85908307787031e-05,-1.8219839970513158e-13,0.6882774829864502,4.517198703979375e-06,-0.014179594814777374,2.7131718525197357e-05,0,0,0,0,0,0,1,0,1,0,12
0.3279056251049042,0.002171335509046912,0.012900197878479958,0.0006473324610851705,0.3446880578994751,0.0027430204208940268,0.1499277949333191,0.014225395396351814,0.003499898361042142,1.7769594705896452e-05,-5.25179821124766e-05,2.782893488983973e-06,0.6740955710411072,3.323003329569474e-05,-0.014183100312948227,3.0006354791112244e-05,0,0,0,0,0,0,1,0,1,0,12
0.34032049775123596,0.0037679371889680624,0.012195110321044922,0.002297363243997097,0.3588024377822876,0.006214779336005449,0.1163623258471489,0.013946265913546085,0.0034246083814650774,2.0282122932258062e-05,-5.502839121618308e-05,4.141290446568746e-06,0.6599112153053284,9.402180148754269e-05,-0.014183801598846912,0.0001789017260307446,0,0,0,0,0,0,1,0,1,0,12
0.352134644985199,0.006408750545233488,0.011765606701374054,0.0026615469250828028,0.37221989035606384,0.009479799307882786,0.12080732733011246,0.013163020834326744,0.003199921688064933,4.4706215703627095e-05,-7.78698522481136e-05,0.0,0.6457424759864807,0.0005420495290309191,-0.01415084395557642,0.000668060383759439,0,0,0,0,0,0,1,0,1,0,12
0.3641766607761383,0.009108851663768291,0.012253663502633572,0.002718741772696376,0.3850013315677643,0.012586960569024086,0.11447533220052719,0.012485348619520664,0.003035179805010557,4.240328416926786e-05,-7.385858043562621e-05,1.1663758500701782e-11,0.6316285133361816,0.0014783702790737152,-0.01407791581004858,0.0011554326629266143,0,0,0,0,0,0,1,0,1,0,12
0.37665343284606934,0.011830506846308708,0.012644249014556408,0.002720203483477235,0.39710190892219543,0.015528613701462746,0.11210919171571732,0.01179167628288269,0.0028665482532233,4.004357833764516e-05,-6.974844291107729e-05,0.0,0.6175875067710876,0.0028094067238271236,-0.01401270180940628,0.0014579056296497583,0,0,0,0,0,0,1,0,1,0,12
0.3894537091255188,0.014575548470020294,0.012907560914754868,0.0027803427074104548,0.40852823853492737,0.018306337296962738,0.10899157077074051,0.011131669394671917,0.0027061013970524073,3.780487895710394e-05,-6.584901711903512e-05,0.0,0.603615403175354,0.004421866033226252,-0.013936968520283699,0.0017386839026585221,0,0,0,0,0,0,1,0,1,0,12
0.4024637043476105,0.017401549965143204,0.013085323385894299,0.002861251123249531,0.419308602809906,0.020927034318447113,0.11143854260444641,0.010498427785933018,0.0025521605275571346,3.565310544217937e-05,-6.210105493664742e-05,5.8286197049395305e-12,0.5897300243377686,0.006327368319034576,-0.013833887875080109,0.0020615935791283846,0,0,0,0,0,0,1,0,1,0,5
0.4152359366416931,0.020598985254764557,0.012646431103348732,0.0027768234722316265,0.42947784066200256,0.023399174213409424,0.1086067408323288,0.009905315935611725,0.0024079757276922464,3.363964060554281e-05,-5.859394877916202e-05,0.0,0.575971245765686,0.008589262142777443,-0.013694342225790024,0.0024252175353467464,0,0,0,0,1,0,0,0,1,0,14
0.4266742467880249,0.023462757468223572,0.010915076360106468,0.0019788783974945545,0.4390732944011688,0.025731820613145828,0.11126900464296341,0.07001008093357086,-0.00042171342647634447,1.8253551388625056e-05,5.101623628434027e-06,0.0015960133168846369,0.5623652935028076,0.011214441619813442,-0.013523242436349392,0.0028029298409819603,0,0,0,0,0,0,0,0,1,0,9
0.4357343316078186,0.02499265782535076,0.008340442553162575,0.0013781506568193436,0.5050628185272217,0.025053173303604126,0.2808787226676941,0.06436780840158463,-0.0009069286752492189,1.795341813703999e-05,8.409658107666473e-07,0.0015772494953125715,0.5489965081214905,0.014311118051409721,-0.01323468517512083,0.0033352933824062347,0,0,0,0,0,0,0,0,1,0,11
0.4433860778808594,0.02629888616502285,0.007356615737080574,0.0012753967894241214,0.5676145553588867,0.0238758884370327,0.34906578063964844,0.061114829033613205,-0.001394476741552353,1.795341813703999e-05,8.409658107666473e-07,0.0015772494953125715,0.5359432101249695,0.017933467403054237,-0.01289739366620779,0.0038552084006369114,0,0,0,0,0,0,0,0,1,0,15
0.450237512588501,0.027013877406716347,0.00637068459764123,0.0006119314930401742,0.6270832419395447,0.022226182743906975,0.3213828206062317,0.05816340819001198,-0.0018542263424023986,1.795341813703999e-05,8.409658107666473e-07,0.0015772494953125715,0.5239591598510742,0.021737750619649887,-0.010647142305970192,0.0034770469646900892,0,0,0,0,0,0,0,0,0,0,13
0.4564504623413086,0.027599234133958817,0.006601389497518539,0.0005718909087590873,0.683745265007019,0.02013264037668705,0.20259377360343933,0.05546962097287178,-0.0022849733941257,1.795341813703999e-05,8.409658107666473e-07,0.0015772494953125715,0.5157320499420166,0.024514833465218544,-0.006013407371938229,0.002089984016492963,0,0,0,0,0,0,0,0,1,0,16
0.46390631794929504,0.02802722528576851,0.008125865831971169,0.00026217487175017595,0.7349832057952881,0.01782425493001938,0.15187783539295197,0.04622770473361015,-0.002184966579079628,1.3301632861839607e-05,-2.5281306079705246e-05,0.0014147426700219512,0.5127549767494202,0.02566337212920189,-0.00029451705631799996,0.0006058569997549057,0,0,0,0,0,0,0,0,1,0,6
0.47274789214134216,0.02797294221818447,0.009312349371612072,-0.00032950815511867404,0.7802534699440002,0.015495279803872108,0.15684866905212402,0.04449872300028801,-0.0024442472495138645,1.3301632861839607e-05,-2.5281306079705246e-05,0.0014147426700219512,0.515315055847168,0.02605143003165722,0.003808736801147461,0.00021996680879965425,0,0,0,0,0,1,0,0,1,0,8
0.4821734130382538,0.027572838589549065,0.009751319885253906,-0.0004236777895130217,0.8218777179718018,0.013086545281112194,0.1285451203584671,0.03851372376084328,-0.0022935171145945787,6.5124972934427205e-06,-5.578339914791286e-05,0.0011912592453882098,0.5200132727622986,0.026142511516809464,0.005409296602010727,-3.0372701075975783e-05,0,0,0,0,0,0,0,1,1,0,1
0.4924527704715729,0.027111178264021873,0.01067607942968607,-0.0004932095762342215,0.8574647903442383,0.010912267491221428,0.11175122857093811,0.03302426636219025,-0.0020407550036907196,-3.811473561654566e-06,-9.775079524843022e-05,0.0008393361931666732,0.5263146758079529,0.025983456522226334,0.007050116080790758,-0.00021232831932138652,1,0,0,0,0,0,0,0,1,0,18
0.503504753112793,0.026590995490550995,0.011447418481111526,-0.0005438585649244487,0.8880412578582764,0.0090174600481987,0.10924185812473297,0.02890775538980961,-0.0017938356613740325,-1.776489443727769e-05,-0.0001479963248129934,0.00031098281033337116,0.5343704223632812,0.025694681331515312,0.008438140153884888,-0.0003217844641767442,1,0,0,0,0,0,0,0,1,0,0
0.5153036117553711,0.026026254519820213,0.012150474824011326,-0.0005873626214452088,0.9154164791107178,0.007320405915379524,0.10944682359695435,0.026250386610627174,-0.0016268078470602632,-2.272507845191285e-05,-0.00015527084178756922,-2.3480606348158517e-11,0.543664276599884,0.025296205654740334,0.009493589401245117,-0.0004235914384480566,1,0,0,0,0,0,0,0,1,0,16
0.5277060866355896,0.02542121894657612,0.012642386369407177,-0.0006209537386894226,0.9404416680335999,0.005769520998001099,0.10958993434906006,0.024071909487247467,-0.001491802278906107,-2.083938306896016e-05,-0.0001423866779077798,-1.758674803009619e-11,0.5537503361701965,0.024835102260112762,0.010285667143762112,-0.00047288223868235946,1,0,0,0,0,0,0,0,1,0,3
0.5405537486076355,0.024789148941636086,0.013079027645289898,-0.0006457206909544766,0.9634547233581543,0.004343344364315271,0.10968898981809616,0.022185591980814934,-0.0013749023200944066,-1.9206529032089747e-05,-0.00013123003009241074,5.855971957346995e-12,0.5646675825119019,0.024322114884853363,0.011083733290433884,-0.0005247387452982366,0,0,1,0,0,0,0,0,1,0,1
0.5537929534912109,0.02413364313542843,0.013406272046267986,-0.0006658297497779131,0.9847144484519958,0.003025821642950177,0.10976164788007736,0.02053377963602543,-0.0012725349515676498,-1.7776619642972946e-05,-0.00012146011431468651,-5.850903095350191e-12,0.576436460018158,0.02375682257115841,0.011931930668652058,-0.0005752219585701823,1,0,0,0,0,0,0,0,1,0,18
0.5673006772994995,0.02346174046397209,0.013629638589918613,-0.0006788625614717603,1.0044305324554443,0.0018039613496512175,0.10981574654579163,0.01907297410070896,-0.001182004576548934,-1.6512050933670253e-05,-0.00011281985644018278,-2.9233761678765235e-12,0.5887923240661621,0.023152653127908707,0.012465354055166245,-0.000614561082329601,1,0,0,0,0,0,0,0,1,0,9
