lt_dp_posx,lt_dp_posy,lt_dp_velx,lt_dp_vely,ball_posx,ball_posy,ball_posz,ball_vel_x,ball_vel_y,ball_rot_x,ball_rot_y,ball_rot_z,rt_gk_posx,rt_gk_posy,rt_gk_velx,rt_gk_vely,action_left,action_top_left,action_top,action_top_right,action_right,action_bottom_right,action_bottom,action_bottom_left,action_sprint,action_dribble,sel_action
-1.0110293626785278,-0.0,0.0,-0.0,0.019999999552965164,-0.0,0.11061639338731766,-0.0,0.0,0.0,-0.0,0.0,1.0110293626785278,0.0,-0.0,0.0,0,0,0,0,0,0,0,0,0,0,5
0.0022227545268833637,1.214716660591364e-10,0.003935635089874268,2.5671381687075723e-11,0.019999999552965164,-0.0,0.11059734225273132,-0.0,0.0,0.0,-0.0,0.0,1.0110293626785278,0.0,-0.0,0.0,0,0,0,0,1,0,0,0,0,0,5
0.005271322093904018,-2.6352731108403304e-09,0.005585023667663336,-4.004820364222894e-10,0.019999999552965164,-0.0,0.10930104553699493,-0.0,0.0,0.0,-0.0,0.0,1.0109632015228271,-5.536350891621744e-12,-0.0006619621999561787,-5.536350891621744e-11,0,0,0,0,1,0,0,0,0,0,13
0.010625659488141537,-4.5637658097064104e-09,0.007103427313268185,-2.554758071759977e-10,0.025320498272776604,-5.634832600520667e-10,0.1260860562324524,0.008659591898322105,-9.180178284218243e-10,2.2965069516184267e-12,6.04173601459479e-06,-4.012789232843428e-12,1.007768154144287,-2.1824014817539705e-10,-0.004207386635243893,-2.3317275887890787e-10,0,0,0,0,1,0,0,0,1,0,16
0.01848970539867878,-4.6795465280524695e-09,0.008461274206638336,-1.3390841213656302e-10,0.03355647996068001,-1.4382255386635734e-09,0.11838945001363754,0.007918355986475945,-8.42004965750931e-10,1.176400036412284e-11,4.684515806729905e-05,0.0,1.0026906728744507,-4.0175557325383693e-10,-0.005775339435786009,-1.2385627246036535e-10,0,0,0,0,1,0,0,0,1,0,18
0.027614345774054527,-4.809848963560626e-09,0.009638728573918343,-8.884844249212875e-11,0.041250068694353104,-2.2563302337630375e-09,0.1135486587882042,0.007504452485591173,-7.979922833634134e-10,1.1148005261973903e-11,4.439179610926658e-05,-6.943675111245361e-19,0.9961044192314148,-1.1121107507117145e-10,-0.007231095340102911,6.200462365768544e-10,0,0,0,0,1,0,0,0,1,0,16
0.03612228110432625,-6.656200479682184e-09,0.009277104400098324,-1.8268359047723948e-10,0.048517677932977676,-3.0291376074131904e-09,0.11264698207378387,0.007074202410876751,-7.522412137639378e-10,1.0508609607495778e-11,4.1845705709420145e-05,-2.0829425256238677e-18,0.9881436228752136,3.5951733257100216e-10,-0.008531177416443825,3.2680291806030937e-10,0,0,0,0,1,0,0,0,1,0,18
0.04460865631699562,-8.484513536188842e-09,0.010067443363368511,-1.1342846106821014e-10,0.05758916214108467,8.605913535575382e-06,0.13116511702537537,0.013979627750813961,2.82593955489574e-05,2.9465124384842056e-07,7.136271051422227e-06,3.4855759167840006e-07,0.9790472984313965,5.072112507775728e-09,-0.009335489943623543,4.5987444963202506e-08,0,0,0,0,1,0,0,0,1,0,18
0.055106088519096375,4.77037247037515e-07,0.010675542056560516,2.4280604975501774e-06,0.07142878323793411,3.651112274383195e-05,0.13711479306221008,0.013769258745014668,2.7762731406255625e-05,2.854166609722597e-07,8.147850167006254e-06,3.5950483834312763e-07,0.9695028066635132,2.728878882862773e-07,-0.009924523532390594,4.395807593482459e-07,0,0,0,0,1,0,0,0,1,0,5
0.06596015393733978,6.92342246111366e-06,0.011177010834217072,9.552155461278744e-06,0.08453243225812912,6.21985673205927e-05,0.12683330476284027,0.012486477382481098,2.3782886273693293e-05,-6.458757439986584e-08,4.5695003791479394e-05,4.101929391708836e-07,0.9590960144996643,9.87182033895806e-07,-0.010777922347187996,9.424636573385214e-07,0,0,0,0,1,0,0,0,1,0,0
0.07753842324018478,2.0731586118927225e-05,0.011883500963449478,1.7103986465372145e-05,0.09663836658000946,8.502074342686683e-05,0.1176246926188469,0.011771108955144882,2.2048556274967268e-05,-3.080120904996875e-07,6.962900806684047e-05,0.0,0.9481951594352722,2.265322336825193e-06,-0.01080527063459158,1.5983781622708193e-06,0,0,0,0,1,0,0,0,1,0,13
0.08977188169956207,3.966278745792806e-05,0.012501724064350128,2.055774712061975e-05,0.10808058828115463,0.00010645325528457761,0.11083377152681351,0.011161502450704575,2.090670204779599e-05,-2.920708368492342e-07,6.602532812394202e-05,4.554409760025753e-14,0.9369930624961853,4.320145308156498e-06,-0.011505099013447762,2.419621523586102e-06,0,0,0,0,1,0,0,0,1,0,0
0.10254812240600586,6.3369981944561e-05,0.012981190346181393,2.649111411301419e-05,0.1188960000872612,0.00012671167496591806,0.10950885713100433,0.010538773611187935,1.9740258721867576e-05,-2.757730328539765e-07,6.234108150238171e-05,-4.5536562395158756e-14,0.9251608848571777,7.153238129831152e-06,-0.012094132602214813,3.056744617424556e-06,0,0,0,0,1,0,0,0,1,0,13
0.11571427434682846,-0.0007769088260829449,0.013238980434834957,2.3831020371289924e-05,0.1291036754846573,0.00014583177107851952,0.11070510745048523,0.009941724129021168,1.8621918570715934e-05,-2.6014203058366547e-07,5.880753815290518e-05,-6.829461990506477e-14,0.9127786755561829,1.049436741595855e-05,-0.012599019333720207,3.615607738538529e-06,0,0,0,0,1,0,0,0,1,0,16
0.12895330786705017,-0.0022525659296661615,0.013239067979156971,1.1915582035726402e-05,0.140615314245224,7.988599827513099e-05,0.13553325831890106,0.01557299867272377,-0.0002598423161543906,-6.126012408458337e-08,1.036990033753682e-05,-7.978075018399977e-07,0.899957001209259,1.4460409147432074e-05,-0.012988903559744358,4.245817308401456e-06,0,0,0,0,1,0,0,0,1,0,13
0.14219574630260468,-0.0022468690294772387,0.013272990472614765,3.3491965041321237e-06,0.15608079731464386,-0.0001781393657438457,0.15389469265937805,0.015377793461084366,-0.0002565539616625756,-6.126012408458337e-08,1.036990033753682e-05,-7.978075018399977e-07,0.8867981433868408,1.1821029147540685e-05,-0.013286225497722626,-1.240275742020458e-05,0,0,0,0,1,0,0,0,1,0,5
0.15563490986824036,-0.002196631161496043,0.013562160544097424,0.00010679462866391987,0.17103396356105804,-0.00042704708175733685,0.12458185106515884,0.014172323048114777,-0.00023464793048333377,1.2913152431792696e-06,4.019002153654583e-05,-1.932192162712454e-06,0.8733822107315063,-1.4572649888577871e-05,-0.013512022793293,-3.750085670617409e-05,0,0,0,0,1,0,0,0,1,0,16
0.16931922733783722,-0.0020076557993888855,0.013774283230304718,0.00025409332010895014,0.18478500843048096,-0.0006542741321027279,0.10572804510593414,0.013355893082916737,-0.00022030368563719094,2.1954676867608214e-06,5.991645957692526e-05,-1.4151382856653072e-06,0.8597718477249146,-6.197060429258272e-05,-0.013683122582733631,-5.035107460571453e-05,0,0,0,0,1,0,0,0,1,0,0
0.1831846684217453,-0.001725860289297998,0.013934689573943615,0.00026497329236008227,0.19769737124443054,-0.0008670638198964298,0.11271274089813232,0.01260455697774887,-0.000207717705052346,2.90160551230656e-06,7.455514423782006e-05,7.290113066167614e-13,0.846014678478241,-0.00011321093916194513,-0.013812148943543434,-5.193003380554728e-05,0,0,0,0,1,0,0,0,1,0,13
0.19718925654888153,-0.0014969457406550646,0.014056352898478508,0.00020027445862069726,0.20992252230644226,-0.001068528858013451,0.11237554252147675,0.011916355229914188,-0.00019637640798464417,2.7433950435806764e-06,7.049003761494532e-05,3.6443049099277314e-13,0.8321472406387329,-0.00016589944425504655,-0.013908217661082745,-5.310120468493551e-05,0,0,0,0,1,0,0,0,1,0,5
0.2112855464220047,-0.0013310274807736278,0.014121859334409237,0.00013841709005646408,0.22146748006343842,-0.0012587840901687741,0.11105363070964813,0.011247918009757996,-0.0001853607827797532,2.5894830741890473e-06,6.653536547673866e-05,3.643614002093315e-13,0.8181974291801453,-0.000218431610846892,-0.013980444520711899,-5.205380148254335e-05,0,0,0,0,1,0,0,0,1,0,16
0.22538252174854279,-0.0012291098246350884,0.014120737090706825,7.549019937869161e-05,0.2329203486442566,-0.001418543979525566,0.12036368995904922,0.016202325001358986,2.2783331587561406e-05,9.569889698468614e-07,8.313909347634763e-06,-1.1230620202695718e-06,0.8041856288909912,-0.0002698716998565942,-0.014035141095519066,-5.092774881632067e-05,0,0,0,0,1,0,0,0,1,0,5
0.23909927904605865,-0.0011891196481883526,0.013386151753365993,1.1927167179237586e-05,0.24877412617206573,-0.0013969874707981944,0.16152387857437134,0.015753796324133873,2.1391195332398638e-05,8.989440516415925e-07,1.2278042959223967e-05,-9.624997119317413e-07,0.7901274561882019,-0.0003172869037371129,-0.014075811952352524,-4.257703767507337e-05,0,0,0,0,1,0,0,0,1,0,16
0.2524116039276123,0.000357985234586522,0.013312599621713161,3.7958748180244584e-06,0.2643519937992096,-0.00137598707806319,0.10267231613397598,0.015166591852903366,1.9513561710482463e-05,7.958136052366171e-07,1.9121653167530894e-05,-7.102553354343399e-07,0.7760346531867981,-0.0003535444848239422,-0.014105264097452164,-3.107631710008718e-05,0,0,0,0,1,0,0,0,1,0,0
0.2657240331172943,0.0010161364916712046,0.013312522321939468,1.4232747389542055e-06,0.2798015773296356,-0.0011855685152113438,0.17040634155273438,0.01579304225742817,0.0002640736638568342,4.045866432988987e-07,-7.778239137223864e-07,1.8104755383774318e-07,0.7619161605834961,-0.0003783856227528304,-0.014127703383564949,-2.0113893697271124e-05,0,0,0,0,1,0,0,0,1,0,7
0.2790824770927429,0.0010100062936544418,0.013462585397064686,-2.7134015908814035e-05,0.29548346996307373,-0.0009233541204594076,0.1504458338022232,0.015591677278280258,0.0002607136848382652,4.045866432988987e-07,-7.778239137223864e-07,1.8104755383774318e-07,0.7477783560752869,-0.0003932254621759057,-0.014145233668386936,-1.0520379873923957e-05,0,0,0,0,0,0,1,0,1,0,5
0.29268333315849304,0.0009155547013506293,0.013702932745218277,-0.0001561351091368124,0.31032794713974,-0.0006759605021215975,0.1344221979379654,0.01407252624630928,0.00023360838531516492,-9.809391485759988e-07,3.1020234018797055e-05,1.904934265439806e-06,0.7336263060569763,-0.00039845824358053505,-0.0141578558832407,-9.036947972163034e-07,0,0,0,0,1,0,0,0,1,0,0
0.30648720264434814,0.000688004307448864,0.01387876644730568,-0.0002729546104092151,0.32421186566352844,-0.00044560377136804163,0.10671103000640869,0.013519799336791039,0.00022400567831937224,-1.4116085367277265e-06,4.0852839447325096e-05,1.9270405573479366e-06,0.719464123249054,-0.0003894495021086186,-0.014166271314024925,1.7962049241759814e-05,0,0,0,0,1,0,0,0,1,0,7
0.32044389843940735,0.0004429569817148149,0.014014454558491707,-0.00021702845697291195,0.3371511399745941,-0.0002316628088010475,0.10754548758268356,0.012635797262191772,0.0002088762412313372,-2.9181892386986874e-06,7.475016900571063e-05,0.0,0.7052940726280212,-0.0003605379315558821,-0.01417258195579052,3.7872745451750234e-05,0,0,0,0,0,0,1,0,1,0,7
0.33353251218795776,0.0014054286293685436,0.013691570609807968,0.00015737237117718905,0.3494088053703308,-2.9037024432909675e-05,0.11276651173830032,0.01195143349468708,0.00019756334950216115,-2.7599380700848997e-06,7.069655111990869e-05,0.0,0.6911178827285767,-0.00031415774719789624,-0.014178192242980003,4.962991442880593e-05,0,0,0,0,0,0,1,0,1,0,12
0.34656211733818054,0.002101719845086336,0.013037989847362041,0.0003355185326654464,0.36273258924484253,0.00208508362993598,0.15035368502140045,0.014260595664381981,0.0033694044686853886,3.6201511193212355e-06,1.6110083379317075e-05,1.7479884263593704e-05,0.6769372224807739,-0.00026255298871546984,-0.014182399027049541,5.3220184781821445e-05,0,0,0,0,0,0,1,0,1,0,8
0.3590753972530365,0.003386939875781536,0.01239776611328125,0.0019756159745156765,0.3768967390060425,0.005431510973721743,0.1345832198858261,0.014085211791098118,0.003327844897285104,3.6201511193212355e-06,1.6110083379317075e-05,1.7479884263593704e-05,0.6627535820007324,-0.0002027020527748391,-0.014183801598846912,0.00010337903222534806,0,0,0,0,0,0,0,1,1,0,5
0.37098395824432373,0.005877894349396229,0.011766658164560795,0.002545606577768922,0.3902234137058258,0.008544874377548695,0.13146385550498962,0.012800402007997036,0.0029664048925042152,-2.1424861188279465e-05,4.942740633850917e-05,2.4914461391745135e-05,0.6485796570777893,0.00015869634808041155,-0.014159959740936756,0.0005723935319110751,0,0,0,0,1,0,0,0,1,0,13
0.3830345869064331,0.00846150703728199,0.012268739752471447,0.002599931787699461,0.4026968777179718,0.01142739225178957,0.11832620203495026,0.012131649069488049,0.002796776592731476,-3.9069920603651553e-05,7.176122744567692e-05,5.831256484623015e-12,0.6344504952430725,0.0009884561877697706,-0.01409825123846531,0.0010400315513834357,0,0,0,0,1,0,0,0,1,0,5
0.39553558826446533,0.011057214811444283,0.01267580408602953,0.002587796887382865,0.41448986530303955,0.01414609607309103,0.11485911905765533,0.011504095047712326,0.0026521040126681328,-3.704997288878076e-05,6.805108569096774e-05,-5.8301983033026694e-12,0.6203938722610474,0.0022437183652073145,-0.01402532309293747,0.0014031903119757771,0,0,0,0,1,0,0,0,1,0,12
0.4083782434463501,0.013656959868967533,0.012956647202372551,0.0026292065158486366,0.4256429970264435,0.016717301681637764,0.11186166107654572,0.010865462012588978,0.002504877047613263,-3.499162630760111e-05,6.427042535506189e-05,-5.829178285898795e-12,0.6064132452011108,0.0038217236287891865,-0.013941876590251923,0.0017207490745931864,0,0,0,0,1,0,0,0,1,0,14
0.4213826060295105,0.01640917919576168,0.013046467676758766,0.002675442025065422,0.4361737370491028,0.019145004451274872,0.11103268712759018,0.01025848276913166,0.0023649469949305058,-3.30378461512737e-05,6.068185030017048e-05,0.0,0.592526912689209,0.005722311791032553,-0.013831784017384052,0.002066883724182844,0,0,0,0,0,0,0,0,1,0,6
0.43359342217445374,0.019390055909752846,0.011752490885555744,0.0020900643430650234,0.4461106061935425,0.021435804665088654,0.10831203311681747,0.009679327718913555,0.002231431193649769,-3.117326195933856e-05,5.725707524106838e-05,-8.741161440506406e-12,0.5787817239761353,0.008017216809093952,-0.013670150190591812,0.0024807367008179426,0,0,0,0,0,1,0,0,1,0,4
0.444156289100647,0.02143057808279991,0.009226448833942413,0.0013418032322078943,0.4809906482696533,0.0234896969050169,0.2235066145658493,0.059679556638002396,0.0018254171591252089,1.462642103433609e-06,3.7182697269599885e-05,0.001027537975460291,0.5652137994766235,0.010723133571445942,-0.013479765504598618,0.0028892923146486282,0,0,0,1,0,0,0,0,1,0,9
0.4523825943470001,0.022656822577118874,0.0073944819159805775,0.0011787317926064134,0.5391582250595093,0.025080202147364616,0.3038662075996399,0.05695546418428421,0.0014041040558367968,1.462642103433609e-06,3.7182697269599885e-05,0.001027537975460291,0.5531793832778931,0.013468452729284763,-0.010362793691456318,0.00256622233428061,0,0,0,1,0,0,0,0,1,0,6
0.4595790505409241,0.023592276498675346,0.006899062544107437,0.0005705647636204958,0.5946872234344482,0.026270313188433647,0.20203112065792084,0.0543823279440403,0.0010205433936789632,1.462642103433609e-06,3.7182697269599885e-05,0.001027537975460291,0.5456645488739014,0.01589922048151493,-0.004961560945957899,0.002415442606434226,0,0,0,0,0,1,0,0,1,0,18
0.4660184383392334,0.024124806746840477,0.00613261666148901,0.0005071813357062638,0.6444205045700073,0.027042727917432785,0.16556352376937866,0.045615486800670624,0.0005824130494147539,4.837973506255366e-07,6.132285489002243e-05,0.0009408182231709361,0.5435282588005066,0.018805669620633125,8.555019303457811e-05,0.003026176244020462,0,0,0,0,0,1,0,0,1,0,3
0.4727209210395813,0.02462867833673954,0.007385366130620241,0.00047723643365316093,0.6891250014305115,0.02749006077647209,0.12425778806209564,0.04395340010523796,0.00034031501854769886,4.837973506255366e-07,6.132285489002243e-05,0.0009408182231709361,0.5464259386062622,0.0212077796459198,0.004736465401947498,0.0018012153450399637,0,0,1,0,0,0,0,0,1,0,13
0.4808960556983948,0.025006085634231567,0.008790633641183376,0.0002699035103432834,0.7286656498908997,0.02770046889781952,0.10389766842126846,0.03720895200967789,0.00013142096577212214,-1.378787146677496e-07,9.949004743248224e-05,0.0007440249901264906,0.5522767901420593,0.022533103823661804,0.006612960249185562,0.0010563996620476246,0,0,1,0,0,0,0,0,1,0,11
0.49013811349868774,0.025140464305877686,0.009334087371826172,8.758174953982234e-05,0.7626757025718689,0.027776120230555534,0.10882183909416199,0.032041069120168686,4.7670739149907604e-05,-5.82335530907585e-07,0.0001642777497181669,0.0002595190890133381,0.5596941113471985,0.023498201742768288,0.008053638972342014,0.0008541003335267305,0,0,1,0,0,0,0,0,1,0,12
0.49995505809783936,0.02522631362080574,0.010277243331074715,8.421651727985591e-05,0.7928978204727173,0.027815373614430428,0.10925602167844772,0.028888622298836708,3.693031976581551e-05,-5.158765361557016e-07,0.00017087353626266122,-1.83770791010833e-13,0.5684524178504944,0.024154426530003548,0.0092874551191926,0.00047817756421864033,0,0,1,0,0,0,0,0,1,0,6
0.5107278227806091,0.02530565671622753,0.011152029037475586,7.509044371545315e-05,0.8203473091125488,0.027850467711687088,0.10945525765419006,0.026334557682275772,3.3665284718154e-05,-4.702743012785504e-07,0.00015576870646327734,-3.669044777200592e-13,0.5778015851974487,0.024481747299432755,0.009527276270091534,0.00029129275935702026,0,0,0,0,0,1,0,0,1,0,11
0.5223283171653748,0.025382451713085175,0.011938460171222687,7.720084977336228e-05,0.8454540371894836,0.027882568538188934,0.10959167033433914,0.024151047691702843,3.087394725298509e-05,-4.312861676680768e-07,0.000142854725709185,9.160194439994732e-14,0.5878478288650513,0.024753475561738014,0.01044694148004055,0.00024962652241811156,0,0,0,0,0,1,0,0,1,0,8
0.5346160531044006,0.025458455085754395,0.012549582868814468,7.469118281733245e-05,0.8685434460639954,0.027912087738513947,0.10969021916389465,0.022260023280978203,2.8456513973651454e-05,-3.975196136707382e-07,0.00013167024007998407,9.150326844972398e-14,0.5986759662628174,0.024972595274448395,0.01092447992414236,0.0001983494294108823,0,0,0,0,0,0,0,1,1,0,7
0.547433078289032,0.025532320141792297,0.013016602955758572,7.426339288940653e-05,0.8898751139640808,0.027939364314079285,0.10976256430149078,0.0206038486212492,2.6339312171330675e-05,-3.679457734051539e-07,0.0001218745528603904,-9.142359314257345e-14,0.6096405982971191,0.02515292353928089,0.01123863086104393,0.00016960231005214155,0,0,0,0,0,0,1,0,1,0,6
0.5606526136398315,0.025606859475374222,0.013370373286306858,7.463413930963725e-05,0.9096589684486389,0.027964653447270393,0.10981643199920654,0.01913897693157196,2.4466671675327234e-05,-3.417877110223344e-07,0.00011321021156618372,0.0,0.6212302446365356,0.025311380624771118,0.011857817880809307,0.00014918272790964693,0,0,0,0,0,1,0,0,1,0,1
0.5741751790046692,0.02568155713379383,0.013635438866913319,7.491932774428278e-05,0.9280672669410706,0.027988191694021225,0.10985707491636276,0.017831962555646896,2.2795820768806152e-05,-3.184479737683432e-07,0.00010547941928962246,9.13042224833828e-14,0.6333990693092346,0.025457939133048058,0.012408985756337643,0.00014373559679370373,1,0,0,0,0,0,0,0,1,0,10
0.5879242420196533,0.025757214054465294,0.013833186589181423,7.62312047299929e-05,0.945242702960968,0.02801015041768551,0.10988809168338776,0.016656672582030296,2.129336826328654e-05,-2.9746021823484625e-07,9.852761286310852e-05,-9.125888250378217e-14,0.6460552215576172,0.02559443935751915,0.012841645628213882,0.00013024613144807518,1,0,0,0,0,0,0,0,1,0,7
0.6018418669700623,0.025834036991000175,0.013980444520711899,7.725788600509986e-05,0.9613056182861328,0.02803068608045578,0.10991201549768448,0.01559239998459816,1.9932835130020976e-05,-2.784546211387351e-07,9.223242523148656e-05,4.561025426156988e-14,0.6590871214866638,0.025718726217746735,0.013174029067158699,0.00012183303624624386,0,0,0,0,0,0,1,0,1,0,12
0.6158841252326965,0.02591160126030445,0.014088434167206287,7.771419041091576e-05,0.9763574600219727,0.028049925342202187,0.10993064939975739,0.014622524380683899,1.869298102974426e-05,-2.611348861591978e-07,8.649558003526181e-05,2.2796941743195853e-13,0.6724060773849487,0.025836734101176262,0.013427173718810081,0.00011464625276857987,0,0,0,0,0,0,1,0,1,0,18
0.6300184726715088,0.025989403948187828,0.014168374240398407,7.785678462823853e-05,0.9904848337173462,0.02806798182427883,0.10994527488946915,0.013733538798987865,1.7556531020090915e-05,-2.4525951403120416e-07,8.123718725983053e-05,0.0,0.685943067073822,0.025947388261556625,0.013618609867990017,0.00010783022298710421,0,0,0,0,0,0,1,0,1,0,18
0.6442206501960754,0.026067381724715233,0.014227278530597687,7.819900929462165e-05,1.0037624835968018,0.028084956109523773,0.10995685309171677,0.012914360500872135,1.6509316992596723e-05,-2.306306470245545e-07,7.63916686992161e-05,-4.5567628175532254e-14,0.6996445655822754,0.02605302445590496,0.01376306265592575,0.00010358089639339596,0,0,0,0,0,0,1,0,1,0,5
