lt_dp_posx,lt_dp_posy,lt_dp_velx,lt_dp_vely,ball_posx,ball_posy,ball_posz,ball_vel_x,ball_vel_y,ball_rot_x,ball_rot_y,ball_rot_z,rt_gk_posx,rt_gk_posy,rt_gk_velx,rt_gk_vely,action_left,action_top_left,action_top,action_top_right,action_right,action_bottom_right,action_bottom,action_bottom_left,action_sprint,action_dribble,sel_action
-1.0110293626785278,-0.0,0.0,-0.0,0.019999999552965164,-0.0,0.11061639338731766,-0.0,0.0,0.0,-0.0,0.0,1.0110293626785278,0.0,-0.0,0.0,0,0,0,0,0,0,0,0,0,0,5
0.0,-0.0,0.0,-0.0,0.019999999552965164,-0.0,0.11059734225273132,-0.0,0.0,0.0,-0.0,0.0,1.0097103118896484,-9.884149054784075e-11,-0.0033988673239946365,-2.35544500570839e-10,0,0,0,0,1,0,0,0,0,0,5
0.0011738373432308435,7.744034580259296e-11,0.0034112127032130957,2.5561308278354566e-11,0.019999999552965164,-0.0,0.10930104553699493,-0.0,0.0,0.0,-0.0,0.0,1.005424976348877,-3.2258068438650866e-10,-0.0050032841973006725,-1.9212086088682412e-10,0,0,0,0,1,0,0,0,0,0,5
0.00442265160381794,-8.389731687152846e-10,0.0050968751311302185,-3.420025096456669e-10,0.019999999552965164,-0.0,0.11075475811958313,-0.0,0.0,0.0,-0.0,0.0,0.9995788931846619,-4.2783665499257495e-10,-0.0065179429948329926,-2.046465080729476e-11,0,0,0,0,1,0,0,0,0,0,13
0.00917257834225893,-2.2344774919247357e-09,0.006656940560787916,-3.2433725150049497e-10,0.023521598428487778,-2.365284079708374e-10,0.1245177686214447,0.008653565309941769,-5.815478654191963e-10,8.111915002564918e-13,2.5089022983593168e-06,-2.1285896222716927e-12,0.9922854900360107,1.8379504862497953e-10,-0.007902874611318111,5.184697116078496e-10,0,0,0,0,1,0,0,0,1,0,0
0.016618236899375916,-2.4076329818711883e-09,0.008066108450293541,-8.788801630910115e-11,0.03175758942961693,-7.908435573078521e-10,0.11630871891975403,0.007858331315219402,-5.296175720204133e-10,7.081689835236604e-12,4.436245944816619e-05,-4.773446178260587e-13,0.9837011694908142,5.29690236117375e-10,-0.009114601649343967,1.921584696917833e-10,0,0,0,0,1,0,0,0,1,0,5
0.02537941373884678,-2.574654711651192e-09,0.009301370941102505,-1.7123570617005868e-10,0.0393972210586071,-1.3057331882393441e-09,0.11498811841011047,0.007451809477061033,-5.022312010716234e-10,7.016100807971659e-12,4.4079752115067095e-05,0.0,0.9743693470954895,7.011427549663551e-10,-0.009437869302928448,1.9322130007104477e-10,0,0,0,0,1,0,0,0,1,0,13
0.034132156521081924,-3.463002995474085e-09,0.009388974867761135,-2.1289396634482927e-10,0.04662004113197327,-1.7925310125121996e-09,0.10737019777297974,0.007032405119389296,-4.739645342866083e-10,6.621275142754124e-12,4.159919990343042e-05,1.3886183897827023e-18,0.9644050598144531,8.485954716697108e-10,-0.010371208190917969,9.856740423863641e-11,0,0,0,0,1,0,0,0,1,0,5
0.04203260689973831,-4.8359907189876594e-09,0.009879720397293568,-1.2068911148244155e-10,0.05418930947780609,2.9174168503232067e-06,0.11805228888988495,0.014280705712735653,2.919623329944443e-05,3.3874468385874934e-07,2.015978907365934e-06,2.8685761321867176e-07,0.9536177515983582,1.0995024890547711e-09,-0.010990395210683346,1.0649812143270765e-09,0,0,0,0,1,0,0,0,1,0,18
0.052399106323719025,7.602933749240037e-08,0.010675586760044098,8.094853001239244e-07,0.06808121502399445,3.095630745519884e-05,0.143874853849411,0.0137999402359128,2.7823760319733992e-05,2.8574416433002625e-07,7.852933777030557e-06,3.5746427329286234e-07,0.9426805973052979,1.8881591845598678e-09,-0.011172715574502945,5.735065755629876e-10,0,0,0,0,1,0,0,0,1,0,0
0.06316081434488297,5.078705271444051e-06,0.011016691103577614,8.291357517009601e-06,0.08143512904644012,5.742504799854942e-05,0.12316391617059708,0.012638741172850132,2.4204722649301402e-05,-2.3726711262384015e-08,4.123845064896159e-05,4.413427632243838e-07,0.9311493039131165,2.246593577837075e-09,-0.011804524809122086,1.7316503786446447e-10,0,0,0,0,1,0,0,0,1,0,16
0.07459624856710434,1.7383581507601775e-05,0.011754298582673073,1.580666685185861e-05,0.09368103742599487,8.059756510192528e-05,0.11358216404914856,0.011889006942510605,2.226955803052988e-05,-3.1278011647373205e-07,7.049005944281816e-05,9.110762274819328e-14,0.9190320372581482,2.383468853395243e-07,-0.012362704612314701,6.697501362395997e-07,0,0,0,0,1,0,0,0,1,0,18
0.0867052748799324,3.561630001058802e-05,0.012389439158141613,1.9670931578730233e-05,0.10523895174264908,0.000102247555332724,0.11358419060707092,0.011279221624135971,2.1127936634002253e-05,-2.951546491658519e-07,6.672012386843562e-05,-4.5545564661322174e-14,0.9064158201217651,1.769196842360543e-06,-0.012806584127247334,2.262107500428101e-06,0,0,0,0,1,0,0,0,1,0,5
0.0993843674659729,5.8163168432656676e-05,0.012895552441477776,2.524073534004856e-05,0.11617346853017807,0.00012272977619431913,0.11179271340370178,0.010654293932020664,1.9957340555265546e-05,-2.787993764741259e-07,6.302300607785583e-05,0.0,0.8934142589569092,4.784668362844968e-06,-0.013147382065653801,3.3715186873450875e-06,0,0,0,0,1,0,0,0,1,0,5
0.11249476671218872,-0.0004143470723647624,0.013238980434834957,2.622875399538316e-05,0.12649552524089813,0.0001420647749910131,0.11068519949913025,0.010053449310362339,1.883185177575797e-05,-2.630779931678262e-07,5.946916280663572e-05,-2.27654978473147e-14,0.8801179528236389,8.497198905388359e-06,-0.013407538644969463,4.005620212410577e-06,0,0,0,0,1,0,0,0,1,0,5
0.12573377788066864,-0.0022550304420292377,0.013238980434834957,1.4308394383988343e-05,0.13687163591384888,0.00013201682304497808,0.11983438581228256,0.015870139002799988,-0.00026511444593779743,-2.489134089955769e-07,6.192745786393061e-06,-4.67152801775228e-07,0.8665978312492371,1.2842597243434284e-05,-0.013604585081338882,4.61911213278654e-06,0,0,0,0,1,0,0,0,1,0,18
0.13897283375263214,-0.0022472809068858624,0.013239067979156971,2.38311622524634e-06,0.15238872170448303,-0.00012679917563218623,0.15824487805366516,0.015420145355165005,-0.0002571709919720888,-6.145269537682907e-08,1.0351108358008787e-05,-7.976562415024091e-07,0.852908194065094,1.1390032341296319e-05,-0.013753245584666729,-7.381817795248935e-06,0,0,0,0,1,0,0,0,1,0,13
0.15235328674316406,-0.0022164478432387114,0.013511145487427711,7.768210343783721e-05,0.167576864361763,-0.0003798856632784009,0.11589527875185013,0.014444848522543907,-0.00023942813277244568,1.032533987199713e-06,3.449430732871406e-05,-1.8853394294637837e-06,0.839091420173645,-2.979561031679623e-06,-0.01386404037475586,-1.9974837414338253e-05,0,0,0,0,1,0,0,0,1,0,5
0.16599449515342712,-0.0020569106563925743,0.01373694185167551,0.00022586845443584025,0.1814953088760376,-0.0006099775200709701,0.11778201162815094,0.013579203747212887,-0.00022413079568650573,1.898345090012299e-06,5.348171544028446e-05,-1.7048748759407317e-06,0.8251792788505554,-2.994529131683521e-05,-0.013947486877441406,-3.2813801226438954e-05,0,0,0,0,1,0,0,0,1,0,16
0.17982743680477142,-0.001779185957275331,0.013905588537454605,0.0002775020548142493,0.19456462562084198,-0.0008253338164649904,0.1121436133980751,0.012757467105984688,-0.00021016695245634764,2.936182227131212e-06,7.546893175458536e-05,0.0,0.8111957311630249,-6.997337914071977e-05,-0.014010597951710224,-4.594038182403892e-05,0,0,0,0,1,0,0,0,1,0,16
0.19380734860897064,-0.0015371895860880613,0.014034789986908436,0.00021276755433063954,0.20693086087703705,-0.0010290559148415923,0.11327101290225983,0.012051300145685673,-0.000198533438378945,2.7734383820643416e-06,7.128595461836085e-05,7.288897133431171e-13,0.7971588969230652,-0.000122729703434743,-0.014056879095733166,-5.626480560749769e-05,0,0,0,0,1,0,0,0,1,0,13
0.20789217948913574,-0.0013586280401796103,0.014121698215603828,0.0001510560978204012,0.218611940741539,-0.0012214905582368374,0.11138108372688293,0.011379649862647057,-0.0001874686568044126,2.6188445190200582e-06,6.731242319801822e-05,-3.6437468168594445e-13,0.7830821871757507,-0.00017840367218013853,-0.01409123931080103,-5.5183649237733334e-05,0,0,0,0,1,0,0,0,1,0,13
0.2219693511724472,-0.001245570252649486,0.014121674932539463,8.811054431134835e-05,0.22963565587997437,-0.0014030957827344537,0.11085901409387589,0.010735207237303257,-0.00017685210332274437,2.4705575469852192e-06,6.35010001133196e-05,7.286221864570563e-13,0.7689757347106934,-0.00023297348525375128,-0.014117185026407242,-5.406238415162079e-05,0,0,0,0,1,0,0,0,1,0,18
0.23581770062446594,-0.0011934363283216953,0.013533059507608414,2.4124374249367975e-05,0.2450241893529892,-0.001401265966705978,0.161333829164505,0.015794476494193077,2.1286312403390184e-05,8.988234299067699e-07,1.2282899660931434e-05,-9.630429076423752e-07,0.7548468708992004,-0.00028691207990050316,-0.014136819168925285,-5.4038097005104646e-05,0,0,0,0,1,0,0,0,1,0,5
0.2491522878408432,-1.0731955626397394e-05,0.013312707655131817,4.2698598008428235e-06,0.26070061326026917,-0.0013801270397379994,0.12239403277635574,0.015528500080108643,2.0811223294003867e-05,8.826152679830557e-07,1.3367628525884356e-05,-9.209391578224313e-07,0.7407016158103943,-0.00034108213731087744,-0.01415084395557642,-5.427560972748324e-05,0,0,0,0,1,0,0,0,1,0,16
0.26246488094329834,0.0010156246135011315,0.013312697410583496,1.8982938172484864e-06,0.2760438323020935,-0.0012386427260935307,0.16264566779136658,0.015834026038646698,0.00026476397761143744,4.0487330466021376e-07,-7.757118396511942e-07,1.8028219983534655e-07,0.7265440821647644,-0.00039333655149675906,-0.014162063598632812,-4.591776814777404e-05,0,0,0,0,1,0,0,0,1,0,16
0.27579623460769653,0.0010143746621906757,0.01340525969862938,-1.1444127267168369e-05,0.29176610708236694,-0.0009757546940818429,0.16224044561386108,0.015631617978215218,0.000261375360423699,4.0487330466021376e-07,-7.757118396511942e-07,1.8028219983534655e-07,0.7123775482177734,-0.00042756623588502407,-0.014170478098094463,-2.4661778297740966e-05,0,0,0,0,1,0,0,0,1,0,16
0.289348304271698,0.0009451876976527274,0.013660508207976818,-0.00012819989933632314,0.3069107234477997,-0.000723005214240402,0.12772513926029205,0.01421547681093216,0.00023610671632923186,-8.709523058314517e-07,2.850646706065163e-05,1.8576369029688067e-06,0.6982040405273438,-0.0004405254148878157,-0.014176088385283947,-3.3812802939792164e-06,0,0,0,0,1,0,0,0,1,0,6
0.30311647057533264,0.0007425531512126327,0.013847210444509983,-0.00026167178293690085,0.320896714925766,-0.0004908785922452807,0.12039768695831299,0.013780053704977036,0.00022855722636450082,-1.1529945140864584e-06,3.4958782634930685e-05,1.9427257029747125e-06,0.6840254068374634,-0.0004305450711399317,-0.014180295169353485,2.0914652850478888e-05,0,0,0,0,0,1,0,0,1,0,18
0.3170456290245056,0.000486790289869532,0.01399061270058155,-0.00022998453641775995,0.3340197205543518,-0.0002737858158070594,0.11646080762147903,0.012775406241416931,0.00021118170116096735,-2.950477210106328e-06,7.557767094112933e-05,-7.290505005252967e-13,0.6698430180549622,-0.00039626238867640495,-0.014183801598846912,4.522172821452841e-05,0,0,0,0,0,1,0,0,1,0,7
0.33035531640052795,0.0011493887286633253,0.013769297860562801,-2.535621433708002e-06,0.3464149832725525,-6.88876534695737e-05,0.11196406185626984,0.012087337672710419,0.00019980772049166262,-2.7911826236959314e-06,7.149765588110313e-05,3.644487055892709e-13,0.6556577086448669,-0.00034253107151016593,-0.014186606742441654,5.564184539252892e-05,0,0,0,0,0,0,1,0,1,0,12
0.34334254264831543,0.002051485003903508,0.013251515105366707,0.00016776283155195415,0.3592819273471832,0.0014105550944805145,0.1414709836244583,0.014295610599219799,0.003377920249477029,3.620198185672052e-06,1.6110165233840235e-05,1.7479998859926127e-05,0.6414702534675598,-0.00028625279082916677,-0.014188009314239025,5.679864625562914e-05,0,0,0,0,0,0,1,0,1,0,5
0.3559970259666443,0.0030108324717730284,0.012411089614033699,0.0017083788989111781,0.3734813332557678,0.004765320103615522,0.1457282155752182,0.014120488427579403,0.003336057998239994,3.620198185672052e-06,1.6110165233840235e-05,1.7479998859926127e-05,0.6272814273834229,-0.00021351555187720805,-0.014188009314239025,0.00015997291484382004,0,0,0,0,1,0,0,0,1,0,12
0.3680402338504791,0.00536990026012063,0.011754386126995087,0.002543920651078224,0.3870619535446167,0.007950155064463615,0.1284773349761963,0.01290747057646513,0.0029943292029201984,-1.9653403796837665e-05,4.7096062189666554e-05,2.593648423498962e-05,0.6131089925765991,0.00022746504691895097,-0.014153649099171162,0.0006707135471515357,0,0,0,0,1,0,0,0,1,0,12
0.37998974323272705,0.007941649295389652,0.012176177464425564,0.0025966735556721687,0.39966779947280884,0.010866421274840832,0.11383723467588425,0.01226071361452341,0.0028264906723052263,-3.9675840525887907e-05,7.276620453922078e-05,0.0,0.5989949703216553,0.0011782117653638124,-0.014075811952352524,0.0011794447200372815,0,0,0,0,1,0,0,0,1,0,5
0.3924086093902588,0.010539417155086994,0.012602525763213634,0.002592245815321803,0.4115864038467407,0.013614094816148281,0.11452347040176392,0.011627190746366978,0.002680479781702161,-3.744498098967597e-05,6.877666601212695e-05,-5.83040083226849e-12,0.5849730372428894,0.002598782302811742,-0.013977289199829102,0.0016023863572627306,0,0,0,0,1,0,0,0,1,0,3
0.4051938056945801,0.01313187275081873,0.01291036605834961,0.002614091383293271,0.4228670597076416,0.01621466688811779,0.11012730002403259,0.010995849967002869,0.002534933853894472,-3.5413599107414484e-05,6.504554039565846e-05,5.829382115907222e-12,0.5710607767105103,0.004420979879796505,-0.013855274766683578,0.0020015183836221695,0,0,1,0,0,0,0,0,1,0,5
0.41822102665901184,0.015787644311785698,0.013112671673297882,0.002689067739993334,0.43351972103118896,0.01867048814892769,0.10928008705377579,0.01037904154509306,0.0023927383590489626,-3.342678246553987e-05,6.139626202639192e-05,5.828441895783243e-12,0.5572936534881592,0.006660804618149996,-0.013671902939677238,0.0024789043236523867,0,0,0,0,1,0,0,0,1,0,6
0.4306837320327759,0.018854456022381783,0.012128796428442001,0.0023676694836467505,0.44357267022132874,0.02098805084824562,0.1111873909831047,0.009792455472052097,0.0022575100883841515,-3.1536957976641133e-05,5.792513911728747e-05,-5.827597519131311e-12,0.5437741279602051,0.00946586113423109,-0.013385800644755363,0.0030700243078172207,0,0,0,0,0,1,0,0,1,0,13
0.4416791796684265,0.0211517084389925,0.009950820356607437,0.001550747430883348,0.4687153100967407,0.02200869843363762,0.2533227503299713,0.06119609624147415,-0.001781501341611147,1.3031201888225041e-05,4.719110802398063e-05,0.0012164096115157008,0.5305740237236023,0.012854651547968388,-0.013039392419159412,0.0036473337095230818,0,0,0,0,0,1,0,0,1,0,1
0.45027539134025574,0.022418154403567314,0.008052237331867218,0.0012386073358356953,0.5283753871917725,0.02003559097647667,0.5771581530570984,0.058425113558769226,-0.0021237360779196024,1.3031201888225041e-05,4.719110802398063e-05,0.0012164096115157008,0.5192350745201111,0.016087058931589127,-0.009657355025410652,0.0028165190014988184,1,0,0,0,0,0,0,0,1,0,4
0.4576038122177124,0.023478232324123383,0.0068994127213954926,0.000570550502743572,0.5853374004364014,0.01774294301867485,0.6816257834434509,0.05578172951936722,-0.0024246207904070616,1.3031201888225041e-05,4.719110802398063e-05,0.0012164096115157008,0.5123517513275146,0.018222322687506676,-0.004463686607778072,0.001474915537983179,0,0,0,1,0,0,0,0,1,0,0
0.46419647336006165,0.02402344159781933,0.00613261666148901,0.0005071813357062638,0.6397131085395813,0.015172078274190426,0.58125239610672,0.053238753229379654,-0.0026844521053135395,1.3031201888225041e-05,4.719110802398063e-05,0.0012164096115157008,0.5111044049263,0.018843481317162514,0.001529034459963441,4.7612418711651117e-05,0,0,0,1,0,0,0,0,1,0,11
0.47066783905029297,0.02450636774301529,0.0070940046571195126,0.0004163199046161026,0.6915920376777649,0.012363256886601448,0.28970757126808167,0.05077756568789482,-0.002904819557443261,1.3031201888225041e-05,4.719110802398063e-05,0.0012164096115157008,0.5140297412872314,0.01878158561885357,0.0030482516158372164,-6.559363100677729e-05,0,0,0,1,0,0,0,0,1,0,16
0.4785783886909485,0.024692706763744354,0.008540294133126736,-4.728445128421299e-05,0.7368708848953247,0.009578400291502476,0.2271808236837387,0.040382541716098785,-0.002644031308591366,1.5639065168215893e-05,6.817864050390199e-05,0.0010980804217979312,0.5175439715385437,0.01870720461010933,0.0036516610998660326,-7.628824096173048e-05,0,0,0,1,0,0,0,0,1,0,18
0.4876791834831238,0.024290895089507103,0.009291662834584713,-0.0005858651711605489,0.7765653133392334,0.00685851089656353,0.3120543658733368,0.039120547473430634,-0.0027775252237915993,1.5639065168215893e-05,6.817864050390199e-05,0.0010980804217979312,0.5217159986495972,0.018621377646923065,0.004804134368896484,-9.76204319158569e-05,0,0,0,1,0,0,0,0,1,0,5
0.49723249673843384,0.023682599887251854,0.010019754059612751,-0.0006510197417810559,0.8149600028991699,0.004020776599645615,0.2075284868478775,0.03779132291674614,-0.0028830182272940874,1.5639065168215893e-05,6.817864050390199e-05,0.0010980804217979312,0.5276994705200195,0.01845621131360531,0.006659527309238911,-0.00019329240603838116,0,0,0,0,1,0,0,0,1,0,8
0.5077567100524902,0.022989636287093163,0.010926071554422379,-0.0007427435484714806,0.8502275347709656,0.0012271632440388203,0.1712396889925003,0.03304354473948479,-0.0026942307595163584,1.9700622942764312e-05,9.1715352027677e-05,0.0009091933025047183,0.5353608727455139,0.018171101808547974,0.008036650717258453,-0.00030544621404260397,0,0,0,0,0,0,0,1,1,0,11
0.5191196203231812,0.022231575101614,0.011719339527189732,-0.0007953065214678645,0.8827807903289795,-0.0014945997390896082,0.15329164266586304,0.03213490918278694,-0.0027411500923335552,1.9700622942764312e-05,9.1715352027677e-05,0.0009091933025047183,0.5442762970924377,0.017760813236236572,0.009222048334777355,-0.00044219347182661295,0,0,0,0,0,0,0,1,1,0,8
0.5311903953552246,0.02141382545232773,0.01235165074467659,-0.0008555591921322048,0.9131454825401306,-0.004139703232795,0.13961556553840637,0.029188111424446106,-0.002578162355348468,2.5323837689938955e-05,0.00011990284838248044,0.0006155185401439667,0.5541472434997559,0.01722613535821438,0.00992235541343689,-0.0005383524694480002,0,0,0,0,0,0,0,1,1,0,13
0.5438042283058167,0.02054552361369133,0.012829975225031376,-0.000891529954969883,0.9413232803344727,-0.006657701916992664,0.12142176181077957,0.027003047987818718,-0.0024266145192086697,3.253787144785747e-05,0.0001535214250907302,0.0001253318478120491,0.5647482872009277,0.016622936353087425,0.01077413372695446,-0.0006070397794246674,0,0,0,0,0,0,0,1,1,0,18
0.5568466186523438,0.01964261382818222,0.013210974633693695,-0.0009294109186157584,0.9671680927276611,-0.008980778977274895,0.10748902708292007,0.024866372346878052,-0.002235133433714509,3.12257616315037e-05,0.0001470981806050986,0.0,0.5761469602584839,0.015948055312037468,0.011657018214464188,-0.000691552646458149,0,0,0,0,0,0,0,1,1,0,3
0.570213794708252,0.01870480366051197,0.013492441736161709,-0.0009599585318937898,0.9909188151359558,-0.011115632951259613,0.11085830628871918,0.022879231721162796,-0.0020565178710967302,2.8726872187689878e-05,0.00013532642333302647,-5.858215822163171e-12,0.5882733464241028,0.015204159542918205,0.01224692352116108,-0.0007483126246370375,0,0,1,0,0,0,0,0,1,0,13
0.5838180184364319,0.017750097438693047,0.013699446804821491,-0.0009730010642670095,1.0128275156021118,-0.013084919191896915,0.11023537814617157,0.021149219945073128,-0.0019010149408131838,2.655646858329419e-05,0.00012510204396676272,1.755823784976851e-11,0.600888729095459,0.014407559297978878,0.012704146094620228,-0.0008029374876059592,0,0,1,0,0,0,0,0,1,0,18
