lt_dp_posx,lt_dp_posy,lt_dp_velx,lt_dp_vely,ball_posx,ball_posy,ball_posz,ball_vel_x,ball_vel_y,ball_rot_x,ball_rot_y,ball_rot_z,rt_gk_posx,rt_gk_posy,rt_gk_velx,rt_gk_vely,action_left,action_top_left,action_top,action_top_right,action_right,action_bottom_right,action_bottom,action_bottom_left,action_sprint,action_dribble,sel_action
-1.0110293626785278,-0.0,0.0,-0.0,0.019999999552965164,-0.0,0.11061639338731766,0.0,-0.0,0.0,-0.0,0.0,1.0110293626785278,0.0,-0.0,0.0,0,0,0,0,0,0,0,0,0,0,5
0.0,-0.0,0.0,-0.0,0.019999999552965164,-0.0,0.11059734225273132,0.0,-0.0,0.0,-0.0,0.0,1.0109632015228271,-5.900687924387249e-13,-0.0006619621999561787,-5.900687924387249e-12,0,0,0,0,1,0,0,0,0,0,5
0.0,-0.0,0.0,-0.0,0.019999999552965164,-0.0,0.10930104553699493,0.0,-0.0,0.0,-0.0,0.0,1.007768154144287,-2.3127210216355998e-11,-0.004207386635243893,-2.4562249803516956e-11,0,0,0,0,1,0,0,0,0,0,5
0.002605511574074626,2.600850090850315e-10,0.004109719302505255,2.364695939061079e-10,0.019999999552965164,-0.0,0.11075475811958313,0.0,-0.0,0.0,-0.0,0.0,1.0026906728744507,-4.209868564863939e-11,-0.005775339435786009,-1.2325308308691607e-11,0,0,0,0,1,0,0,0,0,0,5
0.0056115807965397835,-2.2176995795319954e-09,0.005743090528994799,-3.6283451243512843e-10,0.019999999552965164,-0.0,0.11053141206502914,0.0,-0.0,0.0,-0.0,0.0,0.9961044192314148,2.825883138601881e-10,-0.007231095340102911,6.30695273784454e-10,0,0,0,0,1,0,0,0,0,0,13
0.011350344866514206,-3.5563638700608635e-09,0.007246829103678465,-2.685681677050411e-10,0.02625294402241707,-5.508862255254598e-10,0.12481161206960678,0.008746067062020302,-7.698181536675008e-10,-5.1716118366906816e-12,-2.7159967430634424e-05,-2.452642472797195e-12,0.9881436228752136,7.804352164519912e-10,-0.008531177416443825,3.6877423337244863e-10,0,0,0,0,1,0,0,0,1,0,18
0.01934846118092537,-3.710904694642636e-09,0.008587582968175411,-1.7162836429829298e-10,0.034676697105169296,-1.2914774805139473e-09,0.11820586770772934,0.008197319693863392,-7.203754259776929e-10,-1.0063745843613692e-11,-4.8490652261534706e-05,-1.3889197937184013e-18,0.9790472984313965,9.740427353577275e-10,-0.009335489943623543,2.5153212845907547e-10,0,0,0,0,1,0,0,0,1,0,5
0.028588932007551193,-3.866592823698056e-09,0.009745994582772255,-1.2152660822106753e-10,0.04263823851943016,-1.991132814183061e-09,0.11113595962524414,0.0077664474956691265,-6.825107701224908e-10,-9.534758399487586e-12,-4.594178608385846e-05,6.944014772284391e-19,0.9695028066635132,1.1624914364460892e-09,-0.009924523532390594,1.458134030185576e-10,0,0,0,0,1,0,0,0,1,0,5
0.03760350123047829,-4.834217470772728e-09,0.009499413892626762,-2.1665121086034134e-10,0.05015954747796059,-2.652100761224574e-09,0.11245888471603394,0.00732439523562789,-6.436632338235881e-10,-8.991890565468452e-12,-4.3326072045601904e-05,-6.943448153564792e-19,0.9590960144996643,1.2365422019655625e-09,-0.010777922347187996,1.3609103427514313e-11,0,0,0,0,1,0,0,0,1,0,5
0.046081144362688065,-6.0161022830129696e-09,0.00997435487806797,-1.177801051133187e-10,0.05871996656060219,5.929561666562222e-06,0.12600195407867432,0.014217185787856579,2.958190998469945e-05,3.779904034217907e-07,-4.0399401768809184e-05,-3.0620935120850845e-08,0.9481951594352722,1.89920057458437e-09,-0.01080527063459158,7.926614364883733e-10,0,0,0,0,1,0,0,0,1,0,18
0.05651777237653732,2.5715735318954103e-07,0.010675586760044098,1.755066477926448e-06,0.07274871319532394,3.521084363455884e-05,0.138478621840477,0.013952975161373615,2.9125601940904744e-05,3.8007806324458215e-07,-4.310469012125395e-05,-2.6779904516160968e-08,0.9369930624961853,2.4561037648140882e-09,-0.011505099013447762,3.661623781958667e-10,0,0,0,0,1,0,0,0,1,0,13
0.06732172518968582,6.474503607023507e-06,0.011097727343440056,9.706889613880776e-06,0.08627032488584518,6.373366340994835e-05,0.12547649443149567,0.01311839185655117,2.7909436539630406e-05,3.898955753811606e-07,-7.76020169723779e-05,-1.822823982684449e-13,0.9251608848571777,2.7941085889438e-08,-0.012094132602214813,1.4894949629251641e-07,0,0,0,0,1,0,0,0,1,0,5
0.07882937043905258,2.0627790945582092e-05,0.011819601058959961,1.7873400793178007e-05,0.09907367825508118,9.097286238102242e-05,0.11673243343830109,0.012505652382969856,2.6605830498738214e-05,3.7168308608670486e-07,-7.397546141874045e-05,4.5561834470173035e-14,0.9127786755561829,9.096354460780276e-07,-0.012599019333720207,1.641839844523929e-06,0,0,0,0,1,0,0,0,1,0,18
0.09100107848644257,4.078757410752587e-05,0.01244641374796629,2.1806707081850618e-05,0.11120808124542236,0.00011678885493893176,0.10919179767370224,0.011830311268568039,2.516903441573959e-05,3.516204287734581e-07,-6.998241588007659e-05,-9.110534592363106e-14,0.899957001209259,3.568261490727309e-06,-0.012988903559744358,3.4798258639057167e-06,0,0,0,0,1,0,0,0,1,0,16
0.10372941941022873,6.591009150724858e-05,0.012938940897583961,2.813585706462618e-05,0.12266841530799866,0.0001411707344232127,0.11094443500041962,0.011163470335304737,2.3750313630443998e-05,3.3178227454300213e-07,-6.603410292882472e-05,9.108822908183295e-14,0.8867981433868408,7.452571026078658e-06,-0.013286225497722626,4.177743448963156e-06,0,0,0,0,1,0,0,0,1,0,5
0.11672907322645187,9.736754873301834e-05,0.013312306255102158,3.295168426120654e-05,0.13348016142845154,0.00016417275764979422,0.11041776835918427,0.010529456660151482,2.240145295218099e-05,3.12945132918685e-07,-6.22849547653459e-05,4.553645397494151e-14,0.8733821511268616,1.2035454346914776e-05,-0.01351272314786911,4.902700311504304e-06,0,0,0,0,1,0,0,0,1,0,18
0.12821722030639648,-0.0002628149522934109,0.01340509857982397,2.424450940452516e-05,0.14367815852165222,0.00018586908117868006,0.1092757135629654,0.009932606481015682,2.1131652829353698e-05,2.952090767394111e-07,-5.8754969359142706e-05,0.0,0.8597712516784668,1.7241694877156988e-05,-0.013683823868632317,5.34603941559908e-06,0,0,0,0,1,0,0,0,1,0,5
0.1400681585073471,-0.0005855184281244874,0.013405084609985352,1.0775268492579926e-05,0.1562822163105011,0.00015367910964414477,0.14480365812778473,0.015353966504335403,-8.448858716292307e-05,-1.9117264571377746e-07,-5.070624320069328e-05,-1.4118796798356925e-07,0.8460135459899902,2.2710286430083215e-05,-0.013812148943543434,5.564053481066367e-06,0,0,0,0,1,0,0,0,1,0,0
0.15345312654972076,-0.000580713851377368,0.013405434787273407,5.061671345174545e-06,0.17153164744377136,6.976960867177695e-05,0.133656844496727,0.015161794610321522,-8.343500667251647e-05,-1.9117264571377746e-07,-5.070624320069328e-05,-1.4118796798356925e-07,0.8321455717086792,2.829158620443195e-05,-0.01390891894698143,4.840203928324627e-06,0,0,0,0,1,0,0,0,1,0,5
0.16700588166713715,-0.000557259249035269,0.013661910779774189,4.2236148146912456e-05,0.1861397624015808,-9.559238606016152e-06,0.12543611228466034,0.014251346699893475,-7.69659091020003e-05,-1.0752598882390885e-06,-8.43055677250959e-05,-3.647033304694791e-13,0.818195104598999,2.8092872526030988e-05,-0.013981145806610584,-4.328978775447467e-06,0,0,0,0,1,0,0,0,1,0,5
0.18077754974365234,-0.0004913617158308625,0.013852820731699467,8.466880535706878e-05,0.200007364153862,-8.445281127933413e-05,0.11882873624563217,0.013539440929889679,-7.312116213142872e-05,-1.0215155725745717e-06,-8.009174780454487e-05,-9.115372302456737e-13,0.8041828274726868,1.8687893316382542e-05,-0.014035141095519066,-1.3567217138188425e-05,0,0,0,0,1,0,0,0,1,0,18
0.19471189379692078,-0.00040863349568098783,0.013994644396007061,7.444832590408623e-05,0.213147833943367,-0.00015541932953055948,0.11089959740638733,0.012812616303563118,-6.919589941389859e-05,-9.66694756243669e-07,-7.579354132758453e-05,-5.467941095564643e-13,0.7901240587234497,2.7371484065952245e-06,-0.01407651323825121,-1.6050267731770873e-05,0,0,0,0,1,0,0,0,1,0,16
0.20876698195934296,-0.0003452913661021739,0.014099828898906708,5.4566589824389666e-05,0.22555707395076752,-0.00022243666171561927,0.1124788150191307,0.012088589370250702,-6.528567610075697e-05,-9.120343520407914e-07,-7.150792953325436e-05,9.111223060742635e-14,0.7760308980941772,-1.3075598872092087e-05,-0.01410596538335085,-1.5616642485838383e-05,0,0,0,0,1,0,0,0,1,0,18
0.22173713147640228,-1.6895952285267413e-05,0.01414141058921814,3.6053395888302475e-05,0.23726625740528107,-0.00028567362460307777,0.1105983629822731,0.01140266191214323,-6.158126780064777e-05,-8.602684147263062e-07,-6.744919664924964e-05,9.109425318015382e-14,0.7619121074676514,-2.8479245884227566e-05,-0.014127703383564949,-1.532602072984446e-05,0,0,0,0,1,0,0,0,1,0,16
0.23384900391101837,0.0004981582169421017,0.013974308967590332,1.7813661543186754e-05,0.24972303211688995,-0.00030048657208681107,0.1341818869113922,0.015434366650879383,9.010454959934577e-05,3.793717340272451e-08,-5.355002940632403e-05,8.262805550884877e-08,0.7477743625640869,-4.3843156163347885e-05,-0.01414453238248825,-1.5394143701996654e-05,0,0,0,0,1,0,0,0,1,0,18
0.24742943048477173,0.0005061149713583291,0.013344252482056618,9.536030347589985e-07,0.2650408446788788,-0.00021112403192091733,0.14396440982818604,0.015231049619615078,8.885947318049148e-05,4.904427441942971e-08,-5.389294165070169e-05,9.130063460816018e-08,0.7336223125457764,-5.927259553573094e-05,-0.014157154597342014,-1.54577264765976e-05,0,0,0,0,1,0,0,0,1,0,16
0.2609299123287201,0.0004911854630336165,0.013616330921649933,-3.383998409844935e-05,0.27986595034599304,-0.00012574702850542963,0.1266479790210724,0.01440980564802885,8.199351577786729e-05,1.1454471859906334e-06,-8.523918950231746e-05,-1.8236176186747083e-13,0.719460129737854,-6.835716339992359e-05,-0.014166271314024925,-2.7044559374189703e-06,0,0,0,0,1,0,0,0,1,0,16
0.2746626138687134,0.0004304998437874019,0.013818810693919659,-8.189088111976162e-05,0.2939308285713196,-4.571620229398832e-05,0.11849688738584518,0.013726879842579365,7.810755778336897e-05,1.091128524421947e-06,-8.119698031805456e-05,1.823188274614404e-13,0.705289900302887,-6.325786671368405e-05,-0.014173283241689205,1.1486237781355157e-05,0,0,0,0,1,0,0,0,1,0,7
0.28856781125068665,0.00033970337244682014,0.013969399966299534,-8.516900561517105e-05,0.30726873874664307,3.0178227461874485e-05,0.11487046629190445,0.013006125576794147,7.40063696866855e-05,1.0338708307244815e-06,-7.693611405557021e-05,1.822758252927742e-13,0.6911137700080872,-4.6110937546472996e-05,-0.014178192242980003,1.852284731285181e-05,0,0,0,0,0,0,1,0,1,0,7
0.30260127782821655,0.0002661837206687778,0.014080720953643322,-6.428175402106717e-05,0.3198723793029785,0.00010189434397034347,0.11187469959259033,0.01227432768791914,6.984236097196117e-05,9.756516874404042e-07,-7.260371785378084e-05,1.822345171900025e-13,0.6769330501556396,-2.7657941245706752e-05,-0.014182399027049541,1.8395625374978408e-05,0,0,0,0,0,0,1,0,1,0,6
0.31600096821784973,0.001288727973587811,0.013792560435831547,0.00026547422748990357,0.3317646086215973,0.00016956253966782242,0.11102891713380814,0.01158200018107891,6.590293196495622e-05,9.206504500980373e-07,-6.851078069303185e-05,-9.109885426312331e-14,0.662749171257019,-9.183961992675904e-06,-0.014184502884745598,1.9756800611503422e-05,0,0,0,0,0,1,0,0,1,0,12
0.32912537455558777,0.0022676889784634113,0.013206636533141136,0.00031340564601123333,0.3446595370769501,0.00199740007519722,0.14497007429599762,0.01432869117707014,0.0035668713971972466,1.7348893379676156e-05,-5.1786875701509416e-05,2.546906671341276e-06,0.6485631465911865,1.8696347979130223e-05,-0.01418730802834034,3.452730743447319e-05,0,0,0,0,0,1,0,0,1,0,12
0.34167012572288513,0.003573278896510601,0.012386546470224857,0.001959520624950528,0.3588907718658447,0.005539922509342432,0.13328005373477936,0.014149278402328491,0.0035223558079451323,1.7348893379676156e-05,-5.1786875701509416e-05,2.546906671341276e-06,0.6343753337860107,6.134871364338323e-05,-0.014188009314239025,4.9300386308459565e-05,0,0,0,0,0,1,0,0,1,0,12
0.3535807132720947,0.006152328569442034,0.011642890982329845,0.002663671737536788,0.3725435733795166,0.008908949792385101,0.1257108449935913,0.013332277536392212,0.003278450109064579,4.580190943670459e-05,-7.886868843343109e-05,5.833441368841008e-12,0.6201920509338379,0.000285048212390393,-0.014171179383993149,0.0004796828143298626,0,0,0,0,0,1,0,0,1,0,6
0.36551105976104736,0.008864489383995533,0.012150933034718037,0.002737493021413684,0.38551968336105347,0.012099826708436012,0.11871328204870224,0.01266940776258707,0.0031154488679021597,4.3523388740140945e-05,-7.494518649764359e-05,-1.1664419430346129e-11,0.6060594916343689,0.0010986211709678173,-0.0140926418825984,0.0010862546041607857,0,0,0,0,0,1,0,0,1,0,7
0.3778972625732422,0.011607341468334198,0.012563607655465603,0.002741927746683359,0.39781489968299866,0.015123258344829082,0.11098520457744598,0.011988538317382336,0.002948022447526455,4.118509968975559e-05,-7.091870065778494e-05,5.8310114549320335e-12,0.5920355319976807,0.0025032889097929,-0.013970627449452877,0.0016225582221522927,0,0,0,0,0,0,1,0,1,0,12
0.39063405990600586,0.014360412955284119,0.012854267843067646,0.002782809780910611,0.4094259440898895,0.017978467047214508,0.11249517649412155,0.011310981586575508,0.002781408838927746,3.885602200170979e-05,-6.690814916510135e-05,-5.829883884672649e-12,0.5781266093254089,0.004334636032581329,-0.013854573480784893,0.0020016964990645647,0,0,0,0,0,0,1,0,1,0,5
0.4035975933074951,0.01719062402844429,0.013043249025940895,0.0028677391819655895,0.42038199305534363,0.020672600716352463,0.11059708148241043,0.010669195093214512,0.00262359157204628,3.665064650704153e-05,-6.31106086075306e-05,-5.828876877694844e-12,0.5643472671508789,0.006543250288814306,-0.013714327476918697,0.002377334050834179,0,0,0,0,1,0,0,0,1,0,5
0.41626837849617004,0.02036174200475216,0.012606928125023842,0.0027840265538543463,0.4307132363319397,0.02321307733654976,0.11058024317026138,0.01006089337170124,0.0024740088265389204,3.456151171121746e-05,-5.951321145403199e-05,2.9139889286267096e-12,0.550764262676239,0.00921492837369442,-0.01346083264797926,0.00292734382674098,0,0,0,0,1,0,0,0,1,0,14
0.4275975525379181,0.02318391017615795,0.010920551605522633,0.0019945253152400255,0.44045713543891907,0.025609150528907776,0.109211266040802,0.07189247757196426,-0.00018848484614863992,7.209603722913016e-07,-1.0649391697370447e-06,0.00125800515525043,0.5374734997749329,0.012450280599296093,-0.013143174350261688,0.0034853601828217506,0,0,0,0,0,0,0,0,1,0,6
0.43667030334472656,0.02472671866416931,0.008336937054991722,0.0013875619042664766,0.5078250765800476,0.02519296668469906,0.2484707087278366,0.06565693765878677,-0.0006046536727808416,6.304088060460344e-07,-6.148716238385532e-06,0.0012422741856426,0.524894654750824,0.016057686880230904,-0.011501242406666279,0.0034402860328555107,0,0,0,0,0,1,0,0,1,0,6
0.4443185329437256,0.026041574776172638,0.007353109307587147,0.00128369580488652,0.5716023445129395,0.024367276579141617,0.2694704830646515,0.06229015067219734,-0.0010023845825344324,6.304088060460344e-07,-6.148716238385532e-06,0.0012422741856426,0.5157084465026855,0.019086221233010292,-0.00696602975949645,0.002650880953297019,0,0,0,0,0,1,0,0,1,0,16
0.4511680603027344,0.026764288544654846,0.006368931382894516,0.0006191182765178382,0.6321883797645569,0.023159479722380638,0.17937903106212616,0.05923470854759216,-0.0013714688830077648,6.304088060460344e-07,-6.148716238385532e-06,0.0012422741856426,0.5118701457977295,0.021534046158194542,-0.0017870875308290124,0.002747688675299287,0,0,0,0,0,1,0,0,1,0,7
0.45737946033477783,0.027357561513781548,0.00659928610548377,0.0005843251710757613,0.6863335371017456,0.021709615364670753,0.14962653815746307,0.04961724579334259,-0.0014782752841711044,-1.3494810673364555e-06,-3.273830589023419e-05,0.001127578318119049,0.5131005644798279,0.02425200305879116,0.0035850440617650747,0.0022367711644619703,0,0,0,0,0,0,1,0,1,0,11
0.4648798704147339,0.027817202731966972,0.008186078630387783,0.0003134513972327113,0.7347151637077332,0.020101474598050117,0.10762852430343628,0.04659820720553398,-0.0016804294427856803,-1.7535563756609918e-06,-3.6910889321006835e-05,0.0011065428843721747,0.5183497071266174,0.0256070364266634,0.006198532413691282,0.0007623690762557089,0,0,0,0,0,0,1,0,1,0,9
0.47385627031326294,0.02785547822713852,0.009385422803461552,-0.00021096998534630984,0.7758702039718628,0.018514756113290787,0.1148347482085228,0.03777188062667847,-0.0015277157071977854,-7.996109161467757e-06,-9.693862375570461e-05,0.0007670004270039499,0.5253593325614929,0.02606223151087761,0.007645172066986561,0.00034610621514730155,0,0,0,0,0,0,1,0,1,0,18
0.4834837317466736,0.02759765461087227,0.009888803586363792,-0.00028531489078886807,0.8105347156524658,0.017065640538930893,0.10873989760875702,0.03244546055793762,-0.0013835637364536524,-1.3903883882449009e-05,-0.00014773529255762696,0.00039379214285872877,0.5337152481079102,0.026245923712849617,0.0089059853926301,3.909950464731082e-05,0,0,0,0,0,0,1,0,1,0,15
0.4939519762992859,0.027289187535643578,0.010823016986250877,-0.00034572838922031224,0.8409806489944458,0.015755396336317062,0.10924089699983597,0.029038188979029655,-0.00125256332103163,-1.7496915461379103e-05,-0.00017175785615108907,5.881291981202352e-12,0.5429816842079163,0.026104768738150597,0.009328828193247318,-0.00022843694023322314,0,0,0,0,0,0,1,0,0,0,11
0.5053056478500366,0.026934828609228134,0.01169009879231453,-0.0003766230074688792,0.8685643672943115,0.014565573073923588,0.10944285243749619,0.026457492262125015,-0.0011412451276555657,-1.5942161553539336e-05,-0.0001564956473885104,0.0,0.5526630878448486,0.025848396122455597,0.010097377002239227,-0.00028390632360242307,0,0,0,0,0,0,1,0,0,0,7
0.5174086093902588,0.026548417285084724,0.012347782962024212,-0.00041544463601894677,0.893782377243042,0.013477797619998455,0.10958276689052582,0.02425355464220047,-0.0010461782803758979,-1.4614320207329001e-05,-0.00014346090028993785,2.9314404636354707e-12,0.5632230043411255,0.02552838623523712,0.010915013030171394,-0.0003490721865091473,0,0,0,0,0,0,1,0,0,0,18
0.5300763249397278,0.02612714283168316,0.012881052680313587,-0.0004364022461231798,0.9169653654098511,0.012477802112698555,0.10968372970819473,0.02234661765396595,-0.0009639222407713532,-1.3465372830978595e-05,-0.00013218235108070076,0.0,0.5741148591041565,0.025168083608150482,0.010942010208964348,-0.000369719899026677,0,0,0,0,0,0,1,0,0,0,16
0.5431937575340271,0.025693053379654884,0.013261407613754272,-0.0004578431253321469,0.9383765459060669,0.011554231867194176,0.10975776612758636,0.020677829161286354,-0.000891938921995461,-1.2459890967875253e-05,-0.00012231209257151932,2.9256644849817715e-12,0.5854359865188599,0.024775614961981773,0.011610634624958038,-0.0004104164836462587,0,0,0,0,0,0,1,0,0,0,9
0.5566301941871643,0.025234952569007874,0.013545865193009377,-0.0004809731326531619,0.9582286477088928,0.010697908699512482,0.10981284081935883,0.019202861934900284,-0.0008283161441795528,-1.1571173672564328e-05,-0.0001135880229412578,5.84710882142736e-12,0.597364604473114,0.02434801496565342,0.012184591963887215,-0.00043961990741081536,0,0,0,0,0,0,1,0,0,0,12
0.5703140497207642,0.024767503142356873,0.013768505305051804,-0.0004830789694096893,0.9766961336135864,0.009901310317218304,0.10985434800386429,0.017887666821479797,-0.0007715850952081382,-1.0778705473057926e-05,-0.00010580881644273177,-2.921806459971199e-12,0.6098228096961975,0.02389380894601345,0.012663532979786396,-0.0004660284612327814,0,0,0,0,0,0,1,0,0,0,6
0.5841777324676514,0.02428833395242691,0.013924676924943924,-0.0004976108320988715,0.9939236640930176,0.009158200584352016,0.10988599807024002,0.016705691814422607,-0.000720600422937423,-1.0066503818961792e-05,-9.88174942904152e-05,-1.4601711766787373e-12,0.6226966381072998,0.023414719849824905,0.013031679205596447,-0.0004885299131274223,0,0,0,0,0,1,0,0,0,0,15
0.598173975944519,0.02379964292049408,0.014044548384845257,-0.0004972030292265117,1.010032296180725,0.00846334733068943,0.10991039872169495,0.015635915100574493,-0.0006744553684256971,-9.421893992112018e-06,-9.248974674846977e-05,-1.4595524224988998e-12,0.6358891129493713,0.022917909547686577,0.013312872499227524,-0.0005036592483520508,0,0,0,0,0,1,0,0,0,0,10
