lt_dp_posx,lt_dp_posy,lt_dp_velx,lt_dp_vely,ball_posx,ball_posy,ball_posz,ball_vel_x,ball_vel_y,ball_rot_x,ball_rot_y,ball_rot_z,rt_gk_posx,rt_gk_posy,rt_gk_velx,rt_gk_vely,action_left,action_top_left,action_top,action_top_right,action_right,action_bottom_right,action_bottom,action_bottom_left,action_sprint,action_dribble,sel_action
-1.0110293626785278,-0.0,0.0,-0.0,0.019999999552965164,-0.0,0.11061639338731766,0.0,-0.0,0.0,-0.0,0.0,1.0110293626785278,0.0,-0.0,0.0,0,0,0,0,0,0,0,0,0,0,5
0.0003232249873690307,5.009550066437107e-11,0.0019679905381053686,1.558576046001292e-10,0.019999999552965164,-0.0,0.11059734225273132,0.0,-0.0,0.0,-0.0,0.0,1.0093543529510498,-1.3062736656244134e-11,-0.0035601502750068903,-2.532124683540804e-11,0,0,0,0,1,0,0,0,0,0,5
0.0034698026720434427,-7.094605458668468e-11,0.004606736823916435,-1.1369825914098186e-10,0.019999999552965164,-0.0,0.10930104553699493,0.0,-0.0,0.0,-0.0,0.0,1.0049090385437012,-3.6163953776036095e-11,-0.005159658379852772,-1.8880749394489804e-11,0,0,0,0,1,0,0,0,0,0,13
0.007220606319606304,-1.5964919386490806e-09,0.0062029086984694,-3.3405109234330155e-10,0.02090027928352356,1.0199039529590337e-11,0.11490735411643982,0.009002801030874252,1.0199040223479727e-10,8.050807741820376e-13,-1.304784291278338e-05,1.4987497191660398e-13,0.998912513256073,2.2626950660353806e-11,-0.006663799285888672,6.780235817238633e-10,0,0,0,0,1,0,0,0,1,0,5
0.014238657429814339,-1.779284719560792e-09,0.007660851813852787,-1.9205052478876716e-11,0.029501892626285553,1.0859593085887909e-10,0.10950982570648193,0.008328909985721111,9.583041304939144e-11,1.1826771116260626e-12,-3.8366724766092375e-05,1.510006041646056e-13,0.9914822578430176,6.146095299364163e-10,-0.0080326022580266,4.889995630641408e-10,0,0,0,0,1,0,0,0,1,0,5
0.02262367494404316,-2.131822718354215e-09,0.008950777351856232,-5.646689782423664e-10,0.037561092525720596,2.014596406363367e-10,0.11380040645599365,0.007858635857701302,9.055256544598933e-11,1.2649924510665933e-12,-4.648572576115839e-05,0.0,0.9827787280082703,9.241493126310729e-10,-0.009224695153534412,1.515215453107288e-10,0,0,0,0,1,0,0,0,1,0,16
0.03205374628305435,-2.8840134724816835e-09,0.009951059706509113,-2.7215840692207394e-10,0.0451790876686573,2.8923932693381005e-10,0.11147154867649078,0.007416617590934038,8.545924384817383e-11,1.193830299374421e-12,-4.387071749079041e-05,-8.679454302328333e-20,0.9734154939651489,1.1019899437414438e-09,-0.009538145735859871,1.9844455245721093e-10,0,0,0,0,1,0,0,0,1,0,18
0.0401909165084362,-6.9488659271144115e-09,0.009588781744241714,-1.573477598215689e-10,0.05235544964671135,3.719301533422481e-10,0.1108224019408226,0.006979597266763449,8.04236052753815e-11,1.1234891055672547e-12,-4.1285828046966344e-05,-8.678786095489755e-20,0.963359534740448,1.2575790409030674e-09,-0.010455355979502201,1.1182973991274991e-10,0,0,0,0,1,0,0,0,1,0,13
0.049430496990680695,-8.884611268911158e-09,0.010337285697460175,-9.285331531438956e-11,0.06358768045902252,1.7681315512163565e-05,0.1428488790988922,0.014036365784704685,2.9313345294212922e-05,3.8029511983950215e-07,-4.303434252506122e-05,-2.3596737008801938e-08,0.9525248408317566,4.0962646608022624e-08,-0.010928686708211899,1.9753422009216592e-07,0,0,0,0,1,0,0,0,1,0,13
0.06005611643195152,1.8359522755417856e-06,0.010675630532205105,5.271259851724608e-06,0.07750976085662842,4.677682227338664e-05,0.11401719599962234,0.013712738640606403,2.877070801332593e-05,3.829543118172296e-07,-4.753662142320536e-05,-1.8780660582251585e-08,0.9415563941001892,5.971687073724752e-07,-0.011242137290537357,8.614155149189173e-07,0,0,0,0,1,0,0,0,1,0,5
0.07110662758350372,1.1092497516074218e-05,0.01140530500560999,1.2716918718069792e-05,0.09066715836524963,7.474593439837918e-05,0.11871332675218582,0.012896433472633362,2.7453223083284684e-05,3.835467907720158e-07,-7.62921481509693e-05,-4.5567384230043445e-14,0.9299631714820862,1.7996421775023919e-06,-0.011861324310302734,1.4774110468351864e-06,0,0,0,0,1,0,0,0,1,0,0
0.08288992941379547,2.8346601538942195e-05,0.012080897577106953,1.9670178517117165e-05,0.10318993777036667,0.00010140374070033431,0.10669787228107452,0.012217475101351738,2.6007901396951638e-05,3.6334586184239015e-07,-7.227392779896036e-05,0.0,0.9177908301353455,3.6060635011381237e-06,-0.012411790899932384,2.205478494943236e-06,0,0,0,0,1,0,0,0,1,0,5
0.09530174732208252,5.0111520977225155e-05,0.012659676373004913,2.4105547709041275e-05,0.11503417789936066,0.00012661713117267936,0.11036381125450134,0.011543357744812965,2.457287337165326e-05,3.43285620374445e-07,-6.82837053318508e-05,-9.109786492864091e-14,0.9051313996315002,6.497115919046337e-06,-0.012844450771808624,3.4581826184876263e-06,0,0,0,0,1,0,0,0,1,0,18
0.10821419954299927,7.794531848048791e-05,0.013101013377308846,3.094965359196067e-05,0.12621478736400604,0.00015041777805890888,0.1102755069732666,0.010889651253819466,2.3181299184216186e-05,3.2383954362558143e-07,-6.441565346904099e-05,9.108150702836354e-14,0.8920965194702148,1.0507440492801834e-05,-0.01317683421075344,4.295822691346984e-06,0,0,0,0,1,0,0,0,1,0,18
0.12102577835321426,-1.6152242096723057e-05,0.013404959812760353,3.237017153878696e-05,0.1367608606815338,0.0001728676725178957,0.10931510478258133,0.010271267034113407,2.1864914742764086e-05,3.0545268714377016e-07,-6.0758276958949864e-05,-9.106692450914361e-14,0.8787750601768494,1.5176296983554494e-05,-0.013429276645183563,4.97916425956646e-06,0,0,0,0,1,0,0,0,1,0,5
0.13264603912830353,-0.0014357357285916805,0.013405121862888336,1.8883692973759025e-05,0.14670902490615845,0.0001940448273671791,0.11076349020004272,0.009688864462077618,2.0625129764084704e-05,2.8812621621909784e-07,-5.731181590817869e-05,-2.2763492073295602e-14,0.8652356863021851,2.048382884822786e-05,-0.013621414080262184,5.334899014997063e-06,0,0,0,0,1,0,0,0,1,0,18
0.1457280069589615,-0.0016857660375535488,0.013404997065663338,5.395432253862964e-06,0.1616022288799286,1.1649845873762388e-05,0.1537678986787796,0.015371497720479965,-0.00020336346642579883,-5.867801178283116e-07,-5.070247789262794e-05,-3.5698781175597105e-07,0.8515316843986511,2.3349342882283963e-05,-0.013765166513621807,6.610607670154423e-07,0,0,0,0,1,0,0,0,1,0,18
0.1591414213180542,-0.0016721585998311639,0.01351710595190525,3.9090595237212256e-05,0.17681211233139038,-0.00018934652325697243,0.10109207779169083,0.014877351000905037,-0.0001954929030034691,-1.0403343821963063e-06,-5.863407568540424e-05,-5.950148533884203e-07,0.8377040028572083,2.146405131497886e-05,-0.013873857446014881,-3.951130565837957e-06,0,0,0,0,1,0,0,0,1,0,13
0.17278887331485748,-0.0015756977954879403,0.013743779622018337,0.00014495835057459772,0.1911533623933792,-0.00037566953687928617,0.12167232483625412,0.014120616018772125,-0.00018341749091632664,-2.5625706712162355e-06,-8.353606244781986e-05,1.0940603891590461e-12,0.8237837553024292,1.1704340977303218e-05,-0.013955200091004372,-1.6758374840719625e-05,0,0,0,0,1,0,0,0,1,0,18
0.18662871420383453,-0.0013818206498399377,0.013911549001932144,0.0002093639923259616,0.20487026870250702,-0.0005538433906622231,0.11697085946798325,0.01341086532920599,-0.0001741983724059537,-2.433657527944888e-06,-7.933365122880787e-05,-3.645994910064093e-13,0.8097941875457764,-1.4084002032177523e-05,-0.014015506021678448,-3.319304232718423e-05,0,0,0,0,1,0,0,0,1,0,0
0.2006133794784546,-0.0011983035365119576,0.01403882261365652,0.00016088085249066353,0.21787413954734802,-0.0007227550959214568,0.11213349550962448,0.01266968809068203,-0.00016457091260235757,-2.299004336236976e-06,-7.49441678635776e-05,-7.290261059764158e-13,0.7957527041435242,-5.534396768780425e-05,-0.014060385525226593,-4.464209996513091e-05,0,0,0,0,1,0,0,0,1,0,5
0.21470609307289124,-0.0010637519881129265,0.014132611453533173,0.00011335755698382854,0.23014220595359802,-0.0008821092778816819,0.10964804142713547,0.011945568025112152,-0.00015516499115619808,-2.167655793527956e-06,-7.06624414306134e-05,-7.288671619379294e-13,0.7816725373268127,-9.978018351830542e-05,-0.014094745740294456,-4.426277519087307e-05,0,0,0,0,1,0,0,0,1,0,16
0.22884660959243774,0.0005844616680406034,0.01414050068706274,6.960140308365226e-05,0.2417064607143402,-0.0010323217138648033,0.11078591644763947,0.011259399354457855,-0.0001462521031498909,-2.0430854874575743e-06,-6.660162762273103e-05,3.643625386216126e-13,0.76756352186203,-0.00014382024528458714,-0.014119990170001984,-4.385415377328172e-05,0,0,0,0,1,0,0,0,1,0,13
0.24281920492649078,0.0012925354531034827,0.013680142350494862,2.5249981263186783e-05,0.2560514807701111,-0.0008965567103587091,0.1529252827167511,0.015632551163434982,0.00025406296481378376,1.8224190512228233e-07,-5.40225300937891e-05,2.44149191530596e-07,0.7534328103065491,-0.00018464590539224446,-0.014138221740722656,-3.783776628552005e-05,0,0,0,0,1,0,0,0,1,0,16
0.2562512159347534,0.001293936395086348,0.013462760485708714,-2.442916957079433e-05,0.27156898379325867,-0.0006443890160880983,0.12216749042272568,0.01538289524614811,0.0002496453817002475,2.9045901328572654e-07,-5.523432992049493e-05,3.246720439165074e-07,0.739285945892334,-0.00021882187866140157,-0.014152947813272476,-3.117657979601063e-05,0,0,0,0,1,0,0,0,1,0,18
0.26985204219818115,0.0011992856161668897,0.013702581636607647,-0.00015900839935056865,0.28632286190986633,-0.0004099130164831877,0.12763476371765137,0.014467895030975342,0.00022891895787324756,3.1981896881916327e-06,-8.558803529012948e-05,-7.294622263002981e-13,0.725127100944519,-0.00024247943656519055,-0.014163466170430183,-1.167495247500483e-05,0,0,0,0,1,0,0,0,1,0,7
0.28365567326545715,0.0009657529881224036,0.013878240250051022,-0.00028096800087951124,0.3004123866558075,-0.00018698046915233135,0.12059866636991501,0.013761991634964943,0.00021774976630695164,3.041994659724878e-06,-8.14080485724844e-05,-7.292840918833587e-13,0.7109593152999878,-0.00023636114201508462,-0.014170478098094463,2.0681822206825018e-05,0,0,0,0,0,0,1,0,1,0,7
0.29753419756889343,0.0008012352627702057,0.013982313685119152,-0.00023073385818861425,0.31378108263015747,2.4545288397348486e-05,0.10960905253887177,0.01303156092762947,0.00020619254792109132,2.880596184695605e-06,-7.708876364631578e-05,-3.6455465924657704e-13,0.6967849731445312,-0.00019819315639324486,-0.014176789671182632,4.9833332013804466e-05,0,0,0,0,0,0,1,0,1,0,6
0.31047874689102173,0.0017326765228062868,0.013641360215842724,0.00014293963613454252,0.3263964354991913,0.00022415265266317874,0.11093062162399292,0.01228263508528471,0.00019434255955275148,2.7148748813488055e-06,-7.265384192578495e-05,3.6447001016196023e-13,0.6826059222221375,-0.00014832333545200527,-0.01418099645525217,4.989895023754798e-05,0,0,0,0,0,1,0,0,1,0,6
0.32347434759140015,0.002313994336873293,0.012906859628856182,0.0005004080594517291,0.3401359021663666,0.0026541382540017366,0.1504453420639038,0.014338532462716103,0.0033657823223620653,1.7507170923636295e-05,-5.400724694482051e-05,2.4640869469294557e-06,0.6684232354164124,-9.839010454015806e-05,-0.014183801598846912,4.99607776873745e-05,0,0,0,0,0,1,0,0,1,0,12
0.33592259883880615,0.0037425567861646414,0.01223718374967575,0.0021264918614178896,0.35436299443244934,0.005993024446070194,0.11667824536561966,0.014061895199120045,0.0032946784049272537,1.9874743884429336e-05,-5.643467738991603e-05,3.718788093465264e-06,0.6542404890060425,6.773081258870661e-05,-0.014177490957081318,0.0003403186274226755,0,0,0,0,0,1,0,0,1,0,12
0.3477960228919983,0.006260331254452467,0.011826964095234871,0.0025440275203436613,0.367900013923645,0.009136073291301727,0.12090520560741425,0.01328207366168499,0.0030808968003839254,4.30433101428207e-05,-7.857415039325133e-05,-1.1666693652823135e-11,0.6400806903839111,0.0006359425606206059,-0.014141728170216084,0.000754515640437603,0,0,0,0,0,1,0,0,1,0,12
0.35989975929260254,0.008840780705213547,0.012315371073782444,0.002597742946818471,0.3807971477508545,0.012127671390771866,0.11443682014942169,0.012597897090017796,0.002922196639701724,4.0824834286468104e-05,-7.452437421306968e-05,0.0,0.625971257686615,0.0016092716250568628,-0.01408422738313675,0.001125526032410562,0,0,0,0,0,1,0,0,1,0,7
0.3724377155303955,0.011440453119575977,0.01270525623112917,0.0025975790340453386,0.39300641417503357,0.014959716238081455,0.1121082529425621,0.011897328309714794,0.002759691793471575,3.855086470139213e-05,-7.037333853077143e-05,-1.1661708057553177e-11,0.6119171380996704,0.0028846468776464462,-0.014027426950633526,0.001397814485244453,0,0,0,0,0,0,1,0,1,0,1
0.3852991461753845,0.014061876572668552,0.012969269417226315,0.0026558716781437397,0.40453478693962097,0.017633821815252304,0.10899581760168076,0.011230895295739174,0.002605108078569174,3.639397255028598e-05,-6.643600499955937e-05,-1.1659511030270853e-11,0.5979267954826355,0.004431655164808035,-0.013958005234599113,0.0016688730102032423,1,0,0,0,0,0,0,0,1,0,6
0.39837193489074707,0.016762737184762955,0.013148784637451172,0.002735625021159649,0.4154110550880432,0.02015667036175728,0.11143805831670761,0.01059168204665184,0.002456835936754942,3.432142693782225e-05,-6.265265983529389e-05,5.828759783860216e-12,0.584022045135498,0.0062772417441010475,-0.01385702844709158,0.001994973048567772,0,0,0,0,0,1,0,0,1,0,5
0.4111708998680115,0.01982155255973339,0.012707643210887909,0.0026555543299764395,0.4256705641746521,0.022536443546414375,0.10860458016395569,0.009993108920753002,0.002317989943549037,3.238253702875227e-05,-5.911328480578959e-05,0.0,0.5702303647994995,0.008453807793557644,-0.013735364191234112,0.0023247094359248877,0,0,0,0,1,0,0,0,1,0,5
0.4226047098636627,0.022550825029611588,0.010958588682115078,0.0018742434913292527,0.4353509843349457,0.024781910702586174,0.11126909404993057,0.06839513033628464,-0.0007945005199871957,-4.004712536698207e-06,4.662887477024924e-06,0.001963517162948847,0.556583046913147,0.010985909961163998,-0.013552343472838402,0.002742761978879571,0,0,0,0,1,0,0,0,1,0,6
0.4316923916339874,0.023991713300347328,0.008370946161448956,0.0012981834588572383,0.4997527301311493,0.023655127733945847,0.26346713304519653,0.06283558160066605,-0.0014082042034715414,-4.1538296500220895e-06,6.08073875696391e-08,0.001940365880727768,0.5431722402572632,0.014005426317453384,-0.013288329355418682,0.0032444605603814125,0,0,0,0,0,1,0,0,1,0,8
0.43937283754348755,0.0252245981246233,0.007384664844721556,0.0012048693606629968,0.5608456134796143,0.021919792518019676,0.31253451108932495,0.059711627662181854,-0.0019956850446760654,-4.1538296500220895e-06,6.08073875696391e-08,0.001940365880727768,0.5300722718238831,0.017508868128061295,-0.012754692696034908,0.0036152212414890528,0,0,0,0,0,0,0,1,1,0,13
0.4462396502494812,0.02587396651506424,0.006383657455444336,0.000550929456949234,0.6189696192741394,0.019623951986432076,0.2635355591773987,0.05686332657933235,-0.0025340309366583824,-4.1538296500220895e-06,6.08073875696391e-08,0.001940365880727768,0.5190848112106323,0.02063962258398533,-0.009229954332113266,0.0026536330115050077,0,0,0,0,0,0,0,1,1,0,18
0.4524654448032379,0.026399100199341774,0.0066147129982709885,0.0005047857412137091,0.6743783354759216,0.01681671291589737,0.12083809077739716,0.05425145477056503,-0.0030235450249165297,-4.1538296500220895e-06,6.08073875696391e-08,0.001940365880727768,0.5126566886901855,0.022505488246679306,-0.003982291556894779,0.0011650854721665382,0,0,0,0,0,0,0,1,1,0,7
0.4599321484565735,0.026737919077277184,0.008132878690958023,0.00015234833699651062,0.7219973802566528,0.013879052363336086,0.16132193803787231,0.0461358018219471,-0.003057026769965887,-7.4389758992765564e-06,-2.444013807689771e-05,0.0017668793443590403,0.5118545889854431,0.022722695022821426,0.0019546817056834698,-0.0003592392022255808,0,0,0,0,0,0,1,0,1,0,18
0.46876874566078186,0.026542840525507927,0.00929481815546751,-0.0004952033632434905,0.7665202021598816,0.010695628821849823,0.11709244549274445,0.04066472128033638,-0.0030899653211236,-1.1872520190081559e-05,-4.997003634343855e-05,0.0015510364901274443,0.5156136751174927,0.022433381527662277,0.004529251717031002,-0.00018150897813029587,0,0,0,0,0,0,1,0,1,0,7
0.47817349433898926,0.025971729308366776,0.009729230776429176,-0.0006005524192005396,0.8042769432067871,0.007674703374505043,0.11443758755922318,0.03487038239836693,-0.0029005934484302998,-1.9155715563101694e-05,-8.908394374884665e-05,0.0011680896859616041,0.5209689140319824,0.02217056415975094,0.006024977657943964,-0.0003186567046213895,0,0,0,0,0,0,1,0,1,0,15
0.488443523645401,0.02532229758799076,0.010685008950531483,-0.0006899308646097779,0.8365241885185242,0.0049164071679115295,0.11129502207040787,0.03027915582060814,-0.0026327231898903847,-3.145872688037343e-05,-0.00015188840916380286,0.00038333082920871675,0.5277929306030273,0.021812517195940018,0.007455138489603996,-0.00038838558248244226,0,0,0,0,0,0,1,0,0,0,3
0.4995855987071991,0.024590525776147842,0.0115110594779253,-0.0007604582933709025,0.8651304841041565,0.002419969066977501,0.10932161659002304,0.027383340522646904,-0.002390895504504442,-3.339851537020877e-05,-0.00016197134391404688,0.0,0.5359578728675842,0.021391483023762703,0.008719108067452908,-0.00044590834295377135,0,0,1,0,0,0,0,0,0,0,4
0.5114796161651611,0.0237998329102993,0.012175159528851509,-0.0008141546277329326,0.8911928534507751,0.00014440350059885532,0.10952512174844742,0.025036891922354698,-0.0021860222332179546,-3.0536946724168956e-05,-0.00014809372078161687,0.0,0.5452117919921875,0.020910054445266724,0.009611565619707108,-0.0005136182880960405,0,0,0,1,0,0,0,0,0,0,15
0.5239138007164001,0.022963516414165497,0.012663286179304123,-0.0008566999458707869,0.9150953888893127,-0.0019425798673182726,0.1096421629190445,0.023018082603812218,-0.002009756863117218,-2.8074911824660376e-05,-0.0001361536415060982,-1.1717354517215561e-11,0.555507242679596,0.020334696397185326,0.010558303445577621,-0.0005931809428147972,0,0,0,1,0,0,0,0,0,0,4
0.5367892980575562,0.022092077881097794,0.013085244223475456,-0.0008897585212253034,0.9371272921562195,-0.0038662331644445658,0.1097271516919136,0.021260062232613564,-0.0018562607001513243,-2.5930849005817436e-05,-0.00012575570144690573,-1.1706165550795511e-11,0.5666666030883789,0.019681299105286598,0.01145685650408268,-0.0006748017040081322,0,0,0,1,0,0,0,0,0,0,1
0.5500336289405823,0.021190166473388672,0.013399586081504822,-0.0009163242648355663,0.9575207829475403,-0.00564682949334383,0.10978996753692627,0.019712932407855988,-0.0017211774829775095,-2.4043964003794827e-05,-0.0001166049187304452,0.0,0.5785989761352539,0.018959524109959602,0.012093513272702694,-0.0007331619854085147,1,0,0,0,0,0,0,0,0,0,18
0.5635391473770142,0.020267540588974953,0.013619955629110336,-0.0009312445763498545,0.9764649868011475,-0.007300883997231722,0.10983704775571823,0.018338680267333984,-0.0016011891420930624,-2.2367885321727954e-05,-0.00010847650992218405,0.0,0.5910661220550537,0.018181800842285156,0.012585402466356754,-0.0007896251045167446,1,0,0,0,0,0,0,0,0,0,18
0.5772504210472107,0.019331375136971474,0.013801494613289833,-0.0009429354104213417,0.994115948677063,-0.008842024952173233,0.10987276583909988,0.017107874155044556,-0.0014937242958694696,-2.086671520373784e-05,-0.00010119637590833008,-2.9208291601329206e-12,0.604002833366394,0.017352452501654625,0.013028186745941639,-0.0008369235438294709,1,0,0,0,0,0,0,0,0,0,5
0.5911145210266113,0.01838528737425804,0.013925034552812576,-0.00095077307196334,1.0106037855148315,-0.01028162520378828,0.10990016907453537,0.01599733904004097,-0.0013967613922432065,-1.9512224753270857e-05,-9.462756133871153e-05,-2.9195135892168267e-12,0.6172455549240112,0.01648798957467079,0.013300575315952301,-0.0008722614729776978,0,0,0,0,1,0,0,0,0,0,1
