lt_dp_posx,lt_dp_posy,lt_dp_velx,lt_dp_vely,ball_posx,ball_posy,ball_posz,ball_vel_x,ball_vel_y,ball_rot_x,ball_rot_y,ball_rot_z,rt_gk_posx,rt_gk_posy,rt_gk_velx,rt_gk_vely,action_left,action_top_left,action_top,action_top_right,action_right,action_bottom_right,action_bottom,action_bottom_left,action_sprint,action_dribble,sel_action
-1.0110293626785278,-0.0,0.0,-0.0,0.019999999552965164,-0.0,0.11061639338731766,-0.0,0.0,0.0,-0.0,0.0,1.0110293626785278,0.0,-0.0,0.0,0,0,0,0,0,0,0,0,0,0,5
0.000559650594368577,4.934865016625878e-11,0.0026072831824421883,2.1259022320307963e-11,0.019999999552965164,-0.0,0.11059734225273132,-0.0,0.0,0.0,-0.0,0.0,1.0110293626785278,0.0,-0.0,0.0,0,0,0,0,1,0,0,0,0,0,5
0.003778970567509532,-4.769091233036704e-10,0.004770989064127207,-2.7890331710800353e-10,0.019999999552965164,-0.0,0.10930104553699493,-0.0,0.0,0.0,-0.0,0.0,1.0109632015228271,-5.534012050695258e-12,-0.0006619621999561787,-5.5340124843761274e-11,0,0,0,0,1,0,0,0,0,0,13
0.007856177166104317,-2.1815389494861392e-09,0.006355717778205872,-3.5538866294260174e-10,0.021781770512461662,-1.1909907782214901e-10,0.11938153952360153,0.00884426012635231,-5.913219358610888e-10,6.829482996923569e-14,-2.424975718895439e-06,-1.4215649057208735e-12,1.007768154144287,-2.175170599194587e-10,-0.004207386635243893,-2.317013109154331e-10,0,0,0,0,1,0,0,0,1,0,13
0.015018402598798275,-2.3913506730366407e-09,0.0077974372543394566,-5.904814137647207e-11,0.03017400950193405,-6.8111760676004e-10,0.1046176478266716,0.00802589114755392,-5.382028156475371e-10,3.800132517689514e-12,2.2556398107553832e-05,-2.996338637276108e-12,1.0026906728744507,-3.9816716590479473e-10,-0.005775339435786009,-1.1965166357708057e-10,0,0,0,0,1,0,0,0,1,0,0
0.023530634120106697,-2.527440035038353e-09,0.009069569408893585,-1.7580663314031852e-10,0.03789006173610687,-1.1988626757997167e-09,0.11265537887811661,0.0075294747948646545,-5.052310791953118e-10,7.057759758566373e-12,4.45375990238972e-05,0.0,0.9961044192314148,-1.0358848501201834e-10,-0.007231095340102911,6.247508621548548e-10,0,0,0,0,1,0,0,0,1,0,5
0.0325397364795208,-3.175186780168815e-09,0.009742066264152527,-2.3446986019415306e-10,0.045190852135419846,-1.6887491405270794e-09,0.11220602691173553,0.007112400606274605,-4.772453543466781e-10,6.667087021350326e-12,4.2072257201652974e-05,-1.3886375183343676e-18,0.9881436228752136,3.791204572500817e-10,-0.008531177416443825,3.4534503035033026e-10,0,0,0,0,1,0,0,0,1,0,18
0.040325090289115906,-4.623375016166165e-09,0.009685550816357136,-1.271507066302746e-10,0.05207172781229019,-2.1504589220455728e-09,0.1110357940196991,0.006694129668176174,-4.4917919383991034e-10,6.274955381690983e-12,3.9597736758878455e-05,-3.4713490020733916e-19,0.9790472984313965,6.118379136665908e-10,-0.009335489943623543,9.474360185279807e-10,0,0,0,0,1,0,0,0,1,0,18
0.05024059861898422,-4.948630838441659e-09,0.010593279264867306,-7.153703324158656e-11,0.06529542058706284,2.5388393623870797e-05,0.14664572477340698,0.013831168413162231,2.788686651911121e-05,2.8575817623277544e-07,7.840380931156687e-06,3.5737735970542417e-07,0.9695028066635132,1.3730784287346864e-09,-0.009924523532390594,6.402126051519019e-10,0,0,0,0,1,0,0,0,1,0,13
0.06094235181808472,3.5162649965059245e-06,0.010849579237401485,6.552664672199171e-06,0.07887290418148041,5.2555467846104875e-05,0.1154119074344635,0.012866290286183357,2.4851311536622234e-05,3.0719213839347503e-08,3.5405355447437614e-05,4.670975499720953e-07,0.9590960144996643,1.8064083562308042e-09,-0.010777922347187996,2.5837576522746986e-10,0,0,0,0,1,0,0,0,1,0,16
0.07222867012023926,1.4283632481237873e-05,0.011619224213063717,1.448939110559877e-05,0.09126890450716019,7.611807086504996e-05,0.11317076534032822,0.01207677461206913,2.2739033738616854e-05,-1.8346686658787803e-07,5.784278619103134e-05,2.601897222120897e-07,0.9481951594352722,3.2512014058738714e-07,-0.01080527063459158,8.046414450291195e-07,0,0,0,0,1,0,0,0,1,0,18
0.0842098519206047,3.172151991748251e-05,0.01227075606584549,1.8933587853098288e-05,0.10295230150222778,9.800990665098652e-05,0.11222558468580246,0.011404491029679775,2.1362624465837143e-05,-2.9842166782145796e-07,6.745853170286864e-05,0.0,0.9369930624961853,1.7628242403588956e-06,-0.011505099013447762,1.9456815607554745e-06,0,0,0,0,1,0,0,0,1,0,18
0.09678632766008377,5.317878458299674e-05,0.012805094011127949,2.3983895516721532e-05,0.11401162296533585,0.00011872598406625912,0.10860062390565872,0.010778321884572506,2.0189700080663897e-05,-2.8205394642100146e-07,6.375857628881931e-05,0.0,0.9251608848571777,4.2839542402361985e-06,-0.012094132602214813,2.807408918670262e-06,0,0,0,0,1,0,0,0,1,0,0
0.10982368886470795,-8.294291910715401e-05,0.013207074254751205,2.8783482775907032e-05,0.12445391714572906,0.0001382862392347306,0.10880786180496216,0.010171067900955677,1.9052205971092917e-05,-2.6615924753059517e-07,6.016558108967729e-05,0.0,0.9127786755561829,7.398138222924899e-06,-0.012599019333720207,3.413642616578727e-06,0,0,0,0,1,0,0,0,1,0,13
0.12306258827447891,-0.0019212415209040046,0.013239067979156971,1.6690726624801755e-05,0.13430537283420563,0.00015673974121455103,0.11073843389749527,0.00959472730755806,1.7972617570194416e-05,-2.510714693926275e-07,5.675496504409239e-05,-2.276298385352725e-14,0.899957001209259,1.1197079402336385e-05,-0.012988903559744358,4.1071352825383656e-06,0,0,0,0,1,0,0,0,1,0,16
0.13630163669586182,-0.002247875090688467,0.013239067979156971,4.768015060108155e-06,0.14927753806114197,-7.533267489634454e-05,0.1585695594549179,0.01545926183462143,-0.0002578230923973024,-6.146967734821374e-08,1.035015611705603e-05,-7.976342999427288e-07,0.8867981433868408,1.3550924450100865e-05,-0.013286225497722626,-2.2085490058998403e-07,0,0,0,0,1,0,0,0,1,0,5
0.1496303379535675,-0.0022306214086711407,0.013456800021231174,5.1401875680312514e-05,0.16461288928985596,-0.0003310632018838078,0.11723601073026657,0.015127704478800297,-0.00025208969600498676,4.724155644453276e-08,1.2753409464494325e-05,-9.64665900937689e-07,0.8733821511268616,9.628172847442329e-06,-0.01351272314786911,-6.863107955723535e-06,0,0,0,0,1,0,0,0,1,0,13
0.1632256656885147,-0.0021006495226174593,0.013697322458028793,0.00019715163216460496,0.17874552309513092,-0.0005649912054650486,0.12570562958717346,0.013747993856668472,-0.00022708752658218145,1.7046553466570913e-06,4.925694884150289e-05,-1.8302758917343454e-06,0.8597712516784668,-1.913678488563164e-06,-0.013683823868632317,-1.7916276192408986e-05,0,0,0,0,1,0,0,0,1,0,5
0.17702443897724152,-0.001835228642448783,0.013874909840524197,0.00028795780963264406,0.1919815093278885,-0.0007831855909898877,0.11795704066753387,0.012889313511550426,-0.00021233597362879664,2.9664179237443022e-06,7.624718273291364e-05,3.6453820647860957e-13,0.846013605594635,-3.0672057619085535e-05,-0.013812148943543434,-3.7316931411623955e-05,0,0,0,0,1,0,0,0,1,0,13
0.19097812473773956,-0.0015803551068529487,0.014012000523507595,0.00022547453409060836,0.204489067196846,-0.0009892320958897471,0.10695106536149979,0.012192836962640285,-0.00020086235599592328,2.806143811540096e-06,7.212757918750867e-05,0.0,0.8321457505226135,-7.793034455971792e-05,-0.01390891894698143,-5.384448013501242e-05,0,0,0,0,1,0,0,0,1,0,5
0.20504838228225708,-0.0013891496928408742,0.014113328419625759,0.00016351351223420352,0.2163046896457672,-0.0011838802602142096,0.11112786829471588,0.011514301411807537,-0.00018968430231325328,2.6499058094486827e-06,6.811174534959719e-05,7.287769563171786e-13,0.8181953430175781,-0.00013136863708496094,-0.013981145806610584,-5.309296102495864e-05,0,0,0,0,1,0,0,0,1,0,0
0.21912969648838043,-0.001263184123672545,0.014121955260634422,0.00010070069401990622,0.22745779156684875,-0.001367614371702075,0.11018572002649307,0.010862733237445354,-0.00017895059136208147,2.4999146717163967e-06,6.425639730878174e-05,0.0,0.8041831851005554,-0.00018401113629806787,-0.014035141095519066,-5.2263796533225104e-05,0,0,0,0,1,0,0,0,1,0,18
0.23307929933071136,-0.0011989318300038576,0.013680142350494862,3.6580924643203616e-05,0.24183879792690277,-0.0014055233914405107,0.15713411569595337,0.015835177153348923,2.1336431018426083e-05,8.98818086625397e-07,1.2283048818062525e-05,-9.630631438994897e-07,0.7901248931884766,-0.000236685445997864,-0.014075110666453838,-5.361410148907453e-05,0,0,0,0,1,0,0,0,1,0,18
0.24646534025669098,-0.00037904115743003786,0.013312696479260921,4.743987574329367e-06,0.25756216049194336,-0.0013843219494447112,0.13813935220241547,0.01563193090260029,2.1112224203534424e-05,8.98818086625397e-07,1.2283048818062525e-05,-9.630631438994897e-07,0.7760322093963623,-0.00029155495576560497,-0.01410596538335085,-5.5892945965752006e-05,0,0,0,0,1,0,0,0,1,0,0
0.25977790355682373,0.001015214598737657,0.013312697410583496,2.3724217044218676e-06,0.27285051345825195,-0.0012916377745568752,0.15094324946403503,0.01587524451315403,0.00026546086883172393,4.048850996696274e-07,-7.756724471619236e-07,1.8025129122634098e-07,0.7619137763977051,-0.0003472908865660429,-0.014128404669463634,-5.11518883286044e-05,0,0,0,0,1,0,0,0,1,0,13
0.27309373021125793,0.0010160949314013124,0.013344252482056618,-1.8706660966927302e-06,0.28861331939697266,-0.0010280704591423273,0.17014357447624207,0.015671689063310623,0.0002620417217258364,4.048850996696274e-07,-7.756724471619236e-07,1.8025129122634098e-07,0.7477759718894958,-0.0003868353087455034,-0.014145233668386936,-3.003760321007576e-05,0,0,0,0,1,0,0,0,1,0,6
0.2865939736366272,0.0009694091277197003,0.013615629635751247,-0.00010002226190408692,0.3040311634540558,-0.0007704457966610789,0.11693180352449417,0.014496018178761005,0.00024104696058202535,-6.415264124370879e-07,2.3245951524586417e-05,1.708660420263186e-06,0.7336238622665405,-0.0004052347503602505,-0.014157154597342014,-8.870736564858817e-06,0,0,0,0,0,1,0,0,1,0,6
0.3003241717815399,0.0007935829344205558,0.01381425280123949,-0.00023570125631522387,0.3181069791316986,-0.0005367600824683905,0.13001017272472382,0.013940147124230862,0.00023135211085900664,-1.017597014651983e-06,3.1864852644503117e-05,1.91616959455132e-06,0.7194610834121704,-0.0004013650177512318,-0.014166271314024925,1.449387491447851e-05,0,0,0,0,0,1,0,0,1,0,14
0.31422436237335205,0.000533431360963732,0.013965018093585968,-0.00024292546731885523,0.33143413066864014,-0.0003161305794492364,0.1211722195148468,0.012896730564534664,0.0002131971123162657,-2.8383076369209448e-06,7.317458221223205e-05,3.3008225841513195e-07,0.7052904963493347,-0.0003738769155461341,-0.014173283241689205,3.8122285332065076e-05,0,0,0,0,0,0,0,0,1,0,6
0.32773715257644653,0.0009284958359785378,0.013805287890136242,-0.00016054383013397455,0.3439658284187317,-0.00010897673928411677,0.1123911663889885,0.01222968939691782,0.00020216072152834386,-2.824262537615141e-06,7.234507938846946e-05,-3.6446426389044606e-13,0.6911141872406006,-0.0003263221587985754,-0.014178192242980003,4.986318890587427e-05,0,0,0,0,0,1,0,0,1,0,12
0.3406621217727661,0.0020178547129034996,0.013368270359933376,0.0001692404766799882,0.3563966155052185,0.0007345349295064807,0.12855082750320435,0.014405966736376286,0.003407907672226429,4.592096956912428e-06,1.479932416259544e-05,1.62611213454511e-05,0.6769335269927979,-0.0002765482058748603,-0.014182399027049541,4.970032023265958e-05,0,0,0,0,0,1,0,0,1,0,16
0.3534911572933197,0.002679741708561778,0.012407583184540272,0.0014420830411836505,0.37063103914260864,0.00409768708050251,0.1528874635696411,0.014155612327158451,0.0033443060237914324,3.6201938655722188e-06,1.611017250979785e-05,1.747999522194732e-05,0.6627495884895325,-0.000222532864427194,-0.014185204170644283,9.359769319416955e-05,0,0,0,0,0,1,0,0,1,0,12
0.36566054821014404,0.004860167857259512,0.01184169016778469,0.002562771551311016,0.38444849848747253,0.007349288556724787,0.12132275849580765,0.013078326359391212,0.003039853647351265,-1.667857577558607e-05,4.3162752263015136e-05,2.7093581593362615e-05,0.6485735774040222,0.00011325541709084064,-0.014163466170430183,0.0005338539485819638,0,0,0,0,0,1,0,0,1,0,11
0.3775348663330078,0.007422594353556633,0.012079407460987568,0.002589935902506113,0.39717957377433777,0.010298000648617744,0.11544447392225266,0.012467509135603905,0.0028807276394218206,-2.7712483642972074e-05,5.760020576417446e-05,1.9194227206753567e-05,0.6344364881515503,0.0008887669537216425,-0.014110172167420387,0.0009729843586683273,0,0,0,0,0,1,0,0,1,0,12
0.3898674547672272,0.010020759887993336,0.012525039725005627,0.002595910569652915,0.40922999382019043,0.013076474890112877,0.10648510605096817,0.011762871406972408,0.0027117570862174034,-3.7885252822889015e-05,6.95853668730706e-05,-5.830628948405581e-12,0.6203631162643433,0.0020655482076108456,-0.014044958166778088,0.0013181663816794753,0,0,0,0,0,1,0,0,1,0,0
0.40258970856666565,0.012609767727553844,0.01286092959344387,0.00259958952665329,0.4206371307373047,0.015706216916441917,0.11318570375442505,0.011119996197521687,0.002563551999628544,-3.581251439754851e-05,6.577828025911003e-05,-1.1659155411958277e-11,0.6063578128814697,0.0035511532332748175,-0.013970627449452877,0.001622354961000383,0,0,0,0,0,1,0,0,1,0,14
0.4156947433948517,0.015277261845767498,0.01297012995928526,0.002645647618919611,0.4314134418964386,0.018190527334809303,0.11169163882732391,0.010499103926122189,0.002420413075014949,-3.3812593756010756e-05,6.210496940184385e-05,1.1657240277240799e-11,0.5924376249313354,0.005345641635358334,-0.01387105230242014,0.0019530039280653,0,0,0,0,0,0,0,0,1,0,14
0.4289435148239136,0.017998892813920975,0.012278384529054165,0.0025045867078006268,0.44158414006233215,0.020535225048661232,0.10880304127931595,0.009906954132020473,0.002283901907503605,-3.190630013705231e-05,5.8603611250873655e-05,-2.913879641047723e-12,0.5786439180374146,0.00751532381400466,-0.013726599514484406,0.002346348250284791,0,0,0,0,0,0,0,0,1,0,3
0.4420330822467804,0.020690493285655975,0.012278725393116474,0.0025045936927199364,0.4511811137199402,0.022747669368982315,0.11124611645936966,0.009348788298666477,0.002155225956812501,-3.010808359249495e-05,5.530071575776674e-05,0.0,0.5650090575218201,0.010075931437313557,-0.013555848971009254,0.002735183108597994,0,0,1,0,0,0,0,0,1,0,4
0.4545139670372009,0.02325664833188057,0.011187429539859295,0.0022820825688540936,0.46023809909820557,0.024835623800754547,0.10851319134235382,0.008822654373943806,0.002033932600170374,-2.8414116968633607e-05,5.218937440076843e-05,-2.9131553939965027e-12,0.5516433119773865,0.013174441643059254,-0.013183144852519035,0.0034206935670226812,0,0,0,1,0,0,0,0,1,0,6
-0.829474151134491,-9.173574540000118e-07,0.0,-0.0,0.44494354724884033,0.024401266127824783,0.4804280698299408,-0.030990831553936005,-0.00206891936250031,-1.021751722873887e-05,5.425552080851048e-05,-0.0008986423490568995,0.5387159585952759,0.016980290412902832,-0.012704554945230484,0.004117126576602459,0,0,0,0,0,1,0,0,1,0,0
-0.8281557559967041,4.441861528903246e-05,0.003404477145522833,0.0001407624949933961,0.4145721197128296,0.02231479249894619,1.0452046394348145,-0.029881715774536133,-0.0021002483554184437,-1.021751722873887e-05,5.425552080851048e-05,-0.0008986423490568995,0.5266202688217163,0.021227573975920677,-0.011080153286457062,0.003970481920987368,0,0,0,0,0,1,0,0,1,0,6
0.4778905212879181,0.028034158051013947,0.005613004323095083,0.0011449510930106044,0.391315221786499,0.01974979043006897,1.619567632675171,0.0014079933753237128,-0.0043693543411791325,-3.7510117181227542e-06,4.6372613724088296e-05,-0.0007142163813114166,0.5176461935043335,0.024443380534648895,-0.006959017366170883,0.0024936702102422714,0,0,0,0,0,1,0,0,1,0,2
0.48272860050201416,0.02875051647424698,0.0046973563730716705,0.00033326432458125055,0.39279699325561523,0.015415866859257221,2.4076831340789795,0.0015356662916019559,-0.004306274000555277,-3.7510117181227542e-06,4.6372613724088296e-05,-0.0007142163813114166,0.5139987468719482,0.025853779166936874,-0.001541193458251655,0.0003529464011080563,0,1,0,0,0,0,0,0,1,0,3
0.4862639605998993,0.028822775930166245,0.0022980135399848223,-0.00012580951442942023,0.394384503364563,0.011140276677906513,3.0881731510162354,0.0016247519524767995,-0.004251701757311821,-3.7510117181227542e-06,4.6372613724088296e-05,-0.0007142163813114166,0.5116952061653137,0.02528655156493187,-0.003537408309057355,-0.0009758996893651783,0,0,1,0,0,0,0,0,1,0,11
0.4864952564239502,0.028262251988053322,-0.0011461112881079316,-0.0010984959080815315,0.396043986082077,0.006914960686117411,3.6632931232452393,0.0016838402952998877,-0.004204822238534689,-3.7510117181227542e-06,4.6372613724088296e-05,-0.0007142163813114166,0.5078343152999878,0.023973336443305016,-0.004874594043940306,-0.0017784012015908957,0,0,1,0,0,0,0,0,1,0,9
0.4846619963645935,0.02630344219505787,-0.0025334488600492477,-0.002238245215266943,0.39774954319000244,0.002732672728598118,4.134942054748535,0.0017203398747369647,-0.004164821933954954,-3.7510117181227542e-06,4.6372613724088296e-05,-0.0007142163813114166,0.5029365420341492,0.0217435285449028,-0.0055524674244225025,-0.0025465781800448895,0,0,1,0,0,0,0,0,1,0,18
0.48164910078048706,0.02368617244064808,-0.003348940284922719,-0.0030249436385929585,0.3994820713996887,-0.001413000631146133,4.504685878753662,0.0017405044054612517,-0.004130840301513672,-3.7510117181227542e-06,4.6372613724088296e-05,-0.0007142163813114166,0.49720633029937744,0.018873682245612144,-0.006452394649386406,-0.0031977160833775997,0,0,1,0,0,0,0,0,1,0,5
0.4779050648212433,0.020140986889600754,-0.0038936580531299114,-0.003969930112361908,0.4012282192707062,-0.0055275559425354,4.77377462387085,0.001749409013427794,-0.00410190736874938,-3.7510117181227542e-06,4.6372613724088296e-05,-0.0007142163813114166,0.49073490500450134,0.015316433273255825,-0.0067055379040539265,-0.0038173177745193243,0,0,0,0,1,0,0,0,1,0,1
0.47335702180862427,0.015815213322639465,-0.004822716116905212,-0.004647577181458473,0.40297892689704895,-0.009615415707230568,4.943179607391357,0.0017508645541965961,-0.004076847806572914,-3.7510117181227542e-06,4.6372613724088296e-05,-0.0007142163813114166,0.48433634638786316,0.010960510931909084,-0.006722554564476013,-0.004663137253373861,1,0,0,0,0,0,0,0,1,0,2
0.46786752343177795,0.0109739750623703,-0.0051304190419614315,-0.005356423556804657,0.4047281742095947,-0.013679681345820427,5.013635635375977,0.001747269881889224,-0.0040542143397033215,-3.7510117181227542e-06,4.6372613724088296e-05,-0.0007142163813114166,0.47846919298171997,0.005792607553303242,-0.005634883884340525,-0.0047719357535243034,0,1,0,0,0,0,0,0,1,0,5
0.46252065896987915,0.005492697935551405,-0.0051564620807766914,-0.005944611970335245,0.40647152066230774,-0.01772187277674675,4.985724449157715,0.0017394761089235544,-0.00403233477845788,-3.7510117181227542e-06,4.6372613724088296e-05,-0.0007142163813114166,0.4743194282054901,0.0015878539998084307,-0.003144554328173399,-0.003237592289224267,0,0,0,0,1,0,0,0,1,0,18
0.45785534381866455,-8.397577767027542e-05,-0.0048452927730977535,-0.0058996835723519325,0.40820446610450745,-0.02174181491136551,4.859977722167969,0.0017268047668039799,-0.00400956068187952,-3.7510117181227542e-06,4.6372613724088296e-05,-0.0007142163813114166,0.4725742042064667,-0.0008783875382505357,-0.00025026785442605615,-0.001289206906221807,0,0,0,0,1,0,0,0,1,0,17
0.4540010094642639,-0.005120801739394665,-0.003326455596834421,-0.004525566473603249,0.40992119908332825,-0.025737861171364784,4.636990547180176,0.0017072859918698668,-0.003984581679105759,-3.7510117181227542e-06,4.6372613724088296e-05,-0.0007142163813114166,0.4720773994922638,-0.002485251286998391,-0.0007432295242324471,-0.00211633020080626,0,0,0,0,1,0,0,0,1,1,1
0.4525555968284607,-0.008332463912665844,-0.0003019126888830215,-0.0023814886808395386,0.4116133153438568,-0.029707303270697594,4.317507743835449,0.0016779887955635786,-0.003956545609980822,-3.7510117181227542e-06,4.6372613724088296e-05,-0.0007142163813114166,0.47457435727119446,-0.003648952813819051,0.006521048955619335,4.6319528337335214e-05,1,0,0,0,0,0,0,0,1,1,11
0.45328977704048157,-0.009485040791332722,-0.0001951625308720395,-0.0004969861474819481,0.41326904296875,-0.033646803349256516,3.902472734451294,0.0016353295650333166,-0.003925006370991468,-3.7510117181227542e-06,4.6372613724088296e-05,-0.0007142163813114166,0.48148274421691895,-0.0036378344520926476,0.007767869159579277,7.198607636382803e-05,1,0,0,0,0,0,0,0,1,1,7
0.4511285424232483,-0.009886909276247025,-0.003501597559079528,-0.00037734874058514833,0.4148729741573334,-0.03755275532603264,3.393052339553833,0.0015753363259136677,-0.0038898184429854155,-3.7510117181227542e-06,4.6372613724088296e-05,-0.0007142163813114166,0.4899043142795563,-0.0035921994131058455,0.009256251156330109,3.200541323167272e-05,0,0,0,0,0,0,1,0,1,1,11
0.4467141032218933,-0.010181845165789127,-0.005145984701812267,-0.0002263051428599283,0.41640546917915344,-0.04142153635621071,2.7906460762023926,0.0014938750537112355,-0.0038510411977767944,-3.7510117181227542e-06,4.6372613724088296e-05,-0.0007142163813114166,0.4996102750301361,-0.003568412736058235,0.010127179324626923,2.3093234631232917e-05,0,0,0,0,0,0,1,0,1,1,3
0.4418848156929016,-0.011036710813641548,-0.003384842537343502,-0.0018546170322224498,0.4178427457809448,-0.04524965584278107,2.0968847274780273,0.0013868538662791252,-0.0038088816218078136,-3.7510117181227542e-06,4.6372613724088296e-05,-0.0007142163813114166,0.5101949572563171,-0.003546634688973427,0.010936751030385494,2.0473054973990656e-05,0,0,1,0,0,0,0,0,1,1,3
0.4400525689125061,-0.01414401549845934,-0.0008165836334228516,-0.003786962479352951,0.41915711760520935,-0.04903389513492584,1.3136236667633057,0.0012504011392593384,-0.0037636414635926485,-3.7510117181227542e-06,4.6372613724088296e-05,-0.0007142163813114166,0.5215232968330383,-0.0035278017167001963,0.011647799052298069,1.7941996702575125e-05,0,0,1,0,0,0,0,0,1,1,18
0.4397658109664917,-0.018447287380695343,1.2622160284081474e-05,-0.004682472441345453,0.4203172028064728,-0.05277136713266373,0.44293656945228577,0.0010810204548761249,-0.0037156958132982254,-3.7510117181227542e-06,4.6372613724088296e-05,-0.0007142163813114166,0.5335145592689514,-0.003512393683195114,0.0122505072504282,1.2812146451324224e-05,0,0,1,0,0,0,0,0,1,0,11
