lt_dp_posx,lt_dp_posy,lt_dp_velx,lt_dp_vely,ball_posx,ball_posy,ball_posz,ball_vel_x,ball_vel_y,ball_rot_x,ball_rot_y,ball_rot_z,rt_gk_posx,rt_gk_posy,rt_gk_velx,rt_gk_vely,action_left,action_top_left,action_top,action_top_right,action_right,action_bottom_right,action_bottom,action_bottom_left,action_sprint,action_dribble,sel_action
-1.0110293626785278,-0.0,0.0,-0.0,0.019999999552965164,-0.0,0.11061639338731766,-0.0,0.0,0.0,-0.0,0.0,1.0110293626785278,0.0,-0.0,0.0,0,0,0,0,0,0,0,0,0,0,5
0.0,-0.0,0.0,-0.0,0.019999999552965164,-0.0,0.11059734225273132,-0.0,0.0,0.0,-0.0,0.0,1.0110293626785278,0.0,-0.0,0.0,0,0,0,0,1,0,0,0,0,0,5
0.00032308624940924346,3.615717447669198e-11,0.0019679905381053686,1.6625298360217755e-11,0.019999999552965164,-0.0,0.10930104553699493,-0.0,0.0,0.0,-0.0,0.0,1.010831356048584,-1.6283261197735932e-11,-0.0013190157478675246,-1.0749903051054943e-10,0,0,0,0,1,0,0,0,0,0,5
0.003517754143103957,-4.4129966347838945e-10,0.00461391219869256,-1.5669146535834955e-10,0.019999999552965164,-0.0,0.11075475811958313,-0.0,0.0,0.0,-0.0,0.0,1.007331371307373,-2.399091758586991e-10,-0.004367968533188105,-2.2594515147744687e-10,0,0,0,0,1,0,0,0,0,0,13
0.006782666780054569,-4.028840372427567e-09,0.006209590006619692,-3.971326323348734e-10,0.019999999552965164,-0.0,0.11053141206502914,0.009301592595875263,-9.824338009778444e-10,-1.3329711683399137e-12,-9.536828656564467e-06,-1.9272257401059534e-13,1.0020980834960938,-4.074588721980632e-10,-0.0059268055483698845,-1.0296197922032846e-10,0,0,0,0,1,0,0,0,1,0,13
0.013608739711344242,-4.606135917128995e-09,0.007666833233088255,-1.6548507009161995e-10,0.028724046424031258,-9.239055631660165e-10,0.11649638414382935,0.008379608392715454,-8.888570990350786e-10,4.3357786978781565e-12,1.4811776054557413e-05,-4.8763311097377304e-12,0.9953674674034119,-4.3157779433533605e-11,-0.007369237951934338,6.019988951777577e-10,0,0,0,0,1,0,0,0,1,0,16
0.021998636424541473,-4.733373248910766e-09,0.008955181576311588,-1.5050247159642538e-10,0.03670034185051918,-1.7712383781898211e-09,0.1108342632651329,0.007768489886075258,-8.254645855743092e-10,1.1531954210997064e-11,4.5954315282870084e-05,0.0,0.9872784614562988,3.947195070796994e-10,-0.008651789277791977,2.8242799765543225e-10,0,0,0,0,1,0,0,0,1,0,18
0.03128108009696007,-5.236657774077003e-09,0.009851337410509586,-2.586511560487281e-10,0.044229645282030106,-2.571286961128294e-09,0.11303352564573288,0.007336480543017387,-7.795601386639817e-10,1.0890240965955034e-11,4.339710721978918e-05,-2.777385258485358e-18,0.9781137704849243,6.634756077872339e-10,-0.009335489943623543,9.030883263427825e-10,0,0,0,0,1,0,0,0,1,0,18
0.03928247466683388,-7.526324452555855e-09,0.009585121646523476,-1.4680384685661352e-10,0.05133315175771713,-3.326092290478755e-09,0.11132440716028214,0.006912638898938894,-7.345238306477597e-10,1.0261005586875704e-11,4.08896230510436e-05,0.0,0.968501091003418,1.3871062076731278e-09,-0.010017086751759052,5.886047760306212e-10,0,0,0,0,1,0,0,0,1,0,5
0.04875368997454643,-8.404120954708105e-09,0.010424151085317135,-8.550311153543433e-11,0.06317287683486938,1.980688284675125e-05,0.14544127881526947,0.013863089494407177,2.795229920593556e-05,2.854024501175445e-07,8.161829100572504e-06,3.5960084687758354e-07,0.9580104947090149,1.764845380947122e-09,-0.010855057276785374,1.974016922146049e-10,0,0,0,0,1,0,0,0,1,0,13
0.05940442159771919,2.257786036352627e-06,0.010675586760044098,5.6657531786186155e-06,0.07690628618001938,4.7446239477721974e-05,0.1118243932723999,0.013442622497677803,2.6796515157911927e-05,2.3701809936937934e-07,1.3407649930741172e-05,4.0730273553890584e-07,0.9471069574356079,3.986629906194139e-07,-0.010882405564188957,8.541495617464534e-07,0,0,0,0,1,0,0,0,1,0,5
0.07053516805171967,1.147595321526751e-05,0.011478145606815815,1.256876112165628e-05,0.08949404209852219,7.15493515599519e-05,0.12184744328260422,0.012235801666975021,2.3131568013923243e-05,-1.339994781801579e-07,5.291341585689224e-05,3.3340521099489706e-07,0.9358362555503845,1.899136123029166e-06,-0.01156821008771658,2.007046759899822e-06,0,0,0,0,1,0,0,0,1,0,18
0.08238522708415985,2.7949581635766663e-05,0.01214584894478321,1.834850263549015e-05,0.10131950676441193,9.373435023007914e-05,0.11328329145908356,0.011542401276528835,2.162018972740043e-05,-3.020444410140044e-07,6.827987817814574e-05,9.109784459985018e-14,0.9239458441734314,4.398879809741629e-06,-0.012150231748819351,2.7304579361953074e-06,0,0,0,0,1,0,0,0,1,0,13
0.09485340118408203,4.841870759264566e-05,0.012709463015198708,2.2747888579033315e-05,0.11251083016395569,0.00011469692981336266,0.1122271865606308,0.010908231139183044,2.043231506831944e-05,-2.8543763619381934e-07,6.452578963944688e-05,4.5540980519011634e-14,0.911514401435852,7.392683528451016e-06,-0.012642495334148407,3.2384905352955684e-06,0,0,0,0,1,0,0,0,1,0,0
0.10780879855155945,7.45971265132539e-05,0.013138792477548122,2.9016824555583298e-05,0.12308074533939362,0.00013449553807731718,0.11061712354421616,0.010296326130628586,1.9286138922325335e-05,-2.694210650133755e-07,6.090510942158289e-05,-4.553374685764208e-14,0.8986548185348511,1.093352329917252e-05,-0.013021862134337425,3.7827599044248927e-06,0,0,0,0,1,0,0,0,1,0,5
0.12103816866874695,-0.0015573296695947647,0.013239067979156971,1.906564284581691e-05,0.13305331766605377,0.00015317529323510826,0.11057806015014648,0.009713064879179,1.819362660171464e-05,-2.5416198923267075e-07,5.7455661590211093e-05,-2.2763620822303585e-14,0.8854668736457825,1.493196850788081e-05,-0.013312171213328838,4.2302349356759805e-06,0,0,0,0,1,0,0,0,1,0,18
0.13427720963954926,-0.0022489926777780056,0.013239067979156971,7.149349130486371e-06,0.1468552201986313,-2.3717051590210758e-05,0.15487439930438995,0.01549452729523182,-0.00025851611280813813,-6.1245572169355e-08,1.0370954441896174e-05,-7.97824554865656e-07,0.8720289468765259,1.94595122593455e-05,-0.013532358221709728,4.761776381201344e-06,0,0,0,0,1,0,0,0,1,0,13
0.14756521582603455,-0.0022397954016923904,0.013399211689829826,2.9517132134060375e-05,0.162242591381073,-0.0002804379619192332,0.13336381316184998,0.015299826860427856,-0.0002552643418312073,-6.1245572169355e-08,1.0370954441896174e-05,-7.97824554865656e-07,0.8584014177322388,2.024102104769554e-05,-0.013698549941182137,-8.23623122414574e-06,0,0,0,0,1,0,0,0,1,0,16
0.16111165285110474,-0.0021387278102338314,0.013655073940753937,0.00016751686052884907,0.1766522377729416,-0.0005194815457798541,0.12949620187282562,0.013873097486793995,-0.00022936805908102542,1.5777980024722638e-06,4.6475000999635085e-05,-1.8851662844099337e-06,0.8446311950683594,-2.532272674216074e-06,-0.013823368586599827,-3.419091444811784e-05,0,0,0,0,1,0,0,0,1,0,16
0.1748744398355484,-0.001893489621579647,0.013842477463185787,0.0002948326582554728,0.19005738198757172,-0.0007406710647046566,0.11954529583454132,0.013008235953748226,-0.00021437337272800505,2.994776878040284e-06,7.694802479818463e-05,1.0936557649082745e-12,0.8307541608810425,-4.9644371756585315e-05,-0.01391663309186697,-5.400974623626098e-05,0,0,0,0,1,0,0,0,1,0,16
0.18880029022693634,-0.0016265184385702014,0.013987807556986809,0.0002383989776717499,0.2027001976966858,-0.0009490224183537066,0.11305633187294006,0.01233275979757309,-0.00020324165234342217,2.839335820681299e-06,7.2954069764819e-05,0.0,0.8167973756790161,-0.00010335729166399688,-0.013986756093800068,-5.345702447812073e-05,0,0,0,0,1,0,0,0,1,0,16
0.20284996926784515,-0.001422988367266953,0.01409527100622654,0.00017574102093931288,0.2146497368812561,-0.0011459490051493049,0.11263246089220047,0.011641810648143291,-0.00019185489509254694,2.680153329492896e-06,6.886404298711568e-05,-3.644015970048764e-13,0.8027803301811218,-0.00015647438704036176,-0.014039347879588604,-5.282927304506302e-05,0,0,0,0,1,0,0,0,1,0,13
0.21695296466350555,-0.0012827024329453707,0.014121786691248417,0.00011324710067128763,0.22593088448047638,-0.0013318603159859776,0.10997552424669266,0.010988745838403702,-0.0001810923859011382,2.5298593300249195e-06,6.500243034679443e-05,7.286713550255786e-13,0.7887181639671326,-0.00020946389122400433,-0.014079318381845951,-5.3330026275943965e-05,0,0,0,0,1,0,0,0,1,0,13
0.23098665475845337,-0.0012054328108206391,0.013827050104737282,4.9278994993073866e-05,0.2393205761909485,-0.0014098623069003224,0.1489134430885315,0.015875892713665962,2.1568892407231033e-05,8.989474622467242e-07,1.2277810128580313e-05,-9.624698122934205e-07,0.7746226191520691,-0.00026321556651964784,-0.014108069241046906,-5.409224104369059e-05,0,0,0,0,1,0,0,0,1,0,16
0.24445347487926483,-0.0007211080519482493,0.013312393799424171,5.218686055741273e-06,0.2550845742225647,-0.001388445496559143,0.1499163806438446,0.015672532841563225,2.131389919668436e-05,8.989474622467242e-07,1.2277810128580313e-05,-9.624698122934205e-07,0.760502278804779,-0.00031646652496419847,-0.01412910595536232,-4.983734470442869e-05,0,0,0,0,1,0,0,0,1,0,16
0.2577657699584961,0.0010149396257475019,0.013312561437487602,2.8463357466534944e-06,0.2703242003917694,-0.0013445186195895076,0.13528886437416077,0.015916721895337105,0.00026616474497132003,4.0457160821461e-07,-7.778881467856991e-07,1.810869179053043e-07,0.7463634014129639,-0.0003598316106945276,-0.014145934954285622,-3.806324093602598e-05,0,0,0,0,1,0,0,0,1,0,13
0.27107828855514526,0.0010164814302697778,0.013312522321939468,4.7412785875167174e-07,0.2861277163028717,-0.0010802662000060081,0.17414522171020508,0.015711896121501923,0.00026271294336766005,4.0457160821461e-07,-7.778881467856991e-07,1.810869179053043e-07,0.7322105169296265,-0.000391402340028435,-0.0141578558832407,-2.625438355607912e-05,0,0,0,0,1,0,0,0,1,0,16
0.28452345728874207,0.0009882538579404354,0.013567769899964333,-7.276169344549999e-05,0.3017156720161438,-0.0008196306298486888,0.11521993577480316,0.015382492914795876,0.0002570872602518648,3.1527969213129836e-07,1.2739145631712745e-06,3.603444440614112e-07,0.7180473804473877,-0.00039972769445739686,-0.01416697259992361,6.3476986724708695e-06,0,0,0,0,1,0,0,0,1,0,16
0.2982132136821747,0.0008396491757594049,0.013779542408883572,-0.00020962422422599047,0.31596559286117554,-0.0005828543216921389,0.13555482029914856,0.013996792957186699,0.00023232516832649708,-9.92687432699313e-07,3.128899697912857e-05,1.908988224386121e-06,0.7038764953613281,-0.0003754333301912993,-0.01417398452758789,3.8981866964604706e-05,0,0,0,0,1,0,0,0,1,0,7
0.3120829463005066,0.0005828766152262688,0.01393801998347044,-0.00025516768801026046,0.3294992446899414,-0.00035862604272551835,0.12166457623243332,0.013023747131228447,0.00021533743711188436,-2.6228797196381493e-06,6.836227112216875e-05,7.775562949063897e-07,0.6897003054618835,-0.0003257475036662072,-0.014178192242980003,5.090591366752051e-05,0,0,0,0,0,0,1,0,1,0,6
0.32577693462371826,0.0007484968518838286,0.013893104158341885,-0.00021515079424716532,0.3421638607978821,-0.00014926999574527144,0.11578278243541718,0.01235992182046175,0.0002043160202447325,-2.8542970085254638e-06,7.311353692784905e-05,-7.289569880879199e-13,0.6755197644233704,-0.0002758862101472914,-0.014182399027049541,4.9005837354343385e-05,0,0,0,0,0,1,0,0,1,0,6
0.3386993408203125,0.001887975842691958,0.013500639237463474,0.00016552608576603234,0.3541504740715027,4.887531395070255e-05,0.11158435791730881,0.0147789241746068,0.003512835828587413,8.690764843777288e-06,9.26191933103837e-06,1.0325990842829924e-05,0.6613359451293945,-0.00022716456442140043,-0.014185204170644283,5.2187038818374276e-05,0,0,0,0,0,1,0,0,1,0,12
0.3516586720943451,0.0024110223166644573,0.012463681399822235,0.001044063363224268,0.36844852566719055,0.0034286517184227705,0.15605123341083527,0.014190621674060822,0.003352605039253831,3.6201518014422618e-06,1.6110056094476022e-05,1.7479889720561914e-05,0.647149920463562,-0.00016203934501390904,-0.014186606742441654,7.571162132080644e-05,0,0,0,0,0,1,0,0,1,0,5
0.3639376163482666,0.004346699453890324,0.01192864216864109,0.0025816368870437145,0.3824709355831146,0.006738259457051754,0.10035105794668198,0.013621417805552483,0.0031998089980334044,-1.91882418221212e-06,2.351659168198239e-05,2.286564813402947e-05,0.6329623460769653,-7.338789873756468e-05,-0.014188009314239025,9.923888137564063e-05,0,0,0,0,1,0,0,0,1,0,12
0.37577348947525024,0.00690512964501977,0.01197878085076809,0.0025793055538088083,0.3953284025192261,0.00972004421055317,0.12494631856679916,0.012613404542207718,0.0029183304868638515,-2.4587014195276424e-05,5.3559291700366884e-05,2.2446431103162467e-05,0.6187836527824402,0.00025298589025624096,-0.014160661026835442,0.0005986145115457475,0,0,0,0,1,0,0,0,1,0,6
0.3880157172679901,0.009501487016677856,0.012443697080016136,0.002598776714876294,0.407520592212677,0.012532717548310757,0.11463122814893723,0.011897871270775795,0.002742883050814271,-3.8319602026604116e-05,7.03830664861016e-05,-5.830856630861803e-12,0.6046687960624695,0.001190628856420517,-0.014068098738789558,0.0012144268257543445,0,0,0,0,0,1,0,0,1,0,17
0.40066930651664734,0.012090614065527916,0.012807635590434074,0.0025860073510557413,0.419057160615921,0.015192298218607903,0.11210114508867264,0.011245299130678177,0.0025924404617398977,-3.6214649298926815e-05,6.651685544056818e-05,-1.165955526571949e-11,0.5906752347946167,0.002721278928220272,-0.013936968520283699,0.0017446799902245402,0,0,0,0,0,1,0,0,1,1,6
0.41361135244369507,0.014716367237269878,0.013039743527770042,0.002659878693521023,0.42995768785476685,0.017705263569951057,0.10899712890386581,0.01062215119600296,0.002448783256113529,-3.421002111281268e-05,6.283486436586827e-05,-1.7486418563139594e-11,0.5768098831176758,0.004689249210059643,-0.013802682980895042,0.0021500736474990845,0,0,0,0,0,1,0,0,1,1,14
0.4264684021472931,0.01765049621462822,0.012757517397403717,0.0026162550784647465,0.4402470588684082,0.020077316090464592,0.11143915355205536,0.010021919384598732,0.0023104092106223106,-3.2275911507895216e-05,5.9282414440531284e-05,-2.913961173051094e-12,0.5630940794944763,0.0070602986961603165,-0.013640698045492172,0.002551135839894414,0,0,0,0,0,0,0,0,1,1,5
0.43815869092941284,0.02038528211414814,0.011347505263984203,0.0019419011659920216,0.44995608925819397,0.02231559343636036,0.10863298177719116,0.009457872249186039,0.002180376322939992,-3.0459996196441352e-05,5.594705362454988e-05,0.0,0.5496322512626648,0.00997956097126007,-0.013303756713867188,0.0032179520931094885,0,0,0,0,1,0,0,0,1,1,16
0.4475804567337036,0.021913699805736542,0.00835481844842434,0.0012645168462768197,0.5054125189781189,0.021952683106064796,0.2982238531112671,0.0594194158911705,-0.0008205939084291458,-1.1233825716772117e-05,4.398208693601191e-05,0.0014228401705622673,0.536549985408783,0.013555734418332577,-0.01288967952132225,0.0038661882281303406,0,0,0,0,1,0,0,0,1,1,18
0.455369770526886,0.023128332570195198,0.0073944819159805775,0.0011787032708525658,0.5632977485656738,0.02089742198586464,0.30975356698036194,0.056650396436452866,-0.0012436617398634553,-1.1233825716772117e-05,4.398208693601191e-05,0.0014228401705622673,0.524386465549469,0.017447471618652344,-0.011005471460521221,0.003551524132490158,0,0,0,0,1,0,0,0,1,0,0
0.4623425602912903,0.023818403482437134,0.006643814034759998,0.0005494179204106331,0.6184836030006409,0.01943257264792919,0.12799903750419617,0.05400421470403671,-0.0016420407919213176,-1.1233825716772117e-05,4.398208693601191e-05,0.0014228401705622673,0.5156341195106506,0.020249562337994576,-0.006630841642618179,0.002096728887408972,0,0,0,0,1,0,0,0,1,0,13
0.4685494005680084,0.024327261373400688,0.00645588431507349,0.0005042438860982656,0.6655804514884949,0.01792403869330883,0.17806944251060486,0.04567042365670204,-0.0015953461406752467,-8.222389624279458e-06,6.595490413019434e-05,0.0012895670952275395,0.5119967460632324,0.021376734599471092,-0.00113073515240103,0.0002740672789514065,0,0,0,0,1,0,0,0,1,0,9
0.47586190700531006,0.02472590282559395,0.007986321114003658,0.00026767904637381434,0.7094155550003052,0.016246074810624123,0.1268313229084015,0.04004454240202904,-0.0015833460493013263,-3.5141899843438296e-06,9.211268479702994e-05,0.0010923764202743769,0.5138633251190186,0.021249597892165184,0.0033171738032251596,-0.00010619038221193478,0,0,0,0,1,0,0,0,1,0,12
0.4845708906650543,0.024739908054471016,0.009255402721464634,-0.00022255635121837258,0.7476370334625244,0.014649050310254097,0.11794210225343704,0.035770658403635025,-0.0015279650688171387,3.012415163539117e-06,0.00012376908853184432,0.000809181306976825,0.5181137919425964,0.021205198019742966,0.005022942554205656,-0.00014063890557736158,0,0,0,0,1,0,0,0,1,0,15
0.4938596785068512,0.02442183904349804,0.00960876327008009,-0.0003419748099986464,0.7809328436851501,0.013209176249802113,0.11015895009040833,0.03146333247423172,-0.001361511996947229,1.9004281057277694e-05,0.00018607790116220713,1.8192104107583873e-06,0.5243709683418274,0.0209913719445467,0.006797582842409611,-0.00022257996897678822,0,0,0,0,1,0,0,0,0,0,12
0.5039833784103394,0.024050431326031685,0.01059340313076973,-0.0004003818903584033,0.810725748538971,0.011919960379600525,0.10931506007909775,0.028504088521003723,-0.0012334489729255438,1.7229949662578292e-05,0.0001685990864643827,5.87906806570615e-12,0.5321360230445862,0.020738504827022552,0.008168255910277367,-0.00025740155251696706,0,0,0,0,1,0,0,0,0,0,10
0.5149840712547302,0.023625127971172333,0.011392426677048206,-0.00044532649917528033,0.8378213047981262,0.010747462511062622,0.10947396606206894,0.026003854349255562,-0.0011252575786784291,1.571886969031766e-05,0.0001538127107778564,0.0,0.5411669015884399,0.020451566204428673,0.009446129202842712,-0.00029567471938207746,0,0,0,0,1,0,0,0,0,0,14
0.5267424583435059,0.02316318452358246,0.012108959257602692,-0.0004813568666577339,0.8626214265823364,0.009674292989075184,0.10960491001605988,0.02386290207505226,-0.0010326126357540488,1.4424845176108647e-05,0.0001411504199495539,2.9307639214798398e-12,0.5511091947555542,0.020128430798649788,0.01017302181571722,-0.00032587008900009096,0,0,0,0,0,0,0,0,0,0,10
0.5391336679458618,0.022666528820991516,0.012667834758758545,-0.0005143205053173006,0.8854420781135559,0.008686775341629982,0.10969987511634827,0.022006170824170113,-0.000952267087996006,1.3302575098350644e-05,0.0001301687298109755,0.0,0.5619001984596252,0.019769586622714996,0.010990687645971775,-0.0003604706726036966,0,0,0,0,0,0,0,0,0,0,4
0.5519995093345642,0.022146018221974373,0.0130768408998847,-0.0005317684845067561,0.906535804271698,0.007773992605507374,0.10976970940828323,0.02037801779806614,-0.000881812593434006,1.2318449080339633e-05,0.00012053878890583292,-8.775668559890537e-12,0.5735291242599487,0.019370362162590027,0.011836959049105644,-0.0004013576835859567,0,0,0,1,0,0,0,0,0,0,17
0.5652459859848022,0.021606946364045143,0.013406672514975071,-0.0005485457950271666,0.9261070489883423,0.006927093490958214,0.10982179641723633,0.018936388194561005,-0.0008194298134185374,1.1447044016676955e-05,0.00011201184679521248,0.0,0.5857906341552734,0.01894240267574787,0.01239946112036705,-0.00042767656850628555,0,0,0,1,0,0,0,0,0,1,1
0.578770637512207,0.021054556593298912,0.01364161167293787,-0.0005585226463153958,0.9443235993385315,0.006138807162642479,0.10986115038394928,0.017648888751864433,-0.0007637161761522293,1.0668790309864562e-05,0.00010439648031024262,-2.9215026665224686e-12,0.5985488891601562,0.018488196656107903,0.012904069386422634,-0.00045752321602776647,1,0,0,0,0,0,0,0,0,1,1
0.5925077795982361,0.020492903888225555,0.013828596100211143,-0.0005671464023180306,0.9613254070281982,0.005403090268373489,0.10989122092723846,0.01649014838039875,-0.000713574409019202,9.96835751720937e-06,9.754259372130036e-05,-4.3801295056267175e-12,0.611697793006897,0.018012769520282745,0.013221444562077522,-0.00047262522275559604,1,0,0,0,0,0,0,0,0,1,10
0.6064049005508423,0.01992400921881199,0.013959050178527832,-0.0005720764165744185,0.9772297143936157,0.004714864771813154,0.10991444438695908,0.01544005423784256,-0.00066813372541219,9.333587513538077e-06,9.133123239735141e-05,0.0,0.6251100301742554,0.01752421259880066,0.013461675494909286,-0.00048497080570086837,1,0,0,0,0,0,0,0,0,1,13
0.6204175353050232,0.019350282847881317,0.014065004885196686,-0.0005774031742475927,0.9921360015869141,0.00406982796266675,0.1099325492978096,0.014482414349913597,-0.0006266938871704042,8.75471505423775e-06,8.566682663513348e-05,1.4589313914945001e-12,0.6387555003166199,0.017019283026456833,0.013678529299795628,-0.0005008371663279831,1,0,0,0,0,0,0,0,1,1,0
0.6345205903053284,0.018772006034851074,0.014143257401883602,-0.0005814227042719722,1.006129264831543,0.0034643011167645454,0.10994677990674973,0.013604076579213142,-0.0005886859726160765,8.223772056226153e-06,8.047138544498011e-05,-2.916981543463204e-12,0.6525426506996155,0.016507238149642944,0.013807124458253384,-0.0005074882647022605,1,0,0,0,0,0,0,0,1,1,1
