lt_dp_posx,lt_dp_posy,lt_dp_velx,lt_dp_vely,ball_posx,ball_posy,ball_posz,ball_vel_x,ball_vel_y,ball_rot_x,ball_rot_y,ball_rot_z,rt_gk_posx,rt_gk_posy,rt_gk_velx,rt_gk_vely,action_left,action_top_left,action_top,action_top_right,action_right,action_bottom_right,action_bottom,action_bottom_left,action_sprint,action_dribble,sel_action
-1.0110293626785278,-0.0,0.0,-0.0,0.019999999552965164,-0.0,0.11061639338731766,-0.0,0.0,0.0,-0.0,0.0,1.0110293626785278,0.0,-0.0,0.0,0,0,0,0,0,0,0,0,0,0,5
0.0,-0.0,0.0,-0.0,0.019999999552965164,-0.0,0.11059734225273132,-0.0,0.0,0.0,-0.0,0.0,1.0110293626785278,0.0,-0.0,0.0,0,0,0,0,1,0,0,0,0,0,5
0.0,-0.0,0.0,-0.0,0.019999999552965164,-0.0,0.10930104553699493,-0.0,0.0,0.0,-0.0,0.0,1.0106345415115356,-3.1861822208378854e-11,-0.001967654563486576,-1.5578560663698227e-10,0,0,0,0,1,0,0,0,0,0,5
0.002222941257059574,1.2141374017282658e-10,0.003935635089874268,2.5671466688526046e-11,0.019999999552965164,-0.0,0.11075475811958313,-0.0,0.0,0.0,-0.0,0.0,1.0068784952163696,-2.6190344337706506e-10,-0.004527849145233631,-2.1994273069481096e-10,0,0,0,0,1,0,0,0,0,0,5
0.0052714101038873196,-2.5875643849815333e-09,0.005585019942373037,-3.848884266854924e-10,0.019999999552965164,-0.0,0.11053141206502914,-0.0,0.0,0.0,-0.0,0.0,1.0014904737472534,-4.1574887976736363e-10,-0.006076167803257704,-8.290019365420065e-11,0,0,0,0,1,0,0,0,0,0,13
0.01062566228210926,-4.511888640479356e-09,0.007103427313268185,-2.9620111918760017e-10,0.02532191388309002,-5.641108136167361e-10,0.12537787854671478,0.008654146455228329,-9.182553051267917e-10,2.423376603555294e-12,6.569759534613695e-06,-4.1066126194033714e-12,0.9946169853210449,1.9986521118675604e-11,-0.007505276706069708,5.904784439181299e-10,0,0,0,0,1,0,0,0,1,0,16
0.01848970726132393,-4.675544840182511e-09,0.00846126303076744,-1.546263395102443e-10,0.03354698792099953,-1.4384835544944963e-09,0.11837388575077057,0.007911511696875095,-8.419999142361689e-10,1.1762705393048023e-11,4.679934500018135e-05,-1.3888415217529385e-18,0.986401379108429,4.5557654870798103e-10,-0.008770297281444073,2.8938212937035246e-10,0,0,0,0,1,0,0,0,1,0,5
0.027614349499344826,-4.811706144636219e-09,0.009638749994337559,-9.196939043665253e-11,0.04123377799987793,-2.2565664892226778e-09,0.11356095224618912,0.0074977632611989975,-7.979657490331249e-10,1.1147637500596996e-11,4.435222581378184e-05,-1.388733161092694e-18,0.9771802425384521,6.272235508752999e-10,-0.009335489943623543,2.2245937036924346e-10,0,0,0,0,1,0,0,0,1,0,16
0.03610934317111969,-6.712881361892187e-09,0.009277140721678734,-1.8268740686888663e-10,0.04849487915635109,-3.0293441088957707e-09,0.11264882236719131,0.007067797239869833,-7.522055200936961e-10,1.0508111741858173e-11,4.1807827074080706e-05,0.0,0.9674903154373169,7.919629396724304e-10,-0.010107545182108879,1.1524901172288438e-10,0,0,0,0,1,0,0,0,1,0,16
0.04458244517445564,-8.596812151040467e-09,0.010067443363368511,-1.1342166095218431e-10,0.0575619600713253,8.605902621638961e-06,0.13116532564163208,0.013979604467749596,2.8259357350179926e-05,2.946660515590338e-07,7.121449016267434e-06,3.4845231766666984e-07,0.9569175243377686,8.333338463728523e-10,-0.01093008928000927,-1.996999093867302e-11,0,0,0,0,1,0,0,0,1,0,0
0.0550798624753952,4.769332804244186e-07,0.01067549828439951,2.4281016521854326e-06,0.07140156626701355,3.6511075450107455e-05,0.13711687922477722,0.013769236393272877,2.7762695026467554e-05,2.854333160939859e-07,8.133003575494513e-06,3.5940200859840843e-07,0.9460112452507019,4.927501890961139e-07,-0.010956736281514168,9.682411246103584e-07,0,0,0,0,1,0,0,0,1,0,5
0.06593388319015503,6.923396085767308e-06,0.011177010834217072,9.552246410748921e-06,0.08450516313314438,6.219857459655032e-05,0.12683244049549103,0.012486333958804607,2.3782826247042976e-05,-6.449503331396045e-08,4.567896030494012e-05,4.1026905250873824e-07,0.9346734285354614,2.1012888282712083e-06,-0.011628516018390656,2.1328007733245613e-06,0,0,0,0,1,0,0,0,1,0,18
0.07751210778951645,2.0731738914037123e-05,0.011883413419127464,1.7104237485909835e-05,0.09661086648702621,8.502041600877419e-05,0.11762478947639465,0.011770819313824177,2.2048041500966065e-05,-3.08004928228911e-07,6.962730549275875e-05,-4.55518801389769e-14,0.9227253198623657,4.644953151000664e-06,-0.012204927392303944,2.738614739428158e-06,0,0,0,0,1,0,0,0,1,0,0
0.08974564075469971,3.966320582549088e-05,0.012501811608672142,2.055805452982895e-05,0.1080528050661087,0.00010645241127349436,0.11083365231752396,0.011161230504512787,2.090621092065703e-05,-2.920641009040992e-07,6.602374196518213e-05,-4.554409082399395e-14,0.9102458953857422,7.6221108429308515e-06,-0.012685270980000496,3.1901140573609155e-06,0,0,0,0,1,0,0,0,1,0,13
0.10252194106578827,6.337087688734755e-05,0.012981277890503407,2.6491670723771676e-05,0.11886794865131378,0.0001267103652935475,0.10950881987810135,0.010538519360125065,1.9739807612495497e-05,-2.757667800779018e-07,6.233958265511319e-05,4.5536562395158756e-14,0.8973493576049805,1.1065376384067349e-05,-0.013054819777607918,3.625849785748869e-06,0,0,0,0,1,0,0,0,1,0,16
0.11568813771009445,-0.0007769071380607784,0.013238980434834957,2.3831164071452804e-05,0.12907537817955017,0.00014583002484869212,0.11070510745048523,0.009941484779119492,1.8621489289216697e-05,-2.6013600518126623e-07,5.880613753106445e-05,-2.2764871042933732e-14,0.8841332197189331,1.4921224646968767e-05,-0.01333671435713768,4.083322892256547e-06,0,0,0,0,1,0,0,0,1,0,13
0.12892717123031616,-0.0022525633685290813,0.013239067979156971,1.1915582035726402e-05,0.14058691263198853,7.988450670382008e-05,0.13553376495838165,0.015573165379464626,-0.0002598405408207327,-6.126785478954844e-08,1.0369019946665503e-05,-7.978029543664888e-07,0.8706738948822021,1.928388883243315e-05,-0.0135505897924304,4.583449481287971e-06,0,0,0,0,1,0,0,0,1,0,16
0.14216960966587067,-0.002246866701170802,0.013272990472614765,3.3474138945166487e-06,0.1560525745153427,-0.00017813904560171068,0.15389691293239594,0.015377948991954327,-0.00025655209901742637,-6.126785478954844e-08,1.0369019946665503e-05,-7.978029543664888e-07,0.8570301532745361,1.833037822507322e-05,-0.013712574727833271,-1.0959527571685612e-05,0,0,0,0,1,0,0,0,1,0,0
0.15560877323150635,-0.0021966276690363884,0.013562160544097424,0.00010679997649276629,0.17100591957569122,-0.0004270456556696445,0.12458151578903198,0.014172532595694065,-0.000234647435718216,1.2911367548440467e-06,4.018621984869242e-05,-1.9322087609907612e-06,0.8432478308677673,-6.855921128590126e-06,-0.013833887875080109,-3.63617145922035e-05,0,0,0,0,1,0,0,0,1,0,16
0.1692930907011032,-0.002007646718993783,0.013774107210338116,0.00025410045054741204,0.18475712835788727,-0.0006542715127579868,0.1057267040014267,0.013356017880141735,-0.00022030205582268536,2.195377646785346e-06,5.991518992232159e-05,-1.4152240055409493e-06,0.8293617367744446,-5.529476038645953e-05,-0.013924346305429935,-5.376015178626403e-05,0,0,0,0,1,0,0,0,1,0,0
0.18315863609313965,-0.0017258450388908386,0.013934864662587643,0.0002649750967975706,0.19766958057880402,-0.0008670595125295222,0.11271271109580994,0.012604670599102974,-0.000207716177101247,2.901584139181068e-06,7.455582817783579e-05,7.2901136082687e-13,0.8153980374336243,-0.00010938131890725344,-0.013993066735565662,-5.434267222881317e-05,0,0,0,0,1,0,0,0,1,0,16
0.19716334342956543,-0.001496927929110825,0.014056352898478508,0.0002002780238399282,0.20989485085010529,-0.0010685230372473598,0.11237561702728271,0.01191645860671997,-0.00019637486548162997,2.7433725335868075e-06,7.049063424346969e-05,3.6443049099277314e-13,0.8013759851455688,-0.0001640134141780436,-0.014044256880879402,-5.4860691307112575e-05,0,0,0,0,1,0,0,0,1,0,16
0.2112593650817871,-0.00133103271946311,0.014121981337666512,0.0001384219794999808,0.2214398831129074,-0.0012587768724188209,0.11105364561080933,0.011248010210692883,-0.00018535929848439991,2.5894614736898802e-06,6.653588206972927e-05,0.0,0.7873106002807617,-0.00021864559676032513,-0.014081422239542007,-5.435091588879004e-05,0,0,0,0,1,0,0,0,1,0,16
0.22535505890846252,-0.0012292085448279977,0.014120819978415966,7.549299334641546e-05,0.23289287090301514,-0.0014185365289449692,0.12036368250846863,0.016202328726649284,2.2771717340219766e-05,9.569746453053085e-07,8.314104888995644e-06,-1.123085667131818e-06,0.7732126116752625,-0.000272638164460659,-0.014110172167420387,-5.3694089729106054e-05,0,0,0,0,1,0,0,0,1,0,13
0.2390718311071396,-0.0011892173206433654,0.013386151753365993,1.1927167179237586e-05,0.24874666333198547,-0.0013969913125038147,0.16152387857437134,0.015753794461488724,2.137992123607546e-05,8.989376283352613e-07,1.2278230315132532e-05,-9.625376833355404e-07,0.7590903043746948,-0.0003242886159569025,-0.014131209813058376,-4.744865873362869e-05,0,0,0,0,1,0,0,0,1,0,18
0.25238412618637085,0.000357944518327713,0.013312598690390587,3.79573202735628e-06,0.26432451605796814,-0.0013760019792243838,0.1026722863316536,0.015166591852903366,1.9502733266563155e-05,7.958211085679068e-07,1.9121831428492442e-05,-7.103128609742271e-07,0.7449498772621155,-0.00036522981827147305,-0.014147337526082993,-3.561083576641977e-05,0,0,0,0,1,0,0,0,1,0,13
0.26569658517837524,0.0010161199606955051,0.013312522321939468,1.4232747389542055e-06,0.27977409958839417,-0.0011855864431709051,0.17040637135505676,0.01579304225742817,0.00026407369296066463,4.0460912487105816e-07,-7.777784389872977e-07,1.8099038356922392e-07,0.7307958602905273,-0.00039432532503269613,-0.014158557169139385,-2.3857008272898383e-05,0,0,0,0,1,0,0,0,1,0,18
0.27905499935150146,0.0010099898790940642,0.013462585397064686,-2.7134015908814035e-05,0.2954559922218323,-0.0009233720484189689,0.1504458785057068,0.015591677278280258,0.0002607137430459261,4.0460912487105816e-07,-7.777784389872977e-07,1.8099038356922392e-07,0.7166318297386169,-0.00041230872739106417,-0.014167673885822296,-1.3174872037780005e-05,0,0,0,0,1,0,0,0,1,0,6
0.292655885219574,0.0009155380539596081,0.013702932745218277,-0.00015613601135555655,0.31030043959617615,-0.000675978371873498,0.1344221979379654,0.01407252624630928,0.0002336083707632497,-9.809239145397441e-07,3.102024129475467e-05,1.9049069805987529e-06,0.7024602890014648,-0.000419601914472878,-0.01417398452758789,-2.478922169757425e-06,0,0,0,0,0,1,0,0,1,0,7
0.3064597249031067,0.0006879872526042163,0.01387876644730568,-0.00027295504696667194,0.3241843581199646,-0.00044562172843143344,0.1067110225558281,0.013519799336791039,0.00022400562011171132,-1.4115963722360902e-06,4.085285036126152e-05,1.9270214579591993e-06,0.6882830262184143,-0.00041328949737362564,-0.014179594814777374,1.5487137716263533e-05,0,0,0,0,0,0,1,0,1,0,7
0.3204164505004883,0.00044293905375525355,0.014014454558491707,-0.00021702890808228403,0.33712366223335266,-0.0002316808677278459,0.10754549503326416,0.012635797262191772,0.00020887622667942196,-2.918189011325012e-06,7.475016900571063e-05,0.0,0.6741016507148743,-0.0003862043668050319,-0.014182399027049541,3.657557681435719e-05,0,0,0,0,0,0,1,0,1,0,6
0.33350512385368347,0.0014054321218281984,0.013691868633031845,0.0001573724439367652,0.34938132762908936,-2.9055072445771657e-05,0.11276651173830032,0.01195143349468708,0.00019756334950216115,-2.7599380700848997e-06,7.069655111990869e-05,0.0,0.6599173545837402,-0.00033878051908686757,-0.014185204170644283,5.3902411309536546e-05,0,0,0,0,0,1,0,0,1,0,12
0.34653472900390625,0.0021017335820943117,0.013037989847362041,0.0003355185326654464,0.36270514130592346,0.002085066633298993,0.15035369992256165,0.014260602183640003,0.003369406098499894,3.6201583952788496e-06,1.6110072465380654e-05,1.7479898815508932e-05,0.6457309722900391,-0.0002801833616103977,-0.01418730802834034,6.243827374419197e-05,0,0,0,0,0,1,0,0,1,0,12
0.3590480089187622,0.0033869538456201553,0.01239776611328125,0.0019756159745156765,0.3768692910671234,0.005431495141237974,0.13458330929279327,0.014085222035646439,0.0033278479240834713,3.6201583952788496e-06,1.6110072465380654e-05,1.7479898815508932e-05,0.631542980670929,-0.00021305037080310285,-0.01418871060013771,7.09741361788474e-05,0,0,0,0,0,1,0,0,1,0,12
0.3709565997123718,0.005877908319234848,0.011766658164560795,0.002545606577768922,0.39019596576690674,0.0085448632016778,0.13146382570266724,0.012800410389900208,0.0029664072208106518,-2.1424866645247675e-05,4.9427417252445593e-05,2.4914508685469627e-05,0.6173643469810486,0.00011355939204804599,-0.014162063598632812,0.0005812544841319323,0,0,0,0,0,1,0,0,1,0,6
0.3830071985721588,0.00846152100712061,0.012268739752471447,0.002599931787699461,0.40266942977905273,0.011427383869886398,0.11832623183727264,0.01213166955858469,0.002796782646328211,-3.9070004277164117e-05,7.176135841291398e-05,0.0,0.6032422780990601,0.001005249680019915,-0.014081422239542007,0.0011452032485976815,0,0,0,0,0,1,0,0,1,0,18
0.39550819993019104,0.011057227849960327,0.01267580408602953,0.002587796887382865,0.4144624173641205,0.014146091416478157,0.11485910415649414,0.011504123918712139,0.0026521109975874424,-3.705006747622974e-05,6.805126031395048e-05,-1.1660396606605339e-11,0.5892238616943359,0.0024359961971640587,-0.013969224877655506,0.001629236969165504,0,0,0,0,0,1,0,0,1,0,6
0.4083505868911743,0.013656961731612682,0.012956297025084496,0.0026291923131793737,0.42561566829681396,0.016717305406928062,0.11186166107654572,0.010865499265491962,0.0025048847310245037,-3.499173908494413e-05,6.427065090974793e-05,5.829178285898795e-12,0.5753215551376343,0.004288021009415388,-0.01384370494633913,0.002033758908510208,0,0,0,0,0,1,0,0,1,0,14
0.42135465145111084,0.016409143805503845,0.013045723550021648,0.002675421070307493,0.43614643812179565,0.019145015627145767,0.11103268712759018,0.010258518159389496,0.002364953514188528,-3.3037937100743875e-05,6.068205038900487e-05,0.0,0.5615608096122742,0.006544849369674921,-0.01368031743913889,0.0024586988147348166,0,0,0,0,0,0,0,0,1,0,3
0.4335651993751526,0.01938984915614128,0.01175279263406992,0.0020899013616144657,0.44608333706855774,0.02143581584095955,0.10831203311681747,0.009679355658590794,0.002231436315923929,-3.11733347189147e-05,5.7257253502029926e-05,-5.827440526656735e-12,0.5480439066886902,0.009354298003017902,-0.013372477144002914,0.00309425825253129,0,0,1,0,0,0,0,0,1,0,18
0.4441280663013458,0.021430352702736855,0.009226448833942413,0.0013418459566310048,0.48333314061164856,0.022937647998332977,0.21732762455940247,0.06431697309017181,0.0007737643900327384,-1.9259508917457424e-05,3.771338742808439e-05,0.00045808334834873676,0.5348733067512512,0.012790721841156483,-0.012994864024221897,0.00371372583322227,0,0,1,0,0,0,0,0,1,0,12
0.452354371547699,0.022656619548797607,0.0073944819159805775,0.0011787459952756763,0.5458781123161316,0.023608461022377014,0.28100094199180603,0.061130277812480927,0.0005857883370481431,-1.9259508917457424e-05,3.771338742808439e-05,0.00045808334834873676,0.5228236317634583,0.016509221866726875,-0.010656960308551788,0.0034983649384230375,0,0,1,0,0,0,0,0,1,0,18
0.4595508277416229,0.023592093959450722,0.006899062544107437,0.0005705790244974196,0.6053566932678223,0.024088678881525993,0.1568412184715271,0.05815592780709267,0.00039326437399722636,-1.9259508917457424e-05,3.771338742808439e-05,0.00045808334834873676,0.5147185325622559,0.01956634595990181,-0.005761665292084217,0.002607689006254077,0,0,1,0,0,0,0,0,1,0,5
0.46599018573760986,0.024124646559357643,0.00613261666148901,0.0005072098574601114,0.6569425463676453,0.02447165921330452,0.16640162467956543,0.048563383519649506,0.00035799789475277066,-1.794592390069738e-05,6.241646042326465e-05,0.00041146320290863514,0.5119227170944214,0.021734585985541344,-0.0008895116625353694,0.0023697838187217712,0,0,0,0,1,0,0,0,1,0,6
0.4726925194263458,0.024627763777971268,0.007385366130620241,0.000475183071102947,0.703596830368042,0.02477526292204857,0.12401974201202393,0.04275405406951904,0.00030666100792586803,-1.61036332428921e-05,8.818798960419372e-05,0.0003528418601490557,0.5137351751327515,0.024209313094615936,0.0039012993220239878,0.0020818847697228193,0,0,0,0,0,1,0,0,1,0,16
0.4808948040008545,0.025000452995300293,0.008838650770485401,0.0002625893976073712,0.74339359998703,0.025062819942831993,0.10915285348892212,0.036982759833335876,0.00028471858240664005,-1.2582305316755082e-05,0.0001288253697566688,0.0002451161271892488,0.519070029258728,0.025602513924241066,0.0062150112353265285,0.0009440634166821837,0,0,0,0,0,1,0,0,1,0,13
0.49027544260025024,0.02512909285724163,0.009452536702156067,8.06341486168094e-05,0.7775561213493347,0.02534283697605133,0.1090720072388649,0.03216466307640076,0.00027614031569100916,-7.855216608732007e-06,0.00016612053150311112,0.00010972526797559112,0.5261123180389404,0.026386594399809837,0.0076939077116549015,0.000674473587423563,0,0,0,0,0,1,0,0,1,0,3
0.5002517700195312,0.02521028369665146,0.01037740707397461,7.609908061567694e-05,0.8078964948654175,0.02560899220407009,0.10925376415252686,0.02899937331676483,0.00025532126892358065,-3.5665550512931077e-06,0.00017152834334410727,2.9405644585978052e-12,0.5345417261123657,0.02684951387345791,0.008982770144939423,0.0002698464959394187,0,0,1,0,0,0,0,0,1,0,4
0.5111156702041626,0.025282561779022217,0.011213930323719978,6.450664659496397e-05,0.8354470133781433,0.02585156075656414,0.10944873094558716,0.026428401470184326,0.00023268548829946667,-3.2504062801308464e-06,0.0001563235418871045,7.338536245696248e-13,0.5440222024917603,0.026922253891825676,0.009496687911450863,1.575646638229955e-05,0,0,0,1,0,0,0,0,1,0,15
0.5227968096733093,0.025355100631713867,0.011996492743492126,6.851418584119529e-05,0.8606400489807129,0.02607336826622486,0.10958695411682129,0.024231668561697006,0.00021334465418476611,-2.9802631615893915e-06,0.00014333140279632062,0.0,0.5541636347770691,0.026932884007692337,0.010445374064147472,-3.279400743849692e-06,0,0,0,1,0,0,0,0,0,0,0
0.5351405739784241,0.02542586624622345,0.012594841420650482,6.47905035293661e-05,0.8838040828704834,0.026277313008904457,0.10968678444623947,0.022330133244395256,0.00019660283578559756,-2.7464129743748344e-06,0.00013208476593717933,7.320542826441678e-13,0.5651639699935913,0.0269226785749197,0.011339421384036541,-1.8853179426514544e-05,0,0,0,1,0,0,0,0,0,0,12
0.5480058193206787,0.02549765445291996,0.013056179508566856,6.82131721987389e-05,0.9052010774612427,0.026465699076652527,0.10976001620292664,0.02066546119749546,0.0001819464232539758,-2.5416884454898536e-06,0.0001222388236783445,1.4628231351926368e-12,0.5769705176353455,0.02690982259809971,0.012010018341243267,-1.9660094039863907e-05,0,0,0,1,0,0,0,0,0,0,15
0.561259925365448,0.025568529963493347,0.013398013077676296,6.422308797482401e-05,0.9250426292419434,0.0266403965651989,0.10981452465057373,0.019193628802895546,0.00016898789908736944,-2.3606767172168475e-06,0.00011353331501595676,3.654427021410056e-13,0.589357852935791,0.026897000148892403,0.012539776042103767,-1.9818782675429247e-05,0,0,0,1,0,0,0,0,0,0,6
0.5748072862625122,0.025636598467826843,0.01365678384900093,6.591467536054552e-05,0.9435021877288818,0.026802921667695045,0.10985562950372696,0.017880849540233612,0.00015742970572318882,-2.1992227630107664e-06,0.00010576839122222736,3.652247232942274e-13,0.6022304892539978,0.026888679713010788,0.01300081517547369,-1.1325002560624853e-05,0,0,0,0,0,1,0,0,0,0,5
0.5885735154151917,0.02570538967847824,0.013847830705344677,6.351595948217437e-05,0.9607239365577698,0.026954548433423042,0.10988698154687881,0.016700729727745056,0.00014703956549055874,-2.0540835521387635e-06,9.878807031782344e-05,0.0,0.6154518127441406,0.02688613161444664,0.013299757614731789,-6.510367256851168e-06,0,0,0,0,1,0,0,0,0,0,8
0.6025022864341736,0.025771550834178925,0.013990528881549835,6.139044853625819e-05,0.9768286943435669,0.0270963404327631,0.10991115868091583,0.015632376074790955,0.00013763342576567084,-1.9226872609579004e-06,9.246875561075285e-05,3.6488764483880165e-13,0.6289342641830444,0.026889104396104813,0.013563609682023525,2.6178431653534062e-06,0,0,0,0,0,0,0,1,0,0,1
0.6165508031845093,0.025838268920779228,0.014094870537519455,6.31326183793135e-05,0.9919183850288391,0.027229201048612595,0.10992997884750366,0.014659011736512184,0.00012906355550512671,-1.8029730881607975e-06,8.671127579873428e-05,-3.647558329596817e-13,0.6426241993904114,0.026899082586169243,0.0137256421148777,6.7782384576275945e-06,1,0,0,0,0,0,0,0,0,0,18
0.6306880116462708,0.02590375393629074,0.014172296039760113,6.177176692290232e-05,1.0060807466506958,0.027353892102837563,0.10994474589824677,0.013767040334641933,0.00012121029431000352,-1.6932690414250828e-06,8.143521699821576e-05,-3.6464261514781993e-13,0.6564497351646423,0.026912538334727287,0.01384790986776352,1.046147463057423e-05,1,0,0,0,0,0,0,0,0,0,6
