lt_dp_posx,lt_dp_posy,lt_dp_velx,lt_dp_vely,ball_posx,ball_posy,ball_posz,ball_vel_x,ball_vel_y,ball_rot_x,ball_rot_y,ball_rot_z,rt_gk_posx,rt_gk_posy,rt_gk_velx,rt_gk_vely,action_left,action_top_left,action_top,action_top_right,action_right,action_bottom_right,action_bottom,action_bottom_left,action_sprint,action_dribble,sel_action
-1.0110293626785278,-0.0,0.0,-0.0,0.019999999552965164,-0.0,0.11061639338731766,-0.0,0.0,0.0,-0.0,0.0,1.0110293626785278,0.0,-0.0,0.0,0,0,0,0,0,0,0,0,0,0,5
0.0008581235888414085,6.328988028103666e-11,0.0032361329067498446,2.5075216208980677e-11,0.019999999552965164,-0.0,0.11059734225273132,-0.0,0.0,0.0,-0.0,0.0,1.0085934400558472,-1.7055430678869499e-10,-0.003884820267558098,-2.392741005330379e-10,0,0,0,0,1,0,0,0,0,0,5
0.004069581162184477,-1.1122183174450129e-09,0.004941489081829786,-2.888698447112148e-10,0.019999999552965164,-0.0,0.10930104553699493,-0.0,0.0,0.0,-0.0,0.0,1.0038305521011353,-3.7194536339768547e-10,-0.0054703038185834885,-1.5051691837353331e-10,0,0,0,0,1,0,0,0,0,0,13
0.007871970534324646,-4.430309896719109e-09,0.006513637024909258,-3.619790300835035e-10,0.021814869716763496,-1.915935743390662e-10,0.11959394812583923,0.009008723311126232,-9.513364540580938e-10,2.6349452134089013e-13,-2.683718093976495e-06,-2.237318186618098e-12,0.9975366592407227,-2.2776067143404077e-10,-0.006950602866709232,6.563083965183125e-10,0,0,0,0,1,0,0,0,1,0,5
0.01518288068473339,-4.639084671964611e-09,0.007938067428767681,-5.406244202310617e-11,0.030372420325875282,-1.0971480390864485e-09,0.10589145123958588,0.008192607201635838,-8.683987418045547e-10,5.86353708642573e-12,2.143168603652157e-05,-4.888338431957573e-12,0.989837646484375,3.1822294799255246e-10,-0.008285746909677982,4.2499676000673503e-10,0,0,0,0,1,0,0,0,1,0,18
0.02382509410381317,-4.760563054873046e-09,0.009190686047077179,-1.3519350916535444e-10,0.038240332156419754,-1.931850901470966e-09,0.11269921809434891,0.007675737142562866,-8.1433315646251e-10,1.1375699861260191e-11,4.540265945252031e-05,0.0,0.9809144139289856,5.53213697074284e-10,-0.009325672872364521,6.717093548047615e-11,0,0,0,0,1,0,0,0,1,0,5
0.03297604247927666,-5.664031910157519e-09,0.00985135417431593,-2.3710408636468117e-10,0.045684799551963806,-2.721647351933143e-09,0.11210190504789352,0.007253612391650677,-7.695492576509366e-10,1.0750563633754595e-11,4.2907620809273794e-05,0.0,0.971478283405304,7.376625421606775e-10,-0.00973448995500803,1.658760351297417e-10,0,0,0,0,1,0,0,0,1,0,5
0.04093415290117264,-7.947916103034913e-09,0.009685578756034374,-1.2715355157677521e-10,0.05270359665155411,-3.4662854808686916e-09,0.11100553721189499,0.006829644087702036,-7.245700706093317e-10,1.0122128829559429e-11,4.039938357891515e-05,-2.777141446999808e-18,0.961243748664856,8.334346546234883e-10,-0.010619443841278553,3.199822004584796e-11,0,0,0,0,1,0,0,0,1,0,13
0.05086436867713928,-8.419474895049461e-09,0.010593279264867306,-7.153703324158656e-11,0.0659412071108818,2.5387602363480255e-05,0.14662162959575653,0.013831785880029202,2.788744677673094e-05,2.854011427189107e-07,8.162169251590967e-06,3.596036322051077e-07,0.9503563046455383,8.102772852680573e-08,-0.010805971920490265,2.645429049152881e-07,0,0,0,0,1,0,0,0,1,0,13
0.061566125601530075,3.511206614348339e-06,0.010849579237401485,6.5497110881551635e-06,0.07951919734477997,5.255360156297684e-05,0.11541631817817688,0.012867928482592106,2.4848404791555367e-05,2.9045475358202566e-08,3.576048766262829e-05,4.6686332666467933e-07,0.9392877221107483,6.371798804138962e-07,-0.011376773938536644,7.82101039931149e-07,0,0,0,0,1,0,0,0,1,0,5
0.07285244017839432,1.4273716260504443e-05,0.011619224213063717,1.4482860024145339e-05,0.09191896766424179,7.611871842527762e-05,0.113199383020401,0.012082209810614586,2.274630605825223e-05,-1.858649767427778e-07,5.81745698582381e-05,2.5651496571299504e-07,0.9275738596916199,1.7120515849455842e-06,-0.011977027170360088,1.2691584743151907e-06,0,0,0,0,1,0,0,0,1,0,13
0.08483362197875977,3.1703802960691974e-05,0.01227075606584549,1.89252314157784e-05,0.10360890626907349,9.802191198104993e-05,0.1122262105345726,0.011410904116928577,2.137391311407555e-05,-2.9857935146537784e-07,6.749647582182661e-05,0.0,0.9152939915657043,3.341971705594915e-06,-0.012507859617471695,2.0470263280003564e-06,0,0,0,0,1,0,0,0,1,0,18
0.09741009771823883,5.315137968864292e-05,0.012805094011127949,2.3972756025614217e-05,0.11467443406581879,0.00011874891060870141,0.10859882086515427,0.010784344747662544,2.0200306607875973e-05,-2.8220210879226215e-07,6.379421392921358e-05,0.0,0.9025512933731079,6.003715043334523e-06,-0.01291878055781126,3.158740355502232e-06,0,0,0,0,1,0,0,0,1,0,18
0.1104474663734436,-8.29827185953036e-05,0.01320716179907322,2.8766940886271186e-05,0.1251225471496582,0.00013831938849762082,0.10880786925554276,0.010176735930144787,1.906217948999256e-05,-2.662985423285136e-07,6.0199097788427025e-05,4.553238144053111e-14,0.8894527554512024,9.56294115894707e-06,-0.013232932426035404,3.7918880479992367e-06,0,0,0,0,1,0,0,0,1,0,16
0.12368638068437576,-0.001921282266266644,0.013239067979156971,1.668188451731112e-05,0.1349794715642929,0.00015678252384532243,0.11073844879865646,0.009600071236491203,1.7982019926421344e-05,-2.5120277769019594e-07,5.6786579079926014e-05,0.0,0.8760826587677002,1.3689477782463655e-05,-0.013472052291035652,4.394344159663888e-06,0,0,0,0,1,0,0,0,1,0,16
0.13692541420459747,-0.0022479197941720486,0.013239067979156971,4.76623245049268e-06,0.14994873106479645,-7.53213680582121e-05,0.15853574872016907,0.015455503948032856,-0.00025785883190110326,-6.124597717871438e-08,1.0370978998253122e-05,-7.978235885275353e-07,0.8625065684318542,1.7826430848799646e-05,-0.013653671368956566,1.8353376844970626e-06,0,0,0,0,1,0,0,0,1,0,18
0.15025413036346436,-0.0022306768223643303,0.013456800021231174,5.136979234521277e-05,0.16528017818927765,-0.00033108366187661886,0.11716284602880478,0.015122662298381329,-0.0002520995622035116,4.868169156679869e-08,1.2799633623217233e-05,-9.66540369518043e-07,0.8487749099731445,1.1809154784714337e-05,-0.013789709657430649,-1.2445842003216967e-05,0,0,0,0,1,0,0,0,1,0,5
0.16384945809841156,-0.0021007845643907785,0.013697322458028793,0.0001970304292626679,0.17940828204154968,-0.0005650212406180799,0.12572741508483887,0.013744164258241653,-0.00022710666235070676,1.706927719169471e-06,4.929867645842023e-05,-1.828828317229636e-06,0.8349266052246094,-8.048637937463354e-06,-0.013891388662159443,-2.5945619199774228e-05,0,0,0,0,1,0,0,0,1,0,18
0.17764823138713837,-0.0018355266656726599,0.013874909840524197,0.0002877813531085849,0.1926412433385849,-0.0007832450210116804,0.11794976890087128,0.012886499986052513,-0.00021236721659079194,2.966855390695855e-06,7.623057899763808e-05,7.290758166460243e-13,0.820990264415741,-4.0437764255329967e-05,-0.01396852359175682,-3.7485679058590904e-05,0,0,0,0,1,0,0,0,1,0,16
0.19160190224647522,-0.0015807996969670057,0.014012000523507595,0.00022535510652232915,0.20514601469039917,-0.0009893217356875539,0.10695638507604599,0.012190189212560654,-0.00020089220197405666,2.806562406476587e-06,7.211196498246863e-05,7.289199625837295e-13,0.8069885969161987,-8.417153730988503e-05,-0.014026024378836155,-4.885187809122726e-05,0,0,0,0,1,0,0,0,1,0,16
0.20567215979099274,-0.0013896836899220943,0.014113328419625759,0.00016345022595487535,0.21695904433727264,-0.0011839988874271512,0.11112900078296661,0.01151182595640421,-0.00018971285317093134,2.650306669238489e-06,6.80971352267079e-05,3.643882071080462e-13,0.7929384112358093,-0.00013760877482127398,-0.014068098738789558,-5.464579589897767e-05,0,0,0,0,1,0,0,0,1,0,16
0.21977268159389496,-0.0012623242801055312,0.014121749438345432,0.00010066223330795765,0.22810977697372437,-0.001367761055007577,0.11018561571836472,0.010860420763492584,-0.00017897780344355851,2.5002962047437904e-06,6.424277671612799e-05,0.0,0.7788518071174622,-0.00019235310901422054,-0.014100355096161366,-5.4819585784571245e-05,0,0,0,0,1,0,0,0,1,0,16
0.2337304651737213,-0.0011974837398156524,0.013679967261850834,3.656666376627982e-05,0.24249009788036346,-0.0014055584324523807,0.1571343094110489,0.01583513244986534,2.1506697521544993e-05,8.989484285848448e-07,1.2277810128580313e-05,-9.624691301723942e-07,0.7647379040718079,-0.00024725578259676695,-0.014124196954071522,-5.498702375916764e-05,0,0,0,0,1,0,0,0,1,0,13
0.24711638689041138,-0.00037804539897479117,0.01331243570894003,4.7438452384085394e-06,0.25821343064308167,-0.0013841880718246102,0.13814039528369904,0.015631886199116707,2.1280315195326693e-05,8.989484285848448e-07,1.2277810128580313e-05,-9.624691301723942e-07,0.7506036162376404,-0.0003024520701728761,-0.014141728170216084,-5.5364453146466985e-05,0,0,0,0,1,0,0,0,1,0,18
0.26042869687080383,0.0010154378833249211,0.013312522321939468,2.3724217044218676e-06,0.27350175380706787,-0.001291391090489924,0.1509428769350052,0.0158751979470253,0.0002654604322742671,4.0457089767187426e-07,-7.778847361805674e-07,1.8108886479240027e-07,0.7364542484283447,-0.0003580162301659584,-0.014155051670968533,-5.572517329710536e-05,0,0,0,0,1,0,0,0,1,0,0
0.2737444043159485,0.0010163182159885764,0.013344252482056618,-1.8706660966927302e-06,0.2892645001411438,-0.0010278241243213415,0.17014312744140625,0.015671642497181892,0.00026204134337604046,4.0457089767187426e-07,-7.778847361805674e-07,1.8108886479240027e-07,0.7222933769226074,-0.00040183213423006237,-0.014164868742227554,-2.5817242203629576e-05,0,0,0,0,1,0,0,0,1,0,18
0.28724464774131775,0.0009696335182525218,0.013615629635751247,-0.00010002047929447144,0.30468231439590454,-0.0007701998692937195,0.11693178117275238,0.014495951123535633,0.0002410474990028888,-6.417596978280926e-07,2.3244336261996068e-05,1.709183607090381e-06,0.7081239223480225,-0.0004040483327116817,-0.014171880669891834,1.7100241166190244e-05,0,0,0,0,1,0,0,0,1,0,6
0.30097484588623047,0.0007938117487356067,0.01381460390985012,-0.00023569591576233506,0.318758100271225,-0.0005365132237784564,0.13001006841659546,0.013940073549747467,0.0002313529112143442,-1.0177943750022678e-06,3.18633065035101e-05,1.9165884168614866e-06,0.69394850730896,-0.0003657958295661956,-0.014177490957081318,4.770176383317448e-05,0,0,0,0,0,1,0,0,1,0,0
0.3148750364780426,0.0005336661706678569,0.013965018093585968,-0.00024292012676596642,0.33208516240119934,-0.000315882614813745,0.12117227911949158,0.012896623462438583,0.00021319801453500986,-2.838149839590187e-06,7.316970004467294e-05,3.3048235081878374e-07,0.6797686219215393,-0.0003171135613229126,-0.014181697741150856,4.948419882566668e-05,0,0,0,0,0,1,0,0,1,0,7
0.32838761806488037,0.0009286390268243849,0.013805334456264973,-0.00016053741273935884,0.3446168303489685,-0.00010872792336158454,0.11239105463027954,0.01222959253937006,0.0002021615655394271,-2.8242741336725885e-06,7.234450458781794e-05,0.0,0.6655852794647217,-0.00026665054610930383,-0.014184502884745598,5.12635160703212e-05,0,0,0,0,0,0,1,0,1,0,12
0.3413122296333313,0.0020178479608148336,0.013368270359933376,0.0001692476071184501,0.35704752802848816,0.0007347821374423802,0.1285507082939148,0.014405906200408936,0.0034078967291861773,4.592065579345217e-06,1.4799195014347788e-05,1.626099765417166e-05,0.6513997316360474,-0.00021233856386970729,-0.014186606742441654,5.7182314776582643e-05,0,0,0,0,0,0,1,0,1,0,12
0.3541412651538849,0.0026797400787472725,0.012407583184540272,0.0014420866500586271,0.37128183245658875,0.004097923636436462,0.15288683772087097,0.014155554585158825,0.0033442960120737553,3.6201536204316653e-06,1.6110056094476022e-05,1.7479878806625493e-05,0.6372122764587402,-0.0001516485499450937,-0.014188009314239025,6.355997902574018e-05,0,0,0,0,0,0,1,0,1,0,6
0.36631065607070923,0.004860171116888523,0.01184169016778469,0.0025627787690609694,0.38509923219680786,0.0073495120741426945,0.12132281810045242,0.013078251853585243,0.0030398396775126457,-1.667887408984825e-05,4.316296326578595e-05,2.709329783101566e-05,0.6230258941650391,-6.506892304969369e-07,-0.014179594814777374,0.00034968199906870723,0,0,0,0,0,1,0,0,1,0,6
0.3781847357749939,0.007422610651701689,0.012079407460987568,0.002589957322925329,0.3978302478790283,0.010298212058842182,0.11544492840766907,0.012467448599636555,0.002880718559026718,-2.7712580049410462e-05,5.7600162108428776e-05,1.9193917978554964e-05,0.6088741421699524,0.0006597920437343419,-0.01412139181047678,0.0009143546922132373,0,0,0,0,0,1,0,0,1,0,17
0.39051708579063416,0.010020792484283447,0.012525039725005627,0.0025959177874028683,0.409880667924881,0.013076679781079292,0.10648496448993683,0.01176281925290823,0.002711748704314232,-3.7885129131609574e-05,6.958504673093557e-05,0.0,0.5948100090026855,0.0018817075761035085,-0.01401270180940628,0.0014604831812903285,0,0,0,0,0,1,0,0,1,1,18
0.4032391905784607,0.012609805911779404,0.01286092959344387,0.00259958952665329,0.42128774523735046,0.015706412494182587,0.11318567395210266,0.011119944043457508,0.0025635422207415104,-3.5812372516375035e-05,6.577797466889024e-05,-1.1659155411958277e-11,0.580857515335083,0.0035656606778502464,-0.013899101875722408,0.0018662955844774842,0,0,0,0,0,1,0,0,1,0,14
0.4162253141403198,0.015250541269779205,0.013077259063720703,0.0026747656520456076,0.4320639669895172,0.018190713599324226,0.11169163137674332,0.01049905363470316,0.002420404925942421,-3.381247370271012e-05,6.210467836353928e-05,8.742930858451903e-12,0.5670340657234192,0.005653449799865484,-0.013757453300058842,0.0022683916613459587,0,0,0,0,0,0,0,0,1,0,5
0.4289226531982422,0.018265873193740845,0.012462145648896694,0.002555649494752288,0.44223466515541077,0.020535409450531006,0.10880304127931595,0.009906910359859467,0.002283894456923008,-3.1906198273645714e-05,5.8603349316399544e-05,-2.913879641047723e-12,0.5533987879753113,0.008209079504013062,-0.013506762683391571,0.00283577642403543,0,0,0,0,1,0,0,0,1,0,6
0.44027847051620483,0.020831461995840073,0.010659483261406422,0.0017490186728537083,0.4571099877357483,0.02262192964553833,0.13650362193584442,0.06213273108005524,0.0008960289414972067,-1.6082716683740728e-05,4.125919804209843e-05,0.0020731943659484386,0.540078341960907,0.011390838772058487,-0.013157550245523453,0.0034623739775270224,0,0,0,0,0,1,0,0,1,0,6
0.44925710558891296,0.022167367860674858,0.008381464518606663,0.001268523745238781,0.5176210999488831,0.023115122690796852,0.2763572335243225,0.05920968949794769,0.00016974126629065722,-1.6082716683740728e-05,4.125919804209843e-05,0.0020731943659484386,0.5272718667984009,0.015100869350135326,-0.012095535174012184,0.0036238054744899273,0,0,0,0,0,1,0,0,1,0,16
0.45683252811431885,0.0233437679708004,0.007229342125356197,0.0009759904351085424,0.5752948522567749,0.022905003279447556,0.21885985136032104,0.05643714964389801,-0.0005144615424796939,-1.6082716683740728e-05,4.125919804209843e-05,0.0020731943659484386,0.5170602202415466,0.018050402402877808,-0.008364635519683361,0.0022838131990283728,0,0,0,0,0,1,0,0,1,0,0
0.46359503269195557,0.023921914398670197,0.006132967304438353,0.00050716707482934,0.6277281641960144,0.02214866690337658,0.15400296449661255,0.04763682931661606,-0.0008474735077470541,-1.3363182006287389e-05,6.452433444792405e-05,0.001882903277873993,0.5115881562232971,0.019461043179035187,-0.002936756005510688,0.0007162396213971078,0,0,0,0,0,1,0,0,1,0,0
0.4698886275291443,0.024426516145467758,0.006773892790079117,0.0004891573335044086,0.6743184924125671,0.021056925877928734,0.11317121237516403,0.045410774648189545,-0.0012731801252812147,-1.308331047766842e-05,6.624321395065635e-05,0.0018660335335880518,0.5120255351066589,0.01973474770784378,0.0028775017708539963,0.0003275688795838505,0,0,0,0,0,1,0,0,1,0,12
0.47749876976013184,0.02479802444577217,0.008264359086751938,0.00024184085486922413,0.714827835559845,0.019832869991660118,0.10140740871429443,0.03804485872387886,-0.0012456823606044054,-6.0875613598909695e-06,0.0001054109088727273,0.0014413574244827032,0.5157511234283447,0.020166369155049324,0.004419509321451187,0.0005023616249673069,0,0,0,0,0,1,0,0,1,0,13
0.48644888401031494,0.02479206956923008,0.009329529479146004,-0.00020736141595989466,0.7495520114898682,0.018674775958061218,0.1088360920548439,0.03269704058766365,-0.0011116849491372705,8.414286639890634e-06,0.00016829896776471287,0.0005021981196478009,0.5210620760917664,0.020382199436426163,0.006005343049764633,0.0001291196240345016,0,0,0,0,0,1,0,0,1,0,6
0.49589985609054565,0.02457471564412117,0.00984168890863657,-0.0002351568400627002,0.780363917350769,0.01762477122247219,0.10920774936676025,0.02942991629242897,-0.0010026872623711824,1.4006394849275239e-05,0.00017407449195161462,-1.1765900753690772e-11,0.5280731916427612,0.020460663363337517,0.007583820726722479,5.6537533964728937e-05,0,0,0,0,0,1,0,0,1,0,18
0.5062503814697266,0.024317458271980286,0.010787781327962875,-0.0002821053203660995,0.8083061575889587,0.0166727714240551,0.10942099243402481,0.026790888980031013,-0.0009127747034654021,1.275061094929697e-05,0.0001584673736942932,-2.9361107729136693e-12,0.5365217924118042,0.020445935428142548,0.008861172944307327,-4.638057725969702e-05,0,0,0,0,0,1,0,0,1,0,18
0.5174453258514404,0.024021223187446594,0.011580348014831543,-0.0003109764074906707,0.8338313698768616,0.015803111717104912,0.10956714302301407,0.02454129420220852,-0.0008361301152035594,1.1680088391585741e-05,0.00014516268856823444,-5.863892704738305e-12,0.5461245775222778,0.020342709496617317,0.009864377789199352,-0.00010166518768528476,0,0,0,0,0,1,0,0,1,0,0
0.5293855667114258,0.02369898557662964,0.012263855896890163,-0.0003385118907317519,0.8572812676429749,0.015004164539277554,0.10967236757278442,0.022597938776016235,-0.0007699195411987603,1.0755265066109132e-05,0.00013366874190978706,0.0,0.5566092729568481,0.02020506002008915,0.010739311575889587,-0.00013875616423320025,0,0,0,0,0,1,0,0,1,0,0
0.5419285893440247,0.023349812254309654,0.012778805568814278,-0.0003598702314775437,0.8789269328117371,0.014266686514019966,0.10974937677383423,0.02089964598417282,-0.0007120580412447453,9.947044418368023e-06,0.00012362397683318704,2.925995817165683e-12,0.5679369568824768,0.02002578228712082,0.011603707447648048,-0.0001811517431633547,0,0,0,0,0,1,0,0,1,0,7
0.5549233555793762,0.02298462577164173,0.013185601681470871,-0.000374630733858794,0.8989872932434082,0.0135832279920578,0.10980655997991562,0.019400419667363167,-0.0006609787233173847,9.233543096343055e-06,0.00011475651990622282,4.3857417697523715e-12,0.579983115196228,0.01981538161635399,0.012220552191138268,-0.0002080595149891451,0,0,0,0,0,0,1,0,1,0,5
0.568270742893219,0.022605398669838905,0.013492127880454063,-0.0003873407549690455,0.9176409244537354,0.012947691604495049,0.10984958708286285,0.01806504838168621,-0.0006154822185635567,8.598020940553397e-06,0.00010685801680665463,0.0,0.5925595164299011,0.019576752558350563,0.012773442082107067,-0.0002481255796737969,0,0,0,0,1,0,0,0,1,0,4
0.5818761587142944,0.022217106074094772,0.013712854124605656,-0.000393758004065603,0.935036301612854,0.012355025857686996,0.10988234728574753,0.016866110265254974,-0.0005746336537413299,8.027411240618676e-06,9.976646106224507e-05,-4.3808030120162655e-12,0.6055852174758911,0.01930975168943405,0.0131191061809659,-0.0002620015584398061,0,0,0,1,0,0,0,0,1,0,8
0.5956794023513794,0.021821606904268265,0.013886189088225365,-0.00040065700886771083,0.951297402381897,0.011801003478467464,0.10990756750106812,0.015781916677951813,-0.0005376948392949998,7.511404874094296e-06,9.33534320211038e-05,-1.4596342797629225e-12,0.6189069151878357,0.019027426838874817,0.013387804850935936,-0.00027763814432546496,0,0,0,0,0,0,0,1,1,0,0
0.6096298694610596,0.021420568227767944,0.014008339494466782,-0.00040389213245362043,0.966529130935669,0.011282052844762802,0.10992716997861862,0.014795128256082535,-0.0005040748510509729,7.041756816761335e-06,8.75165278557688e-05,2.9181899952046564e-12,0.6324760913848877,0.018726292997598648,0.013625365681946278,-0.0002978883567266166,0,0,0,0,0,0,0,1,1,0,18
0.6236881613731384,0.021016573533415794,0.014105674810707569,-0.0004072199808433652,0.9808209538459778,0.010795123875141144,0.10994254052639008,0.013891680166125298,-0.0004732940869871527,6.61177091387799e-06,8.217252616304904e-05,-1.4586320432746769e-12,0.6462172269821167,0.01841411180794239,0.01377071812748909,-0.00030635445727966726,0,0,0,0,0,0,0,1,1,0,8
0.637829065322876,0.020609507337212563,0.014176791533827782,-0.0004099594953004271,0.994249701499939,0.010337600484490395,0.10995467752218246,0.01306005846709013,-0.00044496034388430417,6.215965186129324e-06,7.725339673925191e-05,-7.29115823706189e-13,0.6600861549377441,0.018092375248670578,0.013904880732297897,-0.00032148935133591294,0,0,0,0,0,0,0,1,1,0,18
0.6520271897315979,0.020201126113533974,0.014225387945771217,-0.00041108133154921234,1.006881833076477,0.009907219558954239,0.10996433347463608,0.01229074690490961,-0.00041874966700561345,5.849815352121368e-06,7.270280184457079e-05,1.4578835100947929e-12,0.6740570664405823,0.017760280519723892,0.013978983275592327,-0.00032623542938381433,0,0,0,0,0,0,0,1,1,0,1
