lt_dp_posx,lt_dp_posy,lt_dp_velx,lt_dp_vely,ball_posx,ball_posy,ball_posz,ball_vel_x,ball_vel_y,ball_rot_x,ball_rot_y,ball_rot_z,rt_gk_posx,rt_gk_posy,rt_gk_velx,rt_gk_vely,action_left,action_top_left,action_top,action_top_right,action_right,action_bottom_right,action_bottom,action_bottom_left,action_sprint,action_dribble,sel_action
-1.0110293626785278,-0.0,0.0,-0.0,0.019999999552965164,-0.0,0.11061639338731766,-0.0,0.0,0.0,-0.0,0.0,1.0110293626785278,0.0,-0.0,0.0,0,0,0,0,0,0,0,0,0,0,5
0.0,-0.0,0.0,-0.0,0.019999999552965164,-0.0,0.11059734225273132,-0.0,0.0,0.0,-0.0,0.0,1.0110293626785278,0.0,-0.0,0.0,0,0,0,0,1,0,0,0,0,0,5
0.0005595720722340047,4.9373026500543205e-11,0.0026072831824421883,2.1259039667542723e-11,0.019999999552965164,-0.0,0.10930104553699493,-0.0,0.0,0.0,-0.0,0.0,1.0109632015228271,-5.533297778304025e-12,-0.0006619621999561787,-5.53329743135933e-11,0,0,0,0,1,0,0,0,0,0,5
0.0037788229528814554,-4.705273393135201e-10,0.004770988132804632,-2.684072963887729e-10,0.019999999552965164,-0.0,0.11075475811958313,-0.0,0.0,0.0,-0.0,0.0,1.007768154144287,-2.172961394153461e-10,-0.004207386635243893,-2.3125169834603554e-10,0,0,0,0,1,0,0,0,0,0,13
0.007856178097426891,-2.1655053306091077e-09,0.006355706602334976,-3.6368058564661965e-10,0.021781105548143387,-1.197989346612971e-10,0.11884696781635284,0.008839823305606842,-5.94723825741994e-10,8.834712204430079e-14,-2.3084528493200196e-06,-1.4487260132853286e-12,1.0026906728744507,-3.9707073740125054e-10,-0.005775339435786009,-1.1836698288192338e-10,0,0,0,0,1,0,0,0,1,0,16
0.015018402598798275,-2.3967305917693693e-09,0.007797427009791136,-9.105486503679927e-11,0.03015720471739769,-6.842799660233823e-10,0.11304429918527603,0.007989801466464996,-5.392420954208887e-10,6.199244676624582e-12,3.837781332549639e-05,-1.6145164632302977e-12,0.9961044192314148,-1.0176070402989623e-10,-0.007231095340102911,6.245098882473599e-10,0,0,0,0,1,0,0,0,1,0,13
0.023530634120106697,-2.5451565299761114e-09,0.009069569408893585,-1.7918255768023528e-10,0.037892114371061325,-1.2064046428506003e-09,0.11427181959152222,0.0075392089784145355,-5.089192400831166e-10,7.109535182792115e-12,4.4596759835258126e-05,0.0,0.9881436228752136,3.8033434734963123e-10,-0.008531177416443825,3.443947904635536e-10,0,0,0,0,1,0,0,0,1,0,5
0.03253943473100662,-3.197910380947633e-09,0.009742087684571743,-2.34471886351173e-10,0.045195817947387695,-1.6994265994441093e-09,0.11196728050708771,0.007108057849109173,-4.798152986040805e-10,6.7029012548736056e-12,4.204602737445384e-05,2.082954933333056e-18,0.9790472984313965,6.118344164640632e-10,-0.009335489943623543,9.47618761237834e-10,0,0,0,0,1,0,0,0,1,0,5
0.040323927998542786,-4.65638372304511e-09,0.009685594588518143,-1.2714934660706945e-10,0.05206971615552902,-2.1634347646681817e-09,0.1106518879532814,0.006682825740426779,-4.5111103741390934e-10,6.301915152912008e-12,3.9530699723400176e-05,0.0,0.9695028066635132,1.3741585647153443e-09,-0.009924523532390594,6.419940690172155e-10,0,0,0,0,1,0,0,0,1,0,5
0.050239283591508865,-4.9834452120478545e-09,0.010593279264867306,-7.154043329959947e-11,0.06529233604669571,2.5390701921423897e-05,0.14664900302886963,0.013831263408064842,2.7889425837201998e-05,2.8579492550306895e-07,7.812065632606391e-06,3.5719654079002794e-07,0.9590960144996643,1.810385064082709e-09,-0.010777922347187996,2.6219876270161535e-10,0,0,0,0,1,0,0,0,1,0,5
0.06094103679060936,3.516673587000696e-06,0.010849579237401485,6.5534877649042755e-06,0.07886994630098343,5.256048825685866e-05,0.11541144549846649,0.012866326607763767,2.4854114599293098e-05,3.088642586135393e-08,3.5371118428884074e-05,4.671523186061677e-07,0.9481951594352722,3.1638967357139336e-07,-0.01080527063459158,7.828907087059633e-07,0,0,0,0,1,0,0,0,1,0,5
0.0722273588180542,1.428539508196991e-05,0.011619267985224724,1.4491214642475825e-05,0.09126575291156769,7.612520130351186e-05,0.11316749453544617,0.012076400220394135,2.2740572603652254e-05,-1.8325891915083048e-07,5.7811892475001514e-05,2.6055434432237234e-07,0.9369930624961853,1.7152237887785304e-06,-0.011505099013447762,1.8930753640233888e-06,0,0,0,0,1,0,0,0,1,0,16
0.08420849591493607,3.1725652661407366e-05,0.01227075606584549,1.8936510969069786e-05,0.10294869542121887,9.801813575904816e-05,0.11222551017999649,0.011404020711779594,2.136365947080776e-05,-2.9843616289326746e-07,6.745577411493286e-05,-4.554713675447228e-14,0.9251608848571777,4.16692137150676e-06,-0.012094132602214813,2.7240141662332462e-06,0,0,0,0,1,0,0,0,1,0,13
0.09678489714860916,5.318627881933935e-05,0.012805006466805935,2.398751712462399e-05,0.11400756239891052,0.00011873519542859867,0.10860082507133484,0.010777872055768967,2.0190656869090162e-05,-2.820672762027243e-07,6.375592784024775e-05,0.0,0.9127786755561829,7.151663339755032e-06,-0.012599019333720207,3.236833435948938e-06,0,0,0,0,1,0,0,0,1,0,18
0.10982221364974976,-8.293164137285203e-05,0.013207074254751205,2.8787475457647815e-05,0.12444943934679031,0.00013829636736772954,0.10880784690380096,0.010170640423893929,1.9053108189837076e-05,-2.6617192361300113e-07,6.016306360834278e-05,-6.82984688227771e-14,0.899957001209259,1.0710742571973242e-05,-0.012988903559744358,3.81643121727393e-06,0,0,0,0,1,0,0,0,1,0,13
0.12306112051010132,-0.001921227085404098,0.013239067979156971,1.6694149962859228e-05,0.13430047035217285,0.00015675074246246368,0.11073842644691467,0.009594322182238102,1.7973465219256468e-05,-2.5108340651058825e-07,5.675258580595255e-05,-4.55259677070545e-14,0.8867981433868408,1.4600306712964084e-05,-0.013286225497722626,3.893577286362415e-06,0,0,0,0,1,0,0,0,1,0,18
0.13630016148090363,-0.0022478592582046986,0.013239067979156971,4.76979766972363e-06,0.14927279949188232,-7.531955634476617e-05,0.15857183933258057,0.015459519810974598,-0.0002578207931946963,-6.148678011186348e-08,1.0348776413593441e-05,-7.976236702234019e-07,0.8733821511268616,1.8483775420463644e-05,-0.01351272314786911,3.873594323522411e-06,0,0,0,0,1,0,0,0,1,0,0
0.1496288776397705,-0.002230605110526085,0.013456800021231174,5.1401875680312514e-05,0.16460849344730377,-0.00033104800968430936,0.11724098026752472,0.015128042548894882,-0.00025208908482454717,4.7141405445927376e-08,1.2750288988172542e-05,-9.645398222346557e-07,0.8597712516784668,1.955238803930115e-05,-0.013683823868632317,-6.52857397653861e-06,0,0,0,0,1,0,0,0,1,0,16
0.1632242053747177,-0.002100627636536956,0.013697322458028793,0.00019716053793672472,0.178741455078125,-0.0005649751983582973,0.12570403516292572,0.01374825183302164,-0.00022708626056555659,1.704554961179383e-06,4.925530083710328e-05,-1.8303602473679348e-06,0.8460135459899902,-1.3768674307357287e-06,-0.01381285022944212,-3.230115908081643e-05,0,0,0,0,1,0,0,0,1,0,13
0.17702297866344452,-0.0018351967446506023,0.013874909840524197,0.00028796494007110596,0.19197767972946167,-0.00078316789586097,0.11795764416456223,0.012889514677226543,-0.00021233416919130832,2.9663929126400035e-06,7.62483905418776e-05,0.0,0.8321458697319031,-4.689747220254503e-05,-0.013908217661082745,-5.4270203690975904e-05,0,0,0,0,1,0,0,0,1,0,16
0.19097664952278137,-0.001580315874889493,0.014012000523507595,0.00022547987464349717,0.20448541641235352,-0.000989212654531002,0.10695063322782516,0.012193022295832634,-0.00020086060976609588,2.806120619425201e-06,7.212870696093887e-05,0.0,0.8181960582733154,-0.00010055054008262232,-0.013980444520711899,-5.313507062965073e-05,0,0,0,0,1,0,0,0,1,0,16
0.2050469070672989,-0.00138910545501858,0.014113328419625759,0.0001635179651202634,0.21630120277404785,-0.001183859072625637,0.11112777888774872,0.011514473706483841,-0.00018968255608342588,2.6498826173337875e-06,6.81127785355784e-05,0.0,0.8041842579841614,-0.0001530226436443627,-0.014035141095519066,-5.191922900849022e-05,0,0,0,0,1,0,0,0,1,0,5
0.21912695467472076,-0.0012632299913093448,0.014121854677796364,0.0001007048922474496,0.22745448350906372,-0.001367591554298997,0.11018572747707367,0.010862900875508785,-0.0001789489178918302,2.4998919343488524e-06,6.425741594284773e-05,-3.643234260282402e-13,0.7901260852813721,-0.00020503254199866205,-0.014075110666453838,-5.2616160246543586e-05,0,0,0,0,1,0,0,0,1,0,18
0.2330760359764099,-0.001199015649035573,0.013680142350494862,3.6581815948011354e-05,0.24183553457260132,-0.001405508490279317,0.15713411569595337,0.015835177153348923,2.1325073248590343e-05,8.988106401375262e-07,1.2283413525437936e-05,-9.631056627767975e-07,0.7760334014892578,-0.0002584817702881992,-0.014105264097452164,-5.4126776376506314e-05,0,0,0,0,1,0,0,0,1,0,18
0.24646200239658356,-0.0003790949995163828,0.013312519527971745,4.743987574329367e-06,0.2575588822364807,-0.0013843183405697346,0.13813930749893188,0.01563192531466484,2.1101015590829775e-05,8.988106401375262e-07,1.2283413525437936e-05,-9.631056627767975e-07,0.7619151473045349,-0.0003125839284621179,-0.014127703383564949,-5.1393632020335644e-05,0,0,0,0,1,0,0,0,1,0,13
0.259774386882782,0.0010152118047699332,0.013312522321939468,2.3724217044218676e-06,0.2728472352027893,-0.0012916414998471737,0.15094317495822906,0.01587522029876709,0.0002654611016623676,4.049072686029831e-07,-7.755484716653882e-07,1.8019230196841818e-07,0.7477779984474182,-0.00035704224137589335,-0.01414383202791214,-3.877688504871912e-05,0,0,0,0,1,0,0,0,1,0,16
0.27309009432792664,0.0010160921374335885,0.013344252482056618,-1.8706660966927302e-06,0.2886100113391876,-0.001028074068017304,0.1701432168483734,0.015671662986278534,0.00026204189634881914,4.049072686029831e-07,-7.755484716653882e-07,1.8019230196841818e-07,0.7336263060569763,-0.00038886148831807077,-0.014157154597342014,-2.6121593691641465e-05,0,0,0,0,1,0,0,0,1,0,7
0.2865903377532959,0.0009694065665826201,0.013615629635751247,-0.00010002226190408692,0.30402782559394836,-0.0007704494637437165,0.11693182587623596,0.01449597254395485,0.0002410466258879751,-6.415216944333224e-07,2.3246253476827405e-05,1.7086294974433258e-06,0.719464123249054,-0.0003998038009740412,-0.014166271314024925,2.9744392122665886e-06,0,0,0,0,0,0,1,0,1,0,7
0.3003205358982086,0.0007935808389447629,0.01381425280123949,-0.00023570125631522387,0.3181036114692688,-0.0005367642152123153,0.13001041114330292,0.013940108940005302,0.00023135186347644776,-1.0175957640967681e-06,3.186515823472291e-05,1.916140263347188e-06,0.7052938938140869,-0.0003798066754825413,-0.014173283241689205,3.392865983187221e-05,0,0,0,0,0,0,1,0,1,0,5
0.31422072649002075,0.0005334297311492264,0.013965018093585968,-0.00024292501620948315,0.3314307630062103,-0.0003161347412969917,0.12117217481136322,0.012896706350147724,0.0002131970541086048,-2.838306727426243e-06,7.317447307286784e-05,3.3007822253239283e-07,0.6911177635192871,-0.00033370108576491475,-0.014178192242980003,4.870861448580399e-05,0,0,0,0,1,0,0,0,1,0,6
0.3277333080768585,0.0009283947292715311,0.013805338181555271,-0.00016054269508458674,0.3439624607563019,-0.00010898093751166016,0.11239121109247208,0.012229668907821178,0.00020216067787259817,-2.824261628120439e-06,7.234496297314763e-05,3.6446426389044606e-13,0.6769371032714844,-0.00028577170451171696,-0.014181697741150856,4.729113425128162e-05,0,0,0,0,0,1,0,0,1,0,12
0.34065788984298706,0.002017594873905182,0.013368270359933376,0.00016924225201364607,0.3563932180404663,0.0007345270132645965,0.128550723195076,0.014405906200408936,0.0034078890457749367,4.592056484398199e-06,1.4799364180362318e-05,1.6260979464277625e-05,0.662753164768219,-0.00023896628408692777,-0.014185204170644283,4.8826255806488916e-05,0,0,0,0,0,1,0,0,1,0,18
0.35348695516586304,0.0026794825680553913,0.012407583184540272,0.0014420830411836505,0.3706274926662445,0.0040976619347929955,0.15288682281970978,0.014155554585158825,0.0033442892599850893,3.620147708716104e-06,1.611021980352234e-05,1.747985152178444e-05,0.648566722869873,-0.00017466433928348124,-0.01418730802834034,7.696457032579929e-05,0,0,0,0,0,1,0,0,1,0,0
0.3656563460826874,0.004859909415245056,0.01184169016778469,0.002562775043770671,0.384444922208786,0.007349242921918631,0.12132283300161362,0.013078253716230392,0.003039832226932049,-1.6678917745593935e-05,4.316318518249318e-05,2.7093195967609063e-05,0.6343789100646973,-8.222196629503742e-05,-0.01418871060013771,0.00010510643915040419,0,0,0,0,0,1,0,0,1,0,12
0.37753066420555115,0.007422341965138912,0.012079407460987568,0.0025899431202560663,0.39717593789100647,0.010297938250005245,0.11544495075941086,0.012467455118894577,0.0028807129710912704,-2.7712550945580006e-05,5.7600274885771796e-05,1.91938343050424e-05,0.620198667049408,0.00020993158977944404,-0.014163466170430183,0.0005620636511594057,0,0,0,0,0,1,0,0,1,0,12
0.3898632824420929,0.010020515881478786,0.012525389902293682,0.002595924772322178,0.40922635793685913,0.013076399452984333,0.10648492723703384,0.011762828566133976,0.0027117447461932898,-3.7885078199906275e-05,6.958510493859649e-05,5.830628948405581e-12,0.6060806512832642,0.0011233714176341891,-0.014070202596485615,0.0012003019219264388,0,0,0,0,0,1,0,0,1,0,6
0.402585506439209,0.01260953675955534,0.01286092959344387,0.0025996037293225527,0.4206334352493286,0.015706131234765053,0.11318567395210266,0.011119959875941277,0.002563540590927005,-3.5812354326481e-05,6.577806925633922e-05,-5.829577705979139e-12,0.5920896530151367,0.0026597129181027412,-0.013927852734923363,0.001770662609487772,0,0,0,0,0,1,0,0,1,0,5
0.4155716001987457,0.015250288881361485,0.013077259063720703,0.0026747798547148705,0.43140968680381775,0.018190434202551842,0.11169163137674332,0.01049906574189663,0.0024204037617892027,-3.3812459150794894e-05,6.21047438471578e-05,5.8286201386203995e-12,0.578236997127533,0.0046617924235761166,-0.013786554336547852,0.0021907773334532976,0,0,0,0,1,0,0,0,1,0,5
0.4282689690589905,0.01826566271483898,0.012462154030799866,0.002555702580139041,0.4415803849697113,0.020535126328468323,0.10880304127931595,0.009906916879117489,0.0022838928271085024,-3.1906172807794064e-05,5.860339661012404e-05,-5.827759282095446e-12,0.5645420551300049,0.00708145322278142,-0.013615453615784645,0.0026061488315463066,0,0,0,0,1,0,0,0,1,0,14
0.43962475657463074,0.020831290632486343,0.010659140534698963,0.0017490173922851682,0.4565986692905426,0.022600296884775162,0.12861452996730804,0.06356226652860641,0.0006825451273471117,-1.3734042113355827e-05,4.0940140024758875e-05,0.0006577948806807399,0.5510969758033752,0.010032127611339092,-0.013283771462738514,0.0032518755178898573,0,0,0,0,0,0,0,0,1,0,12
0.4486033618450165,0.022167211398482323,0.008381114341318607,0.0012685379479080439,0.5178980827331543,0.023142481222748756,0.18979786336421967,0.05994129553437233,0.00043019771692343056,-1.370820973534137e-05,4.23850906372536e-05,0.0006548152887262404,0.538038969039917,0.013645079918205738,-0.012861630879342556,0.0039052164647728205,0,0,0,0,0,0,0,0,1,0,6
0.45617881417274475,0.023343628272414207,0.00722969276830554,0.0009760046959854662,0.5749199390411377,0.023451359942555428,0.1277015507221222,0.05101557448506355,0.0002546481555327773,-1.2662650988204405e-05,6.809161277487874e-05,0.000590405659750104,0.5257568359375,0.017660725861787796,-0.01128280907869339,0.00372414942830801,0,0,0,0,0,1,0,0,1,0,18
0.4629412889480591,0.023921789601445198,0.00613261666148901,0.0005071955965831876,0.6232135891914368,0.023625709116458893,0.1179681122303009,0.044370245188474655,0.0001397876621922478,-1.0969907634716947e-05,9.90723492577672e-05,0.0004969682195223868,0.516545832157135,0.020592087879776955,-0.007216369267553091,0.0021873763762414455,0,0,0,0,0,1,0,0,1,0,13
0.4692341685295105,0.02443035878241062,0.006771087646484375,0.0005068676546216011,0.66350257396698,0.023742200806736946,0.10976874828338623,0.03722650930285454,0.0001086863485397771,-6.288433723966591e-06,0.00016329741629306227,0.00024936412228271365,0.5122888684272766,0.021832849830389023,-0.0017050434835255146,0.00048145721666514874,0,0,0,0,0,1,0,0,1,0,7
0.4768368899822235,0.024866310879588127,0.008254893124103546,0.0003524944477248937,0.6981556415557861,0.023844340816140175,0.10889909416437149,0.03284690901637077,9.85724400379695e-05,-1.377021249027166e-06,0.0001942803501151502,-1.4745985465677847e-12,0.513767421245575,0.021988512948155403,0.0032018213532865047,0.00023281460744328797,0,0,0,0,0,0,1,0,1,0,16
0.48573189973831177,0.025050759315490723,0.009278861805796623,4.3085812649223953e-05,0.729201078414917,0.02393750473856926,0.10919851064682007,0.029659751802682877,8.900795364752412e-05,-1.2433383744792081e-06,0.00017543383000884205,3.6774589992107087e-13,0.5180687308311462,0.022280685603618622,0.005030938424170017,0.00024544610641896725,0,0,0,0,0,0,1,0,1,0,7
0.49519118666648865,0.025088248774409294,0.009871094487607479,3.1764633604325354e-05,0.7573543787002563,0.024021994322538376,0.10940960794687271,0.026987889781594276,8.098976832116023e-05,-1.1313517234157189e-06,0.00015963260375428945,1.4682467481402783e-12,0.5243087410926819,0.0223538875579834,0.00678205257281661,6.174240843392909e-05,0,0,0,0,0,0,1,0,1,0,13
0.5055926442146301,0.025114499032497406,0.010820500552654266,1.663615694269538e-05,0.7830620408058167,0.024099141359329224,0.10955896973609924,0.0247124582529068,7.416126754833385e-05,-1.035975401464384e-06,0.0001461751526221633,0.0,0.5320919156074524,0.022414250299334526,0.008154836483299732,6.461569864768535e-05,0,0,0,0,0,0,1,0,1,0,14
0.516864538192749,0.025132175534963608,0.011640109121799469,1.3812474207952619e-05,0.8066713809967041,0.02416999079287052,0.10966643691062927,0.02274838462471962,6.826716708019376e-05,-9.536479979033174e-07,0.00013455878070089966,0.0,0.5411285161972046,0.02247382141649723,0.009500214830040932,5.985493044136092e-05,0,0,0,0,0,0,0,0,1,0,4
0.5288788676261902,0.02514681965112686,0.012312409467995167,6.613836376345716e-06,0.8284580111503601,0.024235377088189125,0.10974500328302383,0.02103320322930813,6.31199509371072e-05,-8.817505658953451e-07,0.0001244141603820026,-1.8288730176552886e-13,0.5510699152946472,0.022529782727360725,0.010122129693627357,6.194151501404122e-05,0,0,0,1,0,0,0,0,1,0,13
0.541475772857666,0.0251543577760458,0.012822162359952927,3.874898084177403e-06,0.8486438989639282,0.024295948445796967,0.10980328917503357,0.019520025700330734,5.857897122041322e-05,-8.183198474398523e-07,0.00011546409950824454,-3.6549935170451797e-13,0.5618429183959961,0.02258768305182457,0.010950927622616291,6.503903568955138e-05,0,0,0,1,0,0,0,0,1,0,14
0.554527759552002,0.02516147680580616,0.013227066025137901,2.111024741680012e-07,0.8674106001853943,0.024352261796593666,0.10984710603952408,0.01817297749221325,5.4536543757421896e-05,-7.61852277264552e-07,0.00010749654757091776,0.0,0.5734611749649048,0.022644445300102234,0.011826606467366219,6.254532490856946e-05,0,0,0,0,0,0,0,0,1,0,7
0.5679226517677307,0.025163700804114342,0.013527210801839828,-4.223792075208621e-06,0.8849083185195923,0.024404771625995636,0.10988045483827591,0.016964145004749298,5.090890044812113e-05,-7.111776199053566e-07,0.00010034635488409549,3.6508174413273087e-13,0.5857334733009338,0.022701963782310486,0.012395672500133514,6.54043469694443e-05,0,0,0,0,0,0,1,0,1,0,11
0.5815716981887817,0.025165345519781113,0.013748854398727417,-3.088547828156152e-06,0.901262640953064,0.024453846737742424,0.10990610718727112,0.01587151363492012,4.7629931941628456e-05,-6.653731361438986e-07,9.388342004967853e-05,-1.824606411056015e-13,0.5985025763511658,0.02276027947664261,0.012919839471578598,6.181324715726078e-05,0,0,0,0,0,0,1,0,1,0,9
0.5954129695892334,0.02516378089785576,0.013916293159127235,-6.683870196866337e-06,0.9165799021720886,0.024499816820025444,0.10992603003978729,0.01487744227051735,4.464675657800399e-05,-6.237005436560139e-07,8.800346404314041e-05,0.0,0.6116783618927002,0.022816598415374756,0.013238650746643543,6.456953997258097e-05,0,0,0,0,0,0,1,0,1,0,2
0.6093961596488953,0.025160204619169235,0.01403808780014515,-5.959040663583437e-06,0.9309505224227905,0.024542944505810738,0.10994163900613785,0.013967667706310749,4.191654079477303e-05,-5.855615654581925e-07,8.262207848019898e-05,-9.116686084439246e-14,0.6251165270805359,0.02287524938583374,0.013480736874043941,6.746707367710769e-05,0,1,0,0,0,0,0,0,1,0,7
0.6234846115112305,0.025155920535326004,0.01413089968264103,-8.161622645275202e-06,0.944452166557312,0.024583468213677406,0.10995396226644516,0.01313050463795662,3.940424358006567e-05,-5.504664386535296e-07,7.767019997118041e-05,-3.645661517896054e-13,0.6387894749641418,0.022930722683668137,0.013704581186175346,6.321945693343878e-05,0,0,0,0,0,0,1,0,1,0,18
0.6376516222953796,0.025149507448077202,0.014198805205523968,-9.96841390588088e-06,0.9571520090103149,0.02462157793343067,0.10996376723051071,0.012356303632259369,3.708088843268342e-05,-5.180100401958043e-07,7.309065404115245e-05,0.0,0.6526069045066833,0.022987807169556618,0.01383215095847845,6.588990072486922e-05,0,0,0,0,0,0,1,0,1,0,11
0.6518738269805908,0.025143682956695557,0.014246786944568157,-9.263432730222121e-06,0.9691084027290344,0.024657459929585457,0.10997160524129868,0.011637012474238873,3.4922319173347205e-05,-4.878558570453606e-07,6.883593596285209e-05,-9.110027050221112e-14,0.6665417551994324,0.023044325411319733,0.013956423848867416,6.164059595903382e-05,0,0,0,0,0,0,1,0,1,0,7
0.666139543056488,0.025135552510619164,0.014283951371908188,-1.1292469935142435e-05,0.9803724884986877,0.024691268801689148,0.10997790098190308,0.010965870693325996,3.290823588031344e-05,-4.5972004159011703e-07,6.48660134174861e-05,0.0,0.6805635094642639,0.023099739104509354,0.014020957052707672,6.420598947443068e-05,0,0,0,0,0,0,1,0,1,0,9
0.6804356575012207,0.025127016007900238,0.014309878461062908,-1.0414385542389937e-05,0.9909892678260803,0.024723131209611893,0.10998299717903137,0.010337133891880512,3.1021423637866974e-05,-4.333619756380358e-07,6.114690768299624e-05,0.0,0.6946373581886292,0.02315785549581051,0.014091506600379944,6.008457057760097e-05,0,0,0,0,0,0,1,0,1,0,18
0.6947551965713501,0.025117838755249977,0.01433075312525034,-1.1767680007324088e-05,1.0009983777999878,0.02475317008793354,0.10998712480068207,0.009745919145643711,2.9247210477478802e-05,-4.085768523509614e-07,5.76497295696754e-05,4.5527600786576805e-14,0.708764910697937,0.023212984204292297,0.01411992684006691,6.335990474326536e-05,0,0,0,0,0,0,1,0,1,0,13
0.70909184217453,0.025107644498348236,0.014343367889523506,-1.1081288903369568e-05,1.0104349851608276,0.024781495332717896,0.10999048501253128,0.009188022464513779,2.757297806965653e-05,-3.8518817291333107e-07,5.434962804429233e-05,4.5521712213527493e-14,0.7229178547859192,0.02327043004333973,0.014142679050564766,6.60964215057902e-05,0,0,0,0,0,0,1,0,1,0,13
