lt_dp_posx,lt_dp_posy,lt_dp_velx,lt_dp_vely,ball_posx,ball_posy,ball_posz,ball_vel_x,ball_vel_y,ball_rot_x,ball_rot_y,ball_rot_z,rt_gk_posx,rt_gk_posy,rt_gk_velx,rt_gk_vely,action_left,action_top_left,action_top,action_top_right,action_right,action_bottom_right,action_bottom,action_bottom_left,action_sprint,action_dribble,sel_action
-1.0110293626785278,-0.0,0.0,-0.0,0.019999999552965164,-0.0,0.11061639338731766,-0.0,0.0,0.0,-0.0,0.0,1.0110293626785278,0.0,-0.0,0.0,0,0,0,0,0,0,0,0,0,0,5
0.0018559683812782168,1.0662123267612955e-10,0.003761105705052614,2.5890256952210144e-11,0.019999999552965164,-0.0,0.11059734225273132,-0.0,0.0,0.0,-0.0,0.0,1.0109632015228271,-5.533198899065894e-12,-0.0006619621999561787,-5.5331992460105894e-11,0,0,0,0,1,0,0,0,0,0,5
0.0051171546801924706,-1.242467462247987e-09,0.005418804008513689,-3.8793526724312244e-10,0.019999999552965164,-0.0,0.10930104553699493,-0.0,0.0,0.0,-0.0,0.0,1.007768154144287,-2.1726552501544205e-10,-0.004207386635243893,-2.3118944258992968e-10,0,0,0,0,1,0,0,0,0,0,13
0.01054830476641655,-2.3025912287977235e-09,0.006952005438506603,-2.5532281844320437e-10,0.02523031085729599,-3.489464828199118e-10,0.12549664080142975,0.008509325794875622,-5.681495274245663e-10,1.393309187643077e-12,6.464730631705606e-06,-2.536100236066874e-12,1.0026906728744507,-3.9691872011360374e-10,-0.005775339435786009,-1.1818893086434912e-10,0,0,0,0,1,0,0,0,1,0,5
0.018270879983901978,-2.4190804914780983e-09,0.008328302763402462,-1.3449996671965891e-10,0.033316921442747116,-8.896623993059904e-10,0.11863715201616287,0.007778526283800602,-5.205739173064217e-10,7.272404900504625e-12,4.601274849846959e-05,1.3888061597817518e-18,0.9961044192314148,-1.014438325008804e-10,-0.007231095340102911,6.246890227323831e-10,0,0,0,0,1,0,0,0,1,0,18
0.02727341093122959,-2.588391501134879e-09,0.009525544941425323,-1.5919726648050414e-10,0.04087549075484276,-1.395515591973151e-09,0.11335379630327225,0.00737207243219018,-4.933722874689295e-10,6.8924384429014385e-12,4.3608688429230824e-05,-2.083052333850184e-18,0.9881436228752136,3.811075344195558e-10,-0.008531177416443825,3.451010865962445e-10,0,0,0,0,1,0,0,0,1,0,5
0.03563804179430008,-3.7349714432366454e-09,0.009175646118819714,-1.80685924555668e-10,0.04801342636346817,-1.873218913317487e-09,0.11261645704507828,0.006947118788957596,-4.649325091587997e-10,6.494982936894322e-12,4.109395740670152e-05,-6.942991136276357e-19,0.9790472984313965,6.135192909262344e-10,-0.009335489943623543,9.475499274103072e-10,0,0,0,0,1,0,0,0,1,0,0
0.04403655603528023,-4.8316870504550025e-09,0.010067443363368511,-1.1342166095218431e-10,0.05699722468852997,8.607100426161196e-06,0.13116921484470367,0.013979158364236355,2.8258817110327072e-05,2.9494037789845606e-07,6.841984486527508e-06,3.464709550371481e-07,0.9695028066635132,1.3754354322159656e-09,-0.009924523532390594,6.413226061319222e-10,0,0,0,0,1,0,0,0,1,0,18
0.05453398823738098,4.808896960639686e-07,0.010675542056560516,2.4290582132380223e-06,0.07083629071712494,3.651183214969933e-05,0.13715597987174988,0.01376870647072792,2.7762265744968317e-05,2.8574416433002625e-07,7.852836461097468e-06,3.5746353432841715e-07,0.9590960144996643,1.8105714705285436e-09,-0.010777922347187996,2.6075899772770583e-10,0,0,0,0,1,0,0,0,1,0,16
0.06538805365562439,6.929925802978687e-06,0.011177010834217072,9.556082659401e-06,0.08393871784210205,6.220062641659752e-05,0.1268164962530136,0.01248345896601677,2.378194585617166e-05,-6.273511132803833e-08,4.537322820397094e-05,4.1170295617121155e-07,0.9481951594352722,3.085744992858963e-07,-0.01080527063459158,7.634324674654636e-07,0,0,0,0,1,0,0,0,1,0,16
0.07696632295846939,2.0743769709952176e-05,0.011883413419127464,1.7111018678406253e-05,0.0960397869348526,8.50163196446374e-05,0.11762616783380508,0.011764992959797382,2.2037862436263822e-05,-3.07862819681759e-07,6.959284655749798e-05,-4.5551805600077544e-14,0.9369930624961853,1.6726362446206622e-06,-0.011505099013447762,1.8460149249222013e-06,0,0,0,0,1,0,0,0,1,0,5
0.08919985592365265,3.968293094658293e-05,0.012501811608672142,2.0566632883856073e-05,0.1074761152267456,0.00010643851419445127,0.11083178222179413,0.011155773885548115,2.089668851112947e-05,-2.919310873039649e-07,6.599148036912084e-05,0.0,0.9251608848571777,4.064752829435747e-06,-0.012094132602214813,2.6643233468348626e-06,0,0,0,0,1,0,0,0,1,0,13
0.10197615623474121,6.340063555398956e-05,0.012981277890503407,2.6503033950575627e-05,0.11828599870204926,0.00012668728595599532,0.10950839519500732,0.010533396154642105,1.973086727957707e-05,-2.75641923508374e-07,6.230929284356534e-05,-4.5536501408786553e-14,0.9127786755561829,7.022641511866823e-06,-0.012599019333720207,3.244478421038366e-06,0,0,0,0,1,0,0,0,1,0,13
0.1151423305273056,-0.0007768698851577938,0.013238980434834957,2.3844851966714486e-05,0.1284884810447693,0.00014579830167349428,0.11070508509874344,0.009936659596860409,1.861306736827828e-05,-2.6001842456935265e-07,5.877760486328043e-05,-9.105938930404484e-14,0.899957001209259,1.0635854778229259e-05,-0.012988903559744358,3.90818468076759e-06,0,0,0,0,1,0,0,0,1,0,18
0.1283813714981079,-0.0022525268141180277,0.013239067979156971,1.19227115646936e-05,0.1399977207183838,7.985662523424253e-05,0.13554348051548004,0.015576505102217197,-0.00025980963255278766,-6.145259590084606e-08,1.0351108358008787e-05,-7.97656298345828e-07,0.8867981433868408,1.3937307812739164e-05,-0.013286225497722626,2.339864522582502e-06,0,0,0,0,1,0,0,0,1,0,18
0.1416238248348236,-0.0022468268871307373,0.013272990472614765,3.3491965041321237e-06,0.15546667575836182,-0.00017813590238802135,0.15393991768360138,0.015381209552288055,-0.0002565209870226681,-6.145259590084606e-08,1.0351108358008787e-05,-7.97656298345828e-07,0.8733821511268616,1.4884784832247533e-05,-0.01351272314786911,-1.5962545774073078e-07,0,0,0,0,1,0,0,0,1,0,0
0.1550629734992981,-0.0021965610794723034,0.013562160544097424,0.0001068552301148884,0.17042388021945953,-0.00042702624341472983,0.12457498162984848,0.014176664873957634,-0.00023464213882107288,1.2889460094811511e-06,4.014019941678271e-05,-1.932639634105726e-06,0.8597712516784668,1.1177474334544968e-05,-0.013683823868632317,-1.0958184248011094e-05,0,0,0,0,1,0,0,0,1,0,16
0.16874729096889496,-0.002007479080930352,0.013774107210338116,0.000254237704211846,0.18417848646640778,-0.0006542365299537778,0.10569944232702255,0.013358722440898418,-0.0002202766336267814,2.1936441498837667e-06,5.989028431940824e-05,-1.417090857103176e-06,0.8460135459899902,-1.3059672710369341e-05,-0.01381285022944212,-3.472204116405919e-05,0,0,0,0,1,0,0,0,1,0,0
0.1826128363609314,-0.0017255295533686876,0.013934864662587643,0.00026510877069085836,0.1970934122800827,-0.0008669975213706493,0.11271218210458755,0.012607114389538765,-0.00020769018738064915,2.9012212507950608e-06,7.457027095369995e-05,-3.6450595146397813e-13,0.8321457505226135,-5.996299296384677e-05,-0.01390891894698143,-5.4934105719439685e-05,0,0,0,0,1,0,0,0,1,0,13
0.19661754369735718,-0.0014965059235692024,0.014056352898478508,0.00020036179921589792,0.20932097733020782,-0.001068435376510024,0.11237718164920807,0.011918722651898861,-0.00019634953059721738,2.743019422268844e-06,7.05040292814374e-05,3.6443070783320763e-13,0.8181953430175781,-0.00011412063759053126,-0.013981145806610584,-5.3508603741647676e-05,0,0,0,0,1,0,0,0,1,0,16
0.21070848405361176,-0.001330933184362948,0.014121845364570618,0.00013846359797753394,0.22086818516254425,-0.001258664415217936,0.11105407029390335,0.011250127106904984,-0.00018533509864937514,2.5891240511555225e-06,6.654842582065612e-05,0.0,0.8041831851005554,-0.00016680509725119919,-0.014035141095519066,-5.199932638788596e-05,0,0,0,0,1,0,0,0,1,0,16
0.22478528320789337,-0.00123049586545676,0.014120626263320446,7.551561429863796e-05,0.23232299089431763,-0.0014184181345626712,0.12036361545324326,0.016202356666326523,2.2617959984927438e-05,9.567579581926111e-07,8.31877605378395e-06,-1.1234261592107941e-06,0.7901248931884766,-0.00021890959760639817,-0.014075110666453838,-5.28434211446438e-05,0,0,0,0,1,0,0,0,1,0,13
0.23850204050540924,-0.0011904924176633358,0.013386151753365993,1.1930732398468535e-05,0.24817676842212677,-0.0013970229774713516,0.1615234762430191,0.01575382985174656,2.1230749553069472e-05,8.988252488961734e-07,1.2282896022952627e-05,-9.630622344047879e-07,0.7760322093963623,-0.00027277215849608183,-0.014105264097452164,-5.469247480505146e-05,0,0,0,0,1,0,0,0,1,0,18
0.2518143951892853,0.0003574238799046725,0.01331252884119749,3.7953045648464467e-06,0.26375463604927063,-0.0013761812588199973,0.10267074406147003,0.01516660675406456,1.9359464204171672e-05,7.958786909512128e-07,1.9127188352285884e-05,-7.110689921319135e-07,0.7619138360023499,-0.0003274983027949929,-0.014127703383564949,-5.1658545999089256e-05,0,0,0,0,1,0,0,0,1,0,16
0.2651268541812897,0.0010159198427572846,0.013312522321939468,1.4232747389542055e-06,0.27920421957969666,-0.001185806468129158,0.1704065501689911,0.015793051570653915,0.0002640741877257824,4.0488450281372934e-07,-7.756639206490945e-07,1.8025554027190083e-07,0.7477760314941406,-0.0003712383040692657,-0.01414453238248825,-3.725379428942688e-05,0,0,0,0,1,0,0,0,1,0,0
0.2784852981567383,0.0010097895283252,0.013462585397064686,-2.7134015908814035e-05,0.29488611221313477,-0.0009235917241312563,0.15044565498828888,0.015591687522828579,0.0002607142087072134,4.0488450281372934e-07,-7.756639206490945e-07,1.8025554027190083e-07,0.7336239218711853,-0.0004005497321486473,-0.0141578558832407,-2.2808046196587384e-05,0,0,0,0,1,0,0,0,1,0,14
0.2920861542224884,0.0009153360733762383,0.013702932745218277,-0.00015613867435604334,0.309730589389801,-0.000676198280416429,0.1344223916530609,0.014072546735405922,0.00023360738123301417,-9.807652077142848e-07,3.10220530082006e-05,1.9045294266106794e-06,0.7194610834121704,-0.00040843200986273587,-0.01416697259992361,5.602640612778487e-06,0,0,0,0,0,0,0,0,1,0,18
0.3058900237083435,0.0006877811974845827,0.01387876644730568,-0.000272960402071476,0.3236145079135895,-0.0004458425974007696,0.10671140253543854,0.013519840314984322,0.00022400464513339102,-1.4114801842879388e-06,4.0854654798749834e-05,1.926728828038904e-06,0.7052904963493347,-0.00038633542135357857,-0.014173283241689205,3.559523611329496e-05,0,0,0,0,0,0,0,0,1,0,7
0.3198467195034027,0.00044272775994613767,0.014014454558491707,-0.00021703424863517284,0.3365538716316223,-0.00023190259526018053,0.1075451597571373,0.012635869905352592,0.00020887551363557577,-2.9181785521359416e-06,7.47506128391251e-05,3.6450936670082146e-13,0.6911141872406006,-0.0003389309858903289,-0.014178192242980003,4.995119525119662e-05,0,0,0,0,0,0,1,0,1,0,6
0.33293530344963074,0.0014051919570192695,0.01369122602045536,0.00015736745262984186,0.3488115966320038,-2.9277489375090227e-05,0.11276646703481674,0.011951500549912453,0.0001975626655621454,-2.759928975137882e-06,7.06969658494927e-05,0.0,0.6769335269927979,-0.00028969591949135065,-0.014181697741150856,4.864823495154269e-05,0,0,0,0,0,1,0,0,1,0,6
0.3459649085998535,0.002101477002725005,0.013037639670073986,0.0003355149819981307,0.3621354103088379,0.0020848384592682123,0.15035368502140045,0.014260593801736832,0.0033693970181047916,3.620147708716104e-06,1.6110216165543534e-05,1.7479853340773843e-05,0.6627495884895325,-0.00024144764756783843,-0.014185204170644283,5.0524919060990214e-05,0,0,0,0,0,1,0,0,1,0,12
0.35847821831703186,0.0033866935409605503,0.01239776611328125,0.001975612249225378,0.37629958987236023,0.005431259050965309,0.13458320498466492,0.014085210859775543,0.003327838610857725,3.620147708716104e-06,1.6110216165543534e-05,1.7479853340773843e-05,0.6485632061958313,-0.0001741351734381169,-0.014186606742441654,8.104845619527623e-05,0,0,0,0,0,1,0,0,1,0,6
0.37038686871528625,0.005877643823623657,0.01176700834184885,0.002545603085309267,0.38962623476982117,0.008544616401195526,0.13146385550498962,0.012800403870642185,0.0029663986060768366,-2.142487392120529e-05,4.942755549564026e-05,2.4914359528338537e-05,0.6343754529953003,-7.629687752341852e-05,-0.014188009314239025,0.00011157578410347924,0,0,0,0,0,1,0,0,1,0,0
0.3824378252029419,0.008461245335638523,0.012269089929759502,0.002599917585030198,0.40209969878196716,0.011427127756178379,0.11832619458436966,0.012131653726100922,0.0027967714704573154,-3.9069855120033026e-05,7.176125654950738e-05,5.831256484623015e-12,0.6201962828636169,0.00023413955932483077,-0.014160661026835442,0.000597149133682251,0,0,0,0,0,1,0,0,1,0,12
0.39493900537490845,0.011056949384510517,0.01267615519464016,0.002587796887382865,0.4138926863670349,0.014145825058221817,0.11485912650823593,0.011504106223583221,0.0026521000545471907,-3.704991831909865e-05,6.805115845054388e-05,-5.8301983033026694e-12,0.6060875058174133,0.0012043759925290942,-0.01405477523803711,0.0012747354339808226,0,0,0,0,0,1,0,0,1,0,12
0.407781720161438,0.013656701892614365,0.012956647202372551,0.0026292065158486366,0.4250458776950836,0.016717027872800827,0.11186166107654572,0.010865478776395321,0.002504873787984252,-3.499157537589781e-05,6.427051994251087e-05,5.829178285898795e-12,0.5921217799186707,0.002835334511473775,-0.013894894160330296,0.001878571230918169,0,0,0,0,0,1,0,0,1,0,14
0.4207860827445984,0.01640894077718258,0.01304648257791996,0.0026754688005894423,0.4355766475200653,0.019144730642437935,0.11103268712759018,0.010258495807647705,0.002364944200962782,-3.3037813409464434e-05,6.068191578378901e-05,0.0,0.5783105492591858,0.00495718140155077,-0.013737468048930168,0.0023201322183012962,0,0,0,0,0,0,0,0,1,0,12
0.4329968988895416,0.019389864057302475,0.011752860620617867,0.0020900859963148832,0.445513516664505,0.021435527130961418,0.10831204056739807,0.0096793407574296,0.0022314286325126886,-3.11732292175293e-05,5.7257155276602134e-05,-2.9137202633283676e-12,0.5646757483482361,0.007517604622989893,-0.013546031899750233,0.0027561087626963854,0,0,0,0,0,0,0,0,1,0,9
0.4435596764087677,0.02143041417002678,0.009226097725331783,0.0013418174348771572,0.4815410077571869,0.022629057988524437,0.1831779032945633,0.06181308999657631,0.00010701705468818545,-1.79442542957986e-06,3.4479751775506884e-05,0.001216694014146924,0.5513045787811279,0.010608052834868431,-0.013208739459514618,0.0033795121125876904,0,0,0,0,0,0,0,0,1,0,6
0.4517860412597656,0.02265666425228119,0.0073944819159805775,0.0011787317926064134,0.5416990518569946,0.022506704553961754,0.1887972205877304,0.058834630995988846,-0.0003051473177038133,-1.79442542957986e-06,3.4479751775506884e-05,0.001216694014146924,0.5383214354515076,0.01433403417468071,-0.012788001447916031,0.004006416071206331,0,0,0,0,0,1,0,0,1,0,15
0.4589824676513672,0.02359212562441826,0.0068994127213954926,0.0005705647636204958,0.5967705249786377,0.022024229168891907,0.13631047308444977,0.05024155601859093,-0.0005840185331180692,-7.830524282326223e-07,6.004892202327028e-05,0.0011050946777686477,0.5261214971542358,0.018453575670719147,-0.01117166317999363,0.003861183300614357,0,0,0,0,0,1,0,0,0,0,0
0.4654218554496765,0.024124667048454285,0.006132967304438353,0.0005072098574601114,0.6441447138786316,0.021325131878256798,0.12012029439210892,0.04318094253540039,-0.0007364778430201113,1.1328188520565163e-06,9.301654790760949e-05,0.0009274644544348121,0.517094612121582,0.021607981994748116,-0.006984612438827753,0.0024656502064317465,0,0,0,0,0,1,0,0,0,0,3
0.47212687134742737,0.024610983207821846,0.007392027880996466,0.00043069347157143056,0.6834777593612671,0.020579639822244644,0.10844631493091583,0.03642849251627922,-0.000736801594030112,4.615756097336998e-06,0.00014231589739210904,0.0005919033428654075,0.5130246877670288,0.0230733510106802,-0.001536397379823029,0.0007346771308220923,0,0,1,0,0,0,0,0,0,0,9
0.48031073808670044,0.02488393522799015,0.008798346854746342,0.00010968395508825779,0.717273473739624,0.019867900758981705,0.10902100056409836,0.031943175941705704,-0.0006865912000648677,8.335648089996539e-06,0.00017940410180017352,0.00016559934010729194,0.5147656202316284,0.023678971454501152,0.003547878935933113,0.0004668555047828704,0,0,1,0,0,0,0,0,0,0,4
0.48942485451698303,0.024808665737509727,0.009271658025681973,-0.00014448472938966006,0.7474802732467651,0.019218383356928825,0.10926222801208496,0.02888607233762741,-0.0006210905266925693,8.675956451043021e-06,0.00017085832951124758,5.880654470324931e-12,0.5198050737380981,0.023954082280397415,0.005490914452821016,0.00017121565178968012,0,0,0,1,0,0,0,0,0,0,5
0.4991269111633301,0.024647239595651627,0.01022063847631216,-0.00018117835861630738,0.7749267816543579,0.01862824708223343,0.10945455729961395,0.02633141167461872,-0.0005661617033183575,7.908777661214117e-06,0.00015575003635603935,-5.870459500456615e-12,0.5265107750892639,0.02394265867769718,0.007227652706205845,-6.571999983862042e-05,0,0,0,0,1,0,0,0,0,0,16
0.5097992420196533,0.024445444345474243,0.011103365570306778,-0.000221611640881747,0.800029993057251,0.01808849163353443,0.10959112644195557,0.024147529155015945,-0.0005192052340134978,7.252915111166658e-06,0.00014283393102232367,4.3968838986385705e-12,0.5347105860710144,0.023834483698010445,0.008539182133972645,-0.00012923766917083412,0,0,0,0,1,0,0,0,0,0,1
0.5212572813034058,0.024215392768383026,0.011850593611598015,-0.00024136000138241798,0.8231158256530762,0.017592117190361023,0.10968982428312302,0.02225630171597004,-0.0004785412165801972,6.684920663246885e-06,0.00013164826668798923,-1.464049367849718e-12,0.5440812110900879,0.023659570142626762,0.00973158236593008,-0.00020048447186127305,1,0,0,0,0,0,0,0,0,0,11
0.5334101915359497,0.02396276779472828,0.012468162924051285,-0.00026353096473030746,0.8444437384605408,0.01713353767991066,0.1097622662782669,0.020600026473402977,-0.0004429288092069328,6.1874739003542345e-06,0.00012185195373604074,1.4627746713555267e-12,0.5542263388633728,0.023448072373867035,0.010301788337528706,-0.00021663129155058414,1,0,0,0,0,0,0,0,0,0,2
0.5460855960845947,0.023691359907388687,0.012908710166811943,-0.00027749440050683916,0.8642238974571228,0.016708238050341606,0.10981620848178864,0.0191351231187582,-0.0004114314797334373,5.747501290898072e-06,0.00011318738688714802,1.4617306930836405e-12,0.5651596784591675,0.02321535348892212,0.011094937101006508,-0.00023787026293575764,0,1,0,0,0,0,0,0,0,0,1
0.5591890215873718,0.023408567532896996,0.013291927054524422,-0.00028782867593690753,0.8826282620429993,0.01631251722574234,0.10985690355300903,0.017828142270445824,-0.00038332934491336346,5.35494518771884e-06,0.0001054567183018662,-1.460865066069128e-12,0.5769029855728149,0.022962290793657303,0.011937908828258514,-0.0002576215483713895,1,0,0,0,0,0,0,0,0,0,6
0.5726158022880554,0.023116812109947205,0.013552453368902206,-0.00029507194994948804,0.8998001217842102,0.01594330184161663,0.10988796502351761,0.016652917489409447,-0.0003580603515729308,5.0019598347716965e-06,9.850526112131774e-05,-7.300699216179762e-13,0.5892689228057861,0.022694647312164307,0.012478344142436981,-0.00027048253105022013,0,0,0,0,0,1,0,0,0,0,6
0.5862749814987183,0.022819282487034798,0.013769702985882759,-0.0003000760043505579,0.9158594608306885,0.015598004683852196,0.10991191864013672,0.0155887296423316,-0.0003351790364831686,4.682326107285917e-06,9.22105900826864e-05,0.0,0.6021054983139038,0.022415751591324806,0.012979952618479729,-0.00028221189859323204,0,0,0,0,0,1,0,0,0,0,1
0.6001272201538086,0.022518031299114227,0.013934108428657055,-0.00030302468803711236,0.930907666683197,0.01527444925159216,0.10993056744337082,0.014618965797126293,-0.000314327742671594,4.3910486056120135e-06,8.64743851707317e-05,-2.918004813473596e-12,0.6153299808502197,0.022128181532025337,0.013283196836709976,-0.0002887311566155404,1,0,0,0,0,0,0,0,0,0,5
0.6141178607940674,0.022215913981199265,0.014046295545995235,-0.0003044118930120021,0.9450315237045288,0.014970767311751842,0.10994521528482437,0.01373009942471981,-0.0002952160139102489,4.124072347622132e-06,8.121667633531615e-05,2.18782847741239e-12,0.6288031935691833,0.021835485473275185,0.013513111509382725,-0.0002935882075689733,0,0,0,0,1,0,0,0,0,0,3
0.628211259841919,0.021911850199103355,0.014135915786027908,-0.00030658632749691606,0.958305835723877,0.014685356989502907,0.10995680093765259,0.0129110561683774,-0.00027760551893152297,3.8780635804869235e-06,7.637195813003927e-05,7.290812918669953e-13,0.6424995064735413,0.021538035944104195,0.013724595308303833,-0.00029806842212565243,0,0,1,0,0,0,0,0,0,0,8
0.6423783302307129,0.0216065626591444,0.014196338132023811,-0.00030684442026540637,0.9707950353622437,0.01441681757569313,0.10996603220701218,0.012152649462223053,-0.0002612987591419369,3.650267444754718e-06,7.188585732365027e-05,3.6445580711350067e-13,0.6563321948051453,0.02123778872191906,0.013845815323293209,-0.0003004921891260892,0,0,0,0,0,0,0,1,0,0,11
0.6565995216369629,0.02130056731402874,0.01424538716673851,-0.0003085117496084422,0.982555627822876,0.014163948595523834,0.10997342318296432,0.01144720334559679,-0.0002461306285113096,3.438374960751389e-06,6.771303014829755e-05,-3.6438156636973973e-13,0.670276939868927,0.020935319364070892,0.013964822515845299,-0.00030292809242382646,0,0,0,0,0,0,0,1,0,0,1
0.67086261510849,0.02099314145743847,0.014281680807471275,-0.0003099374589510262,0.9936368465423584,0.013925688341259956,0.10997936874628067,0.010788260959088802,-0.0002319623454241082,3.2404511784989154e-06,6.381527782650664e-05,7.286324321675863e-13,0.6843041181564331,0.02063104882836342,0.014025614596903324,-0.00030424565193243325,1,0,0,0,0,0,0,0,0,0,18
0.6851534843444824,0.020686084404587746,0.01430537085980177,-0.00030960392905399203,1.0040820837020874,0.013701102696359158,0.10998418182134628,0.010170327499508858,-0.0002186758938478306,3.054844000871526e-06,6.0160069551784545e-05,3.64258455213054e-13,0.6983824968338013,0.020325908437371254,0.014094427227973938,-0.0003055414999835193,1,0,0,0,0,0,0,0,0,0,13
0.6993977427482605,0.020379668101668358,0.01429036445915699,-0.00030993609107099473,1.0139297246932983,0.013489366509020329,0.10998808592557907,0.009588707238435745,-0.00020617015252355486,2.8801428015867714e-06,5.671965118381195e-05,3.642072808705127e-13,0.7126239538192749,0.020016536116600037,0.01417623646557331,-0.00030764637631364167,1,0,0,0,0,0,0,0,1,0,18
