lt_dp_posx,lt_dp_posy,lt_dp_velx,lt_dp_vely,ball_posx,ball_posy,ball_posz,ball_vel_x,ball_vel_y,ball_rot_x,ball_rot_y,ball_rot_z,rt_gk_posx,rt_gk_posy,rt_gk_velx,rt_gk_vely,action_left,action_top_left,action_top,action_top_right,action_right,action_bottom_right,action_bottom,action_bottom_left,action_sprint,action_dribble,sel_action
-1.0110293626785278,-0.0,0.0,-0.0,0.019999999552965164,-0.0,0.11061639338731766,-0.0,0.0,0.0,-0.0,0.0,1.0110293626785278,0.0,-0.0,0.0,0,0,0,0,0,0,0,0,0,0,5
0.000559650594368577,4.934865016625878e-11,0.0026072831824421883,2.1259022320307963e-11,0.019999999552965164,-0.0,0.11059734225273132,-0.0,0.0,0.0,-0.0,0.0,1.0110293626785278,0.0,-0.0,0.0,0,0,0,0,1,0,0,0,0,0,5
0.003778970567509532,-4.769091233036704e-10,0.004770989064127207,-2.7890331710800353e-10,0.019999999552965164,-0.0,0.10930104553699493,-0.0,0.0,0.0,-0.0,0.0,1.0110293626785278,0.0,-0.0,0.0,0,0,0,0,1,0,0,0,0,0,13
0.007856177166104317,-2.1815389494861392e-09,0.006355717778205872,-3.5538866294260174e-10,0.021781770512461662,-1.1909907782214901e-10,0.11938153952360153,0.00884426012635231,-5.913219358610888e-10,6.829482996923569e-14,-2.424975718895439e-06,-1.4215649057208735e-12,1.0085934400558472,-1.7081411285424508e-10,-0.003884820267558098,-2.398960474714329e-10,0,0,0,0,1,0,0,0,1,0,16
0.015018402598798275,-2.3913506730366407e-09,0.0077974372543394566,-5.904814137647207e-11,0.03017400950193405,-6.8111760676004e-10,0.1046176478266716,0.00802589114755392,-5.382028156475371e-10,3.800132517689514e-12,2.2556398107553832e-05,-2.996338637276108e-12,1.0038305521011353,-3.735508846691715e-10,-0.0054703038185834885,-1.5257460572737358e-10,0,0,0,0,1,0,0,0,1,0,16
0.023530634120106697,-2.527440035038353e-09,0.009069569408893585,-1.7580663314031852e-10,0.03789006173610687,-1.1988626757997167e-09,0.11265537887811661,0.0075294747948646545,-5.052310791953118e-10,7.057759758566373e-12,4.45375990238972e-05,0.0,0.9975366592407227,-2.3191107367814823e-10,-0.006950602866709232,6.535729180079386e-10,0,0,0,0,1,0,0,0,1,0,13
0.0325397364795208,-3.175186780168815e-09,0.009742066264152527,-2.3446986019415306e-10,0.045190852135419846,-1.6887491405270794e-09,0.11220602691173553,0.007112400606274605,-4.772453543466781e-10,6.667087021350326e-12,4.2072257201652974e-05,-1.3886375183343676e-18,0.989837646484375,3.0489669122779617e-10,-0.008285746909677982,4.0960068670159444e-10,0,0,0,0,1,0,0,0,1,0,18
0.040325090289115906,-4.623375016166165e-09,0.009685550816357136,-1.271507066302746e-10,0.05207172781229019,-2.1504589220455728e-09,0.1110357940196991,0.006694129668176174,-4.4917919383991034e-10,6.274955381690983e-12,3.9597736758878455e-05,-3.4713490020733916e-19,0.9809144139289856,5.157441140823948e-10,-0.009325672872364521,3.5879858112375373e-11,0,0,0,0,1,0,0,0,1,0,5
0.05024059861898422,-4.948630838441659e-09,0.010593279264867306,-7.153703324158656e-11,0.06529542058706284,2.5388393623870797e-05,0.14664572477340698,0.013831168413162231,2.788686651911121e-05,2.8575817623277544e-07,7.840380931156687e-06,3.5737735970542417e-07,0.971478283405304,1.2394317794317544e-09,-0.00973448995500803,7.048338024340239e-10,0,0,0,0,1,0,0,0,1,0,18
0.06094235181808472,3.5162649965059245e-06,0.010849579237401485,6.552664672199171e-06,0.07887290418148041,5.2555467846104875e-05,0.1154119074344635,0.012866290286183357,2.4851311536622234e-05,3.0719213839347503e-08,3.5405355447437614e-05,4.670975499720953e-07,0.961243748664856,1.7487347125921815e-09,-0.010619443841278553,3.298856188216348e-10,0,0,0,0,1,0,0,0,1,0,5
0.07222867012023926,1.4283632481237873e-05,0.011619224213063717,1.448939110559877e-05,0.09126890450716019,7.611807086504996e-05,0.11317076534032822,0.01207677461206913,2.2739033738616854e-05,-1.8346686658787803e-07,5.784278619103134e-05,2.601897222120897e-07,0.9503563046455383,1.7868890722638753e-07,-0.010805971920490265,5.847879265274969e-07,0,0,0,0,1,0,0,0,1,0,16
0.0842098519206047,3.172151991748251e-05,0.01227075606584549,1.8933587853098288e-05,0.10295230150222778,9.800990665098652e-05,0.11222558468580246,0.011404491029679775,2.1362624465837143e-05,-2.9842166782145796e-07,6.745853170286864e-05,0.0,0.9392877221107483,1.4105057744018268e-06,-0.011376773938536644,1.7331357184957596e-06,0,0,0,0,1,0,0,0,1,0,16
0.09678632766008377,5.317878458299674e-05,0.012805094011127949,2.3983895516721532e-05,0.11401162296533585,0.00011872598406625912,0.10860062390565872,0.010778321884572506,2.0189700080663897e-05,-2.8205394642100146e-07,6.375857628881931e-05,0.0,0.9275738596916199,3.7906665966147557e-06,-0.011977027170360088,2.788136271192343e-06,0,0,0,0,1,0,0,0,1,0,16
0.10982368886470795,-8.294291910715401e-05,0.013207074254751205,2.8783482775907032e-05,0.12445391714572906,0.0001382862392347306,0.10880786180496216,0.010171067900955677,1.9052205971092917e-05,-2.6615924753059517e-07,6.016558108967729e-05,0.0,0.9152939915657043,6.839523393864511e-06,-0.012507859617471695,3.329290166220744e-06,0,0,0,0,1,0,0,0,1,0,18
0.12306258827447891,-0.0019212415209040046,0.013239067979156971,1.6690726624801755e-05,0.13430537283420563,0.00015673974121455103,0.11073843389749527,0.00959472730755806,1.7972617570194416e-05,-2.510714693926275e-07,5.675496504409239e-05,-2.276298385352725e-14,0.9025512933731079,1.0564756848907564e-05,-0.01291878055781126,4.04296770284418e-06,0,0,0,0,1,0,0,0,1,0,16
0.13630163669586182,-0.002247875090688467,0.013239067979156971,4.768015060108155e-06,0.14927753806114197,-7.533267489634454e-05,0.1585695594549179,0.01545926183462143,-0.0002578230923973024,-6.146967734821374e-08,1.035015611705603e-05,-7.976342999427288e-07,0.8894527554512024,1.2688125025306363e-05,-0.013232932426035404,-2.124468210240593e-06,0,0,0,0,1,0,0,0,1,0,16
0.1496303379535675,-0.0022306214086711407,0.013456800021231174,5.1401875680312514e-05,0.16461288928985596,-0.0003310632018838078,0.11723601073026657,0.015127704478800297,-0.00025208969600498676,4.724155644453276e-08,1.2753409464494325e-05,-9.64665900937689e-07,0.8760826587677002,2.8987360565224662e-06,-0.013472052291035652,-1.5977515431586653e-05,0,0,0,0,1,0,0,0,1,0,0
0.1632256656885147,-0.0021006495226174593,0.013697322458028793,0.00019715163216460496,0.17874552309513092,-0.0005649912054650486,0.12570562958717346,0.013747993856668472,-0.00022708752658218145,1.7046553466570913e-06,4.925694884150289e-05,-1.8302758917343454e-06,0.8625068664550781,-2.0058036170667037e-05,-0.01365297008305788,-2.790395956253633e-05,0,0,0,0,1,0,0,0,1,0,16
0.17702443897724152,-0.001835228642448783,0.013874909840524197,0.00028795780963264406,0.1919815093278885,-0.0007831855909898877,0.11795704066753387,0.012889313511550426,-0.00021233597362879664,2.9664179237443022e-06,7.624718273291364e-05,3.6453820647860957e-13,0.8487757444381714,-5.487304588314146e-05,-0.013789709657430649,-4.0461844037054107e-05,0,0,0,0,1,0,0,0,1,0,13
0.19097812473773956,-0.0015803551068529487,0.014012000523507595,0.00022547453409060836,0.204489067196846,-0.0009892320958897471,0.10695106536149979,0.012192836962640285,-0.00020086235599592328,2.806143811540096e-06,7.212757918750867e-05,0.0,0.8349279761314392,-0.00010182581900153309,-0.013891388662159443,-5.22741574968677e-05,0,0,0,0,1,0,0,0,1,0,16
0.20504838228225708,-0.0013891496928408742,0.014113328419625759,0.00016351351223420352,0.2163046896457672,-0.0011838802602142096,0.11112786829471588,0.011514301411807537,-0.00018968430231325328,2.6499058094486827e-06,6.811174534959719e-05,7.287769563171786e-13,0.8209922313690186,-0.00015494525723624974,-0.01396852359175682,-5.277056334307417e-05,0,0,0,0,1,0,0,0,1,0,18
0.21912969648838043,-0.001263184123672545,0.014121955260634422,0.00010070069401990622,0.22745779156684875,-0.001367614371702075,0.11018572002649307,0.010862733237445354,-0.00017895059136208147,2.4999146717163967e-06,6.425639730878174e-05,0.0,0.8069909811019897,-0.0002072598726954311,-0.014026024378836155,-5.1930812333012e-05,0,0,0,0,1,0,0,0,1,0,16
0.23307929933071136,-0.0011989318300038576,0.013680142350494862,3.6580924643203616e-05,0.24183879792690277,-0.0014055233914405107,0.15713411569595337,0.015835177153348923,2.1336431018426083e-05,8.98818086625397e-07,1.2283048818062525e-05,-9.630631438994897e-07,0.7929409146308899,-0.0002588245552033186,-0.014068098738789558,-5.144888928043656e-05,0,0,0,0,1,0,0,0,1,0,5
0.24646534025669098,-0.00037904115743003786,0.013312696479260921,4.743987574329367e-06,0.25756216049194336,-0.0013843219494447112,0.13813935220241547,0.01563193090260029,2.1112224203534424e-05,8.98818086625397e-07,1.2283048818062525e-05,-9.630631438994897e-07,0.7788543105125427,-0.0003102218033745885,-0.014100355096161366,-5.134973980602808e-05,0,0,0,0,1,0,0,0,1,0,13
0.25977790355682373,0.001015214598737657,0.013312697410583496,2.3724217044218676e-06,0.27285051345825195,-0.0012916377745568752,0.15094324946403503,0.01587524451315403,0.00026546086883172393,4.048850996696274e-07,-7.756724471619236e-07,1.8025129122634098e-07,0.7647404074668884,-0.0003612978325691074,-0.014124196954071522,-4.917249680147506e-05,0,0,0,0,1,0,0,0,1,0,0
0.27309373021125793,0.0010160949314013124,0.013344252482056618,-1.8706660966927302e-06,0.28861331939697266,-0.0010280704591423273,0.17014357447624207,0.015671689063310623,0.0002620417217258364,4.048850996696274e-07,-7.756724471619236e-07,1.8025129122634098e-07,0.7506060004234314,-0.0003991265257354826,-0.014142429456114769,-2.8537238904391415e-05,0,0,0,0,1,0,0,0,1,0,16
0.2865939736366272,0.0009694091277197003,0.013615629635751247,-0.00010002226190408692,0.3040311634540558,-0.0007704457966610789,0.11693180352449417,0.014496018178761005,0.00024104696058202535,-6.415264124370879e-07,2.3245951524586417e-05,1.708660420263186e-06,0.7364563941955566,-0.0004162883560638875,-0.014155752956867218,-7.848063432902563e-06,0,0,0,0,1,0,0,0,1,0,18
0.3003241717815399,0.0007935829344205558,0.01381425280123949,-0.00023570125631522387,0.3181069791316986,-0.0005367600824683905,0.13001017272472382,0.013940147124230862,0.00023135211085900664,-1.017597014651983e-06,3.1864852644503117e-05,1.91616959455132e-06,0.7222955226898193,-0.0004125529376324266,-0.014164868742227554,1.3343757927941624e-05,0,0,0,0,1,0,0,0,1,0,16
0.31422436237335205,0.000533431360963732,0.013965018093585968,-0.00024292546731885523,0.33143413066864014,-0.0003161305794492364,0.1211722195148468,0.012896730564534664,0.0002131971123162657,-2.8383076369209448e-06,7.317458221223205e-05,3.3008225841513195e-07,0.7081263065338135,-0.0003874330432154238,-0.014171880669891834,3.4757937100948766e-05,0,0,0,0,1,0,0,0,1,0,6
0.32773715257644653,0.0009284958359785378,0.013805287890136242,-0.00016054383013397455,0.3439658284187317,-0.00010897673928411677,0.1123911663889885,0.01222968939691782,0.00020216072152834386,-2.824262537615141e-06,7.234507938846946e-05,-3.6446426389044606e-13,0.6939510107040405,-0.0003420895664021373,-0.014177490957081318,5.019115633331239e-05,0,0,0,0,0,1,0,0,1,0,12
0.3406621217727661,0.0020178547129034996,0.013368270359933376,0.0001692404766799882,0.3563966155052185,0.0007345349295064807,0.12855082750320435,0.014405966736376286,0.003407907672226429,4.592096956912428e-06,1.479932416259544e-05,1.62611213454511e-05,0.6797711253166199,-0.00029110402101650834,-0.014181697741150856,5.1635153795359656e-05,0,0,0,0,0,1,0,0,1,0,6
0.3534911572933197,0.002679741708561778,0.012407583184540272,0.0014420830411836505,0.37063103914260864,0.00409768708050251,0.1528874635696411,0.014155612327158451,0.0033443060237914324,3.6201938655722188e-06,1.611017250979785e-05,1.747999522194732e-05,0.665587842464447,-0.00023867636627983302,-0.014184502884745598,5.307558240019716e-05,0,0,0,0,0,1,0,0,1,0,12
0.36566054821014404,0.004860167857259512,0.01184169016778469,0.002562771551311016,0.38444849848747253,0.007349288556724787,0.12132275849580765,0.013078326359391212,0.003039853647351265,-1.667857577558607e-05,4.3162752263015136e-05,2.7093581593362615e-05,0.6514089107513428,1.7930566173163243e-05,-0.014169075526297092,0.00045993609819561243,0,0,0,0,0,1,0,0,1,0,12
0.3775348663330078,0.007422594353556633,0.012079407460987568,0.002589935902506113,0.39717957377433777,0.010298000648617744,0.11544447392225266,0.012467509135603905,0.0028807276394218206,-2.7712483642972074e-05,5.760020576417446e-05,1.9194227206753567e-05,0.6372643113136292,0.0007260049460455775,-0.014119288884103298,0.0009108628728426993,0,0,0,0,0,1,0,0,1,0,12
0.3898674547672272,0.010020759887993336,0.012525039725005627,0.002595910569652915,0.40922999382019043,0.013076474890112877,0.10648510605096817,0.011762871406972408,0.0027117570862174034,-3.7885252822889015e-05,6.95853668730706e-05,-5.830628948405581e-12,0.6231842041015625,0.0018638090696185827,-0.014049866236746311,0.00129264360293746,0,0,0,0,0,1,0,0,1,0,12
0.40258970856666565,0.012609767727553844,0.01286092959344387,0.00259958952665329,0.4206371307373047,0.015706216916441917,0.11318570375442505,0.011119996197521687,0.002563551999628544,-3.581251439754851e-05,6.577828025911003e-05,-1.1659155411958277e-11,0.6091743111610413,0.0033286940306425095,-0.013974133878946304,0.0016055573942139745,0,0,0,0,0,1,0,0,1,0,5
0.4155758321285248,0.015250508673489094,0.013077259063720703,0.0026747798547148705,0.4314134418964386,0.018190527334809303,0.11169163882732391,0.010499103926122189,0.002420413075014949,-3.3812593756010756e-05,6.210496940184385e-05,1.1657240277240799e-11,0.5952494144439697,0.005106442607939243,-0.01387876644730568,0.0019261426059529185,0,0,0,0,1,0,0,0,1,0,5
0.42827320098876953,0.018265873193740845,0.012462150305509567,0.0025557102635502815,0.44158414006233215,0.020535225048661232,0.10880304127931595,0.009906954132020473,0.002283901907503605,-3.190630013705231e-05,5.8603611250873655e-05,-2.913879641047723e-12,0.581448495388031,0.0072548165917396545,-0.01373291015625,0.002329557668417692,0,0,0,0,1,0,0,0,1,0,18
0.4396289885044098,0.02083149366080761,0.010659487918019295,0.0017490237951278687,0.45655882358551025,0.022685252130031586,0.14948120713233948,0.06312600523233414,0.0015310534508898854,1.3176287211535964e-05,4.270326462574303e-05,0.000630003574769944,0.5678091049194336,0.009804092347621918,-0.013559005223214626,0.002728281309828162,0,0,0,0,1,0,0,0,1,0,4
0.44860759377479553,0.02216741442680359,0.008381114341318607,0.0012685379479080439,0.5180404186248779,0.024043111130595207,0.41373687982559204,0.06016562879085541,0.001222211285494268,1.3176287211535964e-05,4.270326462574303e-05,0.000630003574769944,0.5551527738571167,0.012529044412076473,-0.011242487467825413,0.002582021988928318,0,0,0,1,0,0,0,0,1,0,17
0.4561830759048462,0.023343833163380623,0.00722969276830554,0.0009760046959854662,0.5766611099243164,0.025114040821790695,0.47090035676956177,0.05737999454140663,0.0009529378148727119,1.3176287211535964e-05,4.270326462574303e-05,0.000630003574769944,0.5465370416641235,0.01492951437830925,-0.006178196519613266,0.002314043464139104,0,0,0,1,0,0,0,0,1,1,5
0.46294552087783813,0.023921992629766464,0.00613261666148901,0.0005071955965831876,0.6325756907463074,0.02593645080924034,0.3343878984451294,0.054734352976083755,0.0007210234180092812,1.3176287211535964e-05,4.270326462574303e-05,0.000630003574769944,0.5433745384216309,0.017602955922484398,-0.0010388739174231887,0.0030278305057436228,0,0,0,0,1,0,0,0,1,1,2
0.46892881393432617,0.024391014128923416,0.005607394501566887,0.0002744665544014424,0.6844183802604675,0.026500316336750984,0.15039624273777008,0.044855307787656784,0.0002963592123705894,1.1626215382420924e-05,6.360650149872527e-05,0.0005888239829801023,0.5453221797943115,0.02026437036693096,0.00408922927454114,0.002139550168067217,0,1,0,0,0,0,0,0,1,1,16
0.4737270176410675,0.024210242554545403,0.0037172262091189623,-0.00029565615113824606,0.7284407615661621,0.02671149931848049,0.22798201441764832,0.043333154171705246,0.0001454847224522382,1.1626215382420924e-05,6.360650149872527e-05,0.0005888239829801023,0.5507971048355103,0.02178254909813404,0.006326507311314344,0.0011518668616190553,0,1,0,0,0,0,0,0,1,1,13
0.4757665991783142,0.023808946833014488,0.00033027984318323433,-0.0005149099742993712,0.7708860635757446,0.02678551711142063,0.10794046521186829,0.041482895612716675,1.6436521036666818e-05,1.1536714737303555e-05,6.507026409963146e-05,0.0005845314590260386,0.5579487085342407,0.022802157327532768,0.007804351858794689,0.0009171842830255628,0,1,0,0,0,0,0,0,1,1,18
0.47445252537727356,0.022691689431667328,-0.00206161942332983,-0.001817157375626266,0.8085113167762756,0.026679441332817078,0.13299767673015594,0.037037935107946396,-0.00014539723633788526,1.0158647455682512e-05,8.727180102141574e-05,0.0005154864629730582,0.5664829015731812,0.023526085540652275,0.009098122827708721,0.0005459243548102677,0,1,0,0,0,0,0,0,1,0,11
0.4717666506767273,0.020602822303771973,-0.002261820947751403,-0.0025684183929115534,0.8427833914756775,0.026474488899111748,0.11245742440223694,0.032340019941329956,-0.0002387164713582024,7.729306162218563e-06,0.00012693743337877095,0.00034429386141709983,0.5757893323898315,0.023865435272455215,0.009326724335551262,0.0002611196832731366,0,1,0,0,0,0,0,0,1,0,10
0.4721796214580536,0.01793713867664337,0.0025268862955272198,-0.002665183274075389,0.8730168342590332,0.026222972199320793,0.11041755229234695,0.028858305886387825,-0.00024711998412385583,3.4518004667916102e-06,0.00017068441957235336,0.0,0.5856524109840393,0.024108396843075752,0.0102779446169734,0.00022119312779977918,0,1,0,0,0,0,0,0,1,0,2
0.47647368907928467,0.015624740161001682,0.005419464781880379,-0.0020470202434808016,0.9004397988319397,0.025988146662712097,0.1094704270362854,0.026309985667467117,-0.00022529820853378624,3.1472159207623918e-06,0.00015562331827823073,7.337972460566555e-13,0.5963723659515381,0.024295013397932053,0.010999510996043682,0.0001609610626474023,0,1,0,0,0,0,0,0,1,0,2
0.48320019245147705,0.014729726128280163,0.007555063813924789,-0.0001996042556129396,0.9255237579345703,0.02577335014939308,0.10959287732839584,0.024129768833518028,-0.0002066283777821809,2.8864476462331368e-06,0.00014272895350586623,7.328062852710038e-13,0.6072888374328613,0.02443275973200798,0.01110048871487379,0.0001212056158692576,0,1,0,0,0,0,0,0,1,0,9
0.4914614260196686,0.01502020750194788,0.008813423104584217,0.0003939182497560978,0.9485935568809509,0.025575796142220497,0.10969101637601852,0.022241389378905296,-0.00019045778026338667,2.6605769107845845e-06,0.0001315601111855358,0.0,0.6187549829483032,0.02453823760151863,0.01174562145024538,9.203071385854855e-05,0,1,0,0,0,0,0,0,1,0,11
0.5006985664367676,0.015283401124179363,0.00932987965643406,0.00020714753190986812,0.9699078798294067,0.025393271818757057,0.10976315289735794,0.020587347447872162,-0.00017629389185458422,2.4627311177027877e-06,0.00012177701137261465,-1.4627653472168434e-12,0.6308143138885498,0.024621544405817986,0.012309410609304905,7.854124123696238e-05,0,1,0,0,0,0,0,0,1,0,14
0.5106146931648254,0.015497551299631596,0.010367701761424541,0.00021809880854561925,0.989676296710968,0.0252239927649498,0.10981687158346176,0.019124241545796394,-0.00016376501298509538,2.287719098603702e-06,0.0001131230965256691,-3.654308301272169e-13,0.6433840990066528,0.024689247831702232,0.012765912339091301,5.797906487714499e-05,0,0,0,0,0,0,0,0,1,0,16
0.5214694738388062,0.015717552974820137,0.011234774254262447,0.00022243369312491268,1.008070707321167,0.02506648190319538,0.10985741019248962,0.01781870424747467,-0.00015258535859175026,2.131553628714755e-06,0.0001054010062944144,-7.304294972684811e-13,0.6563499569892883,0.024736378341913223,0.01311582699418068,4.1409541154280305e-05,0,0,0,0,0,0,0,0,1,0,15
