lt_dp_posx,lt_dp_posy,lt_dp_velx,lt_dp_vely,ball_posx,ball_posy,ball_posz,ball_vel_x,ball_vel_y,ball_rot_x,ball_rot_y,ball_rot_z,rt_gk_posx,rt_gk_posy,rt_gk_velx,rt_gk_vely,action_left,action_top_left,action_top,action_top_right,action_right,action_bottom_right,action_bottom,action_bottom_left,action_sprint,action_dribble,sel_action
-1.0110293626785278,-0.0,0.0,-0.0,0.019999999552965164,-0.0,0.11061639338731766,0.0,-0.0,0.0,-0.0,0.0,1.0110293626785278,0.0,-0.0,0.0,0,0,0,0,0,0,0,0,0,0,5
0.0,-0.0,0.0,-0.0,0.019999999552965164,-0.0,0.11059734225273132,0.0,-0.0,0.0,-0.0,0.0,1.0110293626785278,0.0,-0.0,0.0,0,0,0,0,1,0,0,0,0,0,5
0.0018565163481980562,1.982930208921374e-10,0.00376110733486712,2.4271309961854115e-10,0.019999999552965164,-0.0,0.10930104553699493,0.0,-0.0,0.0,-0.0,0.0,1.0110293626785278,0.0,-0.0,0.0,0,0,0,0,1,0,0,0,0,0,5
0.0049516549333930016,-1.6119865442476566e-09,0.005425760988146067,-3.2541960792720204e-10,0.019999999552965164,-0.0,0.11075475811958313,0.0,-0.0,0.0,-0.0,0.0,1.0081888437271118,-2.0433483030601884e-11,-0.004046103451400995,-2.4592994307681693e-11,0,0,0,0,1,0,0,0,0,0,13
0.00991531927138567,-3.5129084086094053e-09,0.0069583710283041,-2.709615587459524e-10,0.02449597418308258,-3.8239178490329095e-10,0.1251547634601593,0.008843498304486275,-7.515932320956153e-10,-4.247460022588356e-12,-2.3723954654997215e-05,-2.208933123221124e-12,1.0032682418823242,-3.9559765185881446e-11,-0.005623172502964735,-1.2367034479821015e-11,0,0,0,0,1,0,0,0,1,0,13
0.017643572762608528,-3.663050529567613e-09,0.008333014324307442,-3.7157985022240325e-10,0.033018819987773895,-1.105804003920241e-09,0.11791953444480896,0.008264042437076569,-7.009315905470714e-10,-9.791900797140318e-12,-4.8884285206440836e-05,0.0,0.9968275427818298,2.6576234268826937e-11,-0.0070915501564741135,1.656902670621463e-10,0,0,0,0,1,0,0,0,1,0,5
0.026650449261069298,-4.290876542967226e-09,0.009529577568173409,-6.097000682103726e-10,0.04105566442012787,-1.787465064850835e-09,0.11472956836223602,0.007841192185878754,-6.650666684038242e-10,-9.290975107323352e-12,-4.638349491870031e-05,-1.3888228067915795e-18,0.9889967441558838,1.4642741186232655e-10,-0.008409163914620876,7.392088330337998e-11,0,0,0,0,1,0,0,0,1,0,0
0.035950422286987305,-6.457784973434855e-09,0.009889696724712849,-8.734132306287279e-10,0.04865556210279465,-2.432065659974114e-09,0.11181113123893738,0.007400090340524912,-6.276535402527372e-10,-8.768044450213619e-12,-4.377285949885845e-05,0.0,0.9799808859825134,1.506557517627627e-10,-0.009335489943623543,-5.490748827829961e-11,0,0,0,0,1,0,0,0,1,0,18
0.04417573660612106,-1.0238760062009078e-08,0.009783424437046051,-4.6097484163176716e-10,0.05581934377551079,-3.0396760664075373e-09,0.11103815585374832,0.014518647454679012,2.9956692742416635e-05,3.7271021824381023e-07,-3.3984695619437844e-05,-4.094776784313581e-08,0.9704952239990234,9.363921860128244e-10,-0.00983055867254734,6.649745198927803e-10,0,0,0,0,1,0,0,0,1,0,5
0.05433974042534828,-1.0869604771812647e-08,0.010675586760044098,-2.377836261224786e-10,0.06991203874349594,2.938166835519951e-05,0.14426317811012268,0.013985581696033478,2.9194183298386633e-05,3.800739705184242e-07,-4.308273128117435e-05,-2.6630200267163673e-08,0.9601738452911377,1.3897585304789573e-09,-0.010699383914470673,2.6821628251738616e-10,0,0,0,0,1,0,0,0,1,0,16
0.06506732851266861,4.6006225602468476e-06,0.01093398965895176,7.948670827317983e-06,0.0835971012711525,5.813992174807936e-05,0.12248319387435913,0.013226758688688278,2.8132442821515724e-05,3.9321201938946615e-07,-7.521737279603258e-05,-1.5961345578574537e-09,0.9492757320404053,2.688789209059905e-07,-0.010805971920490265,7.597139983772649e-07,0,0,0,0,1,0,0,0,1,0,0
0.07642898708581924,1.7123371435445733e-05,0.011687506921589375,1.6470150512759574e-05,0.09652134776115417,8.563640585634857e-05,0.11547289043664932,0.012635178864002228,2.6881562007474713e-05,3.7551942000391136e-07,-7.473852747352794e-05,-4.556364373254837e-14,0.9381436109542847,1.7267929024455952e-06,-0.011441286653280258,2.0017744191136444e-06,0,0,0,0,1,0,0,0,1,0,13
0.08847449719905853,3.647083212854341e-05,0.012330885976552963,2.0913677872158587e-05,0.10879004001617432,0.00011173826351296157,0.11361848562955856,0.011963832192122936,2.5453260604990646e-05,3.5558343824959593e-07,-7.077072950778529e-05,0.0,0.9263702630996704,4.408918357512448e-06,-0.012035930529236794,3.052285137528088e-06,0,0,0,0,1,0,0,0,1,0,5
0.10110297054052353,6.035247497493401e-05,0.012850936502218246,2.6755415092338808e-05,0.1203836128115654,0.00013640380348078907,0.11140820384025574,0.011294323019683361,2.402886275376659e-05,3.356818751854007e-07,-6.680979277007282e-05,-4.554575439670236e-14,0.9140385389328003,7.774467121635098e-06,-0.012554140761494637,3.685255023810896e-06,0,0,0,0,1,0,0,0,1,0,13
0.11410405486822128,9.077373397303745e-05,0.01324573066085577,3.257347998442128e-05,0.13132236897945404,0.00015967620129231364,0.10943164676427841,0.01065305806696415,2.2664567950414494e-05,3.166239537222282e-07,-6.301674147835001e-05,-4.5537910871610784e-14,0.9012559056282043,1.1888739209098276e-05,-0.01295384205877781,4.457398063095752e-06,0,0,0,0,1,0,0,0,1,0,5
0.1260513812303543,-0.00014975933299865574,0.01340507809072733,2.6941870601149276e-05,0.14163978397846222,0.0001816267176764086,0.11077038198709488,0.01004831213504076,2.137796036549844e-05,2.9864293082937365e-07,-5.94380144320894e-05,0.0,0.8881267309188843,1.6650194083922543e-05,-0.013260280713438988,5.019700438424479e-06,0,0,0,0,1,0,0,0,1,0,13
0.13734640181064606,-0.000598303391598165,0.013405084609985352,1.347075703961309e-05,0.15316346287727356,0.0001702361914794892,0.13429826498031616,0.015403494238853455,-8.594227256253362e-05,-1.8736376716788072e-07,-5.0398164603393525e-05,-1.3729358272485115e-07,0.8747334480285645,2.2041367628844455e-05,-0.013492387719452381,5.685050382453483e-06,0,0,0,0,1,0,0,0,1,0,0
0.15073427557945251,-0.0005920407129451632,0.013344252482056618,2.0199449863866903e-06,0.16845157742500305,8.497729868395254e-05,0.14434003829956055,0.01520178746432066,-8.477850497001782e-05,-1.9503607973092585e-07,-5.070621409686282e-05,-1.4328821862363839e-07,0.8611396551132202,2.7359068553778343e-05,-0.013669097796082497,3.164797817589715e-06,0,0,0,0,1,0,0,0,1,0,0
0.16423481702804565,-0.0005755483289249241,0.01361650601029396,3.370897684362717e-05,0.18323910236358643,3.278016720287269e-06,0.12649273872375488,0.01435503177344799,-7.858056051190943e-05,-1.0818763485076488e-06,-8.438833901891485e-05,-1.8450247551982102e-08,0.8473947644233704,2.5182664103340358e-05,-0.013801630586385727,-6.450244200095767e-06,0,0,0,0,1,0,0,0,1,0,0
0.1779676228761673,-0.0005174103425815701,0.013818986713886261,7.743345486233011e-05,0.1972481906414032,-7.340583397308365e-05,0.11852792650461197,0.01367186103016138,-7.483791705453768e-05,-1.0454534731252352e-06,-8.087157766567543e-05,1.8231545288217854e-13,0.8335364460945129,1.3730890714214183e-05,-0.01390050444751978,-1.55599664140027e-05,0,0,0,0,1,0,0,0,1,0,0
0.19187301397323608,-0.00043212983291596174,0.013969575986266136,7.965971599332988e-05,0.21053370833396912,-0.00014612899394705892,0.11483457684516907,0.012955558486282825,-7.091694715199992e-05,-9.90711669146549e-07,-7.663702854188159e-05,-1.8227289794690849e-13,0.8195932507514954,-1.777983584361209e-06,-0.01397483516484499,-1.546285056974739e-05,0,0,0,0,1,0,0,0,1,0,16
0.20590664446353912,-0.00036388973239809275,0.014081071130931377,5.918554961681366e-05,0.2230885624885559,-0.0002148525818483904,0.11187047511339188,0.012227197177708149,-6.693002069368958e-05,-9.349689662485616e-07,-7.232499774545431e-05,0.0,0.8055864572525024,-1.71764495462412e-05,-0.014030232094228268,-1.534289913251996e-05,0,0,0,0,1,0,0,0,1,0,16
0.21936140954494476,-0.00014858998474664986,0.014141200110316277,4.019106927444227e-05,0.23493540287017822,-0.0002797004417516291,0.11102662235498428,0.011537972837686539,-6.315732025541365e-05,-8.822950121611939e-07,-6.825035234214738e-05,0.0,0.7915317416191101,-3.2517549698241055e-05,-0.014072306454181671,-1.5415060261148028e-05,0,0,0,0,1,0,0,0,1,0,0
0.23101197183132172,0.0005015332135371864,0.014121427200734615,2.1891375581617467e-05,0.24658465385437012,-0.0003255411866120994,0.11938656866550446,0.015648573637008667,9.359917748952284e-05,-1.027919367402319e-07,-4.9205078539671376e-05,-4.4420850997539674e-08,0.7774415016174316,-4.8046771553345025e-05,-0.014103160239756107,-1.5621209968230687e-05,0,0,0,0,1,0,0,0,1,0,16
0.2447289377450943,0.0005131298676133156,0.013386151753365993,3.458370656517218e-06,0.26195016503334045,-0.0002343165542697534,0.15053033828735352,0.015270938165485859,9.062379103852436e-05,5.08504882645866e-08,-5.389390935306437e-05,9.310155490993566e-08,0.7633247375488281,-6.333929195534438e-05,-0.014127002097666264,-1.2898149179818574e-05,0,0,0,0,1,0,0,0,1,0,18
0.25817421078681946,0.0005045909201726317,0.013568121008574963,-2.4602957637398504e-05,0.27693670988082886,-0.00014608386845793575,0.1232866495847702,0.014527590945363045,8.411585440626368e-05,1.0917041208813316e-06,-8.372056618100032e-05,7.397205337156265e-08,0.7491881251335144,-6.830597703810781e-05,-0.01414383202791214,1.5282156482498976e-06,0,0,0,0,1,0,0,0,1,0,5
0.2718657851219177,0.00045265626977197826,0.013783047907054424,-7.391626422759145e-05,0.29113712906837463,-6.388429756043479e-05,0.11391452699899673,0.013876320794224739,8.032359619392082e-05,1.1219442512810929e-06,-8.207061182474717e-05,1.8232793475968928e-13,0.7350369095802307,-5.882880213903263e-05,-0.014156453311443329,1.5984436686267145e-05,0,0,0,0,1,0,0,0,1,0,18
0.2857404351234436,0.00036163412733003497,0.013942577876150608,-9.077922004507855e-05,0.3046199083328247,1.4161428225634154e-05,0.11456193029880524,0.01314800325781107,7.610766624566168e-05,1.0631824807205703e-06,-7.777219434501603e-05,7.291363693373576e-13,0.7208749651908875,-4.025144880870357e-05,-0.014166271314024925,1.8530061424826272e-05,0,0,0,0,1,0,0,0,1,0,6
0.29975128173828125,0.0002825857372954488,0.014061436988413334,-6.946218491066247e-05,0.31737005710601807,8.796597103355452e-05,0.11011986434459686,0.012423880398273468,7.191607437562197e-05,1.0046858278656146e-06,-7.349314546445385e-05,3.64485622673244e-13,0.7067049741744995,-2.1962876417092048e-05,-0.014173283241689205,1.80904953595018e-05,0,0,0,0,0,1,0,0,1,0,6
0.31333598494529724,0.001003551878966391,0.01385424192994833,6.535449938382953e-05,0.3294018507003784,0.0001576126815052703,0.10925480723381042,0.01171966828405857,6.783970457036048e-05,9.477289495407604e-07,-6.932672840775922e-05,9.110243890655609e-14,0.6925291419029236,-3.8014602523617214e-06,-0.014178192242980003,1.890385647129733e-05,0,0,0,0,0,1,0,0,1,0,12
0.3264433443546295,0.0022067984100431204,0.013318482786417007,0.0003150419215671718,0.3417530357837677,0.0012852929066866636,0.13454368710517883,0.014371798373758793,0.0035769869573414326,1.715986945782788e-05,-5.159773354534991e-05,2.4198902792704757e-06,0.6783488392829895,1.6584490367677063e-05,-0.014181697741150856,2.1598551029455848e-05,0,0,0,0,0,1,0,0,1,0,12
0.3391593396663666,0.003188806353136897,0.012362704612314701,0.0017978785326704383,0.3560209572315216,0.00483553996309638,0.14408797025680542,0.014187278226017952,0.003530238289386034,1.73485568666365e-05,-5.1789727876894176e-05,2.5481670036242576e-06,0.6641651391983032,3.9665021176915616e-05,-0.014185204170644283,2.4293036403832957e-05,0,0,0,0,0,1,0,0,1,0,12
0.3512130379676819,0.005618635565042496,0.01172984391450882,0.002682590624317527,0.36983522772789,0.008251529186964035,0.12669360637664795,0.013428105972707272,0.0033007333986461163,4.611915210261941e-05,-7.943920354591683e-05,0.0,0.6499882936477661,0.000345429900335148,-0.014163466170430183,0.0005359516362659633,0,0,0,0,0,1,0,0,1,0,6
0.36305147409439087,0.00831645168364048,0.012057669460773468,0.0027293080929666758,0.38294339179992676,0.011473627761006355,0.11845837533473969,0.012794103473424911,0.0031448914669454098,4.393279232317582e-05,-7.567949796793982e-05,0.0,0.6358574628829956,0.001162142725661397,-0.014097549952566624,0.0010460749035701156,0,0,0,0,0,1,0,0,1,0,6
0.37535473704338074,0.01105714961886406,0.012489627115428448,0.0027425908483564854,0.39537495374679565,0.014529396779835224,0.11489231884479523,0.012122459709644318,0.0029797949828207493,4.1627816244727e-05,-7.170893513830379e-05,0.0,0.6218048334121704,0.002438385272398591,-0.014022518880665302,0.0014132218202576041,0,0,0,0,0,1,0,0,1,0,6
0.388032466173172,0.013802183791995049,0.012807986699044704,0.0027653989382088184,0.40712273120880127,0.01741708628833294,0.11187601089477539,0.011441036127507687,0.00281229498796165,3.928594378521666e-05,-6.76747877150774e-05,0.0,0.6078194975852966,0.004001385997980833,-0.013952395878732204,0.001685342751443386,0,0,0,0,0,1,0,0,1,0,12
0.40095794200897217,0.01661456748843193,0.013010642491281033,0.002850898774340749,0.4182078540325165,0.020141903311014175,0.11103078722953796,0.010796156711876392,0.002653780160471797,3.707279029185884e-05,-6.386232416843995e-05,0.0,0.5939124822616577,0.005838843993842602,-0.013862637802958488,0.0019769170321524143,0,0,0,0,0,1,0,0,1,0,5
0.41378453373908997,0.019701294600963593,0.012844853103160858,0.0028357680421322584,0.42866191267967224,0.022711586207151413,0.1090250238776207,0.010179976001381874,0.0025023180060088634,3.49574038409628e-05,-6.021834269631654e-05,-2.9140747974387704e-12,0.5801236033439636,0.00802099984139204,-0.013724845834076405,0.0023495210334658623,0,0,0,0,1,0,0,0,1,0,5
0.42542245984077454,0.022682275623083115,0.011609635315835476,0.002202204894274473,0.43852096796035767,0.025135016068816185,0.11075132340192795,0.009601675905287266,0.00236016814596951,3.297073635621928e-05,-5.6796034186845645e-05,5.827333841162963e-12,0.5664852261543274,0.01057358831167221,-0.01356391329318285,0.0027180786710232496,0,0,0,0,1,0,0,0,1,0,6
0.43497470021247864,0.024444492533802986,0.008227193728089333,0.0012953029945492744,0.4909100830554962,0.026936573907732964,0.39606863260269165,0.06198510155081749,0.0015431150095537305,3.0770115699851885e-05,-5.98599490331253e-06,0.0009358079987578094,0.5540745258331299,0.013229761272668839,-0.01085575856268406,0.002509740646928549,0,0,0,0,0,1,0,0,1,0,0
0.4428172707557678,0.025779196992516518,0.0073534599505364895,0.0012832395732402802,0.5512359738349915,0.02828810177743435,0.637268602848053,0.05901208147406578,0.0011962319258600473,3.0770115699851885e-05,-5.98599490331253e-06,0.0009358079987578094,0.5459666848182678,0.015687743201851845,-0.005614056251943111,0.0025170985609292984,0,0,0,0,0,1,0,0,1,0,7
0.449838250875473,0.026631928980350494,0.006878376007080078,0.0006682279636152089,0.6087402105331421,0.029298163950443268,0.7563178539276123,0.05630756914615631,0.0008592471131123602,3.0770115699851885e-05,-5.98599490331253e-06,0.0009358079987578094,0.5432444214820862,0.01868412457406521,-0.0005844761617481709,0.0031786386389285326,0,0,0,0,0,0,1,0,1,0,0
0.45604515075683594,0.027233753353357315,0.00627601845189929,0.0005980998394079506,0.6636686325073242,0.029976818710565567,0.7600650191307068,0.05383170396089554,0.0005324402009136975,3.0770115699851885e-05,-5.98599490331253e-06,0.0009358079987578094,0.5455106496810913,0.021356314420700073,0.004191258456557989,0.0022465388756245375,0,0,0,0,0,0,1,0,1,0,3
0.4631829857826233,0.02779400162398815,0.007820479571819305,0.00048730362323112786,0.7162314057350159,0.030334308743476868,0.6546010971069336,0.05155196413397789,0.00021587475202977657,3.0770115699851885e-05,-5.98599490331253e-06,0.0009358079987578094,0.550887405872345,0.023292947560548782,0.00613261666148901,0.0018182839266955853,0,0,1,0,0,0,0,0,1,0,2
0.471764475107193,0.028119321912527084,0.009170700795948505,0.0001582232362125069,0.7666096091270447,0.03038080967962742,0.44536322355270386,0.04944147914648056,-9.057614079210907e-05,3.0770115699851885e-05,-5.98599490331253e-06,0.0009358079987578094,0.5579311847686768,0.024958018213510513,0.007770341821014881,0.001483699306845665,0,1,0,0,0,0,0,0,1,0,11
0.4811420142650604,0.028180908411741257,0.009590037167072296,4.628593160305172e-05,0.8149597644805908,0.030126294121146202,0.1372261643409729,0.047477878630161285,-0.00038719683652743697,3.0770115699851885e-05,-5.98599490331253e-06,0.0009358079987578094,0.566509485244751,0.02609851583838463,0.009192438796162605,0.0008294456638395786,0,1,0,0,0,0,0,0,1,0,11
0.49135643243789673,0.02822665497660637,0.010604413226246834,3.477397694950923e-05,0.855181872844696,0.029993364587426186,0.25773748755455017,0.038928356021642685,-0.00015659174823667854,2.8006268621538766e-05,-2.5529136109980755e-05,0.0008528198231942952,0.5758160352706909,0.026606552302837372,0.009416482411324978,0.0004085627442691475,0,1,0,0,0,0,0,0,1,0,5
0.5024884939193726,0.028259538114070892,0.011496459133923054,2.8331918656476773e-05,0.8934506773948669,0.02975861169397831,0.29434195160865784,0.037734679877758026,-0.0002993230300489813,2.8006268621538766e-05,-2.5529136109980755e-05,0.0008528198231942952,0.5857629776000977,0.026976754888892174,0.010357534512877464,0.00032594328513368964,0,0,0,0,1,0,0,0,1,0,6
0.514427661895752,0.02829182706773281,0.01220787689089775,2.3803651856724173e-05,0.9305452108383179,0.02937900461256504,0.20267800986766815,0.03657536953687668,-0.0004457964969333261,2.8006268621538766e-05,-2.5529136109980755e-05,0.0008528198231942952,0.5965412259101868,0.02723822556436062,0.010984785854816437,0.00021888308401685208,0,0,0,0,0,1,0,0,1,0,7
0.5269748568534851,0.028317440301179886,0.01275403331965208,1.578318369865883e-05,0.9649085998535156,0.028967246413230896,0.1541956067085266,0.031686216592788696,-0.0003016265982296318,2.296398815815337e-05,-5.0941995141329244e-05,0.0007148634758777916,0.6074739694595337,0.027422405779361725,0.011169209145009518,0.00015933548274915665,0,0,0,0,0,0,1,0,1,0,0
0.5400047302246094,0.028344523161649704,0.013189449906349182,1.8842192730517127e-05,0.9961588382720947,0.028624173253774643,0.16476655006408691,0.0308897253125906,-0.0003779027028940618,2.296398815815337e-05,-5.0941995141329244e-05,0.0007148634758777916,0.6190022230148315,0.027557900175452232,0.011801719665527344,0.00011464625276857987,0,0,0,0,0,0,1,0,1,0,16
