lt_dp_posx,lt_dp_posy,lt_dp_velx,lt_dp_vely,ball_posx,ball_posy,ball_posz,ball_vel_x,ball_vel_y,ball_rot_x,ball_rot_y,ball_rot_z,rt_gk_posx,rt_gk_posy,rt_gk_velx,rt_gk_vely,action_left,action_top_left,action_top,action_top_right,action_right,action_bottom_right,action_bottom,action_bottom_left,action_sprint,action_dribble,sel_action
-1.0110293626785278,-0.0,0.0,-0.0,0.019999999552965164,-0.0,0.11061639338731766,0.0,-0.0,0.0,-0.0,0.0,1.0110293626785278,0.0,-0.0,0.0,0,0,0,0,0,0,0,0,0,0,5
0.0,-0.0,0.0,-0.0,0.019999999552965164,-0.0,0.11059734225273132,0.0,-0.0,0.0,-0.0,0.0,1.0110293626785278,0.0,-0.0,0.0,0,0,0,0,1,0,0,0,0,0,5
0.0015068008797243237,1.6729921614722087e-10,0.003586257342249155,2.42457776078453e-10,0.019999999552965164,-0.0,0.10930104553699493,0.0,-0.0,0.0,-0.0,0.0,1.0085934400558472,-1.8159612702461914e-11,-0.003884820267558098,-2.5443416470927183e-11,0,0,0,0,1,0,0,0,0,0,5
0.0047621107660233974,-6.655095363683472e-10,0.0052583664655685425,-3.1212532558555495e-10,0.019999999552965164,-0.0,0.11075475811958313,0.0,-0.0,0.0,-0.0,0.0,1.0038305521011353,-3.946894894246711e-11,-0.0054703038185834885,-1.5790851265462535e-11,0,0,0,0,1,0,0,0,0,0,13
0.009853105992078781,-1.7132782970108451e-09,0.006805261597037315,-2.6657762108861505e-10,0.02441324107348919,-2.385739106269824e-10,0.12463226169347763,0.008678829297423363,-4.689139632141348e-10,-2.7889134144448713e-12,-2.3611062715644948e-05,-1.3541227601027161e-12,0.9975366592407227,1.546609923464004e-10,-0.006950602866709232,6.551337805582591e-10,0,0,0,0,1,0,0,0,1,0,13
0.017438050359487534,-1.8602481777207913e-09,0.00819813646376133,-3.446914143001578e-10,0.032777246087789536,-6.900826021727369e-10,0.1163645014166832,0.008125124499201775,-4.3843853547720357e-10,-6.124985935107574e-12,-4.806309152627364e-05,0.0,0.989837646484375,6.967044718919624e-10,-0.008285746909677982,4.1838557618412153e-10,0,0,0,0,1,0,0,0,1,0,18
0.026320859789848328,-2.489617401124633e-09,0.009414422325789928,-6.445948774747023e-10,0.04066177085042,-1.1155377732663396e-09,0.10947545617818832,0.007686356548219919,-4.1476219680980364e-10,-5.794259603369989e-12,-4.546787386061624e-05,6.943909823744173e-19,0.9809144139289856,9.213278473474418e-10,-0.009325672872364521,5.373437111932944e-11,0,0,0,0,1,0,0,0,1,0,16
0.03545873612165451,-4.666904640515668e-09,0.009781300090253353,-8.594371325720829e-10,0.048102185130119324,-1.5170286138399547e-09,0.11092846095561981,0.007241664454340935,-3.9076608615573605e-10,-5.458860360268991e-12,-4.283598900656216e-05,-3.4716728949819944e-19,0.971478283405304,1.1092701202031208e-09,-0.00973448995500803,1.7492014781073095e-10,0,0,0,0,1,0,0,0,1,0,18
0.04349726811051369,-8.414210661555899e-09,0.009783406741917133,-4.609770065666652e-10,0.0551045723259449,-1.8948829172416026e-09,0.11044289916753769,0.014519652351737022,2.9958113373140804e-05,3.7274296005307406e-07,-3.3605047065066174e-05,-3.770929524193889e-08,0.961243748664856,1.2209556699005475e-09,-0.010619443841278553,5.399954788876116e-11,0,0,0,0,1,0,0,0,1,0,18
0.05365075170993805,-9.042609327991613e-09,0.010675586760044098,-2.377836261224786e-10,0.06918628513813019,2.937154749815818e-05,0.14369232952594757,0.013972408138215542,2.918044810940046e-05,3.802940398145438e-07,-4.303434252506122e-05,-2.3596033571493535e-08,0.9503563046455383,1.7995746759424947e-07,-0.010805971920490265,5.905000080019818e-07,0,0,0,0,1,0,0,0,1,0,5
0.06437833607196808,4.6069071686360985e-06,0.010933945886790752,7.956353329063859e-06,0.08285224437713623,5.810818402096629e-05,0.12247620522975922,0.013206139206886292,2.8106942409067415e-05,3.9296654108511575e-07,-7.556099444627762e-05,-1.1365430818699451e-09,0.9392877221107483,1.422902073500154e-06,-0.011376773938536644,1.748467411744059e-06,0,0,0,0,1,0,0,0,1,0,16
0.07574000209569931,1.7141766875283793e-05,0.011687506921589375,1.648608122195583e-05,0.09575716406106949,8.557972614653409e-05,0.11547338217496872,0.012616364285349846,2.685726030904334e-05,3.7518006479331234e-07,-7.462725625373423e-05,9.112675891653765e-14,0.9275738596916199,3.8238072193053085e-06,-0.011977027170360088,2.8122167350375094e-06,0,0,0,0,1,0,0,0,1,0,18
0.08778546005487442,3.6508146877167746e-05,0.01233079843223095,2.0934705389663577e-05,0.10800774395465851,0.00011165831529069692,0.11361543089151382,0.011946264654397964,2.5430779714952223e-05,3.552694067820994e-07,-7.066680700518191e-05,0.0,0.9152939915657043,6.896766535646748e-06,-0.012507859617471695,3.3531232475070283e-06,0,0,0,0,1,0,0,0,1,0,5
0.10041385889053345,6.0415964981075376e-05,0.012850848957896233,2.6786663511302322e-05,0.11958439648151398,0.00013630226021632552,0.11140753328800201,0.011277900077402592,2.400797893642448e-05,3.3539024002493534e-07,-6.671266601188108e-05,4.554555110879502e-14,0.9025512933731079,1.0645205293258186e-05,-0.01291878055781126,4.065624125360046e-06,0,0,0,0,1,0,0,0,1,0,13
0.11340278387069702,9.08595320652239e-05,0.013245721347630024,3.2615283998893574e-05,0.13050729036331177,0.00015955453272908926,0.10943228751420975,0.010637659579515457,2.2645059289061464e-05,3.1635144637220947e-07,-6.292564648902044e-05,-4.5537731300625967e-14,0.8894527554512024,1.5008213267719839e-05,-0.013232932426035404,4.591108336171601e-06,0,0,0,0,1,0,0,0,1,0,18
0.1257094293832779,-0.0005499363178387284,0.013404987752437592,2.697495074244216e-05,0.14080984890460968,0.00018148620438296348,0.11077036708593369,0.010033826343715191,2.135964678018354e-05,2.9838699333595287e-07,-5.9352325479267165e-05,-9.106154415586265e-14,0.8760826587677002,1.994180456676986e-05,-0.013472052291035652,5.207190497458214e-06,0,0,0,0,1,0,0,0,1,0,5
0.13767769932746887,-0.0016872149426490068,0.013405084609985352,1.3485907402355224e-05,0.15235058963298798,0.00013417589070741087,0.13454997539520264,0.015493322163820267,-0.00020464672707021236,-5.729491476813564e-07,-5.047698869020678e-05,-3.465337954366987e-07,0.8625065684318542,2.5029015887412243e-05,-0.013653671368956566,3.3848173188744113e-06,0,0,0,0,1,0,0,0,1,0,16
0.15106552839279175,-0.0016808481886982918,0.013344252482056618,2.9873619951104047e-06,0.16773056983947754,-6.890407530590892e-05,0.14534130692481995,0.01529262587428093,-0.00020192806550767273,-5.85482553105976e-07,-5.070257611805573e-05,-3.562799406608974e-07,0.8487749099731445,2.2491951312986203e-05,-0.013789709657430649,-7.385855951724807e-06,0,0,0,0,1,0,0,0,1,0,16
0.16456593573093414,-0.001642844290472567,0.013615979813039303,7.967130659380928e-05,0.18260879814624786,-0.00026376862660981715,0.12779931724071503,0.0143929747864604,-0.00018658618500921875,-2.5937501959560905e-06,-8.494561188854277e-05,-1.6397681434909828e-08,0.8349264860153198,9.51433594309492e-06,-0.013892089948058128,-1.7571095668245107e-05,0,0,0,0,1,0,0,0,1,0,16
0.17829732596874237,-0.001503993640653789,0.013816531747579575,0.00018559431191533804,0.19672581553459167,-0.0004467752587515861,0.11422672867774963,0.013810373842716217,-0.00017903151456266642,-2.50063203566242e-06,-8.167911437340081e-05,0.0,0.8209907412528992,-1.3899766599934082e-05,-0.01396852359175682,-2.8246326110092923e-05,0,0,0,0,1,0,0,0,1,0,16
0.1921997219324112,-0.0012994019780308008,0.013966945931315422,0.00019096123287454247,0.21015799045562744,-0.0006209040875546634,0.11416908353567123,0.013109500519931316,-0.00016994566249195486,-2.3740540200378746e-06,-7.754464604659006e-05,-1.093690893058663e-12,0.8069895505905151,-4.807391815120354e-05,-0.014026024378836155,-3.903127435478382e-05,0,0,0,0,1,0,0,0,1,0,16
0.2062314748764038,-0.0011361372889950871,0.014079668559134007,0.0001413043646607548,0.222865030169487,-0.0007856330485083163,0.11155664175748825,0.012372254393994808,-0.00016038834291975945,-2.2405301933758892e-06,-7.318332063732669e-05,7.289595901731338e-13,0.7929395437240601,-9.136527660302818e-05,-0.014068098738789558,-4.422166966833174e-05,0,0,0,0,1,0,0,0,1,0,18
0.220354363322258,-0.0005495441146194935,0.014140325598418713,9.550560207571834e-05,0.23484639823436737,-0.0009409542544744909,0.110824353992939,0.011664287187159061,-0.00015121053729671985,-2.1123489659657935e-06,-6.899651634739712e-05,3.6440390093449293e-13,0.7788528203964233,-0.0001353403931716457,-0.014100355096161366,-4.376859578769654e-05,0,0,0,0,1,0,0,0,1,0,18
0.23449279367923737,0.0012734696501865983,0.014121216721832752,5.202187821851112e-05,0.24663293361663818,-0.0010470637353137136,0.12001118808984756,0.01591932214796543,0.00026048420113511384,-1.7452921952099132e-07,-4.988915679859929e-05,-8.536243711887437e-08,0.7647389769554138,-0.00017874456534627825,-0.014124196954071522,-4.226622695568949e-05,0,0,0,0,1,0,0,0,1,0,13
0.2482096552848816,0.0013010273687541485,0.013386151753365993,8.218810762627982e-06,0.2622804343700409,-0.000792661274317652,0.15339630842208862,0.015552896074950695,0.0002527864708099514,1.8366506537859095e-07,-5.402102033258416e-05,2.445555651320319e-07,0.7506045699119568,-0.00021511834347620606,-0.014141728170216084,-3.154665682814084e-05,0,0,0,0,1,0,0,0,1,0,13
0.2616548240184784,0.0012754453346133232,0.013567769899964333,-7.202287088148296e-05,0.27756956219673157,-0.0005457305815070868,0.12103412300348282,0.014778228476643562,0.0002340234786970541,2.83186454907991e-06,-8.283060742542148e-05,3.69928613963566e-07,0.7364550828933716,-0.00024075292458292097,-0.014155051670968533,-2.079322439385578e-05,0,0,0,0,1,0,0,0,1,0,18
0.2753445506095886,0.0011242954060435295,0.013779542408883572,-0.00021481556177604944,0.29204684495925903,-0.00031663384288549423,0.11014305800199509,0.014215784147381783,0.00022495446319226176,3.142944933642866e-06,-8.410044392803684e-05,-3.646988852405719e-13,0.7222941517829895,-0.00025076253223232925,-0.01416557002812624,2.1304560959833907e-06,0,0,0,0,1,0,0,0,1,0,7
0.2892138659954071,0.0008601099834777415,0.013937318697571754,-0.000263027788605541,0.3058452010154724,-9.828483598539606e-05,0.10969007760286331,0.01348600909113884,0.0002134063543053344,2.981477109642583e-06,-7.977979112183675e-05,-3.646085711996039e-13,0.7081249356269836,-0.0002331463183509186,-0.01417258195579052,3.0290486392914318e-05,0,0,0,0,0,0,1,0,1,0,6
0.3027665317058563,0.0010891087586060166,0.013817518949508667,-0.000228006363613531,0.3189114034175873,0.00010847789235413074,0.1101132333278656,0.012727368623018265,0.0002014013152802363,2.8136034870840376e-06,-7.528774585807696e-05,3.6451966662146007e-13,0.6939495801925659,-0.00018896358960773796,-0.014177490957081318,5.0442034989828244e-05,0,0,0,0,0,1,0,0,1,0,7
0.31555795669555664,0.002170621883124113,0.013426112942397594,0.00015634960436727852,0.33149290084838867,0.0006286588031798601,0.1195676401257515,0.014608782716095448,0.003442046931013465,1.3737703739025164e-05,-5.00378773722332e-05,-2.8993423484280356e-07,0.67976975440979,-0.0001377410808345303,-0.014181697741150856,5.1860519306501374e-05,0,0,0,0,0,0,1,0,1,0,12
0.32848116755485535,0.0026890160515904427,0.012416348792612553,0.0012235208414494991,0.34584736824035645,0.003998795989900827,0.1496572047472,0.014266980811953545,0.0033489130437374115,1.750724004523363e-05,-5.400653390097432e-05,2.4643431970616803e-06,0.6655864119529724,-8.510173938702792e-05,-0.014184502884745598,5.327610779204406e-05,0,0,0,0,0,0,1,0,1,0,12
0.34071141481399536,0.004738491028547287,0.011891476809978485,0.002560140797868371,0.35984888672828674,0.007272446993738413,0.12348359078168869,0.013585456646978855,0.003151401411741972,4.309046198613942e-05,-7.950374128995463e-05,7.818895255695679e-07,0.6514068245887756,0.0001598931849002838,-0.014171179383993149,0.0004365244822110981,0,0,0,0,0,0,1,0,1,0,12
0.3525676429271698,0.007286933250725269,0.012034527957439423,0.0025756978429853916,0.37313586473464966,0.010354429483413696,0.11386150866746902,0.012989467009902,0.003012965666130185,4.208468089927919e-05,-7.682567229494452e-05,2.9163962911304964e-11,0.6372577548027039,0.0008301975321955979,-0.014127002097666264,0.0008613833924755454,0,0,0,0,0,0,1,0,1,0,12
0.36485716700553894,0.009881439618766308,0.012483666650950909,0.0026007089763879776,0.3857559263706207,0.013281695544719696,0.11461259424686432,0.01230578776448965,0.002854381687939167,3.987411764683202e-05,-7.279034616658464e-05,-5.831560061231311e-12,0.6231656670570374,0.001903004478663206,-0.014066696166992188,0.0012129866518080235,0,0,0,0,0,0,1,0,1,0,18
0.3775405287742615,0.012481319718062878,0.012827620841562748,0.0026085444260388613,0.39769065380096436,0.016050001606345177,0.11003613471984863,0.011629787273705006,0.002697579562664032,3.768585156649351e-05,-6.879565626149997e-05,5.830406470119787e-12,0.6091323494911194,0.0032693706452846527,-0.014004286378622055,0.0014916739892214537,0,0,0,0,0,0,1,0,1,0,12
0.3904961943626404,0.015133455395698547,0.013048158027231693,0.0026894670445472,0.40895384550094604,0.018662551417946815,0.10923182219266891,0.010971345007419586,0.0025448512751609087,3.555186412995681e-05,-6.490005762316287e-05,-5.829343951990751e-12,0.5951688289642334,0.00491432286798954,-0.013927151449024677,0.0017753414576873183,0,0,0,0,0,0,1,0,1,0,5
0.40359821915626526,0.017908364534378052,0.013163238763809204,0.0027508356142789125,0.41957828402519226,0.02112693525850773,0.11118966341018677,0.010347619652748108,0.0024001768324524164,3.352997009642422e-05,-6.12090589129366e-05,-1.4570988512985217e-11,0.5813018083572388,0.006876222789287567,-0.013814954087138176,0.0021141255274415016,0,0,0,0,1,0,0,0,1,0,5
0.41590866446495056,0.02102958969771862,0.011988949030637741,0.0023033679462969303,0.4296014904975891,0.023451874032616615,0.10842721909284592,0.009763422422111034,0.002264668932184577,3.163760629831813e-05,-5.775455429102294e-05,-2.9137785934052474e-12,0.567557156085968,0.009175310842692852,-0.013683823868632317,0.002449936233460903,0,0,0,0,1,0,0,0,1,0,14
0.42657536268234253,0.023241901770234108,0.009474333375692368,0.0014508169842883945,0.4624747931957245,0.0244009830057621,0.19328495860099792,0.06720131635665894,-0.001057400950230658,1.5905186501186108e-07,-3.285532557129045e-07,0.002047105459496379,0.553977906703949,0.011857478879392147,-0.013472753576934338,0.0029047424905002117,0,0,0,0,0,0,0,0,1,0,18
0.43493109941482544,0.024502554908394814,0.00771319167688489,0.0012360120890662074,0.5276941061019897,0.022979512810707092,0.3230828642845154,0.06365231424570084,-0.001713054021820426,1.5905186501186108e-07,-3.285532557129045e-07,0.002047105459496379,0.540654718875885,0.015037234872579575,-0.013194364495575428,0.003403197042644024,0,0,0,0,0,0,0,0,1,0,8
0.442168653011322,0.02552449144423008,0.006894153542816639,0.0005949912592768669,0.5895535349845886,0.020926471799612045,0.3501240015029907,0.060438696295022964,-0.002324234927073121,1.5905186501186108e-07,-3.285532557129045e-07,0.002047105459496379,0.5277747511863708,0.018639246001839638,-0.012154088355600834,0.0035412574652582407,0,0,0,0,0,0,0,1,1,0,16
0.4486800730228424,0.02608645148575306,0.006128409411758184,0.0005289128166623414,0.648359477519989,0.018288223072886467,0.27959373593330383,0.05750949680805206,-0.002887951210141182,1.5905186501186108e-07,-3.285532557129045e-07,0.002047105459496379,0.5176368951797485,0.02169521152973175,-0.008174952119588852,0.002550280187278986,0,0,0,0,0,0,0,1,1,0,15
0.4552590847015381,0.026579033583402634,0.007246522232890129,0.0004055397293996066,0.7043731808662415,0.015112696215510368,0.11596986651420593,0.05482376366853714,-0.0034036608412861824,1.5905186501186108e-07,-3.285532557129045e-07,0.002047105459496379,0.512364387512207,0.023382898420095444,-0.002789848018437624,0.0009146603406406939,0,0,0,0,0,0,0,1,0,0,18
0.4633106589317322,0.026734627783298492,0.008670021779835224,-9.767746814759448e-05,0.7520643472671509,0.011877273209393024,0.17241157591342926,0.046207133680582047,-0.003354473039507866,-3.8183120523171965e-06,-2.4625032892799936e-05,0.0018632035935297608,0.5129854083061218,0.023941215127706528,0.003113816725090146,0.0004064951208420098,0,0,0,0,0,0,0,1,0,0,8
0.47247469425201416,0.02629549615085125,0.009292364120483398,-0.0005813591997139156,0.7971706986427307,0.008350812830030918,0.10710522532463074,0.04357992857694626,-0.0036069145426154137,-4.572379566525342e-06,-2.8220538297318853e-05,0.001831183792091906,0.5170329809188843,0.024154115468263626,0.004782747011631727,8.612728561274707e-05,0,0,0,0,0,0,0,1,0,0,11
0.48215562105178833,0.025676611810922623,0.010129984468221664,-0.0006601855857297778,0.8360412120819092,0.004969609901309013,0.10414744168519974,0.03654560074210167,-0.003302204655483365,-1.2834692824981175e-05,-6.628012488363311e-05,0.001470363000407815,0.5226650834083557,0.02404714561998844,0.006309677381068468,-0.0002227616641903296,0,0,0,0,0,0,0,1,0,0,1
0.4928624629974365,0.024985460564494133,0.011050797998905182,-0.0007409966201521456,0.8691733479499817,0.001893430482596159,0.10663022100925446,0.030993008986115456,-0.00292824930511415,-2.7765056074713357e-05,-0.0001291775406571105,0.0007324404432438314,0.5297560095787048,0.02375667914748192,0.007705477997660637,-0.00035236612893640995,1,0,0,0,0,0,0,0,0,0,11
0.5044242143630981,0.024234313517808914,0.01185209397226572,-0.0007940434734337032,0.8982138633728027,-0.0008764820522628725,0.10940079391002655,0.027665289118885994,-0.002648481633514166,-3.7008110666647553e-05,-0.00016367777425330132,-1.175137504666468e-11,0.5382192730903625,0.023311186581850052,0.009051280096173286,-0.0005258463206700981,1,0,0,0,0,0,0,0,0,0,12
0.5166130065917969,0.0234132781624794,0.01244750339537859,-0.0008593286038376391,0.924532949924469,-0.0033961033914238214,0.10950791090726852,0.025274770334362984,-0.0024196323938667774,-3.380024281796068e-05,-0.00014950059994589537,0.0,0.5479106307029724,0.022714123129844666,0.0098683200776577,-0.0006138121243566275,1,0,0,0,0,0,0,0,0,0,1
0.5293139815330505,0.022538289427757263,0.012905462644994259,-0.0008974179509095848,0.9486539363861084,-0.005705264396965504,0.10962912440299988,0.023221494629979134,-0.0022230653557926416,-3.10546784021426e-05,-0.0001373568084090948,-5.85935466812515e-12,0.5584404468536377,0.02203710563480854,0.010733779519796371,-0.0006983454222790897,1,0,0,0,0,0,0,0,0,0,11
0.5424221158027649,0.021631989628076553,0.01326839905232191,-0.0009287670836783946,0.9708737730979919,-0.007832430303096771,0.10971758514642715,0.02143607847392559,-0.0020521418191492558,-2.8667192964348942e-05,-0.00012679683277383447,1.7560865955834615e-11,0.5698145627975464,0.021279199048876762,0.01162349060177803,-0.0007791023817844689,1,0,0,0,0,0,0,0,0,0,3
0.5558391809463501,0.02069837972521782,0.013531684875488281,-0.0009449922363273799,0.9914306998252869,-0.009800411760807037,0.10978285223245621,0.019866861402988434,-0.0019019166938960552,-2.6568788598524407e-05,-0.00011751541751436889,5.8489693123553455e-12,0.5819000005722046,0.020454013720154762,0.01221746951341629,-0.000844150607008487,0,0,1,0,0,0,0,0,0,0,13
0.569481611251831,0.019748982042074203,0.013732128776609898,-0.0009667534613981843,1.0105185508728027,-0.011627755127847195,0.10983168333768845,0.018474578857421875,-0.0017686298815533519,-2.4706956537556835e-05,-0.00010928035771939903,0.0,0.5944888591766357,0.01956959068775177,0.012772896327078342,-0.0009075411362573504,0,0,1,0,0,0,0,0,1,0,13
