lt_dp_posx,lt_dp_posy,lt_dp_velx,lt_dp_vely,ball_posx,ball_posy,ball_posz,ball_vel_x,ball_vel_y,ball_rot_x,ball_rot_y,ball_rot_z,rt_gk_posx,rt_gk_posy,rt_gk_velx,rt_gk_vely,action_left,action_top_left,action_top,action_top_right,action_right,action_bottom_right,action_bottom,action_bottom_left,action_sprint,action_dribble,sel_action
-1.0110293626785278,-0.0,0.0,-0.0,0.019999999552965164,-0.0,0.11061639338731766,-0.0,0.0,0.0,-0.0,0.0,1.0110293626785278,0.0,-0.0,0.0,0,0,0,0,0,0,0,0,0,0,5
0.0,-0.0,0.0,-0.0,0.019999999552965164,-0.0,0.11059734225273132,-0.0,0.0,0.0,-0.0,0.0,1.0089819431304932,-1.4662690506206388e-10,-0.003723537316545844,-2.399299370292596e-10,0,0,0,0,1,0,0,0,0,0,5
0.0,-0.0,0.0,-0.0,0.019999999552965164,-0.0,0.10930104553699493,-0.0,0.0,0.0,-0.0,0.0,1.0043776035308838,-3.568936812747836e-10,-0.005314630456268787,-1.64072269659421e-10,0,0,0,0,1,0,0,0,0,0,5
0.0018563538324087858,1.0650171716752865e-10,0.003761105705052614,2.5890204910505865e-11,0.019999999552965164,-0.0,0.11075475811958313,-0.0,0.0,0.0,-0.0,0.0,0.9982317090034485,-2.932380449571781e-10,-0.006807551719248295,6.676376118619487e-10,0,0,0,0,1,0,0,0,0,0,5
0.005117342341691256,-1.2158972717557504e-09,0.005418800748884678,-3.741383591826519e-10,0.019999999552965164,-0.0,0.11053141206502914,-0.0,0.0,0.0,-0.0,0.0,0.9906662106513977,2.801461840284958e-10,-0.008160226047039032,4.5928216785284803e-10,0,0,0,0,1,0,0,0,0,0,13
0.010548306629061699,-2.2825601408982266e-09,0.006952005438506603,-2.929577969101871e-10,0.025223644450306892,-3.5321462421578076e-10,0.12474089860916138,0.008490756154060364,-5.745985909300089e-10,1.5004066782411951e-12,7.0247656367428135e-06,-2.619190021119211e-12,0.9818469882011414,5.630929056366085e-10,-0.009317257441580296,1.23270671448239e-10,0,0,0,0,1,0,0,0,1,0,0
0.018270881846547127,-2.448347524719452e-09,0.008328302763402462,-1.6021038662383802e-10,0.03330288827419281,-9.007225520996087e-10,0.11527635902166367,0.007801095489412546,-5.290103910482458e-10,7.390314922528507e-12,4.614657154888846e-05,2.083218183563001e-18,0.9724517464637756,7.456246176040793e-10,-0.009637720882892609,1.833378726612267e-10,0,0,0,0,1,0,0,0,1,0,0
0.02727341093122959,-2.625654138554978e-09,0.009525523521006107,-1.631647456035168e-10,0.04086579382419586,-1.413581030007549e-09,0.11157269775867462,0.007368221879005432,-4.996565383663665e-10,6.97999340618094e-12,4.3584434024523944e-05,-6.943502954280374e-19,0.9623057246208191,8.712614518735506e-10,-0.010538101196289062,7.134409729658842e-11,0,0,0,0,1,0,0,0,1,0,16
0.03562595322728157,-3.8125800294608325e-09,0.009175652638077736,-1.8068646578939251e-10,0.04799659550189972,-1.8971375581600114e-09,0.11085603386163712,0.006937615107744932,-4.704562295287928e-10,6.5721664221918275e-12,4.103786704945378e-05,6.942979245555051e-19,0.9514368772506714,1.3026675294014467e-09,-0.010879600420594215,9.560267022479252e-10,0,0,0,0,1,0,0,0,1,0,13
0.044012077152729034,-4.949944898413605e-09,0.010067443363368511,-1.1342506101019723e-10,0.05697008594870567,8.607841664343141e-06,0.1311701536178589,0.013979240320622921,2.8261345505598e-05,2.9498571052499756e-07,6.801380095566856e-06,3.461976234575559e-07,0.9404253959655762,2.0019299551421454e-09,-0.011310156434774399,5.113545142876319e-10,0,0,0,0,1,0,0,0,1,0,13
0.05450951308012009,4.808422318092198e-07,0.010675542056560516,2.4294122340506874e-06,0.07080921530723572,3.6515091778710485e-05,0.13716332614421844,0.013768777251243591,2.7764777769334614e-05,2.857949539247784e-07,7.812065632606391e-06,3.571965123683185e-07,0.9287715554237366,2.283975009120809e-09,-0.011916019953787327,1.0429339336592847e-10,0,0,0,0,1,0,0,0,1,0,18
0.06536358594894409,6.930818017281126e-06,0.011177098378539085,9.557475095789414e-06,0.08391163498163223,6.22066218056716e-05,0.12681378424167633,0.012483199127018452,2.3784201403032057e-05,-6.248117045970503e-08,4.532761886366643e-05,4.119450238704303e-07,0.9165447354316711,4.1006347828442813e-07,-0.012460877187550068,9.496332040725974e-07,0,0,0,0,1,0,0,0,1,0,0
0.0769418478012085,2.074667099805083e-05,0.011883500963449478,1.7113512512878515e-05,0.0960121899843216,8.502367563778535e-05,0.11762649565935135,0.011764262802898884,2.2038515453459695e-05,-3.0787194305048615e-07,6.958852463867515e-05,0.0,0.9038431644439697,2.2373778847395442e-06,-0.01288231648504734,2.5456470211793203e-06,0,0,0,0,1,0,0,0,1,0,0
0.08917530626058578,3.968889359384775e-05,0.012501724064350128,2.0570112610585056e-05,0.10744781047105789,0.00010644652502378449,0.11083138734102249,0.011155085638165474,2.089731424348429e-05,-2.919397843470506e-07,6.598739855689928e-05,-4.5544016285094593e-14,0.8907760381698608,5.382956260291394e-06,-0.013204882852733135,3.3846849873953033e-06,0,0,0,0,1,0,0,0,1,0,16
0.10195155441761017,6.341048720059916e-05,0.012981190346181393,2.6507212169235572e-05,0.11825701594352722,0.00012669585703406483,0.10950829833745956,0.010532745160162449,1.973145299416501e-05,-2.756500236955617e-07,6.230543658602983e-05,-4.5536491244391186e-14,0.8774299025535583,9.043957106769085e-06,-0.013451716862618923,3.885514615831198e-06,0,0,0,0,1,0,0,0,1,0,13
0.11511769890785217,-0.0007768557989038527,0.013238980434834957,2.3847420379752293e-05,0.1284588873386383,0.00014580745482817292,0.11070507764816284,0.009936044923961163,1.861363125499338e-05,-2.6002629738286487e-07,5.877396324649453e-05,-2.276484054974763e-14,0.8638719320297241,1.3163840776542202e-05,-0.013637542724609375,4.184949830232654e-06,0,0,0,0,1,0,0,0,1,0,16
0.12835673987865448,-0.0022525095846503973,0.013239067979156971,1.1924494174309075e-05,0.13996779918670654,7.986728451214731e-05,0.13554465770721436,0.015576904639601707,-0.00025980593636631966,-6.148678011186348e-08,1.0348776413593441e-05,-7.976236702234019e-07,0.8501538634300232,1.6986423361231573e-05,-0.01377778872847557,3.5123448469676077e-06,0,0,0,0,1,0,0,0,1,0,16
0.14159919321537018,-0.002246808959171176,0.013272990472614765,3.3491965041321237e-06,0.1554371565580368,-0.00017812152509577572,0.15394514799118042,0.015381600707769394,-0.0002565171744208783,-6.148678011186348e-08,1.0348776413593441e-05,-7.976236702234019e-07,0.8363156914710999,2.0142992070759647e-05,-0.013882973231375217,2.863315557988244e-06,0,0,0,0,1,0,0,0,1,0,5
0.15503834187984467,-0.0021965401247143745,0.013562160544097424,0.0001068623605533503,0.1703948825597763,-0.00042700974154286087,0.12457417696714401,0.014177164062857628,-0.00023464135301765054,1.2886821423307993e-06,4.0134709706762806e-05,-1.9326937490404816e-06,0.8223875761032104,1.3870551811123732e-05,-0.01396151166409254,-1.732181954139378e-05,0,0,0,0,1,0,0,0,1,0,0
0.16872265934944153,-0.002007445553317666,0.013774107210338116,0.00025425374042242765,0.18414990603923798,-0.0006542179617099464,0.10569604486227036,0.013359046541154385,-0.0002202734031016007,2.1933656171313487e-06,5.9885824157390743e-05,-1.4173904219205724e-06,0.8083921074867249,-1.7330296032014303e-05,-0.014020415022969246,-4.258269109413959e-05,0,0,0,0,1,0,0,0,1,0,5
0.18258808553218842,-0.0017254763515666127,0.013934514485299587,0.0002651283866725862,0.19706511497497559,-0.000866975518874824,0.11271211504936218,0.012607406824827194,-0.00020768694230355322,2.9011753213126212e-06,7.457199535565451e-05,-3.6450600567408675e-13,0.7943463325500488,-7.117536006262526e-05,-0.014064592309296131,-5.7185101468348876e-05,0,0,0,0,1,0,0,0,1,0,16
0.19659268856048584,-0.0014964373549446464,0.014056352898478508,0.00020037427020724863,0.20929299294948578,-0.0010684099979698658,0.11237738281488419,0.01191899087280035,-0.00019634637283161283,2.7429748570284573e-06,7.050560816423967e-05,0.0,0.7802629470825195,-0.00012748663721140474,-0.014096848666667938,-5.558937482419424e-05,0,0,0,0,1,0,0,0,1,0,18
0.21068301796913147,-0.0013308918569236994,0.014121788553893566,0.0001384736824547872,0.2208404690027237,-0.001258636126294732,0.11105412989854813,0.01125037856400013,-0.00018533198453951627,2.589079713288811e-06,6.654989556409419e-05,3.643616712598746e-13,0.7661514282226562,-0.000182179210241884,-0.014122093096375465,-5.395387779572047e-05,0,0,0,0,1,0,0,0,1,0,5
0.22475780546665192,-0.0012305850395932794,0.014120860956609249,7.552142778877169e-05,0.23229549825191498,-0.0014183884486556053,0.12036360800266266,0.016202356666326523,2.2605232516070828e-05,9.56734311330365e-07,8.319316293636803e-06,-1.1234531029913342e-06,0.752018928527832,-0.0002371014270465821,-0.014140325598418713,-5.57124731130898e-05,0,0,0,0,1,0,0,0,1,0,0
0.23847457766532898,-0.0011905782157555223,0.013386151753365993,1.1931623703276273e-05,0.24814927577972412,-0.0013970057480037212,0.16152344644069672,0.01575382985174656,2.121840589097701e-05,8.988106401375262e-07,1.2283413525437936e-05,-9.631056627767975e-07,0.7378708720207214,-0.00029377435566857457,-0.014153649099171162,-5.745703310822137e-05,0,0,0,0,1,0,0,0,1,0,16
0.2517869472503662,0.0003574008005671203,0.013312527909874916,3.7955896914354526e-06,0.2637271285057068,-0.001376176136545837,0.1026705950498581,0.015166601166129112,1.9347617126186378e-05,7.958791456985637e-07,1.912770494527649e-05,-7.111343052201846e-07,0.7237110137939453,-0.00034934209543280303,-0.014164167456328869,-5.1064995204797015e-05,0,0,0,0,1,0,0,0,1,0,16
0.2650994062423706,0.0010159234516322613,0.013312522321939468,1.4232747389542055e-06,0.2791767418384552,-0.0011858047218993306,0.17040659487247467,0.01579306088387966,0.0002640741877257824,4.049072686029831e-07,-7.755484716653882e-07,1.8019230196841818e-07,0.709542453289032,-0.0003939023881684989,-0.014171880669891834,-3.923541589756496e-05,0,0,0,0,1,0,0,0,1,0,6
0.2784578502178192,0.0010097932536154985,0.013462585397064686,-2.7134015908814035e-05,0.2948586642742157,-0.000923589919693768,0.15044571459293365,0.01559169590473175,0.0002607142087072134,4.049072686029831e-07,-7.755484716653882e-07,1.8019230196841818e-07,0.6953675746917725,-0.0004259063280187547,-0.014176789671182632,-2.26101947191637e-05,0,0,0,0,0,1,0,0,1,0,0
0.29205870628356934,0.0009153395658358932,0.013702932745218277,-0.00015613867435604334,0.30970314145088196,-0.0006761965341866016,0.13442237675189972,0.014072553254663944,0.00023360732302535325,-9.807495189306792e-07,3.102211849181913e-05,1.9044975942961173e-06,0.6811879873275757,-0.00042886173469014466,-0.014181697741150856,1.3129420040058903e-05,0,0,0,0,0,1,0,0,1,0,6
0.30586257576942444,0.0006877842824906111,0.01387876644730568,-0.00027296083862893283,0.3235870599746704,-0.00044584099669009447,0.10671132802963257,0.01351984590291977,0.0002240045287180692,-1.4114693840383552e-06,4.085476030013524e-05,1.926705181176658e-06,0.6670049428939819,-0.0003960674221161753,-0.014184502884745598,4.888596959062852e-05,0,0,0,0,0,1,0,0,1,0,7
0.31981927156448364,0.00044273078674450517,0.014014454558491707,-0.000217033812077716,0.33652642369270325,-0.00023190121282823384,0.10754521191120148,0.012635868974030018,0.00020887529535684735,-2.918175596278161e-06,7.47506128391251e-05,7.290187334016429e-13,0.6528195738792419,-0.0003410374920349568,-0.014185905456542969,5.459109888761304e-05,0,0,0,0,0,0,1,0,1,0,6
0.33290791511535645,0.0014051945181563497,0.013691924512386322,0.0001573671615915373,0.3487841486930847,-2.92763470497448e-05,0.11276646703481674,0.011951500549912453,0.00019756243273150176,-2.7599262466537766e-06,7.069695857353508e-05,3.644342314902682e-13,0.6386322379112244,-0.0002874429046642035,-0.014188009314239025,5.277880700305104e-05,0,0,0,0,0,1,0,0,1,0,6
0.34593749046325684,0.002101479098200798,0.013037989847362041,0.00033551317756064236,0.3621079623699188,0.002084839390590787,0.15035368502140045,0.014260595664381981,0.0033693970181047916,3.620147708716104e-06,1.611021980352234e-05,1.747985152178444e-05,0.6244431734085083,-0.00023204396711662412,-0.014189411886036396,6.543588096974418e-05,0,0,0,0,0,1,0,0,1,0,12
0.3584507703781128,0.0033866961020976305,0.01239776611328125,0.001975612249225378,0.37627214193344116,0.0054312581196427345,0.13458320498466492,0.014085209928452969,0.003327837446704507,3.620147708716104e-06,1.611021980352234e-05,1.747985152178444e-05,0.6102531552314758,-0.0001477077603340149,-0.014190113171935081,9.980035247281194e-05,0,0,0,0,0,1,0,0,1,0,1
0.3703594207763672,0.005877646617591381,0.01176700834184885,0.002545603085309267,0.3895987868309021,0.008544614538550377,0.13146385550498962,0.01280040293931961,0.0029663981404155493,-2.142487392120529e-05,4.942755549564026e-05,2.4914352252380922e-05,0.5960630178451538,-2.9006465410930105e-05,-0.014190113171935081,0.00013416570436675102,1,0,0,0,0,0,0,0,1,0,6
0.38241034746170044,0.008461249060928822,0.012269089929759502,0.002599917585030198,0.4020722508430481,0.011427126824855804,0.11832619458436966,0.012131653726100922,0.0027967714704573154,-3.9069855120033026e-05,7.176125654950738e-05,5.831256484623015e-12,0.5819019079208374,0.0005356196197681129,-0.014122093096375465,0.000916260527446866,0,0,0,0,0,1,0,0,1,0,6
0.3949115574359894,0.011056952178478241,0.01267615519464016,0.0025878041051328182,0.41386523842811584,0.014145825058221817,0.11485912650823593,0.011504106223583221,0.0026521000545471907,-3.704991831909865e-05,6.805115845054388e-05,-5.8301983033026694e-12,0.5678648352622986,0.0018791996408253908,-0.013952044770121574,0.0016918005421757698,0,0,0,0,0,1,0,0,1,0,12
0.40775424242019653,0.01365670282393694,0.012956647202372551,0.0026292065158486366,0.42501842975616455,0.016717027872800827,0.11186166107654572,0.010865478776395321,0.002504873787984252,-3.499157537589781e-05,6.427051994251087e-05,5.829178285898795e-12,0.55404132604599,0.003962395712733269,-0.01371713262051344,0.00237061083316803,0,0,0,0,0,1,0,0,1,0,14
0.42075860500335693,0.01640894263982773,0.013046481646597385,0.0026754559949040413,0.43554919958114624,0.019144730642437935,0.11103268712759018,0.010258495807647705,0.002364944200962782,-3.3037813409464434e-05,6.068191578378901e-05,0.0,0.5404750108718872,0.006669631227850914,-0.01343313418328762,0.002980745630338788,0,0,0,0,0,0,0,0,1,0,6
0.43296945095062256,0.019389864057302475,0.011752858757972717,0.002090073423460126,0.44548606872558594,0.021435527130961418,0.10831204056739807,0.0096793407574296,0.0022314286325126886,-3.11732292175293e-05,5.7257155276602134e-05,-2.9137202633283676e-12,0.5272990465164185,0.009947779588401318,-0.01260462962090969,0.003371640807017684,0,0,0,0,0,1,0,0,1,0,17
0.443532258272171,0.02143041417002678,0.009226448833942413,0.0013418174348771572,0.48178765177726746,0.022969268262386322,0.24653299152851105,0.06246199458837509,0.0008287275559268892,-1.0316631232853979e-05,3.194592864019796e-05,0.0005662365583702922,0.5161529183387756,0.013696973212063313,-0.010462367907166481,0.0042229462414979935,0,0,0,0,0,1,0,0,1,1,13
0.45175856351852417,0.02265666425228119,0.0073944819159805775,0.0011787317926064134,0.5425887107849121,0.02367452345788479,0.3780589699745178,0.059476375579833984,0.0006054939585737884,-1.0316631232853979e-05,3.194592864019796e-05,0.0005662365583702922,0.5062404274940491,0.01843704842031002,-0.009431908838450909,0.0051488145254552364,0,0,0,0,0,1,0,0,1,1,17
0.4589550197124481,0.02359212562441826,0.0068994127213954926,0.0005705647636204958,0.6005215048789978,0.02416127920150757,0.33368369936943054,0.05669792741537094,0.00039094427484087646,-1.0316631232853979e-05,3.194592864019796e-05,0.0005662365583702922,0.49708685278892517,0.02368439920246601,-0.008510841988027096,0.004863881506025791,0,0,0,0,0,1,0,0,1,1,0
0.4653138220310211,0.02414356917142868,0.006080925930291414,0.0005184607580304146,0.6557729840278625,0.024438412860035896,0.12451709061861038,0.0540914349257946,0.00018538271251600236,-1.0316631232853979e-05,3.194592864019796e-05,0.0005662365583702922,0.4920433759689331,0.027033666148781776,-0.0044138478115201,0.0027814374770969152,0,0,0,0,0,1,0,0,1,1,11
0.47116076946258545,0.02541152574121952,0.00571888592094183,0.0021599570754915476,0.702440083026886,0.024605579674243927,0.19479137659072876,0.04523172229528427,0.00011534224904607981,-9.584724466549233e-06,5.4410393204307184e-05,0.0005166569026187062,0.4890845715999603,0.029520366340875626,-0.003484334796667099,0.00239203916862607,0,0,0,0,0,1,0,0,1,1,13
0.4762555658817291,0.0282963328063488,0.004661175422370434,0.0033080382272601128,0.7467144131660461,0.02465078793466091,0.1083943173289299,0.04315822571516037,-8.621167580713518e-06,-9.485708687861916e-06,5.6348886573687196e-05,0.000511310703586787,0.4883468449115753,0.03198894485831261,-5.4366446420317516e-05,0.0024057053960859776,0,0,0,0,0,1,0,0,1,1,4
0.479076087474823,0.03110910952091217,0.0034251362085342407,0.002592711243778467,0.7857488989830017,0.024647394195199013,0.11138153821229935,0.03766060620546341,-3.170625495840795e-05,-7.904158337623812e-06,8.543253352399915e-05,0.0004265827010385692,0.4911165237426758,0.03482150286436081,0.0002482424024492502,0.0015821639681234956,0,0,0,1,0,0,0,0,1,1,10
0.4814241826534271,0.032470326870679855,0.0031827325001358986,0.000829455500934273,0.8199662566184998,0.02462831325829029,0.1142830178141594,0.03204186633229256,-1.3452841812977567e-05,-3.310663487354759e-06,0.0001478248741477728,0.0001871336280601099,0.4931415319442749,0.036556366831064224,0.0004080253711435944,0.0009696425986476243,0,0,0,1,0,0,0,0,1,1,6
0.4847671091556549,0.03224686160683632,0.004108285065740347,-0.000938423618208617,0.850123405456543,0.024617331102490425,0.1092400774359703,0.028784161433577538,-9.284307452617213e-06,1.2969233864623675e-07,0.00017025589477270842,1.8375717072104114e-13,0.49551883339881897,0.03729153051972389,0.003149626078084111,0.00022634913329966366,0,0,0,0,0,1,0,0,1,1,15
0.4897286295890808,0.032036520540714264,0.005619598086923361,0.0006493058172054589,0.8774773478507996,0.024608509615063667,0.10946108400821686,0.02624586597084999,-8.465585779049434e-06,1.1825673595922126e-07,0.0001552440953673795,-1.3758128479795378e-13,0.49993497133255005,0.03754037246108055,0.005057129077613354,0.00026407354744151235,0,0,0,0,0,1,0,0,0,1,14
0.495250403881073,0.03359678387641907,0.005771387834101915,0.0025239172391593456,0.902502179145813,0.0246004369109869,0.10959599912166595,0.024074679240584373,-7.765273949189577e-06,1.0847514175793549e-07,0.0001424030342604965,9.159779055037398e-14,0.5063913464546204,0.038255419582128525,0.0071599893271923065,0.0007006110390648246,0,0,0,0,0,0,0,0,0,1,17
0.501160740852356,0.03609826788306236,0.006123305298388004,0.0016685303999111056,0.9255207777023315,0.024593012407422066,0.10969337075948715,0.022193487733602524,-7.158496373449452e-06,9.999968142437865e-08,0.0001312766835326329,6.862496275449395e-14,0.513832688331604,0.03897274285554886,0.007889456115663052,0.0002546774339862168,0,0,0,0,0,0,0,0,0,1,7
0.5084068775177002,0.03677895665168762,0.007951867766678333,0.00011215521226404235,0.9467904567718506,0.024586154147982597,0.10976489633321762,0.02054525353014469,-6.626864433201263e-06,9.257369271153948e-08,0.00012152796261943877,0.0,0.5222802758216858,0.03904610872268677,0.00912860780954361,-0.00017186095647048205,0,0,0,0,0,0,1,0,0,1,12
0.5170630812644958,0.036654021590948105,0.009184282273054123,-0.00018842048302758485,0.9665194749832153,0.024579789489507675,0.10981818288564682,0.019086893647909164,-6.156469225970795e-06,8.60029416571706e-08,0.00011290211114101112,-4.5678050778668114e-14,0.5314976572990417,0.038799967616796494,0.009496665559709072,-0.0002781040675472468,0,0,0,0,0,0,1,0,0,1,12
0.5267213582992554,0.036448217928409576,0.010088912211358547,-0.00021977639698889107,0.9848787784576416,0.02457386814057827,0.10985840111970901,0.017785295844078064,-5.736638740927447e-06,8.013840613330103e-08,0.00010520335490582511,0.0,0.5414717793464661,0.0385088287293911,0.01040961965918541,-0.00031970435520634055,0,0,0,0,0,0,1,0,0,1,18
0.5381889343261719,0.03631827235221863,0.011437618173658848,-0.00020772054267581552,1.0020103454589844,0.02456834353506565,0.10988911241292953,0.016614550724625587,-5.359014267014572e-06,7.486340081186427e-08,9.827846952248365e-05,0.0,0.552324652671814,0.03819181025028229,0.010951553471386433,-0.0003267018182668835,0,0,0,0,0,0,1,0,0,0,17
