lt_dp_posx,lt_dp_posy,lt_dp_velx,lt_dp_vely,ball_posx,ball_posy,ball_posz,ball_vel_x,ball_vel_y,ball_rot_x,ball_rot_y,ball_rot_z,rt_gk_posx,rt_gk_posy,rt_gk_velx,rt_gk_vely,action_left,action_top_left,action_top,action_top_right,action_right,action_bottom_right,action_bottom,action_bottom_left,action_sprint,action_dribble,sel_action
-1.0110293626785278,-0.0,0.0,-0.0,0.019999999552965164,-0.0,0.11061639338731766,-0.0,0.0,0.0,-0.0,0.0,1.0110293626785278,0.0,-0.0,0.0,0,0,0,0,0,0,0,0,0,0,5
0.0,-0.0,0.0,-0.0,0.019999999552965164,-0.0,0.11059734225273132,-0.0,0.0,0.0,-0.0,0.0,1.0089819431304932,-1.4662690506206388e-10,-0.003723537316545844,-2.399299370292596e-10,0,0,0,0,1,0,0,0,0,0,5
4.241273563820869e-05,1.1441222969033049e-11,0.0006617647595703602,5.902629513637736e-12,0.019999999552965164,-0.0,0.10930104553699493,-0.0,0.0,0.0,-0.0,0.0,1.0043776035308838,-3.568936812747836e-10,-0.005314630456268787,-1.64072269659421e-10,0,0,0,0,1,0,0,0,0,0,5
0.003006112528964877,1.519928627402578e-10,0.004283254500478506,2.455746196672326e-11,0.019999999552965164,-0.0,0.11075475811958313,-0.0,0.0,0.0,-0.0,0.0,0.9982317090034485,-2.9323651840051923e-10,-0.006807551719248295,6.676476038691703e-10,0,0,0,0,1,0,0,0,0,0,5
0.005976419895887375,-3.335942633242439e-09,0.005899912212044001,-4.0283978930411024e-10,0.019999999552965164,-0.0,0.11053141206502914,-0.0,0.0,0.0,-0.0,0.0,0.9906662106513977,2.8018978803778793e-10,-0.008160226047039032,4.5935694137355654e-10,0,0,0,0,1,0,0,0,0,0,13
0.01208920031785965,-4.567149325396258e-09,0.007388565689325333,-2.3666513193632e-10,0.027043690904974937,-7.464242002264143e-10,0.12339748442173004,0.008541037328541279,-9.062132710901949e-10,3.165869476295935e-12,9.764514288690407e-06,-4.503728119609196e-12,0.9818469882011414,5.63256719043892e-10,-0.009317257441580296,1.2343044641927037e-10,0,0,0,0,1,0,0,0,1,0,13
0.020219657570123672,-4.706699918699542e-09,0.00871200766414404,-1.5976672762541e-10,0.03515337407588959,-1.6084203968702582e-09,0.11658526211977005,0.007856030017137527,-8.355862113340606e-10,1.167331856177789e-11,4.647200694307685e-05,1.3888268392970657e-18,0.9724517464637756,7.411532498835527e-10,-0.009637720882892609,1.738143934337799e-10,0,0,0,0,1,0,0,0,1,0,5
0.02957405149936676,-4.8246446837652e-09,0.009851332753896713,-6.344568620475499e-11,0.04277469217777252,-2.4190416336722365e-09,0.10804859548807144,0.007430294528603554,-7.903038778955818e-10,1.1040613735746607e-11,4.3953197746304795e-05,-6.943580502462801e-19,0.9623057246208191,8.496945369529385e-10,-0.010538101196289062,4.738283029825929e-11,0,0,0,0,1,0,0,0,1,0,5
0.03769775107502937,-7.0189694056921326e-09,0.009381312876939774,-1.677382677200967e-10,0.049968358129262924,-3.1841775882668344e-09,0.11133904755115509,0.007003610488027334,-7.449207917176182e-10,1.0406486436465023e-11,4.142869875067845e-05,-1.3886115655426487e-18,0.9514368772506714,1.261697302190612e-09,-0.010879600420594215,9.489307117860335e-10,0,0,0,0,1,0,0,0,1,0,0
0.046701423823833466,-8.300626852530968e-09,0.01024884358048439,-1.0085627472067316e-10,0.060423411428928375,1.4213128451956436e-05,0.14029178023338318,0.013894477859139442,2.8018954253639095e-05,2.853884950582142e-07,8.174314643838443e-06,3.5968724887425196e-07,0.9404253959655762,1.944128413811086e-09,-0.011310156434774399,4.866282932169952e-10,0,0,0,0,1,0,0,0,1,0,0
0.05729321017861366,1.2056464129273081e-06,0.010675586760044098,4.04682032240089e-06,0.07422768324613571,4.204155629849993e-05,0.1264386922121048,0.013696878217160702,2.7570509701035917e-05,2.7805009494841215e-07,8.972260729933623e-06,3.6781787571271707e-07,0.9287715554237366,2.1918924453245836e-09,-0.011916019953787327,6.262295543235652e-11,0,0,0,0,1,0,0,0,1,0,5
0.06827076524496078,9.047485946211964e-06,0.011330842971801758,1.0950497198791709e-05,0.08706510066986084,6.690617010463029e-05,0.12639231979846954,0.012363479472696781,2.3459364456357434e-05,-9.719367710658844e-08,4.9115191359305754e-05,3.7784417372677126e-07,0.9165447354316711,4.1384811311218073e-07,-0.012460877187550068,9.586966598362778e-07,0,0,0,0,1,0,0,0,1,0,0
0.07998651266098022,2.4302562451339327e-05,0.012014280073344707,1.793093906599097e-05,0.09903013706207275,8.939954568631947e-05,0.11751991510391235,0.011658850125968456,2.18382465391187e-05,-3.0508408599416725e-07,6.896725244587287e-05,4.5550423242307625e-14,0.9038431644439697,2.2586107206734596e-06,-0.01288231648504734,2.569956905063009e-06,0,0,0,0,1,0,0,0,1,0,0
0.09234046190977097,4.392753180582076e-05,0.01260839868336916,2.1595851649180986e-05,0.11034836620092392,0.00011059979442507029,0.11176735907793045,0.01103160809725523,2.0663363102357835e-05,-2.88655627400658e-07,6.525339267682284e-05,0.0,0.8907760381698608,5.4355878091882914e-06,-0.013204882852733135,3.421705287109944e-06,0,0,0,0,1,0,0,0,1,0,16
0.10520878434181213,6.88562067807652e-05,0.013062270358204842,2.775341272354126e-05,0.12104087322950363,0.00013062800280749798,0.11096873879432678,0.010417248122394085,1.9512603103066795e-05,-2.7258738555246964e-07,6.162100908113644e-05,0.0,0.8774299025535583,9.143283023149706e-06,-0.013451716862618923,3.940136593882926e-06,0,0,0,0,1,0,0,0,1,0,16
0.11841432750225067,-0.0011668828083202243,0.013238980434834957,2.1448546249303035e-05,0.13113075494766235,0.00014952743367757648,0.10908352583646774,0.00982715841382742,1.840729601099156e-05,-2.571494519543194e-07,5.813113966723904e-05,4.552848847710553e-14,0.8638719320297241,1.3304832464200445e-05,-0.013637542724609375,4.097582404938294e-06,0,0,0,0,1,0,0,0,1,0,16
0.13165336847305298,-0.0022505433298647404,0.013238980434834957,9.53246490098536e-06,0.14378005266189575,2.8020092941005714e-05,0.14720965921878815,0.01553349383175373,-0.00025917895254679024,-6.124694351683502e-08,1.03714810393285e-05,-7.978154599186382e-07,0.8501538634300232,1.63498170877574e-05,-0.01377778872847557,2.149060264855507e-06,0,0,0,0,1,0,0,0,1,0,13
0.14491237699985504,-0.002244810340926051,0.01333785429596901,1.3207847587182187e-05,0.15920622646808624,-0.00022935336164664477,0.14560677111148834,0.015338599681854248,-0.00025590992299839854,-6.124694351683502e-08,1.03714810393285e-05,-7.978154599186382e-07,0.8363156914710999,1.7475938875577413e-05,-0.013882973231375217,2.8569098731168197e-07,0,0,0,0,1,0,0,0,1,0,18
0.1584068089723587,-0.0021707252599298954,0.013610019348561764,0.00013718871923629194,0.1738969385623932,-0.00047350279055535793,0.12911537289619446,0.013999149203300476,-0.00023158753174357116,1.458725705560937e-06,4.386553700896911e-05,-1.9176081877958495e-06,0.8223875761032104,8.788296327111311e-06,-0.01396151166409254,-1.9266261006123386e-05,0,0,0,0,1,0,0,0,1,0,0
0.17213158309459686,-0.0019526202231645584,0.013809168711304665,0.0002823003742378205,0.18747469782829285,-0.0006976953009143472,0.11690200865268707,0.013137148693203926,-0.00021650073176715523,3.0241931199270766e-06,7.770342199364677e-05,-1.093700434037781e-12,0.8083921074867249,-2.374884206801653e-05,-0.014020415022969246,-4.341975727584213e-05,0,0,0,0,1,0,0,0,1,0,13
0.18602795898914337,-0.0016748751513659954,0.013961861841380596,0.0002517244720365852,0.20025207102298737,-0.000908267218619585,0.11498134583234787,0.01246572844684124,-0.00020543579012155533,2.869898253266001e-06,7.37383306841366e-05,-3.644902034274228e-13,0.7943466901779175,-7.79257170506753e-05,-0.014063891023397446,-5.733916987082921e-05,0,0,0,0,1,0,0,0,1,0,0
0.2000558078289032,-0.0014587660552933812,0.01407651323825121,0.00018800952238962054,0.21233978867530823,-0.001107473042793572,0.10733341425657272,0.011778132058680058,-0.0001941042282851413,2.711704837565776e-06,6.967374793021008e-05,-3.644158813684989e-13,0.7802637815475464,-0.00013437311281450093,-0.014096848666667938,-5.5710690503474325e-05,0,0,0,0,1,0,0,0,1,0,16
0.21415798366069794,-0.0013055858435109258,0.014122053049504757,0.00012583087664097548,0.2237517386674881,-0.0012955424608662724,0.11101736128330231,0.011116599664092064,-0.00018320207891520113,2.5592573820176767e-06,6.57568234601058e-05,7.286965085159802e-13,0.7661526799201965,-0.00018916872795671225,-0.01412139181047678,-5.4041662224335596e-05,0,0,0,0,1,0,0,0,1,0,16
0.22823882102966309,-0.0012158802710473537,0.013973958790302277,6.225334072951227e-05,0.2361682653427124,-0.0014141842257231474,0.1366603821516037,0.01591673493385315,2.1644036678480916e-05,8.989547382043384e-07,1.2277506357349921e-05,-9.624525318940869e-07,0.7520207762718201,-0.0002442393742967397,-0.014139624312520027,-5.591277658822946e-05,0,0,0,0,1,0,0,0,1,0,16
0.2418159395456314,-0.0010356814600527287,0.01331257726997137,5.692813829227816e-06,0.25197291374206543,-0.0013927083928138018,0.15771448612213135,0.0157131589949131,2.1359845050028525e-05,8.989547382043384e-07,1.2277506357349921e-05,-9.624525318940869e-07,0.7378731966018677,-0.00030117627466097474,-0.014153649099171162,-5.777274782303721e-05,0,0,0,0,1,0,0,0,1,0,5
0.2551282048225403,0.0007008041720837355,0.013312598690390587,3.3214616905752337e-06,0.26731935143470764,-0.0013726969482377172,0.12169528752565384,0.014493726193904877,1.609471109986771e-05,4.6273788711914676e-07,4.0967697714222595e-05,-1.26034052527757e-07,0.7237138748168945,-0.0003566544037312269,-0.014164167456328869,-5.015662100049667e-05,0,0,0,0,1,0,0,0,1,0,5
0.2684406638145447,0.0010163704864680767,0.013312522321939468,9.482557175033435e-07,0.2830081880092621,-0.0011328340042382479,0.17423634231090546,0.015752354636788368,0.0002633901603985578,4.045696471166593e-07,-7.784909143992991e-07,1.8109751920292183e-07,0.7095457315444946,-0.00039914052467793226,-0.014171880669891834,-3.620706047513522e-05,0,0,0,0,1,0,0,0,1,0,16
0.2818373143672943,0.0010015333537012339,0.013516930863261223,-4.7964447730919346e-05,0.29864999651908875,-0.0008712877170182765,0.13477066159248352,0.015551920980215073,0.00026005672407336533,4.045696471166593e-07,-7.784909143992991e-07,1.8109751920292183e-07,0.695371150970459,-0.0004270741774234921,-0.014176789671182632,-1.829001666919794e-05,0,0,0,0,1,0,0,0,1,0,6
0.2954840064048767,0.0008802689844742417,0.013742377050220966,-0.00018325219571124762,0.31318947672843933,-0.0006293377373367548,0.13702869415283203,0.014029022306203842,0.00023286655778065324,-9.92648210740299e-07,3.1287687306758016e-05,1.9089857232756913e-06,0.681191623210907,-0.0004268194898031652,-0.01418099645525217,1.5430545317940414e-05,0,0,0,0,0,1,0,0,1,0,6
0.30932164192199707,0.0006344734574668109,0.01390891894698143,-0.0002656755968928337,0.32691213488578796,-0.00040180838550440967,0.1179390624165535,0.013180705718696117,0.00021800785907544196,-2.380953901592875e-06,6.290128658292815e-05,1.1727767059710459e-06,0.6670085787773132,-0.00039283494697883725,-0.014183801598846912,4.916714897262864e-05,0,0,0,0,0,1,0,0,1,0,6
0.3231600522994995,0.0005906957667320967,0.01397055946290493,-0.00021634867880493402,0.3397103548049927,-0.00019023061031475663,0.11499188840389252,0.012490235269069672,0.00020647035853471607,-2.8842791834904347e-06,7.388147059828043e-05,7.289858820758166e-13,0.6528226733207703,-0.00033778633223846555,-0.014186606742441654,5.4737927712267265e-05,0,0,0,0,0,1,0,0,1,0,6
0.33615946769714355,0.0016544031677767634,0.013610436581075191,0.00015643666847608984,0.3518329858779907,1.0163327715417836e-05,0.1094159260392189,0.011815926060080528,0.00019532369333319366,-2.728718072830816e-06,6.989671965129673e-05,0.0,0.6386348009109497,-0.0002838594955392182,-0.01418871060013771,5.3262738219927996e-05,0,0,0,0,0,1,0,0,1,0,12
0.3491796851158142,0.0022211724426597357,0.012725591659545898,0.0006778120878152549,0.3656335771083832,0.002757722046226263,0.15521031618118286,0.014225621707737446,0.0033609725069254637,3.6201518014422618e-06,1.611002517165616e-05,1.7479878806625493e-05,0.6244455575942993,-0.00022772880038246512,-0.014189411886036396,6.650601426372305e-05,0,0,0,0,0,1,0,0,1,0,12
0.36156773567199707,0.003835879033431411,0.01214847806841135,0.0023421416990458965,0.379752516746521,0.0060930014587938786,0.11946135014295578,0.013959389179944992,0.00329392496496439,2.3928607788548106e-06,1.7755037333699875e-05,1.8869559426093474e-05,0.6102555394172668,-0.00014179573918227106,-0.014190113171935081,0.00010182831465499476,0,0,0,0,0,1,0,0,1,0,12
0.37340766191482544,0.0063899364322423935,0.011874647811055183,0.00256455410271883,0.39282500743865967,0.009134948253631592,0.13028568029403687,0.012716412544250488,0.0029448424465954304,-2.274045800731983e-05,5.115166277391836e-05,2.3988815883058123e-05,0.5960654616355896,-2.053974094451405e-05,-0.014190113171935081,0.00013715129171032459,0,0,0,0,0,1,0,0,1,0,16
0.3855559825897217,0.008981609717011452,0.012358146719634533,0.0026003525126725435,0.40515992045402527,0.01198276411741972,0.11858455836772919,0.012015930376946926,0.002770102582871914,-3.8698814023518935e-05,7.107954297680408e-05,-5.831057858785016e-12,0.5819065570831299,0.0005644128541462123,-0.014116833917796612,0.0009507056674920022,0,0,0,0,0,1,0,0,1,0,3
0.39813539385795593,0.01157402154058218,0.012745576910674572,0.00258257077075541,0.4168262481689453,0.014672273769974709,0.11102482676506042,0.011379598639905453,0.002623404609039426,-3.664992982521653e-05,6.731628673151135e-05,-5.82999534065598e-12,0.56788170337677,0.001959391636773944,-0.013933462090790272,0.0017568949842825532,0,0,1,0,0,0,0,0,1,0,12
0.4110301733016968,0.014185121282935143,0.01299942284822464,0.0026445782277733088,0.42785194516181946,0.017214100807905197,0.11248774826526642,0.010743930004537106,0.002476859139278531,-3.460148582234979e-05,6.355384539347142e-05,-1.1657982738888517e-11,0.5540865063667297,0.0041203550063073635,-0.013682421296834946,0.002454884350299835,0,0,1,0,0,0,0,0,1,0,5
0.42398276925086975,0.017030149698257446,0.012941752560436726,0.002654035110026598,0.43826180696487427,0.019613925367593765,0.10797764360904694,0.010139056481420994,0.002337414538487792,-3.265391933382489e-05,5.997667176416144e-05,5.8280906142793576e-12,0.540563702583313,0.006918225437402725,-0.013382294215261936,0.003076433902606368,0,0,0,0,1,0,0,0,1,0,7
0.435930460691452,0.019895631819963455,0.011681126430630684,0.002037107478827238,0.4480838477611542,0.021878257393836975,0.1113424226641655,0.009567704983055592,0.002205698052421212,-3.081314207520336e-05,5.6595636124257e-05,5.82728743730998e-12,0.5274474620819092,0.010295558720827103,-0.012544323690235615,0.0034610405564308167,0,0,0,0,0,0,1,0,1,0,18
0.44594287872314453,0.021669404581189156,0.008467365987598896,0.001153321354649961,0.49446776509284973,0.021962134167551994,0.4242883324623108,0.06129409372806549,-0.0009044481557793915,-2.7369682356948033e-05,2.3859418433858082e-05,0.0011752325808629394,0.5165532231330872,0.014022504910826683,-0.010008671320974827,0.0041902633383870125,0,0,0,0,0,0,1,0,1,0,16
0.45391565561294556,0.02289259433746338,0.0073944819159805775,0.0011787174735218287,0.5541641712188721,0.020892422646284103,0.7247651219367981,0.0584249384701252,-0.0012049953220412135,-2.7369682356948033e-05,2.3859418433858082e-05,0.0011752325808629394,0.507103443145752,0.01871887780725956,-0.008962084539234638,0.005095498636364937,0,0,0,0,0,0,1,0,1,0,16
0.4610130786895752,0.02370641753077507,0.0068994127213954926,0.0005705647636204958,0.6111142635345459,0.019522491842508316,0.86248779296875,0.055773358792066574,-0.001504511572420597,-2.7369682356948033e-05,2.3859418433858082e-05,0.0011752325808629394,0.49843645095825195,0.02393498085439205,-0.00800350122153759,0.004837344866245985,0,0,0,0,0,0,1,0,1,0,16
0.46722036600112915,0.024245934560894966,0.006081572733819485,0.0005191845120862126,0.6655157804489136,0.01785482093691826,0.8477771878242493,0.05330402031540871,-0.0018004770390689373,-2.7369682356948033e-05,2.3859418433858082e-05,0.0011752325808629394,0.49379268288612366,0.027285046875476837,-0.004209102131426334,0.0029268800280988216,0,0,0,0,0,0,1,0,1,0,11
0.4740595519542694,0.02472188137471676,0.007591152098029852,0.00034904814674519,0.7175348997116089,0.015894025564193726,0.6900631785392761,0.050989117473363876,-0.002091044560074806,-2.7369682356948033e-05,2.3859418433858082e-05,0.0011752325808629394,0.49122756719589233,0.02975033037364483,-0.0030965011101216078,0.002387608401477337,0,0,0,0,0,0,1,0,1,0,4
0.4819725751876831,0.02476828172802925,0.008598442189395428,-0.00022202460968401283,0.7673134803771973,0.013646247796714306,0.39794009923934937,0.04880646616220474,-0.0023749403189867735,-2.7369682356948033e-05,2.3859418433858082e-05,0.0011752325808629394,0.49011117219924927,0.03163066506385803,-0.0016487815883010626,0.0017343458021059632,0,0,0,1,0,0,0,0,1,0,11
0.4904860854148865,0.02411576546728611,0.009174954146146774,-0.0005528924521058798,0.8131880164146423,0.011305879801511765,0.1628219485282898,0.03822143375873566,-0.0017358295153826475,-2.1844211005372927e-05,4.5190165110398084e-05,0.001046766759827733,0.4899287223815918,0.03301894664764404,-0.0008475305512547493,0.0009122912306338549,0,0,0,1,0,0,0,0,1,0,16
0.5000960230827332,0.02357635833323002,0.010259035043418407,-0.0005713201244361699,0.850803792476654,0.009508873336017132,0.3311471939086914,0.03711913153529167,-0.0018476600525900722,-2.1844211005372927e-05,4.5190165110398084e-05,0.001046766759827733,0.49029695987701416,0.03362810239195824,-0.0001724929898045957,0.0005353689193725586,0,0,0,1,0,0,0,0,1,0,5
0.510723888874054,0.023039953783154488,0.011083084158599377,-0.0005454130587168038,0.8873132467269897,0.007598050870001316,0.34593167901039124,0.036009497940540314,-0.001962941838428378,-2.1844211005372927e-05,4.5190165110398084e-05,0.001046766759827733,0.4924919307231903,0.0338992178440094,0.003505418077111244,9.625760139897466e-05,0,0,0,0,1,0,0,0,1,0,7
0.5222228169441223,0.02249358594417572,0.01190293487161398,-0.0005715893930755556,0.9227089881896973,0.0055704740807414055,0.21483002603054047,0.03489260748028755,-0.0020807920955121517,-2.1844211005372927e-05,4.5190165110398084e-05,0.001046766759827733,0.49739697575569153,0.03384818136692047,0.0050719124265015125,-0.00013095352915115654,0,0,0,0,0,0,1,0,1,0,18
0.5344938635826111,0.021929923444986343,0.012577200308442116,-0.0005758029874414206,0.955296516418457,0.003656504675745964,0.1732693761587143,0.030498633161187172,-0.0017241680761799216,-1.4340093912323937e-05,6.743796984665096e-05,0.0008723466889932752,0.5038908123970032,0.033625151962041855,0.007237980607897043,-0.00029815034940838814,0,0,0,0,0,0,1,0,1,0,4
0.5473644733428955,0.021366165950894356,0.013045858591794968,-0.0005820184596814215,0.9853876233100891,0.0019032586133107543,0.1854921132326126,0.02974998950958252,-0.001777417492121458,-1.4340093912323937e-05,6.743796984665096e-05,0.0008723466889932752,0.5123002529144287,0.033286839723587036,0.008478253148496151,-0.0004234790103510022,0,0,0,1,0,0,0,0,1,0,18
0.5606164336204529,0.020785188302397728,0.013383541256189346,-0.0005969363264739513,1.014194369316101,0.00016631020116619766,0.1326691210269928,0.027191564440727234,-0.0015848408220335841,-4.76269269711338e-06,9.21285682125017e-05,0.0006420460995286703,0.5217893123626709,0.03282465413212776,0.009564204141497612,-0.000551470322534442,0,0,0,1,0,0,0,0,1,0,16
