lt_dp_posx,lt_dp_posy,lt_dp_velx,lt_dp_vely,ball_posx,ball_posy,ball_posz,ball_vel_x,ball_vel_y,ball_rot_x,ball_rot_y,ball_rot_z,rt_gk_posx,rt_gk_posy,rt_gk_velx,rt_gk_vely,action_left,action_top_left,action_top,action_top_right,action_right,action_bottom_right,action_bottom,action_bottom_left,action_sprint,action_dribble,sel_action
-1.0110293626785278,-0.0,0.0,-0.0,0.019999999552965164,-0.0,0.11061639338731766,0.0,-0.0,0.0,-0.0,0.0,1.0110293626785278,0.0,-0.0,0.0,0,0,0,0,0,0,0,0,0,0,5
0.0003232249873690307,5.009550066437107e-11,0.0019679905381053686,1.558576046001292e-10,0.019999999552965164,-0.0,0.11059734225273132,0.0,-0.0,0.0,-0.0,0.0,1.0110293626785278,0.0,-0.0,0.0,0,0,0,0,1,0,0,0,0,0,5
0.0034698026720434427,-7.094605458668468e-11,0.004606736823916435,-1.1369825914098186e-10,0.019999999552965164,-0.0,0.10930104553699493,0.0,-0.0,0.0,-0.0,0.0,1.0110293626785278,0.0,-0.0,0.0,0,0,0,0,1,0,0,0,0,0,13
0.007220606319606304,-1.5964919386490806e-09,0.0062029086984694,-3.3405109234330155e-10,0.02090027928352356,1.0199039529590337e-11,0.11490735411643982,0.009002801030874252,1.0199040223479727e-10,8.050807741820376e-13,-1.304784291278338e-05,1.4987497191660398e-13,1.0089819431304932,-1.5777955331142124e-11,-0.003723537316545844,-2.596049417102897e-11,0,0,0,0,1,0,0,0,1,0,0
0.014238657429814339,-1.779284719560792e-09,0.007660851813852787,-1.9205052478876716e-11,0.029501892626285553,1.0859593085887909e-10,0.10950982570648193,0.008328909985721111,9.583041304939144e-11,1.1826771116260626e-12,-3.8366724766092375e-05,1.510006041646056e-13,1.0043776035308838,-3.904220002848291e-11,-0.005314630456268787,-1.8812170571314013e-11,0,0,0,0,1,0,0,0,1,0,13
0.02262367494404316,-2.131822718354215e-09,0.008950777351856232,-5.646689782423664e-10,0.037561092525720596,2.014596406363367e-10,0.11380040645599365,0.007858635857701302,9.055256544598933e-11,1.2649924510665933e-12,-4.648572576115839e-05,0.0,0.9982317090034485,8.635599180184528e-11,-0.006807551719248295,6.669155228067325e-10,0,0,0,0,1,0,0,0,1,0,13
0.03205374628305435,-2.8840134724816835e-09,0.009951059706509113,-2.7215840692207394e-10,0.0451790876686573,2.8923932693381005e-10,0.11147154867649078,0.007416617590934038,8.545924384817383e-11,1.193830299374421e-12,-4.387071749079041e-05,-8.679454302328333e-20,0.9906662106513977,6.566884258596417e-10,-0.008160226047039032,4.5386638891642406e-10,0,0,0,0,1,0,0,0,1,0,16
0.0401909165084362,-6.9488659271144115e-09,0.009588781744241714,-1.573477598215689e-10,0.05235544964671135,3.719301533422481e-10,0.1108224019408226,0.006979597266763449,8.04236052753815e-11,1.1234891055672547e-12,-4.1285828046966344e-05,-8.678786095489755e-20,0.9818469882011414,9.309335524676499e-10,-0.009317257441580296,1.1173454522728221e-10,0,0,0,0,1,0,0,0,1,0,16
0.049430496990680695,-8.884611268911158e-09,0.010337285697460175,-9.285331531438956e-11,0.06358768045902252,1.7681315512163565e-05,0.1428488790988922,0.014036365784704685,2.9313345294212922e-05,3.8029511983950215e-07,-4.303434252506122e-05,-2.3596737008801938e-08,0.9724517464637756,1.1142192724022948e-09,-0.009637720882892609,1.899112395120639e-10,0,0,0,0,1,0,0,0,1,0,5
0.06005611643195152,1.8359522755417856e-06,0.010675630532205105,5.271259851724608e-06,0.07750976085662842,4.677682227338664e-05,0.11401719599962234,0.013712738640606403,2.877070801332593e-05,3.829543118172296e-07,-4.753662142320536e-05,-1.8780660582251585e-08,0.9623057246208191,1.2516542247098528e-09,-0.010538101196289062,8.788036964801904e-11,0,0,0,0,1,0,0,0,1,0,0
0.07110662758350372,1.1092497516074218e-05,0.01140530500560999,1.2716918718069792e-05,0.09066715836524963,7.474593439837918e-05,0.11871332675218582,0.012896433472633362,2.7453223083284684e-05,3.835467907720158e-07,-7.62921481509693e-05,-4.5567384230043445e-14,0.9514368772506714,1.3835048662258487e-07,-0.010879600420594215,5.456105895973451e-07,0,0,0,0,1,0,0,0,1,0,18
0.08288992941379547,2.8346601538942195e-05,0.012080897577106953,1.9670178517117165e-05,0.10318993777036667,0.00010140374070033431,0.10669787228107452,0.012217475101351738,2.6007901396951638e-05,3.6334586184239015e-07,-7.227392779896036e-05,0.0,0.9404253959655762,1.4321313983600703e-06,-0.011310156434774399,1.9004401110578328e-06,0,0,0,0,1,0,0,0,1,0,5
0.09530174732208252,5.0111520977225155e-05,0.012659676373004913,2.4105547709041275e-05,0.11503417789936066,0.00012661713117267936,0.11036381125450134,0.011543357744812965,2.457287337165326e-05,3.43285620374445e-07,-6.82837053318508e-05,-9.109786492864091e-14,0.9287715554237366,4.066879228048492e-06,-0.011916019953787327,3.2027023735281546e-06,0,0,0,0,1,0,0,0,1,0,5
0.10821419954299927,7.794531848048791e-05,0.013101013377308846,3.094965359196067e-05,0.12621478736400604,0.00015041777805890888,0.1102755069732666,0.010889651253819466,2.3181299184216186e-05,3.2383954362558143e-07,-6.441565346904099e-05,9.108150702836354e-14,0.9165447354316711,7.534020824095933e-06,-0.012460877187550068,3.7702202462241985e-06,0,0,0,0,1,0,0,0,1,0,16
0.12102577835321426,-1.6152242096723057e-05,0.013404959812760353,3.237017153878696e-05,0.1367608606815338,0.0001728676725178957,0.10931510478258133,0.010271267034113407,2.1864914742764086e-05,3.0545268714377016e-07,-6.0758276958949864e-05,-9.106692450914361e-14,0.9038431644439697,1.1757981155824382e-05,-0.01288231648504734,4.590843673213385e-06,0,0,0,0,1,0,0,0,1,0,16
0.13264603912830353,-0.0014357357285916805,0.013405121862888336,1.8883692973759025e-05,0.14670902490615845,0.0001940448273671791,0.11076349020004272,0.009688864462077618,2.0625129764084704e-05,2.8812621621909784e-07,-5.731181590817869e-05,-2.2763492073295602e-14,0.8907760381698608,1.6441572370240465e-05,-0.013204882852733135,4.282162080926355e-06,0,0,0,0,1,0,0,0,1,0,5
0.1457280069589615,-0.0016857660375535488,0.013404997065663338,5.395432253862964e-06,0.1616022288799286,1.1649845873762388e-05,0.1537678986787796,0.015371497720479965,-0.00020336346642579883,-5.867801178283116e-07,-5.070247789262794e-05,-3.5698781175597105e-07,0.8774299025535583,1.9742925360333174e-05,-0.013451716862618923,2.4910373213060666e-06,0,0,0,0,1,0,0,0,1,0,18
0.1591414213180542,-0.0016721585998311639,0.01351710595190525,3.9090595237212256e-05,0.17681211233139038,-0.00018934652325697243,0.10109207779169083,0.014877351000905037,-0.0001954929030034691,-1.0403343821963063e-06,-5.863407568540424e-05,-5.950148533884203e-07,0.8638719320297241,2.1000463675591163e-05,-0.013637542724609375,-1.2719209507849882e-06,0,0,0,0,1,0,0,0,1,0,0
0.17278887331485748,-0.0015756977954879403,0.013743779622018337,0.00014495835057459772,0.1911533623933792,-0.00037566953687928617,0.12167232483625412,0.014120616018772125,-0.00018341749091632664,-2.5625706712162355e-06,-8.353606244781986e-05,1.0940603891590461e-12,0.8501538634300232,9.159763976640534e-06,-0.01377778872847557,-2.081035381706897e-05,0,0,0,0,1,0,0,0,1,0,5
0.18662871420383453,-0.0013818206498399377,0.013911549001932144,0.0002093639923259616,0.20487026870250702,-0.0005538433906622231,0.11697085946798325,0.01341086532920599,-0.0001741983724059537,-2.433657527944888e-06,-7.933365122880787e-05,-3.645994910064093e-13,0.8363158106803894,-2.1867665054742247e-05,-0.013882973231375217,-3.9407197618857026e-05,0,0,0,0,1,0,0,0,1,0,18
0.2006133794784546,-0.0011983035365119576,0.01403882261365652,0.00016088085249066353,0.21787413954734802,-0.0007227550959214568,0.11213349550962448,0.01266968809068203,-0.00016457091260235757,-2.299004336236976e-06,-7.49441678635776e-05,-7.290261059764158e-13,0.8223876953125,-6.45608379272744e-05,-0.01396151166409254,-4.254974555806257e-05,0,0,0,0,1,0,0,0,1,0,18
0.21470609307289124,-0.0010637519881129265,0.014132611453533173,0.00011335755698382854,0.23014220595359802,-0.0008821092778816819,0.10964804142713547,0.011945568025112152,-0.00015516499115619808,-2.167655793527956e-06,-7.06624414306134e-05,-7.288671619379294e-13,0.8083922266960144,-0.00010667356400517747,-0.014021116308867931,-4.174609057372436e-05,0,0,0,0,1,0,0,0,1,0,13
0.22884660959243774,0.0005844616680406034,0.01414050068706274,6.960140308365226e-05,0.2417064607143402,-0.0010323217138648033,0.11078591644763947,0.011259399354457855,-0.0001462521031498909,-2.0430854874575743e-06,-6.660162762273103e-05,3.643625386216126e-13,0.794346034526825,-0.00014783351798541844,-0.014065293595194817,-4.041349529870786e-05,0,0,0,0,1,0,0,0,1,0,5
0.24281920492649078,0.0012925354531034827,0.013680142350494862,2.5249981263186783e-05,0.2560514807701111,-0.0008965567103587091,0.1529252827167511,0.015632551163434982,0.00025406296481378376,1.8224190512228233e-07,-5.40225300937891e-05,2.44149191530596e-07,0.7802621126174927,-0.00018710145377554,-0.014097549952566624,-3.8325259083649144e-05,0,0,0,0,1,0,0,0,1,0,16
0.2562512159347534,0.001293936395086348,0.013462760485708714,-2.442916957079433e-05,0.27156898379325867,-0.0006443890160880983,0.12216749042272568,0.01538289524614811,0.0002496453817002475,2.9045901328572654e-07,-5.523432992049493e-05,3.246720439165074e-07,0.766150176525116,-0.0002242627670057118,-0.014122093096375465,-3.620505231083371e-05,0,0,0,0,1,0,0,0,1,0,16
0.26985204219818115,0.0011992856161668897,0.013702581636607647,-0.00015900839935056865,0.28632286190986633,-0.0004099130164831877,0.12763476371765137,0.014467895030975342,0.00022891895787324756,3.1981896881916327e-06,-8.558803529012948e-05,-7.294622263002981e-13,0.7520175576210022,-0.00024081970332190394,-0.014140325598418713,-4.6878054149601667e-07,0,0,0,0,1,0,0,0,1,0,5
0.28365567326545715,0.0009657529881224036,0.013878240250051022,-0.00028096800087951124,0.3004123866558075,-0.00018698046915233135,0.12059866636991501,0.013761991634964943,0.00021774976630695164,3.041994659724878e-06,-8.14080485724844e-05,-7.292840918833587e-13,0.737869381904602,-0.00022159633226692677,-0.014153649099171162,3.534480492817238e-05,0,0,0,0,1,0,0,0,1,0,7
0.29753419756889343,0.0008012352627702057,0.013982313685119152,-0.00023073385818861425,0.31378108263015747,2.4545288397348486e-05,0.10960905253887177,0.01303156092762947,0.00020619254792109132,2.880596184695605e-06,-7.708876364631578e-05,-3.6455465924657704e-13,0.7237100005149841,-0.0001744845212670043,-0.014163466170430183,4.847712261835113e-05,0,0,0,0,0,0,1,0,1,0,6
0.31047874689102173,0.0017326765228062868,0.013641360215842724,0.00014293963613454252,0.3263964354991913,0.00022415265266317874,0.11093062162399292,0.01228263508528471,0.00019434255955275148,2.7148748813488055e-06,-7.265384192578495e-05,3.6447001016196023e-13,0.7095419764518738,-0.00012712027819361538,-0.014171179383993149,4.6452274546027184e-05,0,0,0,0,0,1,0,0,1,0,6
0.32347434759140015,0.002313994336873293,0.012906859628856182,0.0005004080594517291,0.3401359021663666,0.0026541382540017366,0.1504453420639038,0.014338532462716103,0.0033657823223620653,1.7507170923636295e-05,-5.400724694482051e-05,2.4640869469294557e-06,0.6953673958778381,-8.101495768642053e-05,-0.014176789671182632,4.955677650286816e-05,0,0,0,0,0,1,0,0,1,0,12
0.33592259883880615,0.0037425567861646414,0.01223718374967575,0.0021264918614178896,0.35436299443244934,0.005993024446070194,0.11667824536561966,0.014061895199120045,0.0032946784049272537,1.9874743884429336e-05,-5.643467738991603e-05,3.718788093465264e-06,0.6811881065368652,-1.8446888134349138e-05,-0.01418099645525217,7.321493467316031e-05,0,0,0,0,0,1,0,0,1,0,12
0.3477960228919983,0.006260331254452467,0.011826964095234871,0.0025440275203436613,0.367900013923645,0.009136073291301727,0.12090520560741425,0.01328207366168499,0.0030808968003839254,4.30433101428207e-05,-7.857415039325133e-05,-1.1666693652823135e-11,0.6670055389404297,6.778299575671554e-05,-0.014183100312948227,9.687915735412389e-05,0,0,0,0,0,1,0,0,1,0,6
0.35989975929260254,0.008840780705213547,0.012315371073782444,0.002597742946818471,0.3807971477508545,0.012127671390771866,0.11443682014942169,0.012597897090017796,0.002922196639701724,4.0824834286468104e-05,-7.452437421306968e-05,0.0,0.6528294086456299,0.0003680945374071598,-0.014161362312734127,0.000543599424418062,0,0,0,0,0,1,0,0,1,0,12
0.3724377155303955,0.011440453119575977,0.01270525623112917,0.0025975790340453386,0.39300641417503357,0.014959716238081455,0.1121082529425621,0.011897328309714794,0.002759691793471575,3.855086470139213e-05,-7.037333853077143e-05,-1.1661708057553177e-11,0.6387037634849548,0.001214830088429153,-0.014088434167206287,0.0010943316156044602,0,0,0,0,0,1,0,0,1,0,6
0.3852991461753845,0.014061876572668552,0.012969269417226315,0.0026558716781437397,0.40453478693962097,0.017633821815252304,0.10899581760168076,0.011230895295739174,0.002605108078569174,3.639397255028598e-05,-6.643600499955937e-05,-1.1659511030270853e-11,0.624673068523407,0.002585051581263542,-0.013990962877869606,0.0015400974079966545,0,0,0,0,0,1,0,0,1,0,12
0.39837193489074707,0.016762737184762955,0.013148784637451172,0.002735625021159649,0.4154110550880432,0.02015667036175728,0.11143805831670761,0.01059168204665184,0.002456835936754942,3.432142693782225e-05,-6.265265983529389e-05,5.828759783860216e-12,0.6107261776924133,0.0042855930514633656,-0.01390891894698143,0.0018315523630008101,0,0,0,0,0,1,0,0,1,0,5
0.4111708998680115,0.01982155255973339,0.012707643210887909,0.0026555543299764395,0.4256705641746521,0.022536443546414375,0.10860458016395569,0.009993108920753002,0.002317989943549037,3.238253702875227e-05,-5.911328480578959e-05,0.0,0.5968694090843201,0.006276578642427921,-0.013812148943543434,0.002121119759976864,0,0,0,0,1,0,0,0,1,0,5
0.4226047098636627,0.022550825029611588,0.010958588682115078,0.0018742434913292527,0.4353509843349457,0.024781910702586174,0.11126909404993057,0.06751105934381485,-0.0004658080288209021,-5.0413241297064815e-06,1.1340699757056427e-07,0.0014106379821896553,0.5831387042999268,0.008608883246779442,-0.01366033311933279,0.0025044502690434456,0,0,0,0,1,0,0,0,1,0,15
0.4316923916339874,0.023991713300347328,0.008370946161448956,0.0012981834588572383,0.4993381202220917,0.024064118042588234,0.44606050848960876,0.06249067559838295,-0.0009251195006072521,-5.092444553156383e-06,-3.5063981158600654e-06,0.001397605868987739,0.5695738792419434,0.011322049424052238,-0.013482920825481415,0.0028831821400672197,0,0,0,0,1,0,0,0,0,0,0
0.43937283754348755,0.0252245981246233,0.007384664844721556,0.0012048693606629968,0.5601187944412231,0.022898808121681213,0.6601506471633911,0.05942641198635101,-0.0013562897220253944,-5.092444553156383e-06,-3.5063981158600654e-06,0.001397605868987739,0.5567770600318909,0.01423576194792986,-0.011543315835297108,0.0027646003291010857,0,0,0,0,1,0,0,0,0,0,6
0.4462396502494812,0.02587396651506424,0.006383657455444336,0.000550929456949234,0.6179908514022827,0.021322762593626976,0.7601381540298462,0.05663856863975525,-0.001750250463373959,-5.092444553156383e-06,-3.5063981158600654e-06,0.001397605868987739,0.5477195382118225,0.01671319082379341,-0.006722352001816034,0.0021951620001345873,0,0,0,0,0,1,0,0,0,0,18
0.4524652361869812,0.026400094851851463,0.0066133104264736176,0.0005102043505758047,0.6732079982757568,0.019373130053281784,0.7517880201339722,0.054086942225694656,-0.0021073136013001204,-5.092444553156383e-06,-3.5063981158600654e-06,0.001397605868987739,0.5441238284111023,0.018739571794867516,-0.0015826786402612925,0.0023349334951490164,0,0,0,0,0,1,0,0,0,0,16
0.45992958545684814,0.02676394209265709,0.008130423724651337,0.0001974938641069457,0.7259877920150757,0.01708611659705639,0.6401740312576294,0.051738739013671875,-0.002428852254524827,-5.092444553156383e-06,-3.5063981158600654e-06,0.001397605868987739,0.5453342795372009,0.021390527486801147,0.0034567187540233135,0.0023794230073690414,0,0,0,0,0,1,0,0,0,0,18
0.46877026557922363,0.026648150756955147,0.009306739084422588,-0.00038700239383615553,0.7765183448791504,0.014496182091534138,0.4297943115234375,0.0495668426156044,-0.0027168686501681805,-5.092444553156383e-06,-3.5063981158600654e-06,0.001397605868987739,0.5504507422447205,0.023060988634824753,0.006092997267842293,0.0012067231582477689,0,0,0,0,0,1,0,0,0,0,18
0.4781897962093353,0.02619064599275589,0.009745009243488312,-0.0004834820865653455,0.8249632716178894,0.011635585688054562,0.12466593831777573,0.04754859209060669,-0.00297369621694088,-5.092444553156383e-06,-3.5063981158600654e-06,0.001397605868987739,0.5574162006378174,0.02400294505059719,0.0076455227099359035,0.000764736148994416,0,0,0,0,0,1,0,0,0,0,16
0.4884764850139618,0.025664037093520164,0.010702540166676044,-0.0005628503859043121,0.8648356795310974,0.008957430720329285,0.25529471039772034,0.03858087956905365,-0.0027088376227766275,-8.152884220180567e-06,-2.50907069130335e-05,0.0012694480828940868,0.565811812877655,0.024442065507173538,0.008965590037405491,0.00014467672735918313,0,0,0,0,0,1,0,0,0,0,0
0.49963700771331787,0.02506449818611145,0.011529992334544659,-0.0006231394945643842,0.9027441143989563,0.006168424617499113,0.28933581709861755,0.03736410662531853,-0.0028515004087239504,-8.152884220180567e-06,-2.50907069130335e-05,0.0012694480828940868,0.5750941038131714,0.024249134585261345,0.009321465156972408,-0.0003292229666840285,0,0,0,0,0,1,0,0,0,0,16
0.5115622282028198,0.024417750537395477,0.012222107499837875,-0.0006650908617302775,0.9394557476043701,0.0032476827036589384,0.1950848549604416,0.03618285804986954,-0.0029746268410235643,-8.152884220180567e-06,-2.50907069130335e-05,0.0012694480828940868,0.584851861000061,0.023867858573794365,0.01017451286315918,-0.00043076477595604956,0,0,0,0,0,1,0,0,0,0,2
0.5241191983222961,0.023746948689222336,0.012790955603122711,-0.0006815899396315217,0.9733016490936279,0.00035695353290066123,0.15875862538814545,0.03168264031410217,-0.0027866351883858442,-1.2663374945987016e-05,-4.860875924350694e-05,0.0010877778986468911,0.595476508140564,0.02337188459932804,0.010970059782266617,-0.0005479920073412359,0,1,0,0,0,0,0,0,0,0,12
0.5371533036231995,0.023058557882905006,0.013187303207814693,-0.0007115058251656592,1.0045251846313477,-0.0024635682348161936,0.1497846245765686,0.03084489516913891,-0.002846155082806945,-1.2663374945987016e-05,-4.860875924350694e-05,0.0010877778986468911,0.6063498258590698,0.022802945226430893,0.010991797782480717,-0.0005963886505924165,0,1,0,0,0,0,0,0,0,0,18
