lt_dp_posx,lt_dp_posy,lt_dp_velx,lt_dp_vely,ball_posx,ball_posy,ball_posz,ball_vel_x,ball_vel_y,ball_rot_x,ball_rot_y,ball_rot_z,rt_gk_posx,rt_gk_posy,rt_gk_velx,rt_gk_vely,action_left,action_top_left,action_top,action_top_right,action_right,action_bottom_right,action_bottom,action_bottom_left,action_sprint,action_dribble,sel_action
-1.0110293626785278,-0.0,0.0,-0.0,0.019999999552965164,-0.0,0.11061639338731766,-0.0,0.0,0.0,-0.0,0.0,1.0110293626785278,0.0,-0.0,0.0,0,0,0,0,0,0,0,0,0,0,5
0.0,-0.0,0.0,-0.0,0.019999999552965164,-0.0,0.11059734225273132,-0.0,0.0,0.0,-0.0,0.0,1.0109632015228271,-5.533358059944815e-12,-0.0006619621999561787,-5.533357799736294e-11,0,0,0,0,1,0,0,0,0,0,5
0.0,-0.0,0.0,-0.0,0.019999999552965164,-0.0,0.10930104553699493,-0.0,0.0,0.0,-0.0,0.0,1.007768154144287,-2.1731465238428171e-10,-0.004207386635243893,-2.3128930715099472e-10,0,0,0,0,1,0,0,0,0,0,5
0.002605511574074626,1.3680566401941263e-10,0.004109719302505255,2.5224112729094195e-11,0.019999999552965164,-0.0,0.11075475811958313,-0.0,0.0,0.0,-0.0,0.0,1.0026906728744507,-3.971626638676895e-10,-0.005775339435786009,-1.1847492431549256e-10,0,0,0,0,1,0,0,0,0,0,5
0.005889641121029854,-1.5970879063686994e-09,0.005736230872571468,-3.9207298518917355e-10,0.019999999552965164,-0.0,0.11053141206502914,-0.0,0.0,0.0,-0.0,0.0,0.9961044192314148,-9.99330548867583e-11,-0.007231095340102911,6.311636213673921e-10,0,0,0,0,1,0,0,0,0,0,13
0.011982080526649952,-2.3340314125874784e-09,0.007240616716444492,-2.362129658539658e-10,0.02691209688782692,-4.666663722119324e-10,0.12254813313484192,0.008374633267521858,-5.659687718484463e-10,2.0085038233280672e-12,1.0416755685582757e-05,-2.8667975111862365e-12,0.9881436228752136,3.9910649785035446e-10,-0.008531177416443825,3.7062028446221973e-10,0,0,0,0,1,0,0,0,1,0,16
0.019974837079644203,-2.479345617700801e-09,0.008583002723753452,-1.7994919443431456e-10,0.03486180678009987,-1.0046676823805e-09,0.11699162423610687,0.007705577649176121,-5.217304921423249e-10,7.288690484497096e-12,4.558203727356158e-05,0.0,0.9790472984313965,5.952132120512488e-10,-0.009335489943623543,2.5251081781085816e-10,0,0,0,0,1,0,0,0,1,0,0
0.029211096465587616,-2.6511925987904306e-09,0.009742094203829765,-1.496287399538332e-10,0.04233737289905548,-1.510824132466837e-09,0.10775913298130035,0.007286667823791504,-4.933667918649576e-10,6.8923690539623994e-12,4.31035332439933e-05,6.943401107667453e-19,0.9695028066635132,7.894619402648573e-10,-0.009924523532390594,1.5534708242004314e-10,0,0,0,0,1,0,0,0,1,0,5
0.03715028613805771,-4.070698444991194e-09,0.009281553328037262,-1.6718125495085445e-10,0.049390897154808044,-1.9884056623453716e-09,0.11127554625272751,0.006866077426820993,-4.648892382164149e-10,6.494466856660219e-12,4.061513391206972e-05,-6.942896010505913e-19,0.9590960144996643,8.79016748278616e-10,-0.010777922347187996,3.4072054205802615e-11,0,0,0,0,1,0,0,0,1,0,18
0.04607756808400154,-4.900661654261285e-09,0.010248887352645397,-1.0085627472067316e-10,0.05977779999375343,1.4214143448043615e-05,0.1403011828660965,0.013893861323595047,2.8018363082082942e-05,2.857442211734451e-07,7.852933777030557e-06,3.574642164494435e-07,0.9481951594352722,1.5517696017042226e-09,-0.01080527063459158,8.009414242948765e-10,0,0,0,0,1,0,0,0,1,0,5
0.05666933208703995,1.209588958772656e-06,0.010675542056560516,4.048628852615366e-06,0.0735815018415451,4.204217475489713e-05,0.12649618089199066,0.013696718961000443,2.7571653845370747e-05,2.785293133911182e-07,8.640456144348718e-06,3.6553785776050063e-07,0.9369930624961853,2.123466735781676e-09,-0.011505099013447762,3.861867770016403e-10,0,0,0,0,1,0,0,0,1,0,13
0.06764684617519379,9.054887414094992e-06,0.011330842971801758,1.0955336620099843e-05,0.08641690015792847,6.69076616759412e-05,0.12636925280094147,0.01235953439027071,2.3456506824004464e-05,-9.507835585509383e-08,4.876920866081491e-05,3.7999774349373183e-07,0.9251608848571777,2.439737478709958e-08,-0.012094132602214813,1.2995428733120207e-07,0,0,0,0,1,0,0,0,1,0,18
0.07936257123947144,2.4316739654750563e-05,0.012014280073344707,1.7938891687663272e-05,0.09837605804204941,8.939208782976493e-05,0.11752312630414963,0.011652267538011074,2.1826706870342605e-05,-3.049231338536629e-07,6.892834790050983e-05,9.110068385428938e-14,0.9127786755561829,7.934553423183388e-07,-0.012599019333720207,1.4320593209049548e-06,0,0,0,0,1,0,0,0,1,0,16
0.09171651303768158,4.395041105453856e-05,0.01260839868336916,2.160557050956413e-05,0.10968796163797379,0.00011058121890528128,0.11176754534244537,0.0110254418104887,2.0652551029343158e-05,-2.885046797018731e-07,6.521696195704862e-05,-4.55424103106266e-14,0.899957001209259,3.112355898338137e-06,-0.012988903559744358,3.035148210983607e-06,0,0,0,0,1,0,0,0,1,0,5
0.10458483546972275,6.889075302751735e-05,0.013062182813882828,2.7766725906985812e-05,0.12037452310323715,0.00013059900084044784,0.11096896231174469,0.010411463677883148,1.9502460418152623e-05,-2.7244587386121566e-07,6.158681935630739e-05,-4.553507500530338e-14,0.8867981433868408,6.500492418126669e-06,-0.013286225497722626,3.6441476822801633e-06,0,0,0,0,1,0,0,0,1,0,18
0.11779036372900009,-0.0011668414808809757,0.013238980434834957,2.145966936950572e-05,0.13045881688594818,0.0001494886091677472,0.10908360034227371,0.009821703657507896,1.8397733583697118e-05,-2.570160688719625e-07,5.8098921726923436e-05,-4.5528430878865114e-14,0.8733821511268616,1.0498020856175572e-05,-0.01351272314786911,4.2764804675243795e-06,0,0,0,0,1,0,0,0,1,0,5
0.1310293972492218,-0.0022505000233650208,0.013239067979156971,9.537812729831785e-06,0.1431073695421219,2.7994654374197125e-05,0.1472282111644745,0.015537279658019543,-0.00025914341676980257,-6.145261011170078e-08,1.0351108358008787e-05,-7.97656298345828e-07,0.8597712516784668,1.4268784070736729e-05,-0.013683823868632317,1.7987559886023519e-06,0,0,0,0,1,0,0,0,1,0,16
0.14428842067718506,-0.0022447635419666767,0.01333785429596901,1.321675972576486e-05,0.15853729844093323,-0.0002293430588906631,0.14566361904144287,0.015342291444540024,-0.00025587400887161493,-6.145261011170078e-08,1.0351108358008787e-05,-7.97656298345828e-07,0.8460135459899902,1.220602553075878e-05,-0.013812148943543434,-5.113000042911153e-06,0,0,0,0,1,0,0,0,1,0,18
0.15778285264968872,-0.002170633291825652,0.013610019348561764,0.00013727426994591951,0.17323258519172668,-0.0004734790127258748,0.12910307943820953,0.014003572054207325,-0.00023157746181823313,1.456201971450355e-06,4.381480175652541e-05,-1.918556336022448e-06,0.8321455717086792,3.355511580593884e-06,-0.01390891894698143,-1.2903015885967761e-05,0,0,0,0,1,0,0,0,1,0,13
0.17150762677192688,-0.0019523954251781106,0.013809168711304665,0.0002824732509907335,0.18681393563747406,-0.0006976486183702946,0.11690471321344376,0.013139991089701653,-0.0002164687612093985,3.0237451937864535e-06,7.772020762786269e-05,-3.6456715467661494e-13,0.818195104598999,-1.9968045307905413e-05,-0.013981145806610584,-3.185975583619438e-05,0,0,0,0,1,0,0,0,1,0,18
0.1854040026664734,-0.0016744860913604498,0.013961861841380596,0.00025186705170199275,0.19959409534931183,-0.000908189918845892,0.1149793490767479,0.012468472123146057,-0.0002054059732472524,2.8694814773189137e-06,7.375453424174339e-05,3.644905015830202e-13,0.8041830658912659,-6.230725557543337e-05,-0.014035141095519066,-5.092819264973514e-05,0,0,0,0,1,0,0,0,1,0,16
0.19943185150623322,-0.0014582672156393528,0.01407651323825121,0.0001880950730992481,0.21168439090251923,-0.001107366057112813,0.10733582079410553,0.011780688539147377,-0.00019407537183724344,2.711302158786566e-06,6.968885281821713e-05,0.0,0.7901248335838318,-0.0001181571205961518,-0.014075110666453838,-5.60597145522479e-05,0,0,0,0,1,0,0,0,1,0,18
0.2135240137577057,-0.0013057789765298367,0.01412181742489338,0.00012587745732162148,0.22309879958629608,-0.0012954073026776314,0.11101727187633514,0.01111898198723793,-0.0001831744593800977,2.5588706193957478e-06,6.577090243808925e-05,0.0,0.7760321497917175,-0.00017372560978401452,-0.014105264097452164,-5.516081000678241e-05,0,0,0,0,1,0,0,0,1,0,16
0.22758762538433075,-0.0012173341820016503,0.013973958790302277,6.227651465451345e-05,0.23551695048809052,-0.0014140820130705833,0.13666029274463654,0.015916774049401283,2.147306440747343e-05,8.988234299067699e-07,1.2282899660931434e-05,-9.630429076423752e-07,0.7619137167930603,-0.00022858197917230427,-0.014127703383564949,-5.525973392650485e-05,0,0,0,0,1,0,0,0,1,0,16
0.24116477370262146,-0.0010370410745963454,0.013312673196196556,5.693384082405828e-06,0.2513216733932495,-0.001392776146531105,0.15771380066871643,0.015713201835751534,2.1191086489125155e-05,8.988234299067699e-07,1.2282899660931434e-05,-9.630429076423752e-07,0.7477760314941406,-0.0002852119505405426,-0.01414453238248825,-5.7748908147914335e-05,0,0,0,0,1,0,0,0,1,0,16
0.25447729229927063,0.0007004057988524437,0.013312689028680325,3.3214616905752337e-06,0.2666681110858917,-0.0013729291968047619,0.12169547379016876,0.014493783004581928,1.5940669982228428e-05,4.634405286196852e-07,4.097482451470569e-05,-1.2733747212223534e-07,0.7336241602897644,-0.0003443243622314185,-0.014157154597342014,-6.022604793542996e-05,0,0,0,0,1,0,0,0,1,0,18
0.26778995990753174,0.001016146270558238,0.013312697410583496,9.482557175033435e-07,0.28235700726509094,-0.00113308138679713,0.1742367297410965,0.015752393752336502,0.0002633905678521842,4.0487327623850433e-07,-7.757118396511942e-07,1.8028227088962012e-07,0.7194619178771973,-0.0003947277436964214,-0.014166271314024925,-4.032894139527343e-05,0,0,0,0,1,0,0,0,1,0,6
0.28118664026260376,0.0010013086721301079,0.013516930863261223,-4.796623034053482e-05,0.2979988157749176,-0.0008715346339158714,0.1347707211971283,0.01555195078253746,0.0002600571315269917,4.0487327623850433e-07,-7.757118396511942e-07,1.8028227088962012e-07,0.7052915692329407,-0.0004227314202580601,-0.014173283241689205,-1.7915705029736273e-05,0,0,0,0,0,1,0,0,1,0,18
0.29483333230018616,0.0008800413925200701,0.013742377050220966,-0.0001832566485973075,0.3125383257865906,-0.000629585178103298,0.13702881336212158,0.014029093086719513,0.00023286580108106136,-9.924951882567257e-07,3.129049582639709e-05,1.9085771327809198e-06,0.6911153197288513,-0.00042783794924616814,-0.014178192242980003,6.0883544392709155e-06,0,0,0,0,0,1,0,0,1,0,18
0.3086709678173065,0.0006342396955005825,0.01390891894698143,-0.00026568182511255145,0.3262609839439392,-0.000402056728489697,0.11793908476829529,0.01318079698830843,0.00021800672402605414,-2.3809025151422247e-06,6.290276360232383e-05,1.172635393231758e-06,0.6769345998764038,-0.0004076800832990557,-0.014182399027049541,3.167120667058043e-05,0,0,0,0,0,1,0,0,1,0,6
0.32250943779945374,0.0005904858116991818,0.01397092454135418,-0.00021635601297020912,0.3390592932701111,-0.0001904797536553815,0.1149919331073761,0.012490350753068924,0.00020646967459470034,-2.884269633796066e-06,7.388213998638093e-05,7.289858820758166e-13,0.6627508401870728,-0.0003621879732236266,-0.014184502884745598,5.4721440392313525e-05,0,0,0,0,0,1,0,0,1,0,7
0.33550921082496643,0.0016543602105230093,0.01361006312072277,0.00015642996004316956,0.3511820137500763,9.913527719618287e-06,0.10941587388515472,0.011816035024821758,0.00019532296573743224,-2.7287080683890963e-06,6.98973672115244e-05,0.0,0.6485648155212402,-0.00030737213091924787,-0.01418730802834034,5.4892552725505084e-05,0,0,0,0,0,0,1,0,1,0,12
0.34852954745292664,0.0022211705800145864,0.012725241482257843,0.0006778085371479392,0.3649826645851135,0.0027574801351875067,0.15521076321601868,0.014225674793124199,0.003360981121659279,3.6201963666826487e-06,1.611016887181904e-05,1.7479993402957916e-05,0.6343769431114197,-0.00025238649686798453,-0.01418871060013771,5.50614386156667e-05,0,0,0,0,0,0,1,0,1,0,6
0.3609176278114319,0.003835872281342745,0.01214847806841135,0.0023421344812959433,0.37910178303718567,0.006092769093811512,0.11946232616901398,0.013959459029138088,0.0032939384691417217,2.3932013846206246e-06,1.7754782675183378e-05,1.8869353880290873e-05,0.6201918125152588,-6.280632078414783e-05,-0.014176789671182632,0.0003912579850293696,0,0,0,0,0,1,0,0,1,0,12
0.3727577030658722,0.006389925722032785,0.011874997988343239,0.002564546884968877,0.3921743333339691,0.009134726598858833,0.130285382270813,0.012716471217572689,0.0029448512941598892,-2.2740059648640454e-05,5.1151320803910494e-05,2.398928700131364e-05,0.6060388088226318,0.0005921763950027525,-0.014127703383564949,0.0008705094223842025,0,0,0,0,0,1,0,0,1,0,18
0.3849062919616699,0.008981588296592236,0.012358496896922588,0.0026003452949225903,0.4045092463493347,0.011982547119259834,0.11858467012643814,0.012015972286462784,0.0027701067738234997,-3.8698875869158655e-05,7.107978308340535e-05,-5.831057858785016e-12,0.5919556617736816,0.001722031505778432,-0.014042854309082031,0.0013313812669366598,0,0,0,0,0,1,0,0,1,0,15
0.3974859118461609,0.011573991738259792,0.012745927087962627,0.0025825637858361006,0.41617557406425476,0.014672059565782547,0.11102475225925446,0.011379636824131012,0.0026234097313135862,-3.6649998946813866e-05,6.73165122861974e-05,0.0,0.5779696702957153,0.0032848732080310583,-0.013934514485299587,0.0017517277738079429,0,0,0,0,0,1,0,0,0,0,12
0.41038069128990173,0.014185099862515926,0.01299942284822464,0.0026445782277733088,0.42720139026641846,0.017213892191648483,0.11248773336410522,0.010743958875536919,0.0024768642615526915,-3.4601562219904736e-05,6.355402001645416e-05,-1.1657982738888517e-11,0.5641090273857117,0.005266088992357254,-0.013796021230518818,0.0021683471277356148,0,0,0,0,0,1,0,0,0,0,14
0.4233332872390747,0.017030144110322,0.012941759079694748,0.002654050709679723,0.4376112222671509,0.01961372420191765,0.10797764360904694,0.01013909000903368,0.0023374208249151707,-3.265400664531626e-05,5.9976860939059407e-05,8.742136355099905e-12,0.5504394173622131,0.007743809837847948,-0.013551642186939716,0.0027443375438451767,0,0,0,0,0,0,0,0,0,0,5
0.435280978679657,0.019895656034350395,0.011681132949888706,0.0020371221471577883,0.44743332266807556,0.021878059953451157,0.1113424226641655,0.009567737579345703,0.0022057045716792345,-3.081324030063115e-05,5.659583257511258e-05,0.0,0.5370541214942932,0.010809507220983505,-0.013240295462310314,0.003326602280139923,0,0,0,0,1,0,0,0,0,0,0
0.4452933967113495,0.02166944183409214,0.008467365987598896,0.0011533356737345457,0.49592986702919006,0.022600924596190453,0.23617877066135406,0.06419534981250763,3.4249260352225974e-05,-2.6655828833099804e-07,3.1155745091382414e-05,0.000587037589866668,0.5243887901306152,0.014292364940047264,-0.011568911373615265,0.0033610318787395954,0,0,0,0,1,0,0,0,0,0,18
0.4532661437988281,0.02289264090359211,0.0073944819159805775,0.0011787174735218287,0.558344304561615,0.022522615268826485,0.2618669271469116,0.060995832085609436,-0.00016810120723675936,-2.6655828833099804e-07,3.1155745091382414e-05,0.000587037589866668,0.5151324272155762,0.017241060733795166,-0.007028790190815926,0.002594113815575838,0,0,0,0,1,0,0,0,0,0,9
0.46036356687545776,0.02370646968483925,0.006899062544107437,0.0005705647636204958,0.6176913380622864,0.022250505164265633,0.11754749715328217,0.05802986025810242,-0.0003548476379364729,-2.6655828833099804e-07,3.1155745091382414e-05,0.000587037589866668,0.5112400054931641,0.019561411812901497,-0.0017940998077392578,0.0025270087644457817,0,0,0,0,1,0,0,0,0,0,16
0.46664959192276,0.02422633394598961,0.00613261666148901,0.0005071813357062638,0.6682615280151367,0.02186126820743084,0.15490546822547913,0.04900633543729782,-0.00044457841431722045,2.557308391715196e-07,5.524699736270122e-05,0.0005370608996599913,0.5123759508132935,0.022265546023845673,0.0034886247012764215,0.0023002971429377794,0,0,0,0,1,0,0,0,0,0,12
0.4736503064632416,0.024697963148355484,0.007688648533076048,0.0003996077866759151,0.7141104340553284,0.021377859637141228,0.1214834600687027,0.04227255657315254,-0.0004925128305330873,1.3250719348434359e-06,8.677722507854924e-05,0.0004544203111436218,0.5175624489784241,0.023718617856502533,0.0061620683409273624,0.0008777425391599536,0,0,0,0,1,0,0,0,0,0,15
0.48210668563842773,0.02493385411798954,0.009050439111888409,6.602141365874559e-05,0.7525466680526733,0.020896146073937416,0.10882487148046494,0.035664234310388565,-0.0004666477325372398,3.940924671042012e-06,0.00015144635108299553,0.00023756842711009085,0.5245498418807983,0.024299612268805504,0.007628342602401972,0.00047806347720324993,0,0,0,0,1,0,0,0,0,0,12
0.49143117666244507,0.02486904338002205,0.009446284733712673,-9.422667062608525e-05,0.7857750654220581,0.020451223477721214,0.10902262479066849,0.031519800424575806,-0.000425699312472716,5.948861598881194e-06,0.00018646592798177153,2.946106466422682e-12,0.5328958630561829,0.024618899449706078,0.008902128785848618,0.00017664649931248277,0,0,0,0,1,0,0,0,0,0,17
0.5014534592628479,0.024761274456977844,0.010465524159371853,-0.00012052115926053375,0.8156191110610962,0.020048154518008232,0.10929024964570999,0.028552327305078506,-0.0003856221737805754,5.386728389566997e-06,0.00016888452228158712,0.0,0.5421647429466248,0.024613626301288605,0.009334437549114227,-9.197367762681097e-05,0,0,0,0,1,0,0,0,0,1,9
0.5123974084854126,0.02462412789463997,0.011323479935526848,-0.00014764269872102886,0.8427608609199524,0.01968158408999443,0.10947424173355103,0.026048408821225166,-0.0003518048324622214,4.914405508316122e-06,0.00015407618775498122,-2.9346948048764032e-12,0.5518526434898376,0.024504730477929115,0.010104740038514137,-0.00012505568156484514,0,0,0,0,1,0,0,0,0,1,4
0.5241475105285645,0.024468587711453438,0.012071693316102028,-0.00016250107728410512,0.8676037192344666,0.01934606023132801,0.10960526019334793,0.02390420250594616,-0.0003228455607313663,4.509915015660226e-06,0.00014139465929474682,-1.4654175225711774e-12,0.5624215006828308,0.024357855319976807,0.010925531387329102,-0.00016455445438623428,0,0,0,1,0,0,0,0,0,1,5
0.5365504026412964,0.02429724670946598,0.012650910764932632,-0.00017838615167420357,0.8904642462730408,0.019037313759326935,0.10970012843608856,0.022044556215405464,-0.0002977295662276447,4.1590924411138985e-06,0.00013039569603279233,-1.4638807744118965e-12,0.5733243227005005,0.024188794195652008,0.01095358096063137,-0.00017188383208122104,0,0,0,0,1,0,0,0,0,1,14
0.5494546294212341,0.024113433435559273,0.013093036599457264,-0.000187141471542418,0.9115948677062988,0.018751926720142365,0.10976990312337875,0.02041381597518921,-0.00027570518432185054,3.851447218039539e-06,0.00012075040285708383,-7.313188141004623e-13,0.584658145904541,0.024008354172110558,0.011624308302998543,-0.000187141471542418,0,0,0,0,0,0,0,0,0,1,16
0.5627294778823853,0.023922547698020935,0.013416491448879242,-0.0001937229826580733,0.9312005639076233,0.01848713681101799,0.10982193797826767,0.01896984502673149,-0.0002562031731940806,3.5790333186014323e-06,0.00011220965097891167,1.4616178276374847e-12,0.5966528654098511,0.023814881220459938,0.012256049551069736,-0.00019776237604673952,0,0,0,0,0,0,0,0,0,1,0
0.5762737393379211,0.023725882172584534,0.013656483963131905,-0.000198486348381266,0.9494494795799255,0.01824066787958145,0.10986125469207764,0.017680222168564796,-0.00023878570937085897,3.335730752951349e-06,0.00010458167525939643,7.303855328703868e-13,0.609243631362915,0.023613721132278442,0.012736906297504902,-0.00020408282580319792,0,0,0,0,0,0,0,0,0,1,1
0.5900295376777649,0.023525729775428772,0.013846339657902718,-0.00020126804884057492,0.966481626033783,0.018010634928941727,0.10989130288362503,0.016519542783498764,-0.0002231098187621683,3.1167533052212093e-06,9.771631448529661e-05,2.1900907736654984e-12,0.6222450137138367,0.02340756729245186,0.013149376027286053,-0.00020810500427614897,1,0,0,0,0,0,0,0,0,1,6
0.6039496064186096,0.02332318387925625,0.013988261111080647,-0.00020332275016698986,0.9824144244194031,0.01779545471072197,0.10991451144218445,0.015467665158212185,-0.00020890332234557718,2.918299287557602e-06,9.149440302280709e-05,-1.459458747431197e-12,0.6355855464935303,0.02319815568625927,0.013410726562142372,-0.00021111013484187424,0,0,0,0,0,1,0,0,0,1,6
0.6179845333099365,0.023118851706385612,0.014087405055761337,-0.00020481176034081727,0.9973474740982056,0.01759376935660839,0.10993260145187378,0.014508379623293877,-0.00019594738841988146,2.7373150714993244e-06,8.582018199376762e-05,-3.6473618179530543e-13,0.6491461992263794,0.02298654243350029,0.013609504327178001,-0.00021293583267834038,0,0,0,0,0,1,0,0,0,1,15
0.6321115493774414,0.022913390770554543,0.01416679099202156,-0.00020576750102918595,1.0113657712936401,0.01740444265305996,0.10994681715965271,0.013628523796796799,-0.00018406422168482095,2.5713156901474576e-06,8.061579137574881e-05,7.292512947676411e-13,0.6628914475440979,0.022773822769522667,0.013785089366137981,-0.00021368960733525455,0,0,0,0,0,1,0,0,0,1,13
