lt_dp_posx,lt_dp_posy,lt_dp_velx,lt_dp_vely,ball_posx,ball_posy,ball_posz,ball_vel_x,ball_vel_y,ball_rot_x,ball_rot_y,ball_rot_z,rt_gk_posx,rt_gk_posy,rt_gk_velx,rt_gk_vely,action_left,action_top_left,action_top,action_top_right,action_right,action_bottom_right,action_bottom,action_bottom_left,action_sprint,action_dribble,sel_action
-1.0110293626785278,-0.0,0.0,-0.0,0.019999999552965164,-0.0,0.11061639338731766,-0.0,0.0,0.0,-0.0,0.0,1.0110293626785278,0.0,-0.0,0.0,0,0,0,0,0,0,0,0,0,0,5
0.0,-0.0,0.0,-0.0,0.019999999552965164,-0.0,0.11059734225273132,-0.0,0.0,0.0,-0.0,0.0,1.0110293626785278,0.0,-0.0,0.0,0,0,0,0,1,0,0,0,0,0,5
0.0015068008797243237,9.178596077630274e-11,0.003586257342249155,2.5862914240781798e-11,0.019999999552965164,-0.0,0.10930104553699493,-0.0,0.0,0.0,-0.0,0.0,1.010373830795288,-5.178397988192529e-11,-0.0026071772444993258,-1.992283837903841e-10,0,0,0,0,1,0,0,0,0,0,5
0.004647698253393173,-1.8393966350060964e-09,0.0052653769962489605,-3.529589953643608e-10,0.019999999552965164,-0.0,0.11075475811958313,-0.0,0.0,0.0,-0.0,0.0,1.0064098834991455,-2.8302862831175446e-10,-0.0046870289370417595,-2.1152882223596237e-10,0,0,0,0,1,0,0,0,0,0,13
0.00921948254108429,-4.4786250263939564e-09,0.0068116821348667145,-3.289779004767013e-10,0.023587318137288094,-3.7949368647538506e-10,0.12494253367185593,0.008816434070467949,-9.333416262080618e-10,1.3980587521000842e-12,2.182822754548397e-06,-3.348624112373133e-12,1.0008678436279297,-4.216087756692133e-10,-0.006225530058145523,-5.975868411223217e-11,0,0,0,0,1,0,0,0,1,0,18
0.016810275614261627,-4.649700624526076e-09,0.008202947676181793,-8.509173921034119e-11,0.031988270580768585,-1.270523131147172e-09,0.11617613583803177,0.008016404695808887,-8.517485050596463e-10,1.0933376599908673e-11,4.324937253841199e-05,-1.3775852203759542e-12,0.9938530325889587,6.937773966431138e-11,-0.007639211602509022,5.481174403243472e-10,0,0,0,0,1,0,0,0,1,0,18
0.025697514414787292,-4.789135754634799e-09,0.009418541565537453,-1.1534930649537145e-10,0.03977688029408455,-2.098122120486323e-09,0.1151169091463089,0.0075969030149281025,-8.072302826178657e-10,1.1276890012068552e-11,4.4938005885342136e-05,0.0,0.9855127334594727,4.397001929223876e-10,-0.008886702358722687,2.060437931383774e-10,0,0,0,0,1,0,0,0,1,0,0
0.034604333341121674,-6.091731563628855e-09,0.009487872011959553,-2.184463998577968e-10,0.047142188996076584,-2.8807436436295575e-09,0.10721039026975632,0.007172056473791599,-7.620865605240112e-10,1.0646337110509219e-11,4.242529030307196e-05,-2.7773041947853277e-18,0.9762466549873352,8.307412535657477e-10,-0.009335489943623543,8.158815290038035e-10,0,0,0,0,1,0,0,0,1,0,0
0.04265647009015083,-8.25622059608122e-09,0.009879695251584053,-1.2069095722821999e-10,0.05483473464846611,2.9161387828935403e-06,0.1180512085556984,0.014280533418059349,2.9196851755841635e-05,3.3859953418868827e-07,2.3360701106867054e-06,2.8937307661180967e-07,0.9664705991744995,1.4924268487703785e-09,-0.010197303257882595,5.155616489282977e-10,0,0,0,0,1,0,0,0,1,0,5
0.05302297696471214,7.257288814344065e-08,0.010675630532205105,8.091230370155245e-07,0.06872721761465073,3.095563442911953e-05,0.14384114742279053,0.013800550252199173,2.7824336939374916e-05,2.8538838137137645e-07,8.17432828625897e-06,3.5968724887425196e-07,0.9558171629905701,1.7885564140840415e-09,-0.011003718711435795,1.173160457668132e-10,0,0,0,0,1,0,0,0,1,0,18
0.06378472596406937,5.073029115010286e-06,0.01101673487573862,8.287733180623036e-06,0.08208196610212326,5.7422937970841303e-05,0.12317598611116409,0.012641318142414093,2.4203960492741317e-05,-2.5629450561837075e-08,4.159415402682498e-05,4.4029320633853786e-07,0.9449081420898438,6.199960012054362e-07,-0.011031066998839378,1.1347900681357714e-06,0,0,0,0,1,0,0,0,1,0,0
0.07522019743919373,1.7372460206388496e-05,0.011754298582673073,1.57996346388245e-05,0.09433247894048691,8.060032996581867e-05,0.11358174681663513,0.01189576555043459,2.2281425117398612e-05,-3.129035803794977e-07,7.052490400383249e-05,0.0,0.9335045218467712,2.3873162717791274e-06,-0.011688821017742157,2.287108600285137e-06,0,0,0,0,1,0,0,0,1,0,5
0.08732923120260239,3.559710967238061e-05,0.012389439158141613,1.9662242266349494e-05,0.10589689761400223,0.0001022617143462412,0.11358577013015747,0.011285535991191864,2.1139008822501637e-05,-2.953090927348967e-07,6.675743497908115e-05,-4.554564597648511e-14,0.9214994311332703,5.062267518951558e-06,-0.012258922681212425,2.8714132440654794e-06,0,0,0,0,1,0,0,0,1,0,0
0.10000831633806229,5.813370080431923e-05,0.012895552441477776,2.5228871891158633e-05,0.1168375015258789,0.00012275461631361395,0.11179311573505402,0.010660222731530666,1.9967737898696214e-05,-2.789444408790587e-07,6.30580325378105e-05,4.55379989630373e-14,0.908973217010498,8.225369128922466e-06,-0.01272664312273264,3.4175277505710255e-06,0,0,0,0,1,0,0,0,1,0,0
0.1131187379360199,-0.00041438761400058866,0.013238980434834957,2.6214351237285882e-05,0.127165287733078,0.00014209968503564596,0.1106850877404213,0.01005903072655201,1.8841637938749045e-05,-2.6321450263822044e-07,5.9502122894627973e-05,2.2765526646434907e-14,0.896040678024292,1.1936349437746685e-05,-0.01308637484908104,3.908345206582453e-06,0,0,0,0,1,0,0,0,1,0,13
0.12635774910449982,-0.002255071420222521,0.013238980434834957,1.4298983842309099e-05,0.1375458687543869,0.0001320565352216363,0.11983069032430649,0.01586630567908287,-0.00026515196077525616,-2.488889379037573e-07,6.2115859691402875e-06,-4.6717417490071966e-07,0.8827971816062927,1.611254810995888e-05,-0.013360556215047836,4.425202405400341e-06,0,0,0,0,1,0,0,0,1,0,13
0.13959680497646332,-0.002247326076030731,0.013238980434834957,2.38311622524634e-06,0.15305915474891663,-0.00012679513019975275,0.15820355713367462,0.015416419133543968,-0.0002572067314758897,-6.124368923110524e-08,1.037153742800001e-05,-7.9782086004343e-07,0.8693169951438904,2.0834188035223633e-05,-0.013568822294473648,4.9571203817322385e-06,0,0,0,0,1,0,0,0,1,0,18
0.15297724306583405,-0.00221651210449636,0.013511145487427711,7.763576286379248e-05,0.16824308037757874,-0.0003799065889324993,0.11589778959751129,0.014439819380640984,-0.0002394308685325086,1.0349357353334199e-06,3.4548211260698736e-05,-1.885548044811003e-06,0.8556575179100037,1.818557757360395e-05,-0.013726599514484406,-1.378587148792576e-05,0,0,0,0,1,0,0,0,1,0,16
0.1666184663772583,-0.002057071775197983,0.01373694185167551,0.0002257312007714063,0.18215732276439667,-0.0006100120372138917,0.11780847609043121,0.01357574574649334,-0.00022415487910620868,1.9003720126420376e-06,5.351539948605932e-05,-1.703185262158513e-06,0.8418633937835693,-1.0059077794721816e-05,-0.013844406232237816,-3.965089490520768e-05,0,0,0,0,1,0,0,0,1,0,16
0.18045149743556976,-0.0017795164603739977,0.013905763626098633,0.00027733450406230986,0.19522371888160706,-0.0008253990090452135,0.11213431507349014,0.012754657305777073,-0.00021019720588810742,2.936604914793861e-06,7.545232074335217e-05,0.0,0.8279685378074646,-6.095173011999577e-05,-0.0139320595189929,-5.43240130355116e-05,0,0,0,0,1,0,0,0,1,0,0
0.19443152844905853,-0.0015376561786979437,0.014034965075552464,0.00021265882242005318,0.20758728682994843,-0.0010291507933288813,0.11327002942562103,0.012048687785863876,-0.0001985628332477063,2.7738497010432184e-06,7.127051503630355e-05,-3.6444458562101545e-13,0.8139982223510742,-0.00011458626249805093,-0.013998677022755146,-5.3057090553920716e-05,0,0,0,0,1,0,0,0,1,0,5
0.20851831138134003,-0.0013590336311608553,0.014121806249022484,0.0001510008587501943,0.21926584839820862,-0.0012216140748932958,0.11138089001178741,0.011377200484275818,-0.00018749675655271858,2.619237420731224e-06,6.729795131832361e-05,-3.643744106354013e-13,0.7999711036682129,-0.00016691013297531754,-0.014048464596271515,-5.1714137953240424e-05,0,0,0,0,1,0,0,0,1,0,18
0.22261670231819153,-0.001244422048330307,0.01412188820540905,8.807786070974544e-05,0.23028720915317535,-0.0014032467734068632,0.11085904389619827,0.010732913389801979,-0.00017687883519101888,2.4709320314286742e-06,6.348743045236915e-05,-3.6431087638809367e-13,0.7859014868736267,-0.00021939785801805556,-0.01408492773771286,-5.311501809046604e-05,0,0,0,0,1,0,0,0,1,0,16
0.23646889626979828,-0.0011920182732865214,0.013533059507608414,2.41154612012906e-05,0.2456754744052887,-0.0014012681785970926,0.16133414208889008,0.015794435515999794,2.145301186828874e-05,8.989543971438252e-07,1.2277509085834026e-05,-9.624620815884555e-07,0.7718002796173096,-0.00027326898998580873,-0.014112977311015129,-5.448593583423644e-05,0,0,0,0,1,0,0,0,1,0,5
0.2498033046722412,-9.956150279322173e-06,0.013312626630067825,4.270002591511002e-06,0.26135188341140747,-0.001379963825456798,0.12239547818899155,0.015528475865721703,2.097509968734812e-05,8.827175292935863e-07,1.3362018762563821e-05,-9.203164381688111e-07,0.75767582654953,-0.0003257575735915452,-0.014133312739431858,-4.800522219738923e-05,0,0,0,0,1,0,0,0,1,0,18
0.26311567425727844,0.0010158426593989134,0.013312522321939468,1.8982938172484864e-06,0.2766950726509094,-0.0012384018627926707,0.16264529526233673,0.015833983197808266,0.00026476357015781105,4.045758146276057e-07,-7.784857984916016e-07,1.810828109682916e-07,0.7435337901115417,-0.00036731184809468687,-0.014148740097880363,-3.627033584052697e-05,0,0,0,0,1,0,0,0,1,0,5
0.2764469087123871,0.0010145927080884576,0.01340525969862938,-1.1444127267168369e-05,0.2924172878265381,-0.0009755141218192875,0.16224020719528198,0.015631580725312233,0.0002613749820739031,4.045758146276057e-07,-7.784857984916016e-07,1.810828109682916e-07,0.7293787002563477,-0.0003964884963352233,-0.014159959740936756,-2.0344274162198417e-05,0,0,0,0,1,0,0,0,1,0,6
0.28999900817871094,0.0009454074897803366,0.013660508207976818,-0.00012819722178392112,0.3075619339942932,-0.0007227647583931684,0.12772506475448608,0.014215420000255108,0.00023610754578839988,-8.711110695003299e-07,2.8503587600425817e-05,1.8580633422971005e-06,0.7152137160301208,-0.0003989093820564449,-0.014169075526297092,1.224978859681869e-05,0,0,0,0,0,1,0,0,1,0,16
0.3037671744823456,0.0007427780656144023,0.013847561553120613,-0.0002616650890558958,0.32154786586761475,-0.0004906372632831335,0.12039761245250702,0.013779982924461365,0.00022855809947941452,-1.15312616344454e-06,3.4955981391249225e-05,1.943094730449957e-06,0.7010416388511658,-0.0003687178250402212,-0.014174685813486576,4.4875487219542265e-05,0,0,0,0,0,1,0,0,1,0,16
0.31769633293151855,0.0004870215489063412,0.01399061270058155,-0.00022997830819804221,0.3346708118915558,-0.00027354355552233756,0.1164609044790268,0.01277528703212738,0.0002111823414452374,-2.950486987174372e-06,7.55769870011136e-05,-7.290503921050795e-13,0.6868639588356018,-0.00031843141186982393,-0.014179594814777374,4.96459542773664e-05,0,0,0,0,0,1,0,0,1,0,7
0.331005722284317,0.0011494916398078203,0.013769358396530151,-2.5287056359957205e-06,0.3470659852027893,-6.864478200441226e-05,0.11196406930685043,0.012087225914001465,0.00019980838987976313,-2.791191036521923e-06,7.149697921704501e-05,0.0,0.6726821660995483,-0.00026999597321264446,-0.014183100312948227,4.7444424126297235e-05,0,0,0,0,0,0,1,0,1,0,12
0.343992680311203,0.002051474992185831,0.013251515105366707,0.00016776996199041605,0.35993289947509766,0.001410793629474938,0.1414707452058792,0.014295553788542747,0.003377909306436777,3.6201531656843144e-06,1.6110021533677354e-05,1.747987153066788e-05,0.65849769115448,-0.00022082915529608727,-0.014185204170644283,5.698000677512027e-05,0,0,0,0,0,0,1,0,1,0,12
0.35664716362953186,0.0030108271166682243,0.012411089614033699,0.0017083825077861547,0.3741321265697479,0.004765545949339867,0.14572745561599731,0.014120426028966904,0.0033360456582158804,3.6201531656843144e-06,1.6110021533677354e-05,1.747987153066788e-05,0.644311249256134,-0.00014891700993757695,-0.01418730802834034,8.412984607275575e-05,0,0,0,0,0,0,1,0,1,0,5
0.3686903715133667,0.00536990026012063,0.011754386126995087,0.0025439239107072353,0.3877127170562744,0.007950364612042904,0.12847748398780823,0.012907400727272034,0.0029943150002509356,-1.9653643903438933e-05,4.709620407084003e-05,2.593614954093937e-05,0.6301235556602478,-4.985327541362494e-05,-0.014188009314239025,0.00011128268670290709,0,0,0,0,1,0,0,0,1,0,4
0.38063958287239075,0.007941660471260548,0.012175826355814934,0.0025966877583414316,0.4003185033798218,0.01086661871522665,0.11383721232414246,0.012260661460459232,0.002826480660587549,-3.96756840927992e-05,7.276588439708576e-05,-5.831552688656538e-12,0.6159542798995972,0.00041045265970751643,-0.01414383202791214,0.0007455797167494893,0,0,0,1,0,0,0,0,1,0,16
0.3930582106113434,0.01053943857550621,0.012602174654603004,0.002592245815321803,0.41223710775375366,0.013614283874630928,0.1145234927535057,0.011627135798335075,0.002680468373000622,-3.744481728062965e-05,6.87763313180767e-05,0.0,0.6018661260604858,0.0015034073730930686,-0.01403303723782301,0.0013764252653345466,0,0,0,1,0,0,0,0,1,0,12
0.4058433175086975,0.013131891377270222,0.01291036605834961,0.002614091383293271,0.4235176146030426,0.016214843839406967,0.11012726277112961,0.010995800606906414,0.002534921746701002,-3.541342812241055e-05,6.504524208139628e-05,5.829382115907222e-12,0.5879125595092773,0.0031810346990823746,-0.013895245268940926,0.001878576586022973,0,0,0,1,0,0,0,0,1,0,5
0.41887056827545166,0.015787649899721146,0.013112671673297882,0.002689053537324071,0.43417030572891235,0.01867065578699112,0.1092800721526146,0.010378990322351456,0.00239272671751678,-3.3426618756493554e-05,6.139596371212974e-05,2.9142209478916214e-12,0.5740965008735657,0.005288667045533657,-0.01374728512018919,0.002294376026839018,0,0,0,0,1,0,0,0,1,0,4
0.4313332438468933,0.018854429945349693,0.012128785252571106,0.002367679262533784,0.44422322511672974,0.020988212898373604,0.1111873909831047,0.009792407974600792,0.0022574984468519688,-3.153680154355243e-05,5.79248444410041e-05,-8.741396495537401e-12,0.5604482889175415,0.007817693054676056,-0.013543928042054176,0.0027600231114774942,0,0,0,1,0,0,0,0,1,0,5
0.44232872128486633,0.021151652559638023,0.009950820356607437,0.001550733228214085,0.47036948800086975,0.022756239399313927,0.17674396932125092,0.0644967257976532,0.0006738775409758091,-3.3552655622770544e-06,4.252518556313589e-05,0.001939289621077478,0.5470998883247375,0.010948806069791317,-0.01317648310214281,0.0034319583792239428,0,0,0,0,1,0,0,0,1,0,18
0.45092499256134033,0.02241808921098709,0.008052587509155273,0.0012385788140818477,0.5330976247787476,0.02304290607571602,0.25888943672180176,0.06131143122911453,-2.2742384317098185e-05,-3.3552655622770544e-06,4.252518556313589e-05,0.001939289621077478,0.5341624617576599,0.014740927144885063,-0.012730149552226067,0.004083431325852871,0,0,0,0,1,0,0,0,1,0,7
0.4582533836364746,0.023478161543607712,0.006899062544107437,0.000570550502743572,0.5927430391311646,0.022660603746771812,0.14122247695922852,0.05830637365579605,-0.0006687556742690504,-3.3552655622770544e-06,4.252518556313589e-05,0.001939289621077478,0.5225115418434143,0.01857377216219902,-0.010286008939146996,0.003325497033074498,0,0,0,0,0,0,1,0,1,0,0
0.46484607458114624,0.02402336150407791,0.006132967304438353,0.0005071813357062638,0.6442989110946655,0.021808305755257607,0.1537824273109436,0.04930436611175537,-0.0010364762274548411,-1.8875949763241806e-06,6.623184162890539e-05,0.0017726389924064279,0.5146121382713318,0.020991766825318336,-0.005686984397470951,0.0016370458761230111,0,0,0,0,0,0,1,0,1,0,2
0.471314936876297,0.024520352482795715,0.007086992263793945,0.0004621784028131515,0.690418541431427,0.02061954326927662,0.11969345062971115,0.0425121895968914,-0.0012440342688933015,1.3549991990657873e-06,9.785150177776814e-05,0.0014885867713019252,0.5120547413825989,0.02173617295920849,0.0001581276155775413,0.0001480134524172172,0,1,0,0,0,0,0,0,1,0,13
0.4792172312736511,0.024833137169480324,0.008537137880921364,0.00015682581579312682,0.7290175557136536,0.019387751817703247,0.1086515486240387,0.035874493420124054,-0.0012029795907437801,9.592221431375947e-06,0.0001619386748643592,0.0007295770337805152,0.5147408246994019,0.021970074623823166,0.003675502957776189,0.00032872389419935644,0,1,0,0,0,0,0,0,1,0,9
0.4882507026195526,0.024754324927926064,0.009238017722964287,-0.000206471246201545,0.7625063061714172,0.018238333985209465,0.10899297147989273,0.031809572130441666,-0.0010990665759891272,1.535239425720647e-05,0.00018814654322341084,0.0,0.5196675062179565,0.022204600274562836,0.00551256351172924,1.9986502593383193e-05,0,1,0,0,0,0,0,0,1,0,11
0.4978089928627014,0.024531789124011993,0.010059623047709465,-0.0002438262599753216,0.7926115393638611,0.01719815284013748,0.10926804691553116,0.02879203110933304,-0.0009948058286681771,1.3896351447328925e-05,0.0001703021116554737,-5.880261555457622e-12,0.5264049172401428,0.02215023897588253,0.007209882140159607,-6.237847992451862e-05,0,1,0,0,0,0,0,0,1,0,9
0.5083822011947632,0.02426717057824135,0.010977313853800297,-0.00029002572409808636,0.8199713230133057,0.01625283993780613,0.1094585582613945,0.026250014081597328,-0.0009069754160009325,1.2669644092966337e-05,0.00015526858624070883,-8.805225645835968e-12,0.5345727801322937,0.022042663767933846,0.008526518009603024,-0.00012006543693132699,0,1,0,0,0,0,0,0,1,0,3
0.5198007225990295,0.023971887305378914,0.011776110157370567,-0.00031278267852030694,0.8449988961219788,0.015388098545372486,0.10959399491548538,0.024076174944639206,-0.0008318661712110043,1.1620558325375896e-05,0.00014241188182495534,0.0,0.5439218282699585,0.021874232217669487,0.009522837586700916,-0.0001788037916412577,0,0,1,0,0,0,0,0,1,0,15
0.5319306254386902,0.023649437353014946,0.01241501048207283,-0.00034262132248841226,0.8680179715156555,0.01459275558590889,0.10969191789627075,0.022193090990185738,-0.0007668028702028096,1.071175211109221e-05,0.0001312743261223659,-5.8559953761139205e-12,0.554078996181488,0.021668734028935432,0.010376916266977787,-0.000207035118364729,0,0,1,0,0,0,0,0,0,0,11
0.5446150898933411,0.02330203726887703,0.012904363684356213,-0.00035884694079868495,0.889286458492279,0.013857899233698845,0.10976381599903107,0.02054348774254322,-0.0007098069763742387,9.915613190969452e-06,0.00012151749979238957,2.9254660759842066e-12,0.565071165561676,0.021433254703879356,0.011166993528604507,-0.00023638561833649874,0,0,1,0,0,0,0,0,0,0,2
0.5577324628829956,0.02294006012380123,0.013281062245368958,-0.0003762881096918136,0.909013032913208,0.01317631360143423,0.10981737077236176,0.01908416673541069,-0.0006593854050152004,9.211303222400602e-06,0.00011288600217085332,0.0,0.5769134759902954,0.021164195612072945,0.011998526751995087,-0.00026855082251131535,0,1,0,0,0,0,0,0,0,0,17
0.5711715817451477,0.022561565041542053,0.013564324006438255,-0.00039090891368687153,0.9273691773414612,0.01254208479076624,0.10985779017210007,0.01778188906610012,-0.00061438960256055,8.582768714404665e-06,0.00010518325871089473,-1.4608355757700364e-12,0.5893247127532959,0.02087252214550972,0.012527908198535442,-0.000291934993583709,0,1,0,0,0,0,0,0,0,1,2
0.584850549697876,0.022177254781126976,0.013773404061794281,-0.0003941670001950115,0.9444969296455383,0.011950294487178326,0.10988864302635193,0.01661069504916668,-0.0005739231128245592,8.017495929379947e-06,9.825575398281217e-05,0.0,0.6022185683250427,0.020558102056384087,0.01301039569079876,-0.00031571841100230813,0,1,0,0,0,0,0,0,0,1,16
0.5987106561660767,0.021783458068966866,0.013930678367614746,-0.0004024139780085534,0.9605157971382141,0.011396816931664944,0.1099124401807785,0.015549983829259872,-0.0005372739396989346,7.505535450036405e-06,9.198160842061043e-05,-2.9190087846853174e-12,0.6154649257659912,0.02022692747414112,0.013304479420185089,-0.0003298938972875476,0,1,0,0,0,0,0,0,0,1,13
0.6122386455535889,0.021399451419711113,0.012401379644870758,-0.0003545483632478863,0.9755269289016724,0.010878159664571285,0.10993097722530365,0.014583226293325424,-0.0005038712406530976,7.0389241955126636e-06,8.626322232885286e-05,2.9179675169188624e-12,0.6288626790046692,0.019885871559381485,0.013404798693954945,-0.00034138571936637163,0,1,0,0,0,0,0,0,1,1,18
0.6222264170646667,0.02111820876598358,0.007584604434669018,-0.00021596616716124117,0.9896164536476135,0.01039134245365858,0.10994553565979004,0.0136970030143857,-0.0004732509842142463,6.611177923332434e-06,8.10210985946469e-05,-2.1878041912837265e-12,0.6417467594146729,0.01955343596637249,0.013136436231434345,-0.0003372798964846879,0,1,0,0,0,0,0,0,1,0,18
0.628625214099884,0.02090119756758213,0.0057179732248187065,-0.00017798066255636513,1.0028589963912964,0.00993379671126604,0.10995706170797348,0.012880290858447552,-0.0004450323467608541,6.216981546458555e-06,7.619015377713367e-05,0.0,0.6541081070899963,0.019232792779803276,0.013083402067422867,-0.00033903936855494976,0,1,0,0,0,0,0,0,1,0,0
0.635168194770813,0.020075181499123573,0.004469291307032108,-0.0005705003859475255,1.015318751335144,0.009503298439085484,0.1099662333726883,0.01212395541369915,-0.00041890001739375293,5.851925379829481e-06,7.17163275112398e-05,2.1867163028238545e-12,0.6662260890007019,0.01885758899152279,0.012720032595098019,-0.00037332388455979526,0,1,0,0,0,0,0,0,1,0,16
