lt_dp_posx,lt_dp_posy,lt_dp_velx,lt_dp_vely,ball_posx,ball_posy,ball_posz,ball_vel_x,ball_vel_y,ball_rot_x,ball_rot_y,ball_rot_z,rt_gk_posx,rt_gk_posy,rt_gk_velx,rt_gk_vely,action_left,action_top_left,action_top,action_top_right,action_right,action_bottom_right,action_bottom,action_bottom_left,action_sprint,action_dribble,sel_action
-1.0110293626785278,-0.0,0.0,-0.0,0.019999999552965164,-0.0,0.11061639338731766,-0.0,0.0,0.0,-0.0,0.0,1.0110293626785278,0.0,-0.0,0.0,0,0,0,0,0,0,0,0,0,0,5
0.0008581235888414085,6.328988028103666e-11,0.0032361329067498446,2.5075216208980677e-11,0.019999999552965164,-0.0,0.11059734225273132,-0.0,0.0,0.0,-0.0,0.0,1.0110293626785278,0.0,-0.0,0.0,0,0,0,0,1,0,0,0,0,0,5
0.004069581162184477,-1.1122183174450129e-09,0.004941489081829786,-2.888698447112148e-10,0.019999999552965164,-0.0,0.10930104553699493,-0.0,0.0,0.0,-0.0,0.0,1.010831356048584,-1.6284975104530197e-11,-0.0013190157478675246,-1.0751217971449734e-10,0,0,0,0,1,0,0,0,0,0,13
0.007871970534324646,-4.430309896719109e-09,0.006513637024909258,-3.619790300835035e-10,0.021814869716763496,-1.915935743390662e-10,0.11959394812583923,0.009008723311126232,-9.513364540580938e-10,2.6349452134089013e-13,-2.683718093976495e-06,-2.237318186618098e-12,1.007331371307373,-2.400609988573166e-10,-0.004367968533188105,-2.2623179718461728e-10,0,0,0,0,1,0,0,0,1,0,16
0.01518288068473339,-4.639084671964611e-09,0.007938067428767681,-5.406244202310617e-11,0.030372420325875282,-1.0971480390864485e-09,0.10589145123958588,0.008192607201635838,-8.683987418045547e-10,5.86353708642573e-12,2.143168603652157e-05,-4.888338431957573e-12,1.0020980834960938,-4.0814679413969657e-10,-0.0059268055483698845,-1.0373116254847048e-10,0,0,0,0,1,0,0,0,1,0,18
0.02382509410381317,-4.760563054873046e-09,0.009190686047077179,-1.3519350916535444e-10,0.038240332156419754,-1.931850901470966e-09,0.11269921809434891,0.007675737142562866,-8.1433315646251e-10,1.1375699861260191e-11,4.540265945252031e-05,0.0,0.9953674674034119,-4.4020714157211316e-11,-0.007369237951934338,6.025666077213998e-10,0,0,0,0,1,0,0,0,1,0,5
0.03297604247927666,-5.664031910157519e-09,0.00985135417431593,-2.3710408636468117e-10,0.045684799551963806,-2.721647351933143e-09,0.11210190504789352,0.007253612391650677,-7.695492576509366e-10,1.0750563633754595e-11,4.2907620809273794e-05,0.0,0.9872784614562988,3.951862448392518e-10,-0.008651789277791977,2.844389168643602e-10,0,0,0,0,1,0,0,0,1,0,0
0.04093415290117264,-7.947916103034913e-09,0.009685578756034374,-1.2715355157677521e-10,0.05270359665155411,-3.4662854808686916e-09,0.11100553721189499,0.006829644087702036,-7.245700706093317e-10,1.0122128829559429e-11,4.039938357891515e-05,-2.777141446999808e-18,0.9781137704849243,6.659807705311493e-10,-0.009335489943623543,9.021062230551991e-10,0,0,0,0,1,0,0,0,1,0,18
0.05086436867713928,-8.419474895049461e-09,0.010593279264867306,-7.153703324158656e-11,0.0659412071108818,2.5387602363480255e-05,0.14662162959575653,0.013831785880029202,2.788744677673094e-05,2.854011427189107e-07,8.162169251590967e-06,3.596036322051077e-07,0.968501091003418,1.3862607728398757e-09,-0.010017086751759052,5.832365701508024e-10,0,0,0,0,1,0,0,0,1,0,18
0.061566125601530075,3.511206614348339e-06,0.010849579237401485,6.5497110881551635e-06,0.07951919734477997,5.255360156297684e-05,0.11541631817817688,0.012867928482592106,2.4848404791555367e-05,2.9045475358202566e-08,3.576048766262829e-05,4.6686332666467933e-07,0.9580104947090149,1.755671052983132e-09,-0.010855057276785374,1.8659056244541006e-10,0,0,0,0,1,0,0,0,1,0,16
0.07285244017839432,1.4273716260504443e-05,0.011619224213063717,1.4482860024145339e-05,0.09191896766424179,7.611871842527762e-05,0.113199383020401,0.012082209810614586,2.274630605825223e-05,-1.858649767427778e-07,5.81745698582381e-05,2.5651496571299504e-07,0.9471069574356079,4.0989112903844216e-07,-0.010882405564188957,8.783460430095147e-07,0,0,0,0,1,0,0,0,1,0,18
0.08483362197875977,3.1703802960691974e-05,0.01227075606584549,1.89252314157784e-05,0.10360890626907349,9.802191198104993e-05,0.1122262105345726,0.011410904116928577,2.137391311407555e-05,-2.9857935146537784e-07,6.749647582182661e-05,0.0,0.9358362555503845,1.9528761185938492e-06,-0.01156821008771658,2.0639140529965516e-06,0,0,0,0,1,0,0,0,1,0,5
0.09741009771823883,5.315137968864292e-05,0.012805094011127949,2.3972756025614217e-05,0.11467443406581879,0.00011874891060870141,0.10859882086515427,0.010784344747662544,2.0200306607875973e-05,-2.8220210879226215e-07,6.379421392921358e-05,0.0,0.9239458441734314,4.526813881966518e-06,-0.012150231748819351,2.824220473485184e-06,0,0,0,0,1,0,0,0,1,0,18
0.1104474663734436,-8.29827185953036e-05,0.01320716179907322,2.8766940886271186e-05,0.1251225471496582,0.00013831938849762082,0.10880786925554276,0.010176735930144787,1.906217948999256e-05,-2.662985423285136e-07,6.0199097788427025e-05,4.553238144053111e-14,0.911514401435852,7.677196663280483e-06,-0.012642495334148407,3.456525519140996e-06,0,0,0,0,1,0,0,0,1,0,5
0.12368638068437576,-0.001921282266266644,0.013239067979156971,1.668188451731112e-05,0.1349794715642929,0.00015678252384532243,0.11073844879865646,0.009600071236491203,1.7982019926421344e-05,-2.5120277769019594e-07,5.6786579079926014e-05,0.0,0.8986548185348511,1.151470496552065e-05,-0.013021862134337425,4.143034857406747e-06,0,0,0,0,1,0,0,0,1,0,16
0.13692541420459747,-0.0022479197941720486,0.013239067979156971,4.76623245049268e-06,0.14994873106479645,-7.53213680582121e-05,0.15853574872016907,0.015455503948032856,-0.00025785883190110326,-6.124597717871438e-08,1.0370978998253122e-05,-7.978235885275353e-07,0.8854668736457825,1.3556850717577618e-05,-0.013312171213328838,-4.411249392433092e-07,0,0,0,0,1,0,0,0,1,0,13
0.15025413036346436,-0.0022306768223643303,0.013456800021231174,5.136979234521277e-05,0.16528017818927765,-0.00033108366187661886,0.11716284602880478,0.015122662298381329,-0.0002520995622035116,4.868169156679869e-08,1.2799633623217233e-05,-9.66540369518043e-07,0.8720289468765259,9.795078767638188e-06,-0.013532358221709728,-6.399583980964962e-06,0,0,0,0,1,0,0,0,1,0,16
0.16384945809841156,-0.0021007845643907785,0.013697322458028793,0.0001970304292626679,0.17940828204154968,-0.0005650212406180799,0.12572741508483887,0.013744164258241653,-0.00022710666235070676,1.706927719169471e-06,4.929867645842023e-05,-1.828828317229636e-06,0.8584014177322388,-1.7898285022965865e-06,-0.013698549941182137,-1.8922781237051822e-05,0,0,0,0,1,0,0,0,1,0,5
0.17764823138713837,-0.0018355266656726599,0.013874909840524197,0.0002877813531085849,0.1926412433385849,-0.0007832450210116804,0.11794976890087128,0.012886499986052513,-0.00021236721659079194,2.966855390695855e-06,7.623057899763808e-05,7.290758166460243e-13,0.8446311950683594,-3.1918829336063936e-05,-0.013824069872498512,-3.8927777495700866e-05,0,0,0,0,1,0,0,0,1,0,0
0.19160190224647522,-0.0015807996969670057,0.014012000523507595,0.00022535510652232915,0.20514601469039917,-0.0009893217356875539,0.10695638507604599,0.012190189212560654,-0.00020089220197405666,2.806562406476587e-06,7.211196498246863e-05,7.289199625837295e-13,0.8307540416717529,-8.078149403445423e-05,-0.013917334377765656,-5.409090226748958e-05,0,0,0,0,1,0,0,0,1,0,16
0.20567215979099274,-0.0013896836899220943,0.014113328419625759,0.00016345022595487535,0.21695904433727264,-0.0011839988874271512,0.11112900078296661,0.01151182595640421,-0.00018971285317093134,2.650306669238489e-06,6.80971352267079e-05,3.643882071080462e-13,0.8167966604232788,-0.00013437533925753087,-0.013986756093800068,-5.317361865309067e-05,0,0,0,0,1,0,0,0,1,0,18
0.21977268159389496,-0.0012623242801055312,0.014121749438345432,0.00010066223330795765,0.22810977697372437,-0.001367761055007577,0.11018561571836472,0.010860420763492584,-0.00017897780344355851,2.5002962047437904e-06,6.424277671612799e-05,0.0,0.8027791976928711,-0.0001870071719167754,-0.01404004916548729,-5.2178682381054386e-05,0,0,0,0,1,0,0,0,1,0,5
0.2337304651737213,-0.0011974837398156524,0.013679967261850834,3.656666376627982e-05,0.24249009788036346,-0.0014055584324523807,0.1571343094110489,0.01583513244986534,2.1506697521544993e-05,8.989484285848448e-07,1.2277810128580313e-05,-9.624691301723942e-07,0.7887169718742371,-0.00023979136312846094,-0.014079318381845951,-5.375112596084364e-05,0,0,0,0,1,0,0,0,1,0,16
0.24711638689041138,-0.00037804539897479117,0.01331243570894003,4.7438452384085394e-06,0.25821343064308167,-0.0013841880718246102,0.13814039528369904,0.015631886199116707,2.1280315195326693e-05,8.989484285848448e-07,1.2277810128580313e-05,-9.624691301723942e-07,0.7746214270591736,-0.00029475390329025686,-0.014108069241046906,-5.594998219748959e-05,0,0,0,0,1,0,0,0,1,0,16
0.26042869687080383,0.0010154378833249211,0.013312522321939468,2.3724217044218676e-06,0.27350175380706787,-0.001291391090489924,0.1509428769350052,0.0158751979470253,0.0002654604322742671,4.0457089767187426e-07,-7.778847361805674e-07,1.8108886479240027e-07,0.7605007886886597,-0.00034968103864230216,-0.014129807241261005,-4.923888991470449e-05,0,0,0,0,1,0,0,0,1,0,0
0.2737444043159485,0.0010163182159885764,0.013344252482056618,-1.8706660966927302e-06,0.2892645001411438,-0.0010278241243213415,0.17014312744140625,0.015671642497181892,0.00026204134337604046,4.0457089767187426e-07,-7.778847361805674e-07,1.8108886479240027e-07,0.7463613748550415,-0.00038787329685874283,-0.014145934954285622,-2.9145048756618053e-05,0,0,0,0,1,0,0,0,1,0,6
0.28724464774131775,0.0009696335182525218,0.013615629635751247,-0.00010002047929447144,0.30468231439590454,-0.0007701998692937195,0.11693178117275238,0.014495951123535633,0.0002410474990028888,-6.417596978280926e-07,2.3244336261996068e-05,1.709183607090381e-06,0.7322080135345459,-0.0004059435159433633,-0.014158557169139385,-9.003081686387304e-06,0,0,0,0,0,1,0,0,1,0,7
0.30097484588623047,0.0007938117487356067,0.01381460390985012,-0.00023569591576233506,0.318758100271225,-0.0005365132237784564,0.13001006841659546,0.013940073549747467,0.0002313529112143442,-1.0177943750022678e-06,3.18633065035101e-05,1.9165884168614866e-06,0.7180443406105042,-0.00040135858580470085,-0.014167673885822296,1.5704594261478633e-05,0,0,0,0,0,0,1,0,1,0,16
0.3148750364780426,0.0005336661706678569,0.013965018093585968,-0.00024292012676596642,0.33208516240119934,-0.000315882614813745,0.12117227911949158,0.012896623462438583,0.00021319801453500986,-2.838149839590187e-06,7.316970004467294e-05,3.3048235081878374e-07,0.7038730978965759,-0.0003720545209944248,-0.01417398452758789,4.04338825319428e-05,0,0,0,0,0,0,1,0,1,0,7
0.32838761806488037,0.0009286390268243849,0.013805334456264973,-0.00016053741273935884,0.3446168303489685,-0.00010872792336158454,0.11239105463027954,0.01222959253937006,0.0002021615655394271,-2.8242741336725885e-06,7.234450458781794e-05,0.0,0.6896963119506836,-0.00032329827081412077,-0.014178893528878689,5.0074406317435205e-05,0,0,0,0,0,0,1,0,1,0,12
0.3413122296333313,0.0020178479608148336,0.013368270359933376,0.0001692476071184501,0.35704752802848816,0.0007347821374423802,0.1285507082939148,0.014405906200408936,0.0034078967291861773,4.592065579345217e-06,1.4799195014347788e-05,1.626099765417166e-05,0.6755152344703674,-0.0002734599693212658,-0.014183100312948227,4.964439358445816e-05,0,0,0,0,0,0,1,0,1,0,12
0.3541412651538849,0.0026797400787472725,0.012407583184540272,0.0014420866500586271,0.37128183245658875,0.004097923636436462,0.15288683772087097,0.014155554585158825,0.0033442960120737553,3.6201536204316653e-06,1.6110056094476022e-05,1.7479878806625493e-05,0.6613311767578125,-0.0002111192443408072,-0.014183801598846912,0.00013543969544116408,0,0,0,0,0,0,1,0,1,0,12
0.36631065607070923,0.004860171116888523,0.01184169016778469,0.0025627787690609694,0.38509923219680786,0.0073495120741426945,0.12132281810045242,0.013078251853585243,0.0030398396775126457,-1.667887408984825e-05,4.316296326578595e-05,2.709329783101566e-05,0.6471570134162903,0.00016112244338728487,-0.014160661026835442,0.0005658898735418916,0,0,0,0,0,0,1,0,1,0,12
0.3781847357749939,0.007422610651701689,0.012079407460987568,0.002589957322925329,0.3978302478790283,0.010298212058842182,0.11544492840766907,0.012467448599636555,0.002880718559026718,-2.7712580049410462e-05,5.7600162108428776e-05,1.9193917978554964e-05,0.6330232620239258,0.0009632628643885255,-0.014106666669249535,0.0009951917454600334,0,0,0,0,0,0,1,0,1,0,0
0.39051708579063416,0.010020792484283447,0.012525039725005627,0.0025959177874028683,0.409880667924881,0.013076679781079292,0.10648496448993683,0.01176281925290823,0.002711748704314232,-3.7885129131609574e-05,6.958504673093557e-05,0.0,0.6189518570899963,0.0021505679469555616,-0.014042854309082031,0.0013268307084217668,0,0,0,0,0,0,1,0,1,0,12
0.4032391905784607,0.012609805911779404,0.01286092959344387,0.00259958952665329,0.42128774523735046,0.015706412494182587,0.11318567395210266,0.011119944043457508,0.0025635422207415104,-3.5812372516375035e-05,6.577797466889024e-05,-1.1659155411958277e-11,0.6049490571022034,0.0036459192633628845,-0.01396712101995945,0.0016329819336533546,0,0,0,0,0,0,1,0,1,0,14
0.4162253141403198,0.015250541269779205,0.013077259063720703,0.0026747656520456076,0.4320639669895172,0.018190713599324226,0.11169163137674332,0.01049905363470316,0.002420404925942421,-3.381247370271012e-05,6.210467836353928e-05,8.742930858451903e-12,0.5910335779190063,0.005455552600324154,-0.013863339088857174,0.0019737158436328173,0,0,0,0,0,0,0,0,1,0,5
0.4289226531982422,0.018265873193740845,0.012462145648896694,0.002555649494752288,0.44223466515541077,0.020535409450531006,0.10880304127931595,0.009906910359859467,0.002283894456923008,-3.1906198273645714e-05,5.8603349316399544e-05,-2.913879641047723e-12,0.5772473216056824,0.007645220495760441,-0.013718885369598866,0.002365733962506056,0,0,0,0,1,0,0,0,1,0,15
0.44027847051620483,0.020831461995840073,0.010659483261406422,0.0017490186728537083,0.45728862285614014,0.02241136133670807,0.16711200773715973,0.0639188140630722,-0.0012096520513296127,-1.584966594236903e-05,2.3092647097655572e-05,0.0007495780009776354,0.5636208057403564,0.010224491357803345,-0.013547084294259548,0.0027532498352229595,0,0,0,0,1,0,0,0,0,0,7
0.44925710558891296,0.022167367860674858,0.008381464518606663,0.001268523745238781,0.5194835662841797,0.0211178008466959,0.6282939910888672,0.06082763522863388,-0.0013629384338855743,-1.584966594236903e-05,2.3092647097655572e-05,0.0007495780009776354,0.5518577098846436,0.012765293009579182,-0.009985530748963356,0.0023714236449450254,0,0,0,0,0,0,1,0,0,0,16
0.45683252811431885,0.0233437679708004,0.007229342125356197,0.0009759904351085424,0.5787352323532104,0.019668862223625183,0.9182003736495972,0.057997867465019226,-0.001519606215879321,-1.584966594236903e-05,2.3092647097655572e-05,0.0007495780009776354,0.5447973012924194,0.014855391345918179,-0.004469647072255611,0.0018631727434694767,0,0,0,0,0,0,1,0,0,0,0
0.46359503269195557,0.023921914398670197,0.006132967304438353,0.00050716707482934,0.6352797150611877,0.018062571063637733,1.0476387739181519,0.055385101586580276,-0.0016772025264799595,-1.584966594236903e-05,2.3092647097655572e-05,0.0007495780009776354,0.5430447459220886,0.017136484384536743,0.0002983738377224654,0.002826614771038294,0,0,0,0,0,0,1,0,0,0,5
0.4698890149593353,0.024424349889159203,0.006775645539164543,0.00047946089762263,0.6893143057823181,0.016299057751893997,1.026489496231079,0.05295472964644432,-0.0018338822992518544,-1.584966594236903e-05,2.3092647097655572e-05,0.0007495780009776354,0.5460723042488098,0.019560009241104126,0.004772228188812733,0.0018874281086027622,0,0,0,0,1,0,0,0,0,0,16
0.47750258445739746,0.024760596454143524,0.008267865516245365,0.00018126657232642174,0.7410057783126831,0.014380007982254028,0.8637586236000061,0.050679344683885574,-0.001988311531022191,-1.584966594236903e-05,2.3092647097655572e-05,0.0007495780009776354,0.5519870519638062,0.020953085273504257,0.006707626394927502,0.0011013740440830588,0,0,0,0,1,0,0,0,0,0,6
0.4864504337310791,0.024651717394590378,0.009320062585175037,-0.00034299763501621783,0.7904966473579407,0.012308216653764248,0.5676403641700745,0.04853687435388565,-0.00213956693187356,-1.584966594236903e-05,2.3092647097655572e-05,0.0007495780009776354,0.5595276355743408,0.021838294342160225,0.008197742514312267,0.0006341050029732287,0,0,0,0,0,1,0,0,0,0,18
0.4959338903427124,0.024289177730679512,0.00986001081764698,-0.00038537682848982513,0.8379096388816833,0.010087203234434128,0.14559027552604675,0.0465092658996582,-0.002287054667249322,-1.584966594236903e-05,2.3092647097655572e-05,0.0007495780009776354,0.5684106349945068,0.02210182137787342,0.0093158558011055,-7.199613901320845e-05,0,0,0,0,0,1,0,0,0,0,13
0.5063267350196838,0.02386876940727234,0.010801413096487522,-0.00044947321293875575,0.8758894801139832,0.008387992158532143,0.32109808921813965,0.03663811460137367,-0.0016535543836653233,-1.2186877029307652e-05,4.1705716284923255e-05,0.0006747620645910501,0.5777975916862488,0.021853098645806313,0.009626851417124271,-0.0002892108750529587,0,0,0,0,0,1,0,0,1,0,17
0.5175449848175049,0.023598579689860344,0.011447598226368427,0.00033342951792292297,0.9119551777839661,0.0067045073956251144,0.4123504161834717,0.035596996545791626,-0.0017082277918234468,-1.2186877029307652e-05,4.1705716284923255e-05,0.0006747620645910501,0.5879287719726562,0.021509798243641853,0.01051951851695776,-0.00039065282908268273,0,0,0,0,0,1,0,0,1,1,3
0.528297483921051,0.025255899876356125,0.009952222928404808,0.0028142519295215607,0.9469786882400513,0.004965505562722683,0.35977983474731445,0.0345538891851902,-0.0017643705941736698,-1.2186877029307652e-05,4.1705716284923255e-05,0.0006747620645910501,0.5987755656242371,0.02107151597738266,0.010856459848582745,-0.0004552197933662683,0,0,1,0,0,0,0,0,1,1,5
0.5376641154289246,0.029255913570523262,0.009133858606219292,0.004562479443848133,0.9809575080871582,0.003169722156599164,0.1699455827474594,0.033507831394672394,-0.0018216334283351898,-1.2186877029307652e-05,4.1705716284923255e-05,0.0006747620645910501,0.6097629070281982,0.020599331706762314,0.011284210719168186,-0.000493791711051017,0,0,0,0,1,0,0,0,1,1,2
0.5479889512062073,0.03281213343143463,0.011134342290461063,0.002500202041119337,1.0113804340362549,0.001580719486810267,0.20064087212085724,0.02903454191982746,-0.0014932549092918634,-6.377162208082154e-06,6.486028723884374e-05,0.0005536364624276757,0.6213884353637695,0.02008010819554329,0.011886568740010262,-0.0005387375713326037,0,1,0,0,0,0,0,0,1,1,13
