lt_dp_posx,lt_dp_posy,lt_dp_velx,lt_dp_vely,ball_posx,ball_posy,ball_posz,ball_vel_x,ball_vel_y,ball_rot_x,ball_rot_y,ball_rot_z,rt_gk_posx,rt_gk_posy,rt_gk_velx,rt_gk_vely,action_left,action_top_left,action_top,action_top_right,action_right,action_bottom_right,action_bottom,action_bottom_left,action_sprint,action_dribble,sel_action
-1.0110293626785278,-0.0,0.0,-0.0,0.019999999552965164,-0.0,0.11061639338731766,-0.0,0.0,0.0,-0.0,0.0,1.0110293626785278,0.0,-0.0,0.0,0,0,0,0,0,0,0,0,0,0,5
0.0,-0.0,0.0,-0.0,0.019999999552965164,-0.0,0.11059734225273132,-0.0,0.0,0.0,-0.0,0.0,1.010373830795288,-5.178543011075121e-11,-0.0026071772444993258,-1.9923605820704182e-10,0,0,0,0,1,0,0,0,0,0,5
0.0,-0.0,0.0,-0.0,0.019999999552965164,-0.0,0.10930104553699493,-0.0,0.0,0.0,-0.0,0.0,1.0064098834991455,-2.8306179622461514e-10,-0.0046870289370417595,-2.1158365337559104e-10,0,0,0,0,1,0,0,0,0,0,5
0.002605511574074626,1.3680566401941263e-10,0.004109719302505255,2.5224112729094195e-11,0.019999999552965164,-0.0,0.11075475811958313,-0.0,0.0,0.0,-0.0,0.0,1.0008678436279297,-4.217382554294602e-10,-0.006225530058145523,-5.989382600990467e-11,0,0,0,0,1,0,0,0,0,0,5
0.005889641121029854,-1.5970879063686994e-09,0.005736230872571468,-3.9207298518917355e-10,0.019999999552965164,-0.0,0.11053141206502914,-0.0,0.0,0.0,-0.0,0.0,0.9938530325889587,7.82566372814486e-11,-0.007639211602509022,5.696330074300704e-10,0,0,0,0,1,0,0,0,0,0,13
0.011982080526649952,-2.3340314125874784e-09,0.007240616716444492,-2.362129658539658e-10,0.02691209688782692,-4.666663722119324e-10,0.12254813313484192,0.008374633267521858,-5.659687718484463e-10,2.0085038233280672e-12,1.0416755685582757e-05,-2.8667975111862365e-12,0.9855127334594727,4.908120576629926e-10,-0.008886702358722687,2.665385134825726e-10,0,0,0,0,1,0,0,0,1,0,18
0.019974837079644203,-2.479345617700801e-09,0.008583002723753452,-1.7994919443431456e-10,0.03486180678009987,-1.0046676823805e-09,0.11699162423610687,0.007705577649176121,-5.217304921423249e-10,7.288690484497096e-12,4.558203727356158e-05,0.0,0.9762466549873352,6.676987851506055e-10,-0.009335489943623543,2.1366428071267762e-10,0,0,0,0,1,0,0,0,1,0,13
0.029211096465587616,-2.6511925987904306e-09,0.009742094203829765,-1.496287399538332e-10,0.04233737289905548,-1.510824132466837e-09,0.10775913298130035,0.007286667823791504,-4.933667918649576e-10,6.8923690539623994e-12,4.31035332439933e-05,6.943401107667453e-19,0.9664705991744995,8.339416379676834e-10,-0.010197303257882595,1.2129287851880832e-10,0,0,0,0,1,0,0,0,1,0,18
0.03715028613805771,-4.070698444991194e-09,0.009281553328037262,-1.6718125495085445e-10,0.049390897154808044,-1.9884056623453716e-09,0.11127554625272751,0.006866077426820993,-4.648892382164149e-10,6.494466856660219e-12,4.061513391206972e-05,-6.942896010505913e-19,0.9558171629905701,8.882943269838961e-10,-0.011003718711435795,-1.274897207118389e-13,0,0,0,0,1,0,0,0,1,0,0
0.04607756808400154,-4.900661654261285e-09,0.010248887352645397,-1.0085627472067316e-10,0.05977779999375343,1.4214143448043615e-05,0.1403011828660965,0.013893861323595047,2.8018363082082942e-05,2.857442211734451e-07,7.852933777030557e-06,3.574642164494435e-07,0.9449081420898438,1.7761379034197944e-09,-0.011030365712940693,6.761086135398386e-10,0,0,0,0,1,0,0,0,1,0,13
0.05666933208703995,1.209588958772656e-06,0.010675542056560516,4.048628852615366e-06,0.0735815018415451,4.204217475489713e-05,0.12649618089199066,0.013696718961000443,2.7571653845370747e-05,2.785293133911182e-07,8.640456144348718e-06,3.6553785776050063e-07,0.9335045218467712,2.216776096020112e-09,-0.011688821017742157,2.4485505289995046e-10,0,0,0,0,1,0,0,0,1,0,13
0.06764684617519379,9.054887414094992e-06,0.011330842971801758,1.0955336620099843e-05,0.08641690015792847,6.69076616759412e-05,0.12636925280094147,0.01235953439027071,2.3456506824004464e-05,-9.507835585509383e-08,4.876920866081491e-05,3.7999774349373183e-07,0.9214994311332703,1.134801763669202e-07,-0.012258922681212425,3.9950464270077646e-07,0,0,0,0,1,0,0,0,1,0,16
0.07936257123947144,2.4316739654750563e-05,0.012014280073344707,1.7938891687663272e-05,0.09837605804204941,8.939208782976493e-05,0.11752312630414963,0.011652267538011074,2.1826706870342605e-05,-3.049231338536629e-07,6.892834790050983e-05,9.110068385428938e-14,0.908973217010498,1.283958113162953e-06,-0.01272664312273264,1.8672213855097652e-06,0,0,0,0,1,0,0,0,1,0,16
0.09171651303768158,4.395041105453856e-05,0.01260839868336916,2.160557050956413e-05,0.10968796163797379,0.00011058121890528128,0.11176754534244537,0.0110254418104887,2.0652551029343158e-05,-2.885046797018731e-07,6.521696195704862e-05,-4.55424103106266e-14,0.896040678024292,3.96399809687864e-06,-0.01308637484908104,3.1591616789228283e-06,0,0,0,0,1,0,0,0,1,0,16
0.10458483546972275,6.889075302751735e-05,0.013062182813882828,2.7766725906985812e-05,0.12037452310323715,0.00013059900084044784,0.11096896231174469,0.010411463677883148,1.9502460418152623e-05,-2.7244587386121566e-07,6.158681935630739e-05,-4.553507500530338e-14,0.8827971816062927,7.421047030220507e-06,-0.013360556215047836,3.7372590213635704e-06,0,0,0,0,1,0,0,0,1,0,5
0.11779036372900009,-0.0011668414808809757,0.013238980434834957,2.145966936950572e-05,0.13045881688594818,0.0001494886091677472,0.10908360034227371,0.009821703657507896,1.8397733583697118e-05,-2.570160688719625e-07,5.8098921726923436e-05,-4.5528430878865114e-14,0.8693169951438904,1.14941594802076e-05,-0.013568822294473648,4.340558007243089e-06,0,0,0,0,1,0,0,0,1,0,0
0.1310293972492218,-0.0022505000233650208,0.013239067979156971,9.537812729831785e-06,0.1431073695421219,2.7994654374197125e-05,0.1472282111644745,0.015537279658019543,-0.00025914341676980257,-6.145261011170078e-08,1.0351108358008787e-05,-7.97656298345828e-07,0.8556575179100037,1.4550577361660544e-05,-0.013726599514484406,1.039187736751046e-06,0,0,0,0,1,0,0,0,1,0,16
0.14428842067718506,-0.0022447635419666767,0.01333785429596901,1.321675972576486e-05,0.15853729844093323,-0.0002293430588906631,0.14566361904144287,0.015342291444540024,-0.00025587400887161493,-6.145261011170078e-08,1.0351108358008787e-05,-7.97656298345828e-07,0.8418632745742798,1.2960151252627838e-05,-0.013844406232237816,-3.665676103992155e-06,0,0,0,0,1,0,0,0,1,0,5
0.15778285264968872,-0.002170633291825652,0.013610019348561764,0.00013727426994591951,0.17323258519172668,-0.0004734790127258748,0.12910307943820953,0.014003572054207325,-0.00023157746181823313,1.456201971450355e-06,4.381480175652541e-05,-1.918556336022448e-06,0.8279680609703064,5.118932222103467e-06,-0.013932760804891586,-1.4863887372484896e-05,0,0,0,0,1,0,0,0,1,0,16
0.17150762677192688,-0.0019523954251781106,0.013809168711304665,0.0002824732509907335,0.18681393563747406,-0.0006976486183702946,0.11690471321344376,0.013139991089701653,-0.0002164687612093985,3.0237451937864535e-06,7.772020762786269e-05,-3.6456715467661494e-13,0.813997209072113,-2.140798642358277e-05,-0.013998677022755146,-3.609418126870878e-05,0,0,0,0,1,0,0,0,1,0,16
0.1854040026664734,-0.0016744860913604498,0.013961861841380596,0.00025186705170199275,0.19959409534931183,-0.000908189918845892,0.1149793490767479,0.012468472123146057,-0.0002054059732472524,2.8694814773189137e-06,7.375453424174339e-05,3.644905015830202e-13,0.7999698519706726,-6.924285116838291e-05,-0.014048464596271515,-5.745608723373152e-05,0,0,0,0,1,0,0,0,1,0,5
0.19943185150623322,-0.0014582672156393528,0.01407651323825121,0.0001880950730992481,0.21168439090251923,-0.001107366057112813,0.10733582079410553,0.011780688539147377,-0.00019407537183724344,2.711302158786566e-06,6.968885281821713e-05,0.0,0.7859002351760864,-0.00012597316526807845,-0.01408492773771286,-5.612900713458657e-05,0,0,0,0,1,0,0,0,1,0,0
0.2135240137577057,-0.0013057789765298367,0.01412181742489338,0.00012587745732162148,0.22309879958629608,-0.0012954073026776314,0.11101727187633514,0.01111898198723793,-0.0001831744593800977,2.5588706193957478e-06,6.577090243808925e-05,0.0,0.7717989683151245,-0.00018135111895389855,-0.014112977311015129,-5.4757867474108934e-05,0,0,0,0,1,0,0,0,1,0,0
0.22758762538433075,-0.0012173341820016503,0.013973958790302277,6.227651465451345e-05,0.23551695048809052,-0.0014140820130705833,0.13666029274463654,0.015916774049401283,2.147306440747343e-05,8.988234299067699e-07,1.2282899660931434e-05,-9.630429076423752e-07,0.7576740980148315,-0.00023610987409483641,-0.014133312739431858,-5.5557178711751476e-05,0,0,0,0,1,0,0,0,1,0,5
0.24116477370262146,-0.0010370410745963454,0.013312673196196556,5.693384082405828e-06,0.2513216733932495,-0.001392776146531105,0.15771380066871643,0.015713201835751534,2.1191086489125155e-05,8.988234299067699e-07,1.2282899660931434e-05,-9.630429076423752e-07,0.7435317635536194,-0.0002929069451056421,-0.014148740097880363,-5.780950959888287e-05,0,0,0,0,1,0,0,0,1,0,0
0.25447729229927063,0.0007004057988524437,0.013312689028680325,3.3214616905752337e-06,0.2666681110858917,-0.0013729291968047619,0.12169547379016876,0.014493783004581928,1.5940669982228428e-05,4.634405286196852e-07,4.097482451470569e-05,-1.2733747212223534e-07,0.729376494884491,-0.00035131911863572896,-0.014159959740936756,-5.5846157920314e-05,0,0,0,0,1,0,0,0,1,0,16
0.26778995990753174,0.001016146270558238,0.013312697410583496,9.482557175033435e-07,0.28235700726509094,-0.00113308138679713,0.1742367297410965,0.015752393752336502,0.0002633905678521842,4.0487327623850433e-07,-7.757118396511942e-07,1.8028227088962012e-07,0.7152115702629089,-0.0003968244418501854,-0.014168374240398407,-3.703990296344273e-05,0,0,0,0,1,0,0,0,1,0,13
0.28118664026260376,0.0010013086721301079,0.013516930863261223,-4.796623034053482e-05,0.2979988157749176,-0.0008715346339158714,0.1347707211971283,0.01555195078253746,0.0002600571315269917,4.0487327623850433e-07,-7.757118396511942e-07,1.8028227088962012e-07,0.7010392546653748,-0.0004235083470121026,-0.014175387099385262,-1.8208023902843706e-05,0,0,0,0,1,0,0,0,1,0,5
0.29483333230018616,0.0008800413925200701,0.013742377050220966,-0.0001832566485973075,0.3125383257865906,-0.000629585178103298,0.13702881336212158,0.014029093086719513,0.00023286580108106136,-9.924951882567257e-07,3.129049582639709e-05,1.9085771327809198e-06,0.686861515045166,-0.00042767933337017894,-0.014180295169353485,8.799438546702731e-06,0,0,0,0,1,0,0,0,1,0,16
0.3086709678173065,0.0006342396955005825,0.01390891894698143,-0.00026568182511255145,0.3262609839439392,-0.000402056728489697,0.11793908476829529,0.01318079698830843,0.00021800672402605414,-2.3809025151422247e-06,6.290276360232383e-05,1.172635393231758e-06,0.6726797819137573,-0.0004028962866868824,-0.014183100312948227,3.7862049794057384e-05,0,0,0,0,1,0,0,0,1,0,6
0.32250943779945374,0.0005904858116991818,0.01397092454135418,-0.00021635601297020912,0.3390592932701111,-0.0001904797536553815,0.1149919331073761,0.012490350753068924,0.00020646967459470034,-2.884269633796066e-06,7.388213998638093e-05,7.289858820758166e-13,0.6584950089454651,-0.00035201621358282864,-0.014185905456542969,5.504940781975165e-05,0,0,0,0,0,1,0,0,1,0,7
0.33550921082496643,0.0016543602105230093,0.01361006312072277,0.00015642996004316956,0.3511820137500763,9.913527719618287e-06,0.10941587388515472,0.011816035024821758,0.00019532296573743224,-2.7287080683890963e-06,6.98973672115244e-05,0.0,0.6443078517913818,-0.0002973185037262738,-0.014188009314239025,5.44097347301431e-05,0,0,0,0,0,0,1,0,1,0,12
0.34852954745292664,0.0022211705800145864,0.012725241482257843,0.0006778085371479392,0.3649826645851135,0.0027574801351875067,0.15521076321601868,0.014225674793124199,0.003360981121659279,3.6201963666826487e-06,1.611016887181904e-05,1.7479993402957916e-05,0.6301191449165344,-0.00024326166021637619,-0.01418871060013771,5.376783519750461e-05,0,0,0,0,0,0,1,0,1,0,5
0.3609176278114319,0.003835872281342745,0.01214847806841135,0.0023421344812959433,0.37910178303718567,0.006092769093811512,0.11946232616901398,0.013959459029138088,0.0032939384691417217,2.3932013846206246e-06,1.7754782675183378e-05,1.8869353880290873e-05,0.6159300804138184,-0.00016231463814619929,-0.014189411886036396,0.00010318452405044809,0,0,0,0,1,0,0,0,1,0,18
0.3727577030658722,0.006389925722032785,0.011874997988343239,0.002564546884968877,0.3921743333339691,0.009134726598858833,0.130285382270813,0.012716471217572689,0.0029448512941598892,-2.2740059648640454e-05,5.1151320803910494e-05,2.398928700131364e-05,0.601740837097168,-3.194993405486457e-05,-0.014189411886036396,0.00015260301006492227,0,0,0,0,1,0,0,0,1,0,7
0.3849062919616699,0.008981588296592236,0.012358496896922588,0.0026003452949225903,0.4045092463493347,0.011982547119259834,0.11858467012643814,0.012015972286462784,0.0027701067738234997,-3.8698875869158655e-05,7.107978308340535e-05,-5.831057858785016e-12,0.5875625014305115,0.0003152538847643882,-0.014152596704661846,0.0006801901035942137,0,0,0,0,0,0,1,0,1,0,12
0.3974859118461609,0.011573991738259792,0.012745927087962627,0.0025825637858361006,0.41617557406425476,0.014672059565782547,0.11102475225925446,0.011379636824131012,0.0026234097313135862,-3.6649998946813866e-05,6.73165122861974e-05,0.0,0.5734848380088806,0.0014587959740310907,-0.013998325914144516,0.0015212632715702057,0,0,0,0,0,0,1,0,1,0,6
0.41038069128990173,0.014185099862515926,0.01299942284822464,0.0026445782277733088,0.42720139026641846,0.017213892191648483,0.11248773336410522,0.010743958875536919,0.0024768642615526915,-3.4601562219904736e-05,6.355402001645416e-05,-1.1657982738888517e-11,0.5596252083778381,0.0034325362648814917,-0.013737468048930168,0.0023200109135359526,0,0,0,0,0,1,0,0,1,0,5
0.4233332872390747,0.017030144110322,0.012941759079694748,0.002654050709679723,0.4376112222671509,0.01961372420191765,0.10797764360904694,0.01013909000903368,0.0023374208249151707,-3.265400664531626e-05,5.9976860939059407e-05,8.742136355099905e-12,0.5460501313209534,0.00611965311691165,-0.013430679216980934,0.002985222963616252,0,0,0,0,1,0,0,0,1,0,12
0.435280978679657,0.019895656034350395,0.011681132949888706,0.0020371221471577883,0.44743332266807556,0.021878059953451157,0.1113424226641655,0.009567737579345703,0.0022057045716792345,-3.081324030063115e-05,5.659583257511258e-05,0.0,0.5328234434127808,0.009463015012443066,-0.013048158027231693,0.0036335731856524944,0,0,0,0,1,0,0,0,1,0,18
0.4452933967113495,0.02166944183409214,0.008467365987598896,0.0011533356737345457,0.49420690536499023,0.021962149068713188,0.19787737727165222,0.061752840876579285,-0.0008792030275799334,-4.363015705166617e-06,4.430279295775108e-05,0.0007560855592601001,0.5209630727767944,0.013100896961987019,-0.01032177172601223,0.0036776920314878225,0,0,0,0,1,0,0,0,1,0,17
0.4532661437988281,0.02289264090359211,0.0073944819159805775,0.0011787174735218287,0.554288923740387,0.020965687930583954,0.1462266892194748,0.05874088034033775,-0.0010905954986810684,-4.363015705166617e-06,4.430279295775108e-05,0.0007560855592601001,0.5116201043128967,0.01743157021701336,-0.008861808106303215,0.004741777665913105,0,0,0,0,1,0,0,0,1,1,5
0.46036356687545776,0.02370646968483925,0.006899062544107437,0.0005705647636204958,0.606762707233429,0.01990664191544056,0.13595372438430786,0.04951345920562744,-0.0010740816360339522,-2.344292624911759e-06,7.157457730500028e-05,0.0006722621619701385,0.5032311081886292,0.02257395349442959,-0.008330625481903553,0.005341759882867336,0,0,0,0,1,0,0,0,1,1,13
0.46661314368247986,0.024236280471086502,0.006085916887968779,0.0005196613492444158,0.6519190669059753,0.018865661695599556,0.10853499919176102,0.04141512140631676,-0.0009925051126629114,1.253633286069089e-06,0.00011148580961162224,0.0005230873939581215,0.4969847798347473,0.026841958984732628,-0.00462578097358346,0.0033107250928878784,0,0,0,0,1,0,0,0,1,1,2
0.4734543263912201,0.024761740118265152,0.007580818608403206,0.00045818285434506834,0.689584493637085,0.017944011837244034,0.10904960334300995,0.03518061339855194,-0.0008742383797653019,6.753457000741037e-06,0.00016338306886609644,0.0002724752703215927,0.4941060245037079,0.02959718555212021,-0.0035491480957716703,0.002798279281705618,0,1,0,0,0,0,0,0,1,1,18
0.4816911518573761,0.025105079635977745,0.008920323103666306,0.0001828030653996393,0.722499668598175,0.017121711745858192,0.10904739797115326,0.03131318464875221,-0.0007828056695871055,1.0934763849945739e-05,0.00018521150923334062,-2.9456224785728846e-12,0.4925321340560913,0.03171098977327347,-0.001702211913652718,0.0016642848495393991,0,1,0,0,0,0,0,0,1,0,16
0.4902889132499695,0.02494681440293789,0.009185578674077988,-1.531334601168055e-05,0.7521557211875916,0.01638033054769039,0.10930302739143372,0.02837812714278698,-0.000709431478753686,9.910017070069443e-06,0.0001678544795140624,0.0,0.4920750856399536,0.033471331000328064,-0.0010987051064148545,0.0012316439533606172,0,1,0,0,0,0,0,0,1,0,12
0.49992474913597107,0.024936603382229805,0.010297201573848724,-9.029261127579957e-05,0.7791375517845154,0.015705805271863937,0.10948324203491211,0.025899281725287437,-0.0006474620895460248,9.044493708643131e-06,0.0001531943998998031,2.934415514396771e-12,0.49229443073272705,0.03431806340813637,-0.0002991718356497586,0.000702776771504432,0,1,0,0,0,0,0,0,1,0,4
0.5105195045471191,0.02478129044175148,0.010864767245948315,-0.00020706429495476186,0.803842306137085,0.015088198706507683,0.10961172729730606,0.023774832487106323,-0.0005943522555753589,8.30267890705727e-06,0.00014062972331885248,2.9306130005374298e-12,0.4934481680393219,0.034791793674230576,0.001890753861516714,0.0002974729286506772,0,0,0,1,0,0,0,0,1,0,9
0.5213398933410645,0.024556538090109825,0.011159269139170647,-0.0002588685310911387,0.8265824317932129,0.014519712887704372,0.10970485210418701,0.02193104848265648,-0.0005482588312588632,7.658849426661618e-06,0.00012972466356586665,-1.463791110892232e-12,0.49762919545173645,0.034846410155296326,0.0044707972556352615,-6.982353806961328e-05,0,0,0,1,0,0,0,0,1,0,15
0.5328871011734009,0.02427513524889946,0.011887488886713982,-0.000316199118969962,0.847606897354126,0.013994120061397552,0.10977340489625931,0.020313216373324394,-0.0005078143440186977,7.0939099714451e-06,0.00012015573884127662,-2.92512823858726e-12,0.5034672021865845,0.03470124676823616,0.00598997063934803,-0.00024905530153773725,0,0,0,1,0,0,0,0,0,0,17
0.5451831817626953,0.023965127766132355,0.012532122433185577,-0.0003338227397762239,0.8671180009841919,0.013506356626749039,0.10982456803321838,0.018879933282732964,-0.00047198327956721187,6.593395937670721e-06,0.00011167816410306841,1.4615567870551738e-12,0.5112234354019165,0.034464702010154724,0.00800944771617651,-0.00031792305526323617,0,0,0,1,0,0,0,0,0,1,0
0.558003306388855,0.02362693101167679,0.012998810969293118,-0.00036408353480510414,0.8852822184562683,0.013052268885076046,0.10986325889825821,0.017599238082766533,-0.00043996653403155506,6.146156010800041e-06,0.00010410294635221362,0.0,0.5203022360801697,0.03413642197847366,0.009162843227386475,-0.000430168816819787,0,0,0,1,0,0,0,0,0,1,6
0.5712257027626038,0.023265177384018898,0.013366137631237507,-0.0003751112089958042,0.902237594127655,0.012628397904336452,0.1098928451538086,0.016446096822619438,-0.0004111388116143644,5.74345813220134e-06,9.72821144387126e-05,0.0,0.530282735824585,0.03371875733137131,0.009950038976967335,-0.00045713051804341376,0,0,0,0,0,1,0,0,0,1,12
0.5847508907318115,0.022889725863933563,0.013626977801322937,-0.0003935108834411949,0.9181005954742432,0.012231837026774883,0.10991570353507996,0.01540063600987196,-0.00038500322261825204,5.378361038310686e-06,9.10981252673082e-05,0.0,0.5407943725585938,0.03327034413814545,0.010602324269711971,-0.0005190742085687816,0,0,0,0,0,1,0,0,0,1,16
0.598496675491333,0.0224970281124115,0.01382213644683361,-0.00040901507600210607,0.9329696893692017,0.01186012290418148,0.1099335327744484,0.01444687508046627,-0.00036115990951657295,5.045288162364159e-06,8.545660239178687e-05,-2.188369711136895e-12,0.5519540905952454,0.03274717554450035,0.011275720782577991,-0.0005880619282834232,0,0,0,0,0,1,0,0,0,1,18
0.6124114394187927,0.022099709138274193,0.013970491476356983,-0.0004104254476260394,0.9469292163848877,0.011511145159602165,0.1099475547671318,0.013571803458034992,-0.0003392838698346168,4.739694759336999e-06,8.028047159314156e-05,-2.916950101600202e-12,0.563599705696106,0.03213435411453247,0.011929694563150406,-0.0006324936985038221,0,0,0,0,0,1,0,0,0,0,15
0.6264464259147644,0.021692529320716858,0.014077733270823956,-0.00041876136674545705,0.9600517749786377,0.011183088645339012,0.10995865613222122,0.012764718383550644,-0.00031910743564367294,4.4578414417628665e-06,7.550647569587454e-05,0.0,0.5758313536643982,0.031480126082897186,0.012458773329854012,-0.0006714221090078354,0,0,0,0,0,1,0,0,0,0,10
0.640571117401123,0.021282143890857697,0.014157301746308804,-0.0004177892114967108,0.9724006056785583,0.010874379426240921,0.10996751487255096,0.012016739696264267,-0.0003004086029250175,4.1966263779613655e-06,7.108204590622336e-05,-7.288823407683442e-13,0.588524341583252,0.03079216741025448,0.012869344092905521,-0.0006964902277104557,0,0,0,0,0,1,0,0,0,0,16
0.6547614336013794,0.02086760103702545,0.014213502407073975,-0.0004240812559146434,0.9840304255485535,0.01058364287018776,0.10997461527585983,0.011320441029965878,-0.00028300166013650596,3.953460236516548e-06,6.696330819977447e-05,-3.6436869146894146e-13,0.6015739440917969,0.030092069879174232,0.013184547424316406,-0.000701994402334094,0,0,0,0,0,1,0,0,0,0,18
0.6690000295639038,0.0204490777105093,0.014256762340664864,-0.0004223889554850757,0.9949893355369568,0.010309677571058273,0.10998033732175827,0.010669555515050888,-0.00026672997046262026,3.726151135197142e-06,6.311319157248363e-05,3.643048590660364e-13,0.6148965954780579,0.029388902708888054,0.013425069861114025,-0.0007041048374958336,0,0,0,0,0,1,0,0,0,0,4
0.6832739114761353,0.020029868930578232,0.014287266880273819,-0.0004282798327039927,1.0053197145462036,0.01005142368376255,0.10998496413230896,0.010058747604489326,-0.0002514604420866817,3.5128393847116968e-06,5.950011473032646e-05,0.0,0.6284263134002686,0.028685638681054115,0.013607390224933624,-0.000701424025464803,0,0,0,1,0,0,0,0,0,0,3
0.6975737810134888,0.01960512064397335,0.014309970661997795,-0.0004333149699959904,1.015059232711792,0.009807942435145378,0.1099887266755104,0.009483464062213898,-0.00023707878426648676,3.311932005090057e-06,5.60971639060881e-05,7.283966181950707e-13,0.6421130299568176,0.027987172827124596,0.013745532371103764,-0.0006959198508411646,0,0,1,0,0,0,0,0,0,0,4
