lt_dp_posx,lt_dp_posy,lt_dp_velx,lt_dp_vely,ball_posx,ball_posy,ball_posz,ball_vel_x,ball_vel_y,ball_rot_x,ball_rot_y,ball_rot_z,rt_gk_posx,rt_gk_posy,rt_gk_velx,rt_gk_vely,action_left,action_top_left,action_top,action_top_right,action_right,action_bottom_right,action_bottom,action_bottom_left,action_sprint,action_dribble,sel_action
-1.0110293626785278,-0.0,0.0,-0.0,0.019999999552965164,-0.0,0.11061639338731766,-0.0,0.0,0.0,-0.0,0.0,1.0110293626785278,0.0,-0.0,0.0,0,0,0,0,0,0,0,0,0,0,5
0.0,-0.0,0.0,-0.0,0.019999999552965164,-0.0,0.11059734225273132,-0.0,0.0,0.0,-0.0,0.0,1.0110293626785278,0.0,-0.0,0.0,0,0,0,0,1,0,0,0,0,0,5
0.0005595720722340047,4.9373026500543205e-11,0.0026072831824421883,2.1259039667542723e-11,0.019999999552965164,-0.0,0.10930104553699493,-0.0,0.0,0.0,-0.0,0.0,1.0110293626785278,0.0,-0.0,0.0,0,0,0,0,1,0,0,0,0,0,5
0.0037788229528814554,-4.705273393135201e-10,0.004770988132804632,-2.684072963887729e-10,0.019999999552965164,-0.0,0.11075475811958313,-0.0,0.0,0.0,-0.0,0.0,1.0085934400558472,-1.7053181089465852e-10,-0.003884820267558098,-2.3922022696076795e-10,0,0,0,0,1,0,0,0,0,0,13
0.007856178097426891,-2.1655053306091077e-09,0.006355706602334976,-3.6368058564661965e-10,0.021781105548143387,-1.197989346612971e-10,0.11884696781635284,0.008839823305606842,-5.94723825741994e-10,8.834712204430079e-14,-2.3084528493200196e-06,-1.4487260132853286e-12,1.0038305521011353,-3.718063634750024e-10,-0.0054703038185834885,-1.5033885247817125e-10,0,0,0,0,1,0,0,0,1,0,5
0.015018402598798275,-2.3967305917693693e-09,0.007797427009791136,-9.105486503679927e-11,0.03015720471739769,-6.842799660233823e-10,0.11304429918527603,0.007989801466464996,-5.392420954208887e-10,6.199244676624582e-12,3.837781332549639e-05,-1.6145164632302977e-12,0.9975366592407227,-2.2801867338717585e-10,-0.006950602866709232,6.535180174793709e-10,0,0,0,0,1,0,0,0,1,0,18
0.023530634120106697,-2.5451565299761114e-09,0.009069569408893585,-1.7918255768023528e-10,0.037892114371061325,-1.2064046428506003e-09,0.11427181959152222,0.0075392089784145355,-5.089192400831166e-10,7.109535182792115e-12,4.4596759835258126e-05,0.0,0.989837646484375,3.086050581746491e-10,-0.008285746909677982,4.092917393894169e-10,0,0,0,0,1,0,0,0,1,0,16
0.03253943473100662,-3.197910380947633e-09,0.009742087684571743,-2.34471886351173e-10,0.045195817947387695,-1.6994265994441093e-09,0.11196728050708771,0.007108057849109173,-4.798152986040805e-10,6.7029012548736056e-12,4.204602737445384e-05,2.082954933333056e-18,0.9809144139289856,5.1896836827936e-10,-0.009325672872364521,3.525175984453455e-11,0,0,0,0,1,0,0,0,1,0,13
0.040323927998542786,-4.65638372304511e-09,0.009685594588518143,-1.2714934660706945e-10,0.05206971615552902,-2.1634347646681817e-09,0.1106518879532814,0.006682825740426779,-4.5111103741390934e-10,6.301915152912008e-12,3.9530699723400176e-05,0.0,0.971478283405304,1.2433499785302615e-09,-0.00973448995500803,7.062352924691595e-10,0,0,0,0,1,0,0,0,1,0,5
0.050239283591508865,-4.9834452120478545e-09,0.010593279264867306,-7.154043329959947e-11,0.06529233604669571,2.5390701921423897e-05,0.14664900302886963,0.013831263408064842,2.7889425837201998e-05,2.8579492550306895e-07,7.812065632606391e-06,3.5719654079002794e-07,0.961243748664856,1.75512182565285e-09,-0.010619443841278553,3.332989439996936e-10,0,0,0,0,1,0,0,0,1,0,0
0.06094103679060936,3.516673587000696e-06,0.010849579237401485,6.5534877649042755e-06,0.07886994630098343,5.256048825685866e-05,0.11541144549846649,0.012866326607763767,2.4854114599293098e-05,3.088642586135393e-08,3.5371118428884074e-05,4.671523186061677e-07,0.9503563046455383,1.7386579997946683e-07,-0.010805971920490265,5.688044097951206e-07,0,0,0,0,1,0,0,0,1,0,16
0.0722273588180542,1.428539508196991e-05,0.011619267985224724,1.4491214642475825e-05,0.09126575291156769,7.612520130351186e-05,0.11316749453544617,0.012076400220394135,2.2740572603652254e-05,-1.8325891915083048e-07,5.7811892475001514e-05,2.6055434432237234e-07,0.9392877221107483,1.372005158373213e-06,-0.011376773938536644,1.6857488844834734e-06,0,0,0,0,1,0,0,0,1,0,5
0.08420849591493607,3.1725652661407366e-05,0.01227075606584549,1.8936510969069786e-05,0.10294869542121887,9.801813575904816e-05,0.11222551017999649,0.011404020711779594,2.136365947080776e-05,-2.9843616289326746e-07,6.745577411493286e-05,-4.554713675447228e-14,0.9275738596916199,3.6869466839561937e-06,-0.011977027170360088,2.7105102162749972e-06,0,0,0,0,1,0,0,0,1,0,0
0.09678489714860916,5.318627881933935e-05,0.012805006466805935,2.398751712462399e-05,0.11400756239891052,0.00011873519542859867,0.10860082507133484,0.010777872055768967,2.0190656869090162e-05,-2.820672762027243e-07,6.375592784024775e-05,0.0,0.9152939915657043,6.619390660489444e-06,-0.012507859617471695,3.1670747375756036e-06,0,0,0,0,1,0,0,0,1,0,16
0.10982221364974976,-8.293164137285203e-05,0.013207074254751205,2.8787475457647815e-05,0.12444943934679031,0.00013829636736772954,0.10880784690380096,0.010170640423893929,1.9053108189837076e-05,-2.6617192361300113e-07,6.016306360834278e-05,-6.82984688227771e-14,0.9025512933731079,1.01141131381155e-05,-0.01291878055781126,3.757144440896809e-06,0,0,0,0,1,0,0,0,1,0,13
0.12306112051010132,-0.001921227085404098,0.013239067979156971,1.6694149962859228e-05,0.13430047035217285,0.00015675074246246368,0.11073842644691467,0.009594322182238102,1.7973465219256468e-05,-2.5108340651058825e-07,5.675258580595255e-05,-4.55259677070545e-14,0.8894527554512024,1.385383257002104e-05,-0.013232932426035404,3.3961664485104848e-06,0,0,0,0,1,0,0,0,1,0,18
0.13630016148090363,-0.0022478592582046986,0.013239067979156971,4.76979766972363e-06,0.14927279949188232,-7.531955634476617e-05,0.15857183933258057,0.015459519810974598,-0.0002578207931946963,-6.148678011186348e-08,1.0348776413593441e-05,-7.976236702234019e-07,0.8760826587677002,1.657917891861871e-05,-0.013472052291035652,2.181478294005501e-06,0,0,0,0,1,0,0,0,1,0,16
0.1496288776397705,-0.002230605110526085,0.013456800021231174,5.1401875680312514e-05,0.16460849344730377,-0.00033104800968430936,0.11724098026752472,0.015128042548894882,-0.00025208908482454717,4.7141405445927376e-08,1.2750288988172542e-05,-9.645398222346557e-07,0.8625065684318542,1.7251517419936135e-05,-0.013653671368956566,-3.7988993426552042e-06,0,0,0,0,1,0,0,0,1,0,16
0.1632242053747177,-0.002100627636536956,0.013697322458028793,0.00019716053793672472,0.178741455078125,-0.0005649751983582973,0.12570403516292572,0.01374825183302164,-0.00022708626056555659,1.704554961179383e-06,4.925530083710328e-05,-1.8303602473679348e-06,0.8487749099731445,-2.2854304404518189e-07,-0.013789709657430649,-2.8677284717559814e-05,0,0,0,0,1,0,0,0,1,0,16
0.17702297866344452,-0.0018351967446506023,0.013874909840524197,0.00028796494007110596,0.19197767972946167,-0.00078316789586097,0.11795764416456223,0.012889514677226543,-0.00021233416919130832,2.9663929126400035e-06,7.62483905418776e-05,0.0,0.8349267244338989,-4.181147596682422e-05,-0.013891388662159443,-5.218063233769499e-05,0,0,0,0,1,0,0,0,1,0,5
0.19097664952278137,-0.001580315874889493,0.014012000523507595,0.00022547987464349717,0.20448541641235352,-0.000989212654531002,0.10695063322782516,0.012193022295832634,-0.00020086060976609588,2.806120619425201e-06,7.212870696093887e-05,0.0,0.8209909200668335,-9.581576887285337e-05,-0.01396852359175682,-5.34529572178144e-05,0,0,0,0,1,0,0,0,1,0,18
0.2050469070672989,-0.00138910545501858,0.014113328419625759,0.0001635179651202634,0.21630120277404785,-0.001183859072625637,0.11112777888774872,0.011514473706483841,-0.00018968255608342588,2.6498826173337875e-06,6.81127785355784e-05,0.0,0.8069897294044495,-0.0001485631219111383,-0.014026024378836155,-5.215874261921272e-05,0,0,0,0,1,0,0,0,1,0,13
0.21912695467472076,-0.0012632299913093448,0.014121854677796364,0.0001007048922474496,0.22745448350906372,-0.001367591554298997,0.11018572747707367,0.010862900875508785,-0.0001789489178918302,2.4998919343488524e-06,6.425741594284773e-05,-3.643234260282402e-13,0.7929396629333496,-0.00020044363918714225,-0.014068098738789558,-5.23507987963967e-05,0,0,0,0,1,0,0,0,1,0,16
0.2330760359764099,-0.001199015649035573,0.013680142350494862,3.6581815948011354e-05,0.24183553457260132,-0.001405508490279317,0.15713411569595337,0.015835177153348923,2.1325073248590343e-05,8.988106401375262e-07,1.2283413525437936e-05,-9.631056627767975e-07,0.7788530588150024,-0.00025373802054673433,-0.014100355096161366,-5.406216223491356e-05,0,0,0,0,1,0,0,0,1,0,13
0.24646200239658356,-0.0003790949995163828,0.013312519527971745,4.743987574329367e-06,0.2575588822364807,-0.0013843183405697346,0.13813930749893188,0.01563192531466484,2.1101015590829775e-05,8.988106401375262e-07,1.2283413525437936e-05,-9.631056627767975e-07,0.7647392749786377,-0.0003085678908973932,-0.014123495668172836,-5.4132568038767204e-05,0,0,0,0,1,0,0,0,1,0,18
0.259774386882782,0.0010152118047699332,0.013312522321939468,2.3724217044218676e-06,0.2728472352027893,-0.0012916414998471737,0.15094317495822906,0.01587522029876709,0.0002654611016623676,4.049072686029831e-07,-7.755484716653882e-07,1.8019230196841818e-07,0.7506055235862732,-0.00035472161835059524,-0.014141728170216084,-3.9617527363589033e-05,0,0,0,0,1,0,0,0,1,0,16
0.27309009432792664,0.0010160921374335885,0.013344252482056618,-1.8706660966927302e-06,0.2886100113391876,-0.001028074068017304,0.1701432168483734,0.015671662986278534,0.00026204189634881914,4.049072686029831e-07,-7.755484716653882e-07,1.8019230196841818e-07,0.7364563941955566,-0.00038633416988886893,-0.014154350385069847,-2.5057479433598928e-05,0,0,0,0,1,0,0,0,1,0,16
0.2865903377532959,0.0009694065665826201,0.013615629635751247,-0.00010002226190408692,0.30402782559394836,-0.0007704494637437165,0.11693182587623596,0.01449597254395485,0.0002410466258879751,-6.415216944333224e-07,2.3246253476827405e-05,1.7086294974433258e-06,0.7222955226898193,-0.000399202253902331,-0.01416557002812624,-4.990819491013099e-08,0,0,0,0,1,0,0,0,1,0,18
0.3003205358982086,0.0007935808389447629,0.01381425280123949,-0.00023570125631522387,0.3181036114692688,-0.0005367642152123153,0.13001041114330292,0.013940108940005302,0.00023135186347644776,-1.0175957640967681e-06,3.186515823472291e-05,1.916140263347188e-06,0.7081263065338135,-0.00038302771281450987,-0.014171880669891834,2.9452965463860892e-05,0,0,0,0,1,0,0,0,1,0,5
0.31422072649002075,0.0005334297311492264,0.013965018093585968,-0.00024292501620948315,0.3314307630062103,-0.0003161347412969917,0.12117217481136322,0.012896706350147724,0.0002131970541086048,-2.838306727426243e-06,7.317447307286784e-05,3.3007822253239283e-07,0.6939510107040405,-0.00033920383430086076,-0.014177490957081318,4.96446191391442e-05,0,0,0,0,1,0,0,0,1,0,6
0.3277333080768585,0.0009283947292715311,0.013805338181555271,-0.00016054269508458674,0.3439624607563019,-0.00010898093751166016,0.11239121109247208,0.012229668907821178,0.00020216067787259817,-2.824261628120439e-06,7.234496297314763e-05,3.6446426389044606e-13,0.6797711253166199,-0.0002904305583797395,-0.014181697741150856,4.805958815268241e-05,0,0,0,0,0,1,0,0,1,0,12
0.34065788984298706,0.002017594873905182,0.013368270359933376,0.00016924225201364607,0.3563932180404663,0.0007345270132645965,0.128550723195076,0.014405906200408936,0.0034078890457749367,4.592056484398199e-06,1.4799364180362318e-05,1.6260979464277625e-05,0.6655877232551575,-0.0002432448382023722,-0.014185204170644283,4.647010064218193e-05,0,0,0,0,0,1,0,0,1,0,12
0.35348695516586304,0.0026794825680553913,0.012407583184540272,0.0014420830411836505,0.3706274926662445,0.0040976619347929955,0.15288682281970978,0.014155554585158825,0.0033442892599850893,3.620147708716104e-06,1.611021980352234e-05,1.747985152178444e-05,0.6514069437980652,-2.5565026589902118e-05,-0.01417398452758789,0.00038901687366887927,0,0,0,0,0,1,0,0,1,0,12
0.3656563460826874,0.004859909415245056,0.01184169016778469,0.002562775043770671,0.384444922208786,0.007349242921918631,0.12132283300161362,0.013078253716230392,0.003039832226932049,-1.6678917745593935e-05,4.316318518249318e-05,2.7093195967609063e-05,0.6372500061988831,0.0005726483650505543,-0.014138923026621342,0.0007692368235439062,0,0,0,0,0,1,0,0,1,0,12
0.37753066420555115,0.007422341965138912,0.012079407460987568,0.0025899431202560663,0.39717593789100647,0.010297938250005245,0.11544495075941086,0.012467455118894577,0.0028807129710912704,-2.7712550945580006e-05,5.7600274885771796e-05,1.91938343050424e-05,0.6231392025947571,0.0015367934247478843,-0.014087732881307602,0.0011027135187759995,0,0,0,0,0,1,0,0,1,0,12
0.3898632824420929,0.010020515881478786,0.012525389902293682,0.002595924772322178,0.40922635793685913,0.013076399452984333,0.10648492723703384,0.011762828566133976,0.0027117447461932898,-3.7885078199906275e-05,6.958510493859649e-05,5.830628948405581e-12,0.6090824007987976,0.0027973211836069822,-0.014028829522430897,0.001389467273838818,0,0,0,0,0,1,0,0,1,0,5
0.402585506439209,0.01260953675955534,0.01286092959344387,0.0025996037293225527,0.4206334352493286,0.015706131234765053,0.11318567395210266,0.011119959875941277,0.002563540590927005,-3.5812354326481e-05,6.577806925633922e-05,-5.829577705979139e-12,0.5950925350189209,0.0043447003699839115,-0.013953797519207,0.0016830434324219823,0,0,0,0,1,0,0,0,1,0,14
0.4155716001987457,0.015250288881361485,0.013077259063720703,0.0026747798547148705,0.43140968680381775,0.018190434202551842,0.11169163137674332,0.01049906574189663,0.0024204037617892027,-3.3812459150794894e-05,6.21047438471578e-05,5.8286201386203995e-12,0.5812000036239624,0.00622867327183485,-0.013838795945048332,0.0020479115191847086,0,0,0,0,0,0,0,0,1,0,14
0.4282689690589905,0.01826566271483898,0.012462154030799866,0.002555702580139041,0.4415803849697113,0.020535126328468323,0.10880304127931595,0.009906916879117489,0.0022838928271085024,-3.1906172807794064e-05,5.860339661012404e-05,-5.827759282095446e-12,0.567435085773468,0.00847573671489954,-0.013701003976166248,0.002409460721537471,0,0,0,0,0,0,0,0,1,0,10
0.43962475657463074,0.020831290632486343,0.010659140534698963,0.0017490173922851682,0.45661574602127075,0.022796889767050743,0.16135604679584503,0.06373314559459686,0.0026484825648367405,-1.9182556570740417e-05,4.1565090214135125e-05,0.0003396368701942265,0.5538591146469116,0.011162706650793552,-0.0134401461109519,0.0029675413388758898,0,0,0,0,0,0,0,0,1,0,16
0.4486033618450165,0.022167211398482323,0.008381114341318607,0.0012685379479080439,0.5186933875083923,0.025331489741802216,0.5408373475074768,0.06075509265065193,0.0024410791229456663,-1.9182556570740417e-05,4.1565090214135125e-05,0.0003396368701942265,0.540615439414978,0.014478002674877644,-0.013072350062429905,0.0035972115583717823,0,0,0,0,0,0,0,0,1,0,4
0.45617881417274475,0.023343628272414207,0.00722969276830554,0.0009760046959854662,0.5779008269309998,0.027657367289066315,0.7072111368179321,0.057966310530900955,0.002231262158602476,-1.9182556570740417e-05,4.1565090214135125e-05,0.0003396368701942265,0.5279049873352051,0.01832529902458191,-0.011991051957011223,0.0037665858399122953,0,0,0,1,0,0,0,0,1,0,6
0.4629412889480591,0.023921789601445198,0.00613261666148901,0.0005071955965831876,0.6344048380851746,0.029772145673632622,0.6744377613067627,0.05532801151275635,0.002019177656620741,-1.9182556570740417e-05,4.1565090214135125e-05,0.0003396368701942265,0.5178064703941345,0.021427476778626442,-0.008228246122598648,0.0024642099160701036,0,0,0,0,0,1,0,0,1,0,12
0.46923327445983887,0.024435123428702354,0.006767231039702892,0.0005281998310238123,0.6883400082588196,0.0316738523542881,0.4556848704814911,0.052812255918979645,0.0018053874373435974,-1.9182556570740417e-05,4.1565090214135125e-05,0.0003396368701942265,0.5124599933624268,0.02299848012626171,-0.0028462971094995737,0.0008212749962694943,0,0,0,0,0,1,0,0,1,0,18
0.4768250584602356,0.024948732927441597,0.00823911465704441,0.0004857065505348146,0.7389911413192749,0.03335651755332947,0.1369170844554901,0.042140405625104904,0.00154414854478091,-1.9356812117621303e-05,6.035212572896853e-05,0.0003158253093715757,0.5128850936889648,0.023110339418053627,0.0028589193243533373,-2.8005626518279314e-05,0,0,0,0,0,1,0,0,1,0,2
0.4856676459312439,0.025353603065013885,0.009253263473510742,0.00033588646329008043,0.7804277539253235,0.03484605625271797,0.2984505891799927,0.04085354134440422,0.0014433107571676373,-1.9356812117621303e-05,6.035212572896853e-05,0.0003158253093715757,0.5170062780380249,0.02327580563724041,0.004715428221970797,0.00031682258122600615,0,1,0,0,0,0,0,0,1,0,9
0.4950208067893982,0.02568800561130047,0.00980495847761631,0.0003471028758212924,0.8205523490905762,0.03622943162918091,0.272586464881897,0.039521802216768265,0.0013330496149137616,-1.9356812117621303e-05,6.035212572896853e-05,0.0003158253093715757,0.522925853729248,0.023493343964219093,0.006494672037661076,0.0002301684144185856,0,1,0,0,0,0,0,0,1,0,4
0.5053097605705261,0.02604728750884533,0.010759454220533371,0.00037073297426104546,0.858948290348053,0.03749832510948181,0.1253400295972824,0.03474874794483185,0.0012222907971590757,-1.8996335711563006e-05,8.119317499222234e-05,0.0002743044460657984,0.5304596424102783,0.023769747465848923,0.007892372086644173,0.0003019688883796334,0,0,0,1,0,0,0,0,1,0,16
0.5164453983306885,0.026429273188114166,0.011538196355104446,0.0003940071037504822,0.8929539918899536,0.03867991268634796,0.17659930884838104,0.033593323081731796,0.0011505207512527704,-1.8960379748023115e-05,8.312367572216317e-05,0.0002699258620850742,0.5392556190490723,0.02411620132625103,0.00909495074301958,0.00037850081571377814,0,0,0,1,0,0,0,0,1,0,18
0.5283259749412537,0.02683435007929802,0.012225366197526455,0.00041325081838294864,0.9254339337348938,0.03978993743658066,0.13028207421302795,0.030618976801633835,0.001078109722584486,-1.7974258298636414e-05,0.00010934289457509294,0.0002015105856116861,0.5490550398826599,0.02451075054705143,0.00992804765701294,0.0004056882462464273,0,0,0,1,0,0,0,0,1,0,16
0.5408015251159668,0.027255496010184288,0.012716596946120262,0.00042747100815176964,0.9550054669380188,0.04083295911550522,0.11841864883899689,0.028184467926621437,0.0010121396044269204,-1.5894574971753173e-05,0.00014262010517995805,9.02024912647903e-05,0.5596615076065063,0.02493416517972946,0.010781497694551945,0.00043762807035818696,0,0,0,1,0,0,0,0,1,0,8
0.5537318587303162,0.027690712362527847,0.0131445974111557,0.00044019625056535006,0.9818992018699646,0.04180334135890007,0.10650230199098587,0.02586337737739086,0.0009346011793240905,-1.3057808246230707e-05,0.00015300810628104955,5.8687130675971755e-12,0.5711013674736023,0.02538454532623291,0.01168062537908554,0.00046382693108171225,0,0,0,0,0,0,0,1,1,0,18
0.5670326948165894,0.0281367264688015,0.013459939509630203,0.00044923098175786436,1.0065929889678955,0.04269567131996155,0.11002238094806671,0.02377379685640335,0.000859091873280704,-1.2000722563243471e-05,0.00014062142872717232,8.791831845877951e-12,0.5832508206367493,0.025857755914330482,0.012276262044906616,0.00048582645831629634,0,0,0,0,0,0,0,1,1,0,18
0.5805932879447937,0.028591500595211983,0.013678696006536484,0.0004573240294121206,1.01475191116333,0.03304525837302208,0.10912887752056122,0.0070055886171758175,-0.010023282840847969,2.525356103433296e-05,0.00011633550457190722,6.590018165297806e-05,0.5959017276763916,0.02634855918586254,0.012835083529353142,0.0004998494987376034,0,0,0,0,0,0,0,1,1,0,18
