lt_dp_posx,lt_dp_posy,lt_dp_velx,lt_dp_vely,ball_posx,ball_posy,ball_posz,ball_vel_x,ball_vel_y,ball_rot_x,ball_rot_y,ball_rot_z,rt_gk_posx,rt_gk_posy,rt_gk_velx,rt_gk_vely,action_left,action_top_left,action_top,action_top_right,action_right,action_bottom_right,action_bottom,action_bottom_left,action_sprint,action_dribble,sel_action
-1.0110293626785278,-0.0,0.0,-0.0,0.019999999552965164,-0.0,0.11061639338731766,0.0,-0.0,0.0,-0.0,0.0,1.0110293626785278,0.0,-0.0,0.0,0,0,0,0,0,0,0,0,0,0,5
0.0,-0.0,0.0,-0.0,0.019999999552965164,-0.0,0.11059734225273132,0.0,-0.0,0.0,-0.0,0.0,1.0093543529510498,-1.3062736656244134e-11,-0.0035601502750068903,-2.532124683540804e-11,0,0,0,0,1,0,0,0,0,0,5
4.241273563820869e-05,1.157607863733201e-11,0.0006617647595703602,5.533552435710298e-11,0.019999999552965164,-0.0,0.10930104553699493,0.0,-0.0,0.0,-0.0,0.0,1.0049090385437012,-3.6163953776036095e-11,-0.005159658379852772,-1.8880749394489804e-11,0,0,0,0,1,0,0,0,0,0,5
0.002880488522350788,1.6380509448854497e-10,0.004276019521057606,1.0108697212629636e-10,0.019999999552965164,-0.0,0.11075475811958313,0.0,-0.0,0.0,-0.0,0.0,0.998912513256073,2.265847232063578e-11,-0.006663799285888672,6.783388295517057e-10,0,0,0,0,1,0,0,0,0,0,5
0.006310980301350355,-1.2954378680873901e-09,0.005893108434975147,-3.6759809085573636e-10,0.019999999552965164,-0.0,0.11053141206502914,0.0,-0.0,0.0,-0.0,0.0,0.9914822578430176,6.168112687277016e-10,-0.0080326022580266,4.93019791658611e-10,0,0,0,0,1,0,0,0,0,0,13
0.012720324099063873,-1.8093189169121615e-09,0.007382407784461975,-1.86656856637768e-10,0.02782951109111309,-4.4091522100053737e-10,0.11851169168949127,0.008456655777990818,-4.75826433810056e-10,-4.127789256236358e-12,-3.229106732760556e-05,-1.4697724374374e-12,0.9827787280082703,9.331495576248017e-10,-0.009224695153534412,1.6068550656722635e-10,0,0,0,0,1,0,0,0,1,0,0
0.02084559015929699,-1.9384283067580554e-09,0.008707515895366669,-1.8623529107753e-10,0.03598489612340927,-8.995488798291262e-10,0.10680514574050903,0.007951012812554836,-4.4711148672327283e-10,-6.246225325162724e-12,-4.703375088865869e-05,0.0,0.9734154939651489,1.1103581387672534e-09,-0.009538145735859871,1.897964979624689e-10,0,0,0,0,1,0,0,0,1,0,5
0.030195849016308784,-2.1204713540612374e-09,0.009847519919276237,-1.6574004668701292e-10,0.04369121417403221,-1.3328999015627119e-09,0.11039599031209946,0.007507634349167347,-4.2217881968120707e-10,-5.897814354949293e-12,-4.441022974788211e-05,0.0,0.963359534740448,1.2504680624303433e-09,-0.010455355979502201,8.980971522021264e-11,0,0,0,0,1,0,0,0,1,0,18
0.03860125690698624,-3.036981999215982e-09,0.009385165758430958,-1.7454329648280975e-10,0.050955161452293396,-1.7413758213180586e-09,0.11031106859445572,0.007066906895488501,-3.9739525559134847e-10,-5.551523650504375e-12,-4.1802686610026285e-05,3.4715666539720696e-19,0.9525248408317566,1.3626938466515526e-09,-0.010928686708211899,2.643125440737748e-10,0,0,0,0,1,0,0,0,1,0,5
0.04737188294529915,-3.7102318994897132e-09,0.010158954188227654,-1.0774411918212934e-10,0.06077883392572403,1.1813431228802074e-05,0.13620929419994354,0.014067775569856167,2.937835051852744e-05,3.8029642723813595e-07,-4.303434252506122e-05,-2.359450768096849e-08,0.9415563941001892,1.5434822309146057e-09,-0.011242137290537357,1.16546008954721e-10,0,0,0,0,1,0,0,0,1,0,16
0.05792097747325897,8.746820299165847e-07,0.010675542056560516,3.513945557642728e-06,0.07475697249174118,4.100744263269007e-05,0.12802498042583466,0.01388746127486229,2.9017501219641417e-05,3.806354413882218e-07,-4.3562329665292054e-05,-2.297845291820977e-08,0.9299631714820862,1.589521514411274e-09,-0.011861324310302734,-1.1229295271419915e-11,0,0,0,0,1,0,0,0,1,0,18
0.06883295625448227,8.636970051156823e-06,0.011254759505391121,1.116910334530985e-05,0.08808230608701706,6.924327317392454e-05,0.12420414388179779,0.013002825900912285,2.7680560378939845e-05,3.867132249979477e-07,-7.691960490774363e-05,9.113783810748774e-14,0.9177908301353455,3.500384480048524e-07,-0.012411790899932384,8.919273568608332e-07,0,0,0,0,1,0,0,0,1,0,18
0.08048031479120255,2.4437344109173864e-05,0.011945822276175022,1.9302273358334787e-05,0.10073912143707275,9.618726471671835e-05,0.11380387097597122,0.012358857318758965,2.63096735579893e-05,3.675563675642479e-07,-7.3109200457111e-05,-4.5559801591099625e-14,0.9051313996315002,2.206280214522849e-06,-0.012844450771808624,2.657520781212952e-06,0,0,0,0,1,0,0,0,1,0,13
0.09277476370334625,4.535463449428789e-05,0.012555718421936035,2.2894661015016027e-05,0.11271888762712479,0.00012168993998784572,0.11225045472383499,0.01167542114853859,2.4854754883563146e-05,3.472137848348211e-07,-6.906296039232984e-05,0.0,0.8920965194702148,5.624207915388979e-06,-0.01317683421075344,3.758467300940538e-06,0,0,0,0,1,0,0,0,1,0,18
0.10559763759374619,7.182484114309773e-05,0.01302221231162548,2.955901982204523e-05,0.12403049319982529,0.0001457702019251883,0.10975604504346848,0.01101827435195446,2.3455821064999327e-05,3.276777249539009e-07,-6.517712608911097e-05,4.5542325607331874e-14,0.8787750601768494,9.768053132575005e-06,-0.013429276645183563,4.46511239715619e-06,0,0,0,0,1,0,0,0,1,0,5
0.11855003237724304,0.00010412759002065286,0.013374940492212772,3.346340963616967e-05,0.13470061123371124,0.00016848488303367049,0.11078747361898422,0.010391251184046268,2.2121002984931692e-05,3.0902259595677606e-07,-6.146649684524164e-05,-4.5534837836078146e-14,0.8652356863021851,1.4600820577470586e-05,-0.013621414080262184,5.1035585784120485e-06,0,0,0,0,1,0,0,0,1,0,18
0.13031147420406342,-0.0011512022465467453,0.013405099511146545,2.158230017812457e-05,0.14476555585861206,0.00018991123943123966,0.11049692332744598,0.009803022257983685,2.086876702378504e-05,2.9153358127587126e-07,-5.7987843320006505e-05,-9.105644840565197e-14,0.8515316843986511,2.0027368009323254e-05,-0.013765166513621807,5.709558990929509e-06,0,0,0,0,1,0,0,0,1,0,0
0.14303845167160034,-0.0016824807971715927,0.013405084609985352,8.094039912975859e-06,0.15852558612823486,5.269369648885913e-05,0.15161734819412231,0.015409124083817005,-0.0002033903292613104,-5.852438675901794e-07,-5.070255065220408e-05,-3.561489734238421e-07,0.8377040028572083,2.6060108211822808e-05,-0.013873857446014881,6.293139449553564e-06,0,0,0,0,1,0,0,0,1,0,5
0.15643210709095,-0.0016746288165450096,0.013462936505675316,2.27224882110022e-05,0.1738203912973404,-0.00014916117652319372,0.12004584074020386,0.01514678169041872,-0.00019964623788837343,-6.8019477339476e-07,-5.238053199718706e-05,-4.218000810851663e-07,0.8237837553024292,2.6595273084240034e-05,-0.013955200091004372,-8.339765372511465e-06,0,0,0,0,1,0,0,0,1,0,13
0.1700335144996643,-0.0015993359265848994,0.01370380911976099,0.00012344079732429236,0.18832187354564667,-0.0003376356908120215,0.12806960940361023,0.014221178367733955,-0.00018429178453516215,-2.5747094696271233e-06,-8.412849274463952e-05,-7.293990173136422e-13,0.8097941279411316,6.544473762915004e-06,-0.014015506021678448,-2.965662133647129e-05,0,0,0,0,1,0,0,0,1,0,16
0.18383930623531342,-0.001420165877789259,0.013881220482289791,0.0002145927574019879,0.20217905938625336,-0.0005172104574739933,0.12034464627504349,0.01353740319609642,-0.0001754307304508984,-2.4507951366103953e-06,-8.00796042312868e-05,-3.646146427317698e-13,0.7957527041435242,-3.358839239808731e-05,-0.014060385525226593,-4.454899681149982e-05,0,0,0,0,1,0,0,0,1,0,5
0.1977979987859726,-0.0012275936314836144,0.014016032218933105,0.000170468571013771,0.2153296023607254,-0.0006876276456750929,0.10977929085493088,0.012820706702768803,-0.00016614301421213895,-2.3210870949696982e-06,-7.584144623251632e-05,-1.0935910380385772e-12,0.7816725373268127,-7.792861288180575e-05,-0.014094745740294456,-4.4164349674247205e-05,0,0,0,0,1,0,0,0,1,0,0
0.21187154948711395,-0.0010838534217327833,0.014115782454609871,0.00012239628995303065,0.2277422845363617,-0.0008484828867949545,0.11092343181371689,0.012086472474038601,-0.00015662817168049514,-2.188026655858266e-06,-7.149367593228817e-05,7.288973027583245e-13,0.76756352186203,-0.00012186748062958941,-0.014119990170001984,-4.37507733295206e-05,0,0,0,0,1,0,0,0,1,0,16
0.22600965201854706,0.00020196250989101827,0.01414050068706274,7.810932584106922e-05,0.2394436001777649,-0.0010001203045248985,0.11042065918445587,0.011392874643206596,-0.00014763990475330502,-2.0625075194402598e-06,-6.739231321262196e-05,7.287520196672115e-13,0.7534328103065491,-0.00016603419499006122,-0.014138923026621342,-4.462349534151144e-05,0,0,0,0,1,0,0,0,1,0,13
0.24006696045398712,0.0012902183225378394,0.013827050104737282,3.394559462321922e-05,0.2529183030128479,-0.0009443546878173947,0.14625997841358185,0.015670962631702423,0.000254733458859846,1.8391297373909765e-07,-5.402084207162261e-05,2.4462747205689084e-07,0.7392860651016235,-0.0002112113288603723,-0.01415224652737379,-4.562834510579705e-05,0,0,0,0,1,0,0,0,1,0,16
0.2535526156425476,0.0013010688126087189,0.01340525969862938,-8.077998245425988e-06,0.2684805989265442,-0.0006914028781466186,0.1368173360824585,0.015471010468900204,0.0002515015657991171,1.8391297373909765e-07,-5.402084207162261e-05,2.4462747205689084e-07,0.7251272201538086,-0.0002512120408937335,-0.014163466170430183,-2.603581378934905e-05,0,0,0,0,1,0,0,0,1,0,5
0.26710471510887146,0.0012327722506597638,0.013660508207976818,-0.0001298548886552453,0.2834194302558899,-0.00045267833047546446,0.1298351287841797,0.014554028399288654,0.0002303106739418581,3.2175016713154037e-06,-8.60940563143231e-05,7.294844524448341e-13,0.7109593152999878,-0.00025512874708510935,-0.014171179383993149,1.418729607394198e-05,0,0,0,0,1,0,0,0,1,0,0
0.28087273240089417,0.0010252553038299084,0.013847035355865955,-0.00026911389431916177,0.2976479232311249,-0.00022751899086870253,0.11960697174072266,0.013890737667679787,0.00021981439203955233,3.070695356655051e-06,-8.216582500608638e-05,0.0,0.6967849731445312,-0.00021920831932220608,-0.014176789671182632,5.037697701482102e-05,0,0,0,0,1,0,0,0,1,0,7
0.29480141401290894,0.0007616401417180896,0.013990086503326893,-0.00023761647753417492,0.311161071062088,-1.3680187294085044e-05,0.1139938235282898,0.013180759735405445,0.00020857930940110236,2.9138627724023536e-06,-7.79692709329538e-05,0.0,0.6826059222221375,-0.00016906537348404527,-0.01418099645525217,4.995075141778216e-05,0,0,0,0,0,0,1,0,1,0,5
0.3088531196117401,0.0005589285865426064,0.014097199775278568,-0.0001751323143253103,0.3239261507987976,0.00018832131172530353,0.11150013655424118,0.01242897566407919,0.00019668269669637084,2.7476446575747104e-06,-7.352160901064053e-05,7.289722753385519e-13,0.6684232354164124,-0.00011935093789361417,-0.014183801598846912,4.952051676809788e-05,0,0,0,0,1,0,0,0,1,0,7
0.3226853907108307,0.0007146825664676726,0.013809449970722198,0.00016482469800394028,0.33595800399780273,0.00037871921085752547,0.10937207192182541,0.011713271029293537,0.00018535701383370906,2.5894391910696868e-06,-6.92883477313444e-05,3.6440907799986655e-13,0.6542375683784485,-6.918767758179456e-05,-0.014186606742441654,5.128936027176678e-05,0,0,0,0,0,0,1,0,1,0,12
0.3360942304134369,0.0010904737282544374,0.01321154460310936,0.00021347517031244934,0.34905439615249634,0.0021334628108888865,0.14516492187976837,0.014601238071918488,0.0033051499631255865,1.7003572793328203e-05,-5.2703639084938914e-05,2.6047143819596386e-06,0.6400498747825623,-1.6407335351686925e-05,-0.01418871060013771,5.4000109230400994e-05,0,0,0,0,0,0,1,0,1,0,12
0.3486601412296295,0.002314127516001463,0.012424763292074203,0.0018747710855677724,0.3635556995868683,0.005415892694145441,0.13425777852535248,0.014417176134884357,0.0032635878305882215,1.7003572793328203e-05,-5.2703639084938914e-05,2.6047143819596386e-06,0.625861406326294,7.012827700236812e-05,-0.014185905456542969,0.0002119313576258719,0,0,0,0,0,0,1,0,1,0,12
0.360617995262146,0.004805830307304859,0.011689873412251472,0.002575408900156617,0.37746039032936096,0.008537755347788334,0.13036957383155823,0.013557094149291515,0.0030309371650218964,4.23429737566039e-05,-8.019666711334139e-05,0.0,0.6116933822631836,0.0005678852321580052,-0.014145934954285622,0.0007313982932828367,0,0,0,0,0,0,1,0,1,0,6
0.37258681654930115,0.007445616647601128,0.01217652764171362,0.0026897736825048923,0.39072632789611816,0.011503609828650951,0.11937302350997925,0.012957064434885979,0.002896789228543639,4.046674439450726e-05,-7.664313307031989e-05,-5.8327349027054165e-12,0.5975900888442993,0.0015839955303817987,-0.01406178716570139,0.001248589833267033,0,0,0,0,0,1,0,0,1,0,6
0.384972482919693,0.010189704596996307,0.012541167438030243,0.0027853762730956078,0.4033295512199402,0.014321289025247097,0.11414773762226105,0.012293580919504166,0.002748454688116908,3.839602504740469e-05,-7.272126094903797e-05,0.0,0.5835785269737244,0.003046214347705245,-0.013970627449452877,0.0016240429831668735,0,0,0,0,0,1,0,0,1,0,18
0.397671103477478,0.013016074895858765,0.012816401198506355,0.0028555758763104677,0.4152372181415558,0.01698346994817257,0.11154662817716599,0.011595077812671661,0.00259229214861989,3.621414361987263e-05,-6.858880806248635e-05,-1.166069758112842e-11,0.5696660876274109,0.004867116920650005,-0.013861586339771748,0.001981547800824046,0,0,0,0,0,1,0,0,1,0,5
0.410604864358902,0.015902940183877945,0.013020459562540054,0.0029105746652930975,0.42646288871765137,0.019493168219923973,0.10936738550662994,0.010929157957434654,0.0024434139486402273,3.413450758671388e-05,-6.4649990235921e-05,5.829278032498664e-12,0.5558875203132629,0.007076735608279705,-0.013686277903616428,0.002445308957248926,0,0,0,0,1,0,0,0,1,0,5
0.4236600399017334,0.018936527892947197,0.01302858255803585,0.0029186697211116552,0.4370451271533966,0.021859019994735718,0.1107705682516098,0.010304490104317665,0.002303758403286338,3.2182633731281385e-05,-6.0953192587476224e-05,5.828331740842518e-12,0.5423442721366882,0.00983342994004488,-0.01341805700212717,0.0030097849667072296,0,0,0,0,1,0,0,0,1,0,5
0.4359084367752075,0.02200516127049923,0.011594538576900959,0.002235996536910534,0.4470251500606537,0.0240902379155159,0.11050178110599518,0.009719884023070335,0.0021730586886405945,3.0357276045833714e-05,-5.7496014051139355e-05,-8.741245574594991e-12,0.5291225910186768,0.013136718422174454,-0.012863383628427982,0.003448969917371869,0,0,0,0,1,0,0,0,1,0,12
0.44614148139953613,0.024025123566389084,0.008614975027740002,0.0013265312882140279,0.48982277512550354,0.024495800957083702,0.24132905900478363,0.06407923251390457,-0.0008412686875090003,1.812678783608135e-05,-4.9966124606726225e-06,0.0011810552095994353,0.5180063247680664,0.01666364260017872,-0.009917161427438259,0.003934391308575869,0,0,0,0,1,0,0,0,1,0,17
0.45414718985557556,0.025378061458468437,0.007344344165176153,0.0013046287931501865,0.5521101951599121,0.02346152253448963,0.36557382345199585,0.06086939573287964,-0.0011900027748197317,1.812678783608135e-05,-4.9966124606726225e-06,0.0011810552095994353,0.5086051821708679,0.021091148257255554,-0.00894981250166893,0.004817395471036434,0,0,0,0,1,0,0,0,1,1,7
0.46125635504722595,0.026374511420726776,0.00687381811439991,0.0006882482557557523,0.6113537549972534,0.022086959332227707,0.3773787021636963,0.05795423686504364,-0.0015230939025059342,1.812678783608135e-05,-4.9966124606726225e-06,0.0011810552095994353,0.4999465346336365,0.02614152804017067,-0.008202300406992435,0.004844888113439083,0,0,0,0,0,0,1,0,1,1,16
0.46710169315338135,0.027126556262373924,0.005749715957790613,0.0006916100974194705,0.6678235530853271,0.020388580858707428,0.28278109431266785,0.05529008060693741,-0.0018391908379271626,1.812678783608135e-05,-4.9966124606726225e-06,0.0011810552095994353,0.4944869577884674,0.02970302850008011,-0.004573130514472723,0.002988499589264393,0,0,0,0,0,0,1,0,1,1,11
0.47110214829444885,0.028511425480246544,0.0029940358363091946,0.001830070628784597,0.7216163873672485,0.018390735611319542,0.08703179657459259,0.05161546915769577,-0.0020733000710606575,1.7478643712820485e-05,-8.974383490567561e-06,0.0011614743852987885,0.49080488085746765,0.03246210515499115,-0.003734344383701682,0.0025385150220245123,0,0,0,0,0,0,1,0,1,1,4
0.47262129187583923,0.03117186576128006,0.0008619361906312406,0.003326962236315012,0.7666265368461609,0.016571417450904846,0.18589141964912415,0.04421880468726158,-0.0018985156202688813,1.4057702173886355e-05,-2.9669377909158356e-05,0.0010586061980575323,0.4880521297454834,0.034733597189188004,-0.0024475674144923687,0.0018651105929166079,0,0,0,1,0,0,0,0,1,1,12
0.4733697474002838,0.03458775207400322,0.0014566738391295075,0.0027873239014297724,0.8099336624145508,0.014577701687812805,0.11615834385156631,0.042342014610767365,-0.0020555583760142326,1.3799818589177448e-05,-3.09626993839629e-05,0.0010512100998312235,0.48634272813796997,0.036547739058732986,-0.00138657889328897,0.0012209286214783788,0,0,0,1,0,0,0,0,1,1,16
0.4746580123901367,0.035832736641168594,0.0029927585273981094,0.00024007909814827144,0.8479973673820496,0.01271907240152359,0.12439196556806564,0.03670119494199753,-0.0018445821478962898,7.624739737366326e-06,-6.105205829953775e-05,0.0008742098580114543,0.4876116216182709,0.03777327015995979,0.00045760240755043924,0.0007666935562156141,0,0,0,1,0,0,0,0,1,1,6
0.4781011641025543,0.03502847999334335,0.004542219452559948,-0.0011939469259232283,0.8815358877182007,0.011030400171875954,0.11208149045705795,0.031274404376745224,-0.001572571462020278,-6.569273409695597e-06,-0.00012185724335722625,0.00045459967805072665,0.4903671443462372,0.03827318921685219,0.0035102227702736855,6.888672214699909e-05,0,0,0,0,0,1,0,0,1,1,3
0.4824027121067047,0.03503264859318733,0.0041690366342663765,0.001071269973181188,0.9107797741889954,0.009563817642629147,0.1095530316233635,0.027804233133792877,-0.0013902510982006788,-1.7018033759086393e-05,-0.00015790162433404475,9.531986870570108e-05,0.49463874101638794,0.038322046399116516,0.004699746612459421,-2.760723691608291e-05,0,0,1,0,0,0,0,0,1,1,10
0.486637145280838,0.03706657886505127,0.0043479367159307,0.002671093214303255,0.9372212886810303,0.008242865093052387,0.10951393842697144,0.025394370779395103,-0.0012686068657785654,-1.772139330569189e-05,-0.0001502081286162138,0.0,0.4999276399612427,0.03850334510207176,0.006007657386362553,-0.00012255423644091934,0,0,1,0,0,0,0,0,1,1,6
0.4915565550327301,0.04006119817495346,0.005370811093598604,0.0033514753449708223,0.9614587426185608,0.007032056804746389,0.109632708132267,0.023335568606853485,-0.001165756955742836,-1.628482641535811e-05,-0.00013803165347781032,5.8597371746516025e-12,0.5063706636428833,0.038924090564250946,0.007244040723890066,6.372688221745193e-05,0,0,0,0,0,1,0,0,1,1,3
0.49749910831451416,0.04371079429984093,0.0063194697722792625,0.004001799505203962,0.9837894439697266,0.005916494410485029,0.10972020775079727,0.02154463715851307,-0.0010762889869511127,-1.5035121577966493e-05,-0.0001274390670005232,-2.9269787548552584e-12,0.5140926241874695,0.03929779678583145,0.008467165753245354,-9.211505675921217e-05,0,0,1,0,0,0,0,0,1,1,0
0.5039443969726562,0.04768436774611473,0.005784067790955305,0.0034628123976290226,1.004452109336853,0.004884273279458284,0.1097848042845726,0.019970014691352844,-0.0009976268047466874,-1.3936337381892372e-05,-0.00011812563752755523,-8.773896539859827e-12,0.5227293372154236,0.03971372917294502,0.009138419292867184,5.683441850123927e-05,0,0,1,0,0,0,0,0,1,1,12
