lt_dp_posx,lt_dp_posy,lt_dp_velx,lt_dp_vely,ball_posx,ball_posy,ball_posz,ball_vel_x,ball_vel_y,ball_rot_x,ball_rot_y,ball_rot_z,rt_gk_posx,rt_gk_posy,rt_gk_velx,rt_gk_vely,action_left,action_top_left,action_top,action_top_right,action_right,action_bottom_right,action_bottom,action_bottom_left,action_sprint,action_dribble,sel_action
-1.0110293626785278,-0.0,0.0,-0.0,0.019999999552965164,-0.0,0.11061639338731766,-0.0,0.0,0.0,-0.0,0.0,1.0110293626785278,0.0,-0.0,0.0,0,0,0,0,0,0,0,0,0,0,5
4.2432238842593506e-05,1.1435171386187104e-11,0.0006617647595703602,5.902638187255116e-12,0.019999999552965164,-0.0,0.11059734225273132,-0.0,0.0,0.0,-0.0,0.0,1.0110293626785278,0.0,-0.0,0.0,0,0,0,0,1,0,0,0,0,0,5
0.003006343962624669,1.519210868217158e-10,0.004283255431801081,2.4557503600086683e-11,0.019999999552965164,-0.0,0.10930104553699493,-0.0,0.0,0.0,-0.0,0.0,1.0081888437271118,-1.9418572305696102e-10,-0.004046103451400995,-2.3631410717150914e-10,0,0,0,0,1,0,0,0,0,0,5
0.005976468790322542,-3.3696587742326756e-09,0.005899906158447266,-4.061201375193946e-10,0.019999999552965164,-0.0,0.11075475811958313,-0.0,0.0,0.0,-0.0,0.0,1.0032682418823242,-3.853151686605827e-10,-0.005623172502964735,-1.3369805262897216e-10,0,0,0,0,1,0,0,0,0,0,13
0.01208920031785965,-4.593852853673752e-09,0.0073885549791157246,-2.0980049642016496e-10,0.027032172307372093,-7.443552441088741e-10,0.12263628840446472,0.008516501635313034,-9.026289715663438e-10,3.3428318706868465e-12,1.0543466487433761e-05,-4.577760913393458e-12,0.9968275427818298,-1.644187147542553e-10,-0.0070915501564741135,6.395672325076873e-10,0,0,0,0,1,0,0,0,1,0,16
0.020219670608639717,-4.707123135716529e-09,0.00871203001588583,-1.5276328813040863e-10,0.035118091851472855,-1.6028715021931816e-09,0.11659227311611176,0.007836710661649704,-8.325730105340767e-10,1.1631228098718527e-11,4.635773439076729e-05,-2.7776433388364744e-18,0.9889967441558838,3.4514613389546867e-10,-0.008409163914620876,3.7648989481553485e-10,0,0,0,0,1,0,0,0,1,0,18
0.029574085026979446,-4.8208845804254e-09,0.00985137652605772,-5.97535840252128e-11,0.04272056370973587,-2.4105579754518658e-09,0.10804443806409836,0.007411785889416933,-7.874290108844662e-10,1.1000459224086434e-11,4.38437273260206e-05,2.08306722310121e-18,0.9799808859825134,5.149954351857389e-10,-0.009335489943623543,-8.884334240510938e-12,0,0,0,0,1,0,0,0,1,0,0
0.03764845058321953,-7.215888331302267e-09,0.009381383657455444,-1.6773514521783994e-10,0.04989614710211754,-3.1728932814445443e-09,0.11133810132741928,0.006985857151448727,-7.421782077798866e-10,1.0368182874753717e-11,4.1323717596242204e-05,1.3886073262420094e-18,0.9704952239990234,1.3016114852604233e-09,-0.00983055867254734,6.664839791170607e-10,0,0,0,0,1,0,0,0,1,0,18
0.04662322998046875,-8.615012703216962e-09,0.010248931124806404,-1.0084947460464733e-10,0.06034240871667862,1.421307388227433e-05,0.14029298722743988,0.013894399628043175,2.801882328640204e-05,2.854333160939859e-07,8.133003575494513e-06,3.5940200859840843e-07,0.9601738452911377,1.7575421118465329e-09,-0.010699383914470673,2.7168231553353905e-10,0,0,0,0,1,0,0,0,1,0,18
0.05721496790647507,1.2053963018843206e-06,0.01067549828439951,4.047034508403158e-06,0.07414660602807999,4.204139986541122e-05,0.12644606828689575,0.013696864247322083,2.757061338343192e-05,2.781109174065932e-07,8.929601790441666e-06,3.6752527421413106e-07,0.9492757320404053,2.3695554318692302e-07,-0.010805971920490265,6.679463808723085e-07,0,0,0,0,1,0,0,0,1,0,18
0.06819243729114532,9.047557796293404e-06,0.011330799199640751,1.0950956493616104e-05,0.08698377758264542,6.690605368930846e-05,0.12638936936855316,0.012362970039248466,2.345892607991118e-05,-9.692339375533265e-08,4.907097900286317e-05,3.781183011142275e-07,0.9381436109542847,1.518731664873485e-06,-0.011441286653280258,1.7599165857973276e-06,0,0,0,0,1,0,0,0,1,0,16
0.07990812510251999,2.430333915981464e-05,0.012014280073344707,1.793173396436032e-05,0.09894806146621704,8.939824328990653e-05,0.11752033978700638,0.01165801752358675,2.18367586057866e-05,-3.050634518331208e-07,6.896236300235614e-05,4.555041307791226e-14,0.9263702630996704,3.875998118019197e-06,-0.012035930529236794,2.677666998351924e-06,0,0,0,0,1,0,0,0,1,0,18
0.09226207435131073,4.392895789351314e-05,0.01260839868336916,2.1596519218292087e-05,0.11026550084352493,0.00011059705138904974,0.11176738888025284,0.011030832305550575,2.0661962480517104e-05,-2.88636215373117e-07,6.524883792735636e-05,0.0,0.9140385389328003,6.7811661210726015e-06,-0.012554140761494637,3.1334798222815152e-06,0,0,0,0,1,0,0,0,1,0,13
0.1051303893327713,6.885867333039641e-05,0.013062182813882828,2.7754806069424376e-05,0.12095726281404495,0.0001306239137193188,0.11096876114606857,0.010416521690785885,1.9511289792717434e-05,-2.7256916723672475e-07,6.161673809401691e-05,-4.553513599167558e-14,0.9012559056282043,1.0217623639618978e-05,-0.01295384205877781,3.6782089409825858e-06,0,0,0,0,1,0,0,0,1,0,5
0.11833593994379044,-0.0011668783845379949,0.013238980434834957,2.1447833205456845e-05,0.13104644417762756,0.00014952203491702676,0.10908352583646774,0.009826471097767353,1.8406057279207744e-05,-2.5713231366353284e-07,5.8127105148741975e-05,2.276423915635508e-14,0.8881267309188843,1.412759957020171e-05,-0.013260280713438988,4.119125151191838e-06,0,0,0,0,1,0,0,0,1,0,13
0.13157497346401215,-0.0022505377419292927,0.013239067979156971,9.53246490098536e-06,0.1436956524848938,2.801639675453771e-05,0.1472119688987732,0.015533958561718464,-0.00025917438324540854,-6.126785478954844e-08,1.0369019946665503e-05,-7.978029543664888e-07,0.8747334480285645,1.854822039604187e-05,-0.013492387719452381,4.659105343307601e-06,0,0,0,0,1,0,0,0,1,0,16
0.1448339819908142,-0.00224480452015996,0.01333785429596901,1.3209630196797661e-05,0.15912233293056488,-0.00022935237211640924,0.14561380445957184,0.015339046716690063,-0.00025590520817786455,-6.126785478954844e-08,1.0369019946665503e-05,-7.978029543664888e-07,0.8611396551132202,2.164733814424835e-05,-0.013669097796082497,-3.009475221915636e-06,0,0,0,0,1,0,0,0,1,0,16
0.15832842886447906,-0.0021707138512283564,0.013610194437205791,0.00013720119022764266,0.1738136112689972,-0.0004734999092761427,0.12911385297775269,0.013999685645103455,-0.0002315860620001331,1.4584146583729307e-06,4.385926513350569e-05,-1.9177246031176765e-06,0.8473948240280151,3.965243649872718e-06,-0.013800929300487041,-2.941897400887683e-05,0,0,0,0,1,0,0,0,1,0,16
0.17205318808555603,-0.0019525925163179636,0.013808993622660637,0.00028232173644937575,0.18739183247089386,-0.0006976893055252731,0.11690234392881393,0.01313749235123396,-0.00021649664267897606,3.024134912266163e-06,7.770542288199067e-05,-1.4582673176638528e-12,0.833536684513092,-3.918100264854729e-05,-0.013899803161621094,-5.441781468107365e-05,0,0,0,0,1,0,0,0,1,0,18
0.18594971299171448,-0.0016748306807130575,0.013962037861347198,0.0002517369284760207,0.20016956329345703,-0.0009082574397325516,0.11498109251260757,0.01246606558561325,-0.00020543205027934164,2.869844820452272e-06,7.374030246865004e-05,-3.644902576375314e-13,0.8195940852165222,-9.323992708232254e-05,-0.013974133878946304,-5.375307591748424e-05,0,0,0,0,1,0,0,0,1,0,0
0.19997766613960266,-0.0014587113400921226,0.014076688326895237,0.0001880184281617403,0.21225759387016296,-0.0011074594222009182,0.1073337122797966,0.011778449639678001,-0.0001941005903063342,2.7116527689940995e-06,6.967558874748647e-05,-1.0932477796307682e-12,0.8055877685546875,-0.00014658983855042607,-0.014030232094228268,-5.3009633120382205e-05,0,0,0,0,1,0,0,0,1,0,16
0.2140786051750183,-0.0013056289171800017,0.014122058637440205,0.00012583612988237292,0.2236698716878891,-0.0012955253478139639,0.11101735383272171,0.011116893962025642,-0.00018319861555937678,2.559207359809079e-06,6.575852603418753e-05,-3.6434830846809874e-13,0.7915336489677429,-0.00019949604757130146,-0.014072306454181671,-5.316381430020556e-05,0,0,0,0,1,0,0,0,1,0,16
0.22815720736980438,-0.0012160988990217447,0.013973958790302277,6.225512333912775e-05,0.2360866218805313,-0.0014141725841909647,0.1366603672504425,0.015916742384433746,2.1618649043375626e-05,8.989376283352613e-07,1.2278230315132532e-05,-9.625376833355404e-07,0.7774439454078674,-0.00025308027397841215,-0.014103160239756107,-5.3923355153528973e-05,0,0,0,0,1,0,0,0,1,0,5
0.2417343109846115,-0.0010358867002651095,0.013312558643519878,5.693526873074006e-06,0.2518913447856903,-0.0013927222462370992,0.15771439671516418,0.015713166445493698,2.1334779376047663e-05,8.989376283352613e-07,1.2278230315132532e-05,-9.625376833355404e-07,0.763327956199646,-0.00030703324591740966,-0.014125599525868893,-5.215651617618278e-05,0,0,0,0,1,0,0,0,1,0,16
0.2550466060638428,0.000700741249602288,0.013312578201293945,3.3214616905752337e-06,0.26723775267601013,-0.0013727350160479546,0.12169530242681503,0.014493736438453197,1.6071839127107523e-05,4.6283287247206317e-07,4.0969436668092385e-05,-1.262103381804991e-07,0.749192476272583,-0.00035271310480311513,-0.014142429456114769,-4.037372491438873e-05,0,0,0,0,1,0,0,0,1,0,16
0.26835906505584717,0.0010163334663957357,0.013312522321939468,9.482557175033435e-07,0.2829265892505646,-0.0011328742839396,0.17423631250858307,0.015752354636788368,0.00026339030591771007,4.0460912487105816e-07,-7.777784389872977e-07,1.8099038356922392e-07,0.7350420355796814,-0.00038658795529045165,-0.014155752956867218,-2.8552834919537418e-05,0,0,0,0,1,0,0,0,1,0,16
0.2817557156085968,0.001001496217213571,0.013516930863261223,-4.7965339035727084e-05,0.29856836795806885,-0.0008713279385119677,0.134770467877388,0.015551915392279625,0.0002600568695925176,4.0460912487105816e-07,-7.777784389872977e-07,1.8099038356922392e-07,0.7208807468414307,-0.00040163882658816874,-0.01416557002812624,-1.1750706789825927e-06,0,0,0,0,1,0,0,0,1,0,18
0.2954024076461792,0.0008802315569482744,0.013742377050220966,-0.00018325219571124762,0.31310784816741943,-0.0006293781334534287,0.1370287537574768,0.014029025100171566,0.00023286649957299232,-9.92663331089716e-07,3.128904791083187e-05,1.908942067530006e-06,0.7067112326622009,-0.0003856038092635572,-0.014171880669891834,3.012048728123773e-05,0,0,0,0,1,0,0,0,1,0,0
0.30924004316329956,0.0006344352150335908,0.01390891894698143,-0.0002656764700077474,0.32683050632476807,-0.00040184875251725316,0.11793907731771469,0.013180725276470184,0.00021800796093884856,-2.38095913118741e-06,6.290179589996114e-05,1.1727454420906724e-06,0.6925355792045593,-0.0003414483508095145,-0.014178192242980003,4.868410906055942e-05,0,0,0,0,1,0,0,0,1,0,6
0.323078453540802,0.0005906602018512785,0.013970520347356796,-0.00021635017765220255,0.3396287262439728,-0.00019027097732760012,0.11499188840389252,0.012490256689488888,0.00020647040219046175,-2.8842800929851364e-06,7.388158701360226e-05,7.289858820758166e-13,0.6783552765846252,-0.00029307539807632565,-0.014182399027049541,4.811773760593496e-05,0,0,0,0,0,1,0,0,1,0,7
0.3360779285430908,0.0016543879173696041,0.01361004263162613,0.00015643560618627816,0.3517513871192932,1.0123056199518032e-05,0.1094159334897995,0.011815952137112617,0.00019532379519660026,-2.728719209699193e-06,6.989687244640663e-05,0.0,0.6641716957092285,-0.00024527104687877,-0.014185204170644283,4.754758265335113e-05,0,0,0,0,0,0,1,0,1,0,12
0.34909817576408386,0.0022211617324501276,0.012725591659545898,0.0006778138922527432,0.36555197834968567,0.0027576819993555546,0.15521033108234406,0.014225628226995468,0.0033609725069254637,3.6201583952788496e-06,1.6110072465380654e-05,1.7479898815508932e-05,0.6499854326248169,-0.0001847038365667686,-0.014186606742441654,7.122010720195249e-05,0,0,0,0,0,0,1,0,1,0,3
0.36148619651794434,0.0038358664605766535,0.012148127891123295,0.0023421382065862417,0.3796709179878235,0.00609296141192317,0.11946146190166473,0.013959401287138462,0.0032939258962869644,2.3928982955112588e-06,1.7755039152689278e-05,1.8869544874178246e-05,0.6357976198196411,-0.00010046256647910923,-0.01418871060013771,9.489530930295587e-05,0,0,1,0,0,0,0,0,1,0,5
0.3733261525630951,0.006389925722032785,0.011874647811055183,0.0025645610876381397,0.39274340867996216,0.009134906344115734,0.13028563559055328,0.012716414406895638,0.002944840583950281,-2.2740408894605935e-05,5.1151644584024325e-05,2.3988857719814405e-05,0.6216139197349548,0.00013236107770353556,-0.014171880669891834,0.0004753856628667563,0,0,0,0,1,0,0,0,1,0,5
0.38547444343566895,0.00898160133510828,0.012358146719634533,0.002600359497591853,0.40507832169532776,0.011982722207903862,0.11858461052179337,0.01201594341546297,0.0027701035141944885,-3.869883585139178e-05,7.10796084604226e-05,-1.1662115717570032e-11,0.6074811220169067,0.0009470627410337329,-0.014091940596699715,0.0010918050538748503,0,0,0,0,1,0,0,0,1,0,12
0.3980538845062256,0.01157401129603386,0.012745576910674572,0.0025825637858361006,0.4167446792125702,0.01467223186045885,0.11102479696273804,0.011379615403711796,0.0026234076358377934,-3.66499662050046e-05,6.731638859491795e-05,-5.82999534065598e-12,0.5934615135192871,0.002369716065004468,-0.01396010909229517,0.0016631977632641792,0,0,0,0,1,0,0,0,1,0,0
0.41094836592674255,0.0141851045191288,0.01299942284822464,0.002644564025104046,0.4277704358100891,0.017214061692357063,0.11248774081468582,0.010743947699666023,0.0024768623989075422,-3.460153311607428e-05,6.355395453283563e-05,-1.1657982738888517e-11,0.5795701742172241,0.004256497602909803,-0.013831082731485367,0.0020691510289907455,0,0,0,0,1,0,0,0,1,0,5
0.42390066385269165,0.01703007146716118,0.01294135395437479,0.002654012758284807,0.4381802976131439,0.01961388811469078,0.10797764360904694,0.010139071382582188,0.002337417099624872,-3.2653948437655345e-05,5.9976755437674e-05,5.8280906142793576e-12,0.5658224821090698,0.006547011435031891,-0.013675058260560036,0.0024709405843168497,0,0,0,0,1,0,0,0,1,0,0
0.43584805727005005,0.019895389676094055,0.011680723167955875,0.002037148689851165,0.4480023682117462,0.02187822200357914,0.1113424226641655,0.00956772081553936,0.0022057006135582924,-3.0813185730949044e-05,5.6595727073727176e-05,2.91364371865499e-12,0.5522952079772949,0.009334909729659557,-0.013377736322581768,0.003085110802203417,0,0,0,0,1,0,0,0,1,0,0
0.44586050510406494,0.02166915126144886,0.008467365987598896,0.0011533356737345457,0.49340569972991943,0.02319020964205265,0.22398176789283752,0.059887323528528214,0.0008863172261044383,7.020857140105363e-08,3.113575803581625e-05,0.0003787814057432115,0.5391303300857544,0.012780101038515568,-0.012979437597095966,0.003736854763701558,0,0,0,0,1,0,0,0,1,0,12
0.45383331179618835,0.022892365232110023,0.00739483255892992,0.0011787317926064134,0.5517407655715942,0.02398432232439518,0.23582565784454346,0.057094428688287735,0.0007208938477560878,7.020857140105363e-08,3.113575803581625e-05,0.0003787814057432115,0.5266112685203552,0.016709351912140846,-0.011659018695354462,0.0037331616040319204,0,0,0,0,1,0,0,0,1,0,11
0.4609307050704956,0.023706208914518356,0.0068994127213954926,0.0005705790244974196,0.6068170666694641,0.024614593014121056,0.12197881937026978,0.0494089238345623,0.0005124255549162626,-4.5398036263577524e-07,5.1842103857779875e-05,0.00035494755138643086,0.5169181823730469,0.019696898758411407,-0.007782613392919302,0.002266587922349572,0,0,0,0,1,0,0,0,1,0,16
0.46721673011779785,0.02422608621418476,0.00613261666148901,0.0005072098574601114,0.6544020771980286,0.025056889280676842,0.13065595924854279,0.04673279821872711,0.0003934378910344094,-5.348550189410162e-07,5.50926270079799e-05,0.0003505806380417198,0.5120579600334167,0.021042512729763985,-0.002311958931386471,0.0006106196669861674,0,0,0,0,1,0,0,0,1,0,2
0.4742144048213959,0.024717863649129868,0.0076830387115478516,0.00044395477743819356,0.6964345574378967,0.025371169671416283,0.11306692659854889,0.03847432881593704,0.0002604280598461628,-1.5632349459338002e-06,0.00011318594624754041,0.00024682164075784385,0.5130435824394226,0.0212880726903677,0.003041589865460992,0.0003275260969530791,0,1,0,0,0,0,0,0,1,0,16
0.482664555311203,0.02504109963774681,0.00904588121920824,0.00019498418259900063,0.7318578958511353,0.025593524798750877,0.1090826690196991,0.033243872225284576,0.00019881370826624334,-2.339539150852943e-06,0.0001647351891733706,0.00011188171629328281,0.5169337391853333,0.021712549030780792,0.004592012148350477,0.00045377956121228635,0,1,0,0,0,0,0,0,1,0,17
0.4912424087524414,0.02498461864888668,0.007351620588451624,-0.00026562056154944,0.7631251811981201,0.025777295231819153,0.10918320715427399,0.029839912429451942,0.00017489770834799856,-2.4431167275906773e-06,0.00017649920482654124,-7.355888359365792e-13,0.5228151082992554,0.021882828325033188,0.006447775289416313,0.00013245290028862655,0,1,0,0,0,0,0,0,1,1,2
0.4964601695537567,0.02445344068109989,0.0033477460965514183,-0.0009120582835748792,0.7914424538612366,0.025943269953131676,0.10939857363700867,0.02714008092880249,0.00015907349006738514,-2.2221056497073732e-06,0.00016053259605541825,1.468395392258126e-12,0.5297238826751709,0.021961404010653496,0.00753859942778945,0.00011159409768879414,0,1,0,0,0,0,0,0,1,1,3
0.4983704686164856,0.02358410134911537,0.00117270287591964,-0.0007088527199812233,0.8172898292541504,0.026094764471054077,0.1095510944724083,0.024842914193868637,0.00014560931595042348,-2.034048065979732e-06,0.00014694668061565608,-1.4662415162222664e-12,0.5381003618240356,0.022101745009422302,0.00898767914623022,0.00015370298933703452,0,0,1,0,0,0,0,0,1,1,7
0.5007307529449463,0.022646388038992882,0.002821573056280613,-0.0012697078054770827,0.841019868850708,0.02623385563492775,0.10966072231531143,0.022861620411276817,0.0001339965092483908,-1.871843096523662e-06,0.00013522847439162433,-3.6613512785846347e-13,0.5475431084632874,0.022257955744862556,0.009826702065765858,0.00015899325080681592,0,0,0,0,0,0,1,0,1,1,8
0.5018717646598816,0.020431729033589363,-0.002215360524132848,-0.0019864998757839203,0.8629118800163269,0.02636217325925827,0.10974079370498657,0.021132580935955048,0.00012386226444505155,-1.7302857031609165e-06,0.00012500191223807633,0.0,0.557860255241394,0.022419001907110214,0.010695177130401134,0.00016208755550906062,0,0,0,0,0,0,0,1,1,1,12
0.5005192756652832,0.019471550360322,-0.0031451908871531487,0.0005300721968524158,0.8831906914710999,0.026481034234166145,0.10980014503002167,0.019608063623309135,0.00011492674093460664,-1.60547062932892e-06,0.00011598483251873404,0.0,0.5687547326087952,0.02257898822426796,0.010803166776895523,0.00015454429376404732,0,0,0,0,0,0,0,1,1,1,7
0.49869683384895325,0.02022458240389824,-0.0017955348594114184,0.001238310243934393,0.9020402431488037,0.026591520756483078,0.10984472930431366,0.018251636996865273,0.000106976498500444,-1.4944156419005594e-06,0.0001079617504728958,1.0958540932332062e-12,0.5798839330673218,0.02273334190249443,0.011438131332397461,0.00015502911992371082,0,0,0,0,0,0,1,0,1,1,2
0.49907392263412476,0.02186078578233719,-2.2870652173878625e-05,0.003123025642707944,0.9196121692657471,0.026694513857364655,0.10987863689661026,0.017034966498613358,9.98453760985285e-05,-1.3948006198916119e-06,0.00010076524631585926,-7.301850096785856e-13,0.5916539430618286,0.022888392210006714,0.012033126316964626,0.00015618413453921676,0,1,0,0,0,0,0,0,1,1,5
0.5022144317626953,0.024333827197551727,0.0011467438889667392,0.0036418356467038393,0.9360336065292358,0.026790764182806015,0.1099046990275383,0.015935715287923813,9.340241376776248e-05,-1.3047983884462155e-06,9.426318865735084e-05,0.0,0.6039822101593018,0.023045619949698448,0.01255063433200121,0.00015703969984315336,0,0,0,0,1,0,0,0,1,1,18
0.5057753324508667,0.027066873386502266,0.003586739534512162,0.0020739277824759483,0.9514119625091553,0.02688089944422245,0.10992492735385895,0.014936010353267193,8.754297596169636e-05,-1.2229464800839196e-06,8.834989421302453e-05,3.6479247899311174e-13,0.6167614459991455,0.023201288655400276,0.012950336560606956,0.00015440169954672456,0,0,0,0,1,0,0,0,1,0,0
0.5109694600105286,0.02816956490278244,0.005649614613503218,0.00048781727673485875,0.9658384323120117,0.026965457946062088,0.1099407747387886,0.014021403156220913,8.21822541183792e-05,-1.1480617558845552e-06,8.293996506836265e-05,0.0,0.6298871040344238,0.023355253040790558,0.01325677428394556,0.00015358890232164413,0,0,0,0,1,0,0,0,1,0,10
0.5174262523651123,0.028449609875679016,0.007013633847236633,0.0001901426730910316,0.9793914556503296,0.02704489231109619,0.10995328426361084,0.013180076144635677,7.725103932898492e-05,-1.0791757176775718e-06,7.7963421063032e-05,3.645719522712282e-13,0.6432771682739258,0.023507531732320786,0.01348958257585764,0.0001511505397502333,0,0,0,0,1,0,0,0,1,0,18
0.525239109992981,0.028675267472863197,0.008415346033871174,0.00014162312436383218,0.9921388626098633,0.027119604870676994,0.10996321588754654,0.012402242980897427,7.269202615134418e-05,-1.0154884648727602e-06,7.336241833399981e-05,-1.8224159160917797e-13,0.6568675637245178,0.02365737035870552,0.013665592297911644,0.00014913994527887553,0,0,0,0,1,0,0,0,1,0,4
0.5342814922332764,0.028820376843214035,0.009318653494119644,4.918496779282577e-05,1.0041394233703613,0.027189942076802254,0.10997116565704346,0.011679785326123238,6.845756433904171e-05,-9.56334929469449e-07,6.90889501129277e-05,-1.8220277717140299e-13,0.6706092357635498,0.0238054022192955,0.013798125088214874,0.0001471008436055854,0,0,0,1,0,0,0,0,1,0,5
