lt_dp_posx,lt_dp_posy,lt_dp_velx,lt_dp_vely,ball_posx,ball_posy,ball_posz,ball_vel_x,ball_vel_y,ball_rot_x,ball_rot_y,ball_rot_z,rt_gk_posx,rt_gk_posy,rt_gk_velx,rt_gk_vely,action_left,action_top_left,action_top,action_top_right,action_right,action_bottom_right,action_bottom,action_bottom_left,action_sprint,action_dribble,sel_action
-1.0110293626785278,-0.0,0.0,-0.0,0.019999999552965164,-0.0,0.11061639338731766,0.0,-0.0,0.0,-0.0,0.0,1.0110293626785278,0.0,-0.0,0.0,0,0,0,0,0,0,0,0,0,0,5
4.2432238842593506e-05,1.1572422707606389e-11,0.0006617647595703602,5.5335507009868223e-11,0.019999999552965164,-0.0,0.11059734225273132,0.0,-0.0,0.0,-0.0,0.0,1.0097103118896484,-1.053061197270333e-11,-0.0033988673239946365,-2.5076950932456654e-11,0,0,0,0,1,0,0,0,0,0,5
0.0028806820046156645,1.626383611119664e-10,0.0042760190553963184,9.35186442174718e-11,0.019999999552965164,-0.0,0.10930104553699493,0.0,-0.0,0.0,-0.0,0.0,1.005424976348877,-3.4275877275335986e-11,-0.0050032841973006725,-2.029609813547495e-11,0,0,0,0,1,0,0,0,0,0,5
0.006311010103672743,-1.3072087856613734e-09,0.005893101915717125,-3.570401474473073e-10,0.019999999552965164,-0.0,0.11075475811958313,0.0,-0.0,0.0,-0.0,0.0,0.9995788931846619,-4.5175412022313566e-11,-0.0065179429948329926,-1.7381629989488001e-12,0,0,0,0,1,0,0,0,0,0,13
0.012720324099063873,-1.7778994942929671e-09,0.007382407784461975,-1.148750400359333e-10,0.02783653885126114,8.446822408192389e-11,0.11904273927211761,0.00846934411674738,9.183254850997358e-11,1.0426666040980193e-12,-3.1684536224929616e-05,1.8433765256418988e-13,0.9922854900360107,5.653540968708626e-10,-0.007902874611318111,5.162908989220227e-10,0,0,0,0,1,0,0,0,1,0,16
0.02084559015929699,-2.0358315033774943e-09,0.008707515895366669,-5.716894180274323e-10,0.03599417209625244,1.7331690249644538e-10,0.1149766817688942,0.007963255979120731,8.680336310851189e-11,1.2126676616000531e-12,-4.710652865469456e-05,-2.604104413539241e-19,0.9837011694908142,9.074008211484852e-10,-0.009114601649343967,1.8687783265303182e-10,0,0,0,0,1,0,0,0,1,0,16
0.030195849016308784,-2.5109450074722872e-09,0.009847519919276237,-3.238239121294839e-10,0.04371677339076996,2.574969681923278e-10,0.11205574870109558,0.007525598164647818,8.203266538275855e-11,1.1459576777089753e-12,-4.45151817984879e-05,-1.7359253694068466e-19,0.9743693470954895,1.0797440719301221e-09,-0.009437869302928448,2.0245027876342192e-10,0,0,0,0,1,0,0,0,1,0,13
0.038637567311525345,-5.8772253730410284e-09,0.009385136887431145,-1.7454437895025876e-10,0.051006071269512177,3.3695382595233525e-10,0.10906882584095001,0.007096750661730766,7.735802970421091e-11,1.0806885985051307e-12,-4.1979776142397895e-05,0.0,0.9644050598144531,1.243878444689983e-09,-0.010371208190917969,1.2266551663309144e-10,0,0,0,0,1,0,0,0,1,0,18
0.047436438500881195,-8.446824573127287e-09,0.010158954188227654,-1.0774411918212934e-10,0.06085140258073807,1.1818126949947327e-05,0.13679221272468567,0.014080355875194073,2.9390714189503342e-05,3.80051375259427e-07,-4.2783503886312246e-05,-2.4534077880389304e-08,0.9536177515983582,2.0990963633948923e-08,-0.010990395210683346,1.3109848850945127e-07,0,0,0,0,1,0,0,0,1,0,5
0.05798553302884102,8.695744782016845e-07,0.010675542056560516,3.512461944410461e-06,0.07484252750873566,4.102495586266741e-05,0.12861883640289307,0.013905372470617294,2.9036284104222432e-05,3.8029364191061177e-07,-4.315669139032252e-05,-2.408667931774744e-08,0.9426805973052979,5.054907319390622e-07,-0.011172715574502945,7.980755185599264e-07,0,0,0,0,1,0,0,0,1,0,13
0.06889751553535461,8.628585419501178e-06,0.011254759505391121,1.1164383067807648e-05,0.08818665891885757,6.928561924723908e-05,0.1241956278681755,0.01301866490393877,2.7704692911356688e-05,3.8705036331521114e-07,-7.70133119658567e-05,-1.3670744495198478e-13,0.9311493039131165,1.6339735111614573e-06,-0.011804524809122086,1.408244088452193e-06,0,0,0,0,1,0,0,0,1,0,16
0.0805448666214943,2.4422288333880715e-05,0.011945822276175022,1.9294098819955252e-05,0.10085869580507278,9.625267557566985e-05,0.11380849033594131,0.012373633682727814,2.633201984281186e-05,3.678684663555032e-07,-7.319659925997257e-05,0.0,0.9190320372581482,3.3493001865281258e-06,-0.012362704612314701,2.071639300993411e-06,0,0,0,0,1,0,0,0,1,0,16
0.092839315533638,4.533009996521287e-05,0.012555718421936035,2.288313044118695e-05,0.11285270750522614,0.00012177684402558953,0.11225123703479767,0.01168922707438469,2.4875551389413886e-05,3.475042262834904e-07,-6.914463301654905e-05,-4.555081287746336e-14,0.9064158201217651,6.088432201067917e-06,-0.012806584127247334,3.302783397884923e-06,0,0,0,0,1,0,0,0,1,0,0
0.10566219687461853,7.178449595812708e-05,0.01302221231162548,2.953941293526441e-05,0.12417763471603394,0.00014587711484637111,0.1097559779882431,0.0110311983153224,2.347522422496695e-05,3.279486975316104e-07,-6.525355274789035e-05,9.108497647531549e-14,0.8934142589569092,9.979205970012117e-06,-0.013147382065653801,4.199564500595443e-06,0,0,0,0,1,0,0,0,1,0,16
0.11864220350980759,0.00010409982496639714,0.013374908827245235,3.3437274396419525e-05,0.13486024737358093,0.00016861048061400652,0.1107875183224678,0.010403383523225784,2.2139180146041326e-05,3.092765439305367e-07,-6.153826689114794e-05,-4.5534980137613285e-14,0.8801179528236389,1.45396279549459e-05,-0.013407538644969463,4.869641998084262e-06,0,0,0,0,1,0,0,0,1,0,13
0.1297096610069275,-0.000502025883179158,0.013405105099081993,2.1564261260209605e-05,0.1449369192123413,0.00019005441572517157,0.11049683392047882,0.009814450517296791,2.088589644699823e-05,2.917729204909847e-07,-5.805547334603034e-05,4.552834956370218e-14,0.8665978312492371,1.9766863260883838e-05,-0.013604585081338882,5.5149530453491025e-06,0,0,0,0,1,0,0,0,1,0,5
0.14213953912258148,-0.0007573104230687022,0.013405084609985352,8.086910384008661e-06,0.15864162147045135,0.00012350613542366773,0.15109750628471375,0.015324585139751434,-0.00010314553219359368,-2.5476185783190886e-07,-5.0702372391242534e-05,-1.7572261867826455e-07,0.852908194065094,2.44163820752874e-05,-0.013753245584666729,3.796949840761954e-06,0,0,0,0,1,0,0,0,1,0,5
0.15553323924541473,-0.0007520394865423441,0.013462936505675316,1.20350050565321e-05,0.173849955201149,2.1165971702430397e-05,0.11888550966978073,0.015046164393424988,-0.0001010662381304428,-3.2034310493145313e-07,-5.2877097914461046e-05,-2.2018130607648345e-07,0.839091420173645,2.720471275097225e-05,-0.01386404037475586,1.97794634004822e-06,0,0,0,0,1,0,0,0,1,0,0
0.16913506388664246,-0.0007137179491110146,0.013704685494303703,6.23852465650998e-05,0.18828386068344116,-7.443290814990178e-05,0.119989775121212,0.014144712127745152,-9.350925392936915e-05,-1.3064216091152048e-06,-8.367741975234821e-05,1.8234491607621583e-13,0.8251792788505554,2.6676045308704488e-05,-0.013947486877441406,-4.155831902608043e-06,0,0,0,0,1,0,0,0,1,0,0
0.18294298648834229,-0.000623486761469394,0.013884375803172588,0.00010793583351187408,0.20201313495635986,-0.0001651956990826875,0.11486838757991791,0.01341194473206997,-8.866496500559151e-05,-1.2387031347316224e-06,-7.93399813119322e-05,-1.8229981326584044e-13,0.8111956715583801,1.7531141565996222e-05,-0.014009896665811539,-1.3237313396530226e-05,0,0,0,0,1,0,0,0,1,0,13
0.19690418243408203,-0.0005265199579298496,0.014018136076629162,8.595795225119218e-05,0.21501202881336212,-0.000251130317337811,0.11213270574808121,0.012665719725191593,-8.373177115572616e-05,-1.1696711226250045e-06,-7.491842552553862e-05,1.822562961011423e-13,0.7971587181091309,-4.47356512722763e-07,-0.014056879095733166,-2.0503341147559695e-05,0,0,0,0,1,0,0,0,1,0,0
0.210979163646698,-0.00045387266436591744,0.014116833917796612,6.20171704213135e-05,0.22728513181209564,-0.00033226641244255006,0.10892169177532196,0.011956185102462769,-7.904109224909917e-05,-1.1042237701985869e-06,-7.072647713357583e-05,0.0,0.7830818891525269,-2.083800245600287e-05,-0.014091940596699715,-2.0296021830290556e-05,0,0,0,0,1,0,0,0,1,0,13
0.22352664172649384,0.00017882160318549722,0.014141271822154522,3.9666461816523224e-05,0.2388637214899063,-0.00040881126187741756,0.10870744287967682,0.011274616234004498,-7.453527359757572e-05,-1.0412603614895488e-06,-6.669362483080477e-05,1.821820418048542e-13,0.7689753770828247,-4.101335071027279e-05,-0.014117886312305927,-2.007481816690415e-05,0,0,0,0,1,0,0,0,1,0,5
0.23619909584522247,0.0007138277287594974,0.013827226124703884,1.723793502605986e-05,0.2521507740020752,-0.00038212400977499783,0.14476381242275238,0.015403102152049541,0.00012557020818348974,1.1406182665041342e-07,-5.3913321607979015e-05,1.3860923786523927e-07,0.754846453666687,-6.000516441417858e-05,-0.01413752045482397,-1.7718190065352246e-05,0,0,0,0,1,0,0,0,1,0,5
0.24968478083610535,0.0007194074569270015,0.01340525969862938,-3.69365216101869e-06,0.26744869351387024,-0.00025741709396243095,0.1333974152803421,0.015209559351205826,0.00012400343257468194,1.1406182665041342e-07,-5.3913321607979015e-05,1.3860923786523927e-07,0.7407010793685913,-7.612981426063925e-05,-0.014151545241475105,-1.4819224816164933e-05,0,0,0,0,1,0,0,0,1,0,18
0.2632372975349426,0.0006871368386782706,0.013661559671163559,-6.146728992462158e-05,0.2821201980113983,-0.0001398412714479491,0.12556692957878113,0.01432613842189312,0.00011404693213989958,1.59330500082433e-06,-8.474804053548723e-05,-3.64712871448597e-13,0.7265433073043823,-8.798895578365773e-05,-0.014162063598632812,-6.467289040301694e-06,0,0,0,0,1,0,0,0,1,0,5
0.2770082950592041,0.0005888707819394767,0.013851944357156754,-0.00012746018182951957,0.29606109857559204,-2.886082074837759e-05,0.11880453675985336,0.0136106600984931,0.00010835121793206781,1.5136863567022374e-06,-8.051311306189746e-05,-3.646235331895842e-13,0.7123762965202332,-8.536729728803039e-05,-0.014170478098094463,1.0060790373245254e-05,0,0,0,0,1,0,0,0,1,0,0
0.2909415364265442,0.0004638112150132656,0.013993768021464348,-0.00011301220365567133,0.30926987528800964,7.629067840753123e-05,0.11092296242713928,0.012878737412393093,0.00010252454376313835,1.4323110235636705e-06,-7.618474046466872e-05,3.6453701385621984e-13,0.6982024908065796,-6.620889325859025e-05,-0.014176088385283947,2.6603629521559924e-05,0,0,0,0,1,0,0,0,1,0,6
0.30470824241638184,0.0006210490828379989,0.013996540568768978,-9.196504834108055e-05,0.3217426538467407,0.00017558346735313535,0.11248471587896347,0.01215010229498148,9.672406304161996e-05,1.3512261602954823e-06,-7.187182927737013e-05,3.6445556316801186e-13,0.6840238571166992,-3.959396781283431e-05,-0.014180295169353485,2.662390579644125e-05,0,0,0,0,0,1,0,0,1,0,7
0.3174659013748169,0.0017218174180015922,0.013590363785624504,0.0002825419360306114,0.3335111737251282,0.000269269454292953,0.11059796810150146,0.011460104957222939,9.123113704845309e-05,1.274466853828926e-06,-6.778901297366247e-05,1.8219143370617336e-13,0.6698414087295532,-1.2959860214323271e-05,-0.014183801598846912,2.6642175726010464e-05,0,0,0,0,0,0,1,0,1,0,12
0.33041912317276,0.0023575255181640387,0.012546427547931671,0.0009965472854673862,0.34751182794570923,0.0034443566109985113,0.1516859531402588,0.014191119000315666,0.0034908740781247616,1.777039869921282e-05,-5.252043411019258e-05,2.78401535069861e-06,0.655656099319458,2.158003371732775e-05,-0.014185905456542969,4.9197598855243996e-05,0,0,0,0,0,0,1,0,1,0,12
0.3427165746688843,0.004283961374312639,0.011958795599639416,0.0026486278511583805,0.3615318238735199,0.006887415889650583,0.11557439714670181,0.0136186508461833,0.003313555847853422,3.8826405216241255e-05,-7.324223406612873e-05,4.694426934293006e-06,0.6414688229560852,9.14497795747593e-05,-0.014188009314239025,8.678421727381647e-05,0,0,0,0,0,0,1,0,1,0,12
0.3544924557209015,0.006948055699467659,0.011871492490172386,0.002679649507626891,0.3748183846473694,0.010117053985595703,0.11126097291707993,0.013032407499849796,0.0031676949001848698,4.425676888786256e-05,-7.70985716371797e-05,1.1665756034784369e-11,0.627281129360199,0.00021733074390795082,-0.014185204170644283,0.00024718636996112764,0,0,0,0,0,0,1,0,1,0,3
0.3666295111179352,0.009656688198447227,0.012340265326201916,0.002720859367400408,0.3874628245830536,0.013190435245633125,0.10614841431379318,0.012341315858066082,0.0029997166711837053,4.190849722363055e-05,-7.30076790205203e-05,1.1663249359361583e-11,0.6131240129470825,0.000822486006654799,-0.014123495668172836,0.000897621619515121,0,0,1,0,0,0,0,0,1,0,18
0.3791818618774414,0.012377346865832806,0.012711566872894764,0.0027173017151653767,0.3994266390800476,0.016098393127322197,0.1131739467382431,0.011659332551062107,0.0028339512646198273,3.958994057029486e-05,-6.896860577398911e-05,-1.1660910084754228e-11,0.5990669131278992,0.0020759175531566143,-0.013992365449666977,0.0015436426037922502,0,0,1,0,0,0,0,0,1,0,12
0.39203107357025146,0.015136787667870522,0.0129482327029109,0.002796926535665989,0.41072186827659607,0.018843846395611763,0.11168885976076126,0.011002201586961746,0.0026742275804281235,3.735828795470297e-05,-6.508087972179055e-05,-5.82939165688634e-12,0.5851508378982544,0.003884120611473918,-0.013859131373465061,0.001988567179068923,0,0,1,0,0,0,0,0,1,0,5
0.4050752818584442,0.017978044226765633,0.013114774599671364,0.002875111298635602,0.421377569437027,0.02143385261297226,0.10877041518688202,0.010377810336649418,0.002522460650652647,3.5239059798186645e-05,-6.138905882835388e-05,-5.828440594740636e-12,0.5713698863983154,0.006088744383305311,-0.013712924905121326,0.00238077063113451,0,0,0,0,1,0,0,0,1,0,5
0.4176384210586548,0.02125350572168827,0.012305868789553642,0.0026615276001393795,0.43142950534820557,0.023877114057540894,0.11124721169471741,0.009791306219995022,0.002379903569817543,3.32467898260802e-05,-5.791837247670628e-05,2.913798109044352e-12,0.5577595233917236,0.00870300829410553,-0.013501153327524662,0.0028477830346673727,0,0,0,0,1,0,0,0,1,0,0
0.42871272563934326,0.02387547492980957,0.010187135078012943,0.0017652956303209066,0.4522135257720947,0.025666693225502968,0.15444861352443695,0.06547128409147263,-0.00034743192372843623,2.422398938506376e-05,-8.949984476203099e-06,0.0013446133816614747,0.5444290637969971,0.01186841819435358,-0.013182093389332294,0.003423231653869152,0,0,0,0,1,0,0,0,1,0,18
0.4373951554298401,0.025269849225878716,0.008340793661773205,0.0013778083957731724,0.515824019908905,0.02508309669792652,0.29321596026420593,0.06213778629899025,-0.000774664687924087,2.422398938506376e-05,-8.949984476203099e-06,0.0013446133816614747,0.5314497351646423,0.015601214952766895,-0.012804830446839333,0.003983643837273121,0,0,0,0,1,0,0,0,1,0,3
0.4448026120662689,0.02649378590285778,0.007039308547973633,0.0008654366247355938,0.5762730836868286,0.02408074215054512,0.3091011643409729,0.05910922586917877,-0.001186099136248231,2.422398938506376e-05,-8.949984476203099e-06,0.0013446133816614747,0.5202590823173523,0.019043173640966415,-0.009597049094736576,0.002898682141676545,0,0,1,0,0,0,0,0,1,0,13
0.4514535665512085,0.02713237702846527,0.006116137839853764,0.0005872055771760643,0.6338388919830322,0.02267664484679699,0.2091907262802124,0.05633856728672981,-0.0015796817606315017,2.422398938506376e-05,-8.949984476203099e-06,0.0013446133816614747,0.5133295059204102,0.021097073331475258,-0.00455204164609313,0.0013277719262987375,0,0,1,0,0,0,0,0,1,0,10
0.45781123638153076,0.02771224081516266,0.006918696686625481,0.0005487619782797992,0.686188817024231,0.021055446937680244,0.15122096240520477,0.047487642616033554,-0.0015231885481625795,2.0168907212791964e-05,-3.31492701661773e-05,0.0012130464892834425,0.5119630098342896,0.021515317261219025,0.001395449973642826,-0.00014734324940945953,0,0,1,0,0,0,0,0,1,0,4
0.46556296944618225,0.028100570663809776,0.008401099592447281,0.00021785640274174511,0.7326772212982178,0.019396096467971802,0.14358681440353394,0.04568111523985863,-0.0017695699352771044,2.0168907212791964e-05,-3.31492701661773e-05,0.0012130464892834425,0.5151569843292236,0.02147870883345604,0.003950034733861685,6.525139906443655e-05,0,0,0,1,0,0,0,0,1,0,13
0.47460439801216125,0.02801729366183281,0.009324971586465836,-0.0002789440331980586,0.7745040059089661,0.017717434093356133,0.12829336524009705,0.03886594995856285,-0.0015909825451672077,1.31017677631462e-05,-6.678434874629602e-05,0.0009970212122425437,0.5199552774429321,0.02151375822722912,0.0054836273193359375,-4.2564559407765046e-05,0,0,0,1,0,0,0,0,1,0,18
0.4841577410697937,0.02771829254925251,0.009968350641429424,-0.0003209524729754776,0.8102463483810425,0.016238585114479065,0.10641463100910187,0.03322030231356621,-0.0013723518932238221,2.668889692358789e-06,-0.00011036048090318218,0.0006719297962263227,0.5262683033943176,0.021457117050886154,0.006970588117837906,-7.059870404191315e-05,0,0,0,1,0,0,0,0,1,0,4
0.4946821630001068,0.02737252041697502,0.010927107185125351,-0.0003713062033057213,0.841130793094635,0.01497714314609766,0.10967417806386948,0.029362469911575317,-0.001193927600979805,-1.6693313227733597e-05,-0.00017370891873724759,5.882687566238776e-12,0.5339849591255188,0.021365711465477943,0.008301174268126488,-0.0001096269188565202,0,0,0,1,0,0,0,0,1,0,3
0.5061289072036743,0.02699500322341919,0.01177593320608139,-0.0003998108149971813,0.8690105676651001,0.013843495398759842,0.10942782461643219,0.026732545346021652,-0.0010869988473132253,-1.5184377843979746e-05,-0.00015812242054380476,-2.3487984127101846e-11,0.5429233908653259,0.02123190090060234,0.009422091767191887,-0.000152376844198443,0,0,1,0,0,0,0,0,1,0,6
0.5183034539222717,0.026584304869174957,0.01241915114223957,-0.00043728348100557923,0.8944817185401917,0.012807786464691162,0.10956934094429016,0.02449030987918377,-0.000995825044810772,-1.3910925190430135e-05,-0.0001448613329557702,2.9318565804292707e-12,0.5528718829154968,0.02105962298810482,0.010354729369282722,-0.00019037837046198547,0,0,0,0,0,1,0,0,1,0,17
0.5310157537460327,0.02618805691599846,0.012899486348032951,-0.00012307791621424258,0.9178841710090637,0.011856197379529476,0.10967394709587097,0.02255287952721119,-0.0009170455159619451,-1.2810545740649104e-05,-0.00013340250006876886,0.0,0.56375652551651,0.02084052935242653,0.011300728656351566,-0.0002403913385933265,0,0,0,0,0,1,0,0,1,1,2
0.5428639650344849,0.027213091030716896,0.010753188282251358,0.0021303039975464344,0.9394875764846802,0.010977757163345814,0.10975053906440735,0.020859451964497566,-0.000848187308292836,-1.1848709618789144e-05,-0.0001233864459209144,-5.851871071049786e-12,0.5753921866416931,0.020721109583973885,0.011867726221680641,-0.0001623081334400922,0,1,0,0,0,0,0,0,1,1,11
0.5526132583618164,0.030801458284258842,0.008959867060184479,0.004684141371399164,0.9595099687576294,0.010163608938455582,0.10980742424726486,0.019364269450306892,-0.0007873899885453284,-1.0999460755556356e-05,-0.00011454280320322141,2.9237775395207777e-12,0.5876015424728394,0.020454535260796547,0.012453163042664528,-0.00030191606492735445,0,1,0,0,0,0,0,0,1,1,13
0.560762882232666,0.03504415601491928,0.006627681665122509,0.0035231600049883127,0.9781293272972107,0.009406505152583122,0.10985024273395538,0.018032295629382133,-0.0007332293316721916,-1.0242901225865353e-05,-0.0001066643962985836,2.9219925090639975e-12,0.6002944111824036,0.020139135420322418,0.012873200699687004,-0.00032602885039523244,0,1,0,0,0,0,0,0,1,1,18
0.565097451210022,0.037249527871608734,0.0021441555581986904,0.001076088403351605,0.9954936504364014,0.00870043970644474,0.10988285392522812,0.016836250200867653,-0.0006845957250334322,-9.563542334944941e-06,-9.958989539882168e-05,2.9204993458320505e-12,0.6133511662483215,0.019797930493950844,0.013194364495575428,-0.00035327873774804175,0,1,0,0,0,0,0,0,1,0,0
0.5667204260826111,0.037384070456027985,0.003093407489359379,-0.00013070201384834945,1.0117262601852417,0.008040388114750385,0.10990796238183975,0.01575455255806446,-0.0006406116881407797,-8.949125913204625e-06,-9.319166565546766e-05,-4.3788570859570886e-12,0.6266852617263794,0.019432151690125465,0.013438393361866474,-0.000373384595150128,0,1,0,0,0,0,0,0,1,0,6
