lt_dp_posx,lt_dp_posy,lt_dp_velx,lt_dp_vely,ball_posx,ball_posy,ball_posz,ball_vel_x,ball_vel_y,ball_rot_x,ball_rot_y,ball_rot_z,rt_gk_posx,rt_gk_posy,rt_gk_velx,rt_gk_vely,action_left,action_top_left,action_top,action_top_right,action_right,action_bottom_right,action_bottom,action_bottom_left,action_sprint,action_dribble,sel_action
-1.0110293626785278,-0.0,0.0,-0.0,0.019999999552965164,-0.0,0.11061639338731766,-0.0,0.0,0.0,-0.0,0.0,1.0110293626785278,0.0,-0.0,0.0,0,0,0,0,0,0,0,0,0,0,5
0.0,-0.0,0.0,-0.0,0.019999999552965164,-0.0,0.11059734225273132,-0.0,0.0,0.0,-0.0,0.0,1.0110293626785278,0.0,-0.0,0.0,0,0,0,0,1,0,0,0,0,0,5
0.00015050964429974556,2.3460271919573117e-11,0.0013189289020374417,1.1476692859946347e-11,0.019999999552965164,-0.0,0.10930104553699493,-0.0,0.0,0.0,-0.0,0.0,1.0109632015228271,-5.533358059944815e-12,-0.0006619621999561787,-5.533357799736294e-11,0,0,0,0,1,0,0,0,0,0,5
0.003169773379340768,-1.4493864441966764e-10,0.00444171903654933,-1.5154891230828582e-10,0.019999999552965164,-0.0,0.11075475811958313,-0.0,0.0,0.0,-0.0,0.0,1.007768154144287,-2.1731465238428171e-10,-0.004207386635243893,-2.3128930715099472e-10,0,0,0,0,1,0,0,0,0,0,13
0.006755396723747253,-1.957444650813045e-09,0.006048675626516342,-3.87537057999765e-10,0.019999999552965164,-0.0,0.11053141206502914,0.00913205649703741,-6.147181652593758e-10,-9.637430827338922e-13,-9.290210982726421e-06,-1.3573547125687868e-13,1.0026906728744507,-3.971626638676895e-10,-0.005775339435786009,-1.1847492431549256e-10,0,0,0,0,1,0,0,0,1,0,18
0.013472573831677437,-2.375027507994787e-09,0.0075225005857646465,-1.680195566011733e-10,0.02855907380580902,-5.773715394674639e-10,0.11543484032154083,0.008211899548768997,-5.546685333257528e-10,2.7993885421545572e-12,1.5690209693275392e-05,-3.075214995845732e-12,0.9961044192314148,-1.0195009420010948e-10,-0.007231095340102911,6.244089689744214e-10,0,0,0,0,1,0,0,0,1,0,16
0.021728597581386566,-2.5135953318766724e-09,0.008830077946186066,-1.81885340122534e-10,0.036379411816596985,-1.1061840332615702e-09,0.11138299852609634,0.007620302028954029,-5.153768523058488e-10,7.19994723563655e-12,4.507770063355565e-05,0.0,0.9881436228752136,3.7988845402736615e-10,-0.008531177416443825,3.439978857322501e-10,0,0,0,0,1,0,0,0,1,0,16
0.030881790444254875,-2.922456943110774e-09,0.009742077440023422,-2.5578592022235114e-10,0.04376407340168953,-1.6056237450712274e-09,0.11308421939611435,0.007194009609520435,-4.865457481351143e-10,6.796908955802872e-12,4.255434760125354e-05,0.0,0.9790472984313965,6.108829553319595e-10,-0.009335489943623543,9.477326701201605e-10,0,0,0,0,1,0,0,0,1,0,18
0.03869873657822609,-4.3936441151970484e-09,0.009488419629633427,-1.4568914130652644e-10,0.05072854459285736,-2.0766453001641594e-09,0.111333929002285,0.006776058580726385,-4.582789148166455e-10,6.401970099878529e-12,4.008169344160706e-05,6.942791578953578e-19,0.9695028066635132,1.3738821191822126e-09,-0.009924523532390594,6.43103181818816e-10,0,0,0,0,1,0,0,0,1,0,16
0.04813002794981003,-4.973140121933284e-09,0.010424151085317135,-8.550311153543433e-11,0.06252732127904892,1.980778506549541e-05,0.14545723795890808,0.013862470164895058,2.7951717129326425e-05,2.8575809096764715e-07,7.840256330382545e-06,3.5737642178901297e-07,0.9590960144996643,1.8119131750538031e-09,-0.010777922347187996,2.6458027435616316e-10,0,0,0,0,1,0,0,0,1,0,18
0.05878075584769249,2.2622389224125072e-06,0.010675542056560516,5.668308858730597e-06,0.07626029849052429,4.7447425458813086e-05,0.11189621686935425,0.013442620635032654,2.6799771148944274e-05,2.3780512492521666e-07,1.3059423508821055e-05,4.052058670822589e-07,0.9481951594352722,3.1433293656846217e-07,-0.01080527063459158,7.777639439154882e-07,0,0,0,0,1,0,0,0,1,0,0
0.06991150975227356,1.1484563401609194e-05,0.011478189378976822,1.2574428183143027e-05,0.0888451412320137,7.155003549996763e-05,0.12182088941335678,0.0122311906889081,2.3126820451579988e-05,-1.318102818004263e-07,5.257704833638854e-05,3.361167273396859e-07,0.9369930624961853,1.7040053990058368e-06,-0.011505099013447762,1.8806748585120658e-06,0,0,0,0,1,0,0,0,1,0,5
0.08176156133413315,2.7965594199486077e-05,0.01214584894478321,1.8356662621954456e-05,0.10066431760787964,9.372463682666421e-05,0.11328858882188797,0.01153589691966772,2.1608733732136898e-05,-3.0188436994649237e-07,6.824140291428193e-05,9.109768196952431e-14,0.9251608848571777,4.13937914345297e-06,-0.012094132602214813,2.7046403374697547e-06,0,0,0,0,1,0,0,0,1,0,18
0.09422973543405533,4.844388604396954e-05,0.012709463015198708,2.275824772368651e-05,0.11184936761856079,0.00011467617878224701,0.11222801357507706,0.010902130044996738,2.0421579392859712e-05,-2.852877685199928e-07,6.448969361372292e-05,4.5540902591980487e-14,0.9127786755561829,7.0959481490717735e-06,-0.012599019333720207,3.1997085443435935e-06,0,0,0,0,1,0,0,0,1,0,0
0.10718514025211334,7.4634728662204e-05,0.013138792477548122,2.9030972655164078e-05,0.12241337448358536,0.00013446439697872847,0.11061704903841019,0.010290587320923805,1.9276052626082674e-05,-2.6928015017801954e-07,6.087116707931273e-05,0.0,0.899957001209259,1.0606074283714406e-05,-0.012988903559744358,3.7579450236080447e-06,0,0,0,0,1,0,0,0,1,0,13
0.12041448801755905,-0.0015572878764942288,0.013238980434834957,1.9075911040999927e-05,0.1323803961277008,0.00015313435869757086,0.11057812720537186,0.00970765296369791,1.8184113287134096e-05,-2.5402917458450247e-07,5.742365829064511e-05,0.0,0.8867981433868408,1.4590933460567612e-05,-0.013286225497722626,4.2078013393620495e-06,0,0,0,0,1,0,0,0,1,0,5
0.13365352153778076,-0.0022489482071250677,0.013239067979156971,7.15291389496997e-06,0.14618335664272308,-2.3735496142762713e-05,0.15490058064460754,0.015498308464884758,-0.0002584803442005068,-6.146940023654679e-08,1.0350106094847433e-05,-7.976349252203363e-07,0.8733821511268616,1.910219907585997e-05,-0.01351272314786911,4.750302196043776e-06,0,0,0,0,1,0,0,0,1,0,5
0.14694152772426605,-0.002239745343104005,0.013399124145507812,2.953495641122572e-05,0.16157445311546326,-0.00028042044141329825,0.1334289014339447,0.015303518623113632,-0.0002552282530814409,-6.146940023654679e-08,1.0350106094847433e-05,-7.976349252203363e-07,0.8597712516784668,2.121462966897525e-05,-0.013683823868632317,-5.5672426242381334e-06,0,0,0,0,1,0,0,0,1,0,18
0.16048797965049744,-0.002138615818694234,0.013655073940753937,0.00016761846200097352,0.17598877847194672,-0.0005194549448788166,0.1294790357351303,0.013877257704734802,-0.0002293538418598473,1.575376586515631e-06,4.642819840228185e-05,-1.8863893274101429e-06,0.8460135459899902,9.847552746578003e-07,-0.01381285022944212,-3.1808900530450046e-05,0,0,0,0,1,0,0,0,1,0,16
0.1742507666349411,-0.0018932271050289273,0.013842477463185787,0.0002950109192170203,0.1893971711397171,-0.0007406179211102426,0.11955047398805618,0.013011065311729908,-0.00021434167865663767,2.9943334993731696e-06,7.696470856899396e-05,0.0,0.8321458697319031,-4.428792090038769e-05,-0.013908217661082745,-5.4207681387197226e-05,0,0,0,0,1,0,0,0,1,0,13
0.18817661702632904,-0.0016261015553027391,0.013987807556986809,0.00023852908634580672,0.20204278826713562,-0.0009489389485679567,0.11305272579193115,0.0123354597017169,-0.00020321195188444108,2.8389185899868608e-06,7.296999683603644e-05,-3.6447586485369166e-13,0.8181960582733154,-9.803540160646662e-05,-0.013980444520711899,-5.335804235073738e-05,0,0,0,0,1,0,0,0,1,0,13
0.20222631096839905,-0.0014224725309759378,0.014095447026193142,0.0001758158759912476,0.21399495005607605,-0.0011458364315330982,0.11263197660446167,0.011644318699836731,-0.00019182628602720797,2.6797520149557386e-06,6.88788277329877e-05,0.0,0.8041842579841614,-0.00015088847430888563,-0.014035141095519066,-5.242967381491326e-05,0,0,0,0,1,0,0,0,1,0,16
0.21631461381912231,-0.0012832327047362924,0.014121787622570992,0.00011329163680784404,0.22527851164340973,-0.0013317198026925325,0.10997515171766281,0.010991089046001434,-0.00018106513016391546,2.5294766601291485e-06,6.50162182864733e-05,3.643358943532238e-13,0.7901260852813721,-0.00020336367015261203,-0.014075110666453838,-5.290513945510611e-05,0,0,0,0,1,0,0,0,1,0,16
0.2303355634212494,-0.0012068914948031306,0.013827050104737282,4.929860369884409e-05,0.23866933584213257,-0.0014097949024289846,0.14891332387924194,0.015875935554504395,2.139749631169252e-05,8.98818484529329e-07,1.2283048818062525e-05,-9.630675776861608e-07,0.7760334014892578,-0.000256858766078949,-0.014105264097452164,-5.39734865014907e-05,0,0,0,0,1,0,0,0,1,0,5
0.24380238354206085,-0.0007223005522973835,0.013312505558133125,5.2185432650730945e-06,0.25443336367607117,-0.0013885481748729944,0.14991557598114014,0.015672583132982254,2.1144716811249964e-05,8.98818484529329e-07,1.2283048818062525e-05,-9.630675776861608e-07,0.7619151473045349,-0.00031064351787790656,-0.014127703383564949,-5.1196006097598e-05,0,0,0,0,1,0,0,0,1,0,0
0.2571147382259369,0.0010147127322852612,0.013312675058841705,2.8463357466534944e-06,0.26967301964759827,-0.0013447680976241827,0.13528913259506226,0.015916738659143448,0.0002661653852555901,4.0488751551492896e-07,-7.756295303806837e-07,1.802452374022323e-07,0.7477779984474182,-0.0003553939750418067,-0.01414453238248825,-3.947025106754154e-05,0,0,0,0,1,0,0,0,1,0,18
0.27042728662490845,0.001016254536807537,0.013312522321939468,4.7412785875167174e-07,0.28547656536102295,-0.0010805154452100396,0.17414537072181702,0.015711912885308266,0.0002627134963404387,4.0488751551492896e-07,-7.756295303806837e-07,1.802452374022323e-07,0.7336263060569763,-0.00038839716580696404,-0.014157154597342014,-2.7707514163921587e-05,0,0,0,0,1,0,0,0,1,0,13
0.28387242555618286,0.0009880263824015856,0.013567769899964333,-7.276347605511546e-05,0.30106449127197266,-0.0008198792929761112,0.11521957814693451,0.015382506884634495,0.0002570876677054912,3.1557920010527596e-07,1.2763357517542318e-06,3.595498867525748e-07,0.719464123249054,-0.00040087226079776883,-0.014166271314024925,1.5832483768463135e-06,0,0,0,0,1,0,0,0,1,0,18
0.29756221175193787,0.0008394189644604921,0.013779542408883572,-0.0002096269017783925,0.3153144121170044,-0.0005831037415191531,0.13555510342121124,0.013996833004057407,0.00023232428065966815,-9.924923460857826e-07,3.129063406959176e-05,1.908558260765858e-06,0.7052938938140869,-0.0003820939746219665,-0.014173283241689205,3.2851177820703015e-05,0,0,0,0,1,0,0,0,1,0,16
0.3114319145679474,0.0005826419219374657,0.01393801998347044,-0.0002551717043388635,0.3288481533527374,-0.00035887639387510717,0.12166450917720795,0.013023816049098969,0.000215336331166327,-2.623291493364377e-06,6.837336695753038e-05,7.766657290630974e-07,0.6911177635192871,-0.0003368379548192024,-0.014178192242980003,4.8128880735021085e-05,0,0,0,0,1,0,0,0,1,0,6
0.32512590289115906,0.000748240971006453,0.013893191702663898,-0.00021515393746085465,0.3415127992630005,-0.00014952105993870646,0.11578289419412613,0.01236000843346119,0.00020431532175280154,-2.854287458831095e-06,7.311404624488205e-05,-7.289570965081371e-13,0.6769371032714844,-0.00028911311528645456,-0.014181697741150856,4.739362339023501e-05,0,0,0,0,0,1,0,0,1,0,7
0.33804818987846375,0.0018876686226576567,0.013500723987817764,0.00016552131273783743,0.35349950194358826,4.8623525799484923e-05,0.1115843802690506,0.01477891206741333,0.0035128258168697357,8.69074028742034e-06,9.262132152798586e-06,1.032600448525045e-05,0.662753164768219,-0.00024186480732169002,-0.014185204170644283,4.9263620894635096e-05,0,0,0,0,0,0,1,0,1,0,12
0.35100752115249634,0.002410708460956812,0.012463681399822235,0.001044063363224268,0.3677975833415985,0.0034283900167793036,0.15605109930038452,0.014190609566867352,0.0033525952603667974,3.61997126674396e-06,1.6110474462038837e-05,1.7480060705565847e-05,0.648566722869873,-0.00017866016423795372,-0.01418730802834034,7.461152563337237e-05,0,0,0,0,0,0,1,0,1,0,3
0.36328646540641785,0.004346384201198816,0.01192864216864109,0.0025816296692937613,0.3818199932575226,0.006737987045198679,0.10035070776939392,0.013621392659842968,0.0031997961923480034,-1.9192093532183208e-06,2.351727380300872e-05,2.286588460265193e-05,0.6343788504600525,-9.010573558043689e-05,-0.01418871060013771,9.996254811994731e-05,0,0,1,0,0,0,0,0,1,0,12
0.3751225471496582,0.006904807407408953,0.011979131028056145,0.002579298336058855,0.39467746019363403,0.009719762951135635,0.12494634836912155,0.012613399885594845,0.002918323501944542,-2.458780181768816e-05,5.3560477681457996e-05,2.2445752620114945e-05,0.6201975345611572,0.0001915526227094233,-0.01416557002812624,0.0005445959977805614,0,0,1,0,0,0,0,0,1,0,18
0.38736504316329956,0.009501149877905846,0.012444047257304192,0.0025987625122070312,0.40686964988708496,0.012532435357570648,0.1146312803030014,0.011897892691195011,0.002742885611951351,-3.831963113043457e-05,7.038319745333865e-05,-5.830856630861803e-12,0.6060750484466553,0.001078579225577414,-0.014077214524149895,0.0011666173813864589,0,0,1,0,0,0,0,0,1,0,12
0.40001875162124634,0.012090283446013927,0.012807635590434074,0.002586021553725004,0.4184061884880066,0.015192018821835518,0.11210114508867264,0.011245314963161945,0.0025924420915544033,-3.621467112679966e-05,6.651695002801716e-05,-1.7489332898579235e-11,0.5920726656913757,0.002572757890447974,-0.013942577876150608,0.001722420915029943,0,0,1,0,0,0,0,0,1,0,12
0.41296082735061646,0.014716051518917084,0.013039743527770042,0.0026598928961902857,0.42930683493614197,0.017704986035823822,0.10899712890386581,0.010622164234519005,0.0024487837217748165,-3.42100283887703e-05,6.283494440140203e-05,-1.7486418563139594e-11,0.5782006978988647,0.004520352464169264,-0.013809344731271267,0.002131236717104912,0,0,1,0,0,0,0,0,1,0,14
0.4258178472518921,0.017650216817855835,0.012757517397403717,0.002616296987980604,0.4395962059497833,0.020077040418982506,0.11143915355205536,0.010021929629147053,0.0023104087449610233,-3.227590786991641e-05,5.928246901021339e-05,-2.913961173051094e-12,0.5644780993461609,0.006874431855976582,-0.013647359795868397,0.0025356928817927837,0,0,0,0,0,0,0,0,1,0,9
0.43750816583633423,0.02038504183292389,0.011347855441272259,0.0019419289892539382,0.4493052363395691,0.022315317764878273,0.10863298177719116,0.009457883425056934,0.002180376322939992,-3.045999983442016e-05,5.594711910816841e-05,0.0,0.550994873046875,0.009751057252287865,-0.013327598571777344,0.0031754018273204565,0,0,0,0,0,0,0,0,1,0,6
0.4469299018383026,0.02191348373889923,0.00835481844842434,0.0012645310489460826,0.5085278153419495,0.0239601768553257,0.32409828901290894,0.0634344220161438,0.001452060416340828,-1.9817862266791053e-05,2.9630158678628504e-05,0.0007842964259907603,0.5378856062889099,0.013284887187182903,-0.01291913166642189,0.0038240656722337008,0,0,0,0,0,1,0,0,1,0,16
0.4547192454338074,0.023128144443035126,0.0073944819159805775,0.0011787459952756763,0.57023686170578,0.025229796767234802,0.3900844156742096,0.0603346973657608,0.001121608424000442,-1.9817862266791053e-05,2.9630158678628504e-05,0.0007842964259907603,0.5255405902862549,0.01721830852329731,-0.011346270330250263,0.0036428419407457113,0,0,0,0,0,1,0,0,1,0,6
0.46169203519821167,0.023818233981728554,0.006643814034759998,0.0005494464421644807,0.6289739608764648,0.026173777878284454,0.2873261570930481,0.05746069550514221,0.0008000509114935994,-1.9817862266791053e-05,2.9630158678628504e-05,0.0007842964259907603,0.5162652730941772,0.02006770670413971,-0.007278428412973881,0.0021088779903948307,0,0,0,0,0,1,0,0,1,0,14
0.46789851784706116,0.024328850209712982,0.006453780457377434,0.0005158511339686811,0.6834105849266052,0.02682430110871792,0.14309412240982056,0.0473625510931015,0.0006073948461562395,-1.8725169866229407e-05,5.254473944660276e-05,0.0007159369415603578,0.5119649171829224,0.021256521344184875,-0.0017229248769581318,0.00046852388186380267,0,0,0,0,0,0,0,0,1,0,6
0.4752005934715271,0.02480808086693287,0.007970893755555153,0.00042153889080509543,0.7298223376274109,0.027324330061674118,0.19086375832557678,0.04563409462571144,0.0004119861696381122,-1.8725169866229407e-05,5.254473944660276e-05,0.0007159369415603578,0.5134428143501282,0.021491745486855507,0.0031934063881635666,0.0003574139846023172,0,0,0,0,0,1,0,0,1,0,4
0.4839009642601013,0.02510114200413227,0.009263264946639538,0.00017023789405357093,0.7735835909843445,0.027648931369185448,0.12864018976688385,0.03976156562566757,0.00031658491934649646,-1.6646594303892925e-05,7.872809510445222e-05,0.0006144532817415893,0.5175562500953674,0.021923521533608437,0.0048912763595581055,0.00038503651740029454,0,0,0,1,0,0,0,0,1,0,2
0.4931986629962921,0.02521808072924614,0.00962043646723032,0.00011144212476210669,0.8122040033340454,0.027903323993086815,0.09895604103803635,0.03708367049694061,0.00021273667516652495,-1.577954026288353e-05,8.778966002864763e-05,0.0005738888867199421,0.52372807264328,0.02211921103298664,0.006732921116054058,0.00018867595645133406,0,1,0,0,0,0,0,0,1,0,7
0.5033349394798279,0.025329681113362312,0.010608557611703873,0.0001076350235962309,0.8459757566452026,0.028134293854236603,0.11171625554561615,0.03182116150856018,0.0002269150281790644,-8.723472092242446e-06,0.0001481786312069744,0.00025188809377141297,0.531440258026123,0.022306587547063828,0.008113464340567589,0.00019557320047169924,0,0,0,0,0,0,1,0,1,0,16
0.5143508315086365,0.025436749681830406,0.011406175792217255,0.00010721079161157832,0.8759106397628784,0.028354352340102196,0.10919022560119629,0.028588153421878815,0.00021279910288285464,-2.9725897547905333e-06,0.00016909728583414108,7.349269847203854e-13,0.5404177904129028,0.022490236908197403,0.009463988244533539,0.00018149736570194364,0,0,0,0,0,0,1,0,1,0,5
0.5261253714561462,0.025546347722411156,0.012127567082643509,0.00010801913595059887,0.9030853509902954,0.02855663001537323,0.1094716489315033,0.02607918158173561,0.00019412323308642954,-2.7117328045278555e-06,0.00015425831952597946,1.467376350636207e-12,0.5503096580505371,0.022665683180093765,0.010096907615661621,0.0001852460263762623,0,0,0,0,1,0,0,0,1,0,5
0.5385347604751587,0.025654735043644905,0.012689363211393356,0.00010526785627007484,0.9279566407203674,0.028741763904690742,0.10960396379232407,0.023930951952934265,0.00017813262820709497,-2.4883840978873195e-06,0.00014155298413243145,-1.4654406160774514e-12,0.5610419511795044,0.022846562787890434,0.010931026190519333,0.00019001254986505955,0,0,0,0,1,0,0,0,1,0,3
0.5514184236526489,0.02576417848467827,0.013098823837935925,0.00010845126962522045,0.9508419632911682,0.02891211397945881,0.10969918966293335,0.022068075835704803,0.00016426607908215374,-2.294695150339976e-06,0.0001305349578615278,-7.319497655547402e-13,0.572613000869751,0.023027565330266953,0.011793137528002262,0.00019002282351721078,0,0,1,0,0,0,0,0,1,0,10
0.5646864771842957,0.025874193757772446,0.013430542312562466,0.00010841757466550916,0.9719946980476379,0.0290695708245039,0.10976920276880264,0.020434703677892685,0.00015210791025310755,-2.124866114172619e-06,0.00012087415234418586,-7.313264577257783e-13,0.5848445296287537,0.02321167290210724,0.012369429692626,0.0001933077146532014,0,0,1,0,0,0,0,0,1,0,1
0.5782333612442017,0.025985149666666985,0.013664857484400272,0.00011032667680410668,0.9916200637817383,0.029215652495622635,0.10982141643762589,0.018988551571965218,0.0001413433492416516,-1.9745009467442287e-06,0.00011232047836529091,7.3081531061156e-13,0.5975785255432129,0.02339565008878708,0.012889917939901352,0.00018814894428942353,1,0,0,0,0,0,0,0,1,0,0
0.591994047164917,0.026097195222973824,0.013853769749403,0.00011069993342971429,1.0098867416381836,0.029351623728871346,0.109860859811306,0.01769709587097168,0.00013173023762647063,-1.8402167825115612e-06,0.00010468170512467623,3.651954498355703e-13,0.6107217669487,0.02357759326696396,0.013215241953730583,0.0001906874094856903,1,0,0,0,0,0,0,0,1,0,0
