lt_dp_posx,lt_dp_posy,lt_dp_velx,lt_dp_vely,ball_posx,ball_posy,ball_posz,ball_vel_x,ball_vel_y,ball_rot_x,ball_rot_y,ball_rot_z,rt_gk_posx,rt_gk_posy,rt_gk_velx,rt_gk_vely,action_left,action_top_left,action_top,action_top_right,action_right,action_bottom_right,action_bottom,action_bottom_left,action_sprint,action_dribble,sel_action
-1.0110293626785278,-0.0,0.0,-0.0,0.019999999552965164,-0.0,0.11061639338731766,-0.0,0.0,0.0,-0.0,0.0,1.0110293626785278,0.0,-0.0,0.0,0,0,0,0,0,0,0,0,0,0,5
0.0011741208145394921,7.735240920014874e-11,0.0034112120047211647,2.5561334299206706e-11,0.019999999552965164,-0.0,0.11059734225273132,-0.0,0.0,0.0,-0.0,0.0,1.010831356048584,-1.6282879558571217e-11,-0.0013190157478675246,-1.0749609535842808e-10,0,0,0,0,1,0,0,0,0,0,5
0.004422922618687153,-8.490598224497603e-10,0.005096871871501207,-3.511485824336802e-10,0.019999999552965164,-0.0,0.10930104553699493,-0.0,0.0,0.0,-0.0,0.0,1.007331371307373,-2.398752863008724e-10,-0.004367968533188105,-2.2588120263122846e-10,0,0,0,0,1,0,0,0,0,0,13
0.009172579273581505,-2.248098374124652e-09,0.006656940560787916,-3.111293167545881e-10,0.02351834625005722,-2.3498894496931655e-10,0.1237609013915062,0.008640825748443604,-5.774550837500669e-10,8.578172894235792e-13,2.8631586701521883e-06,-2.160265672943029e-12,1.0020980834960938,-4.073052450870307e-10,-0.0059268055483698845,-1.0279029016846408e-10,0,0,0,0,1,0,0,0,1,0,13
0.016618236899375916,-2.3979764840476037e-09,0.008066108450293541,-6.756445403155453e-11,0.03173869848251343,-7.851597705332836e-10,0.11614876240491867,0.007883042097091675,-5.281650672372962e-10,7.136320180622935e-12,4.499864735407755e-05,-3.712325585825127e-13,0.9953674674034119,-4.0849237187279286e-11,-0.007369237951934338,6.080089209881123e-10,0,0,0,0,1,0,0,0,1,0,16
0.025379417464137077,-2.5590771723926764e-09,0.009301392361521721,-1.6886948783767508e-10,0.03938759118318558,-1.2976458796387647e-09,0.11215836554765701,0.007456739898771048,-4.996117408673229e-10,6.979599190271024e-12,4.410948167787865e-05,1.3887229247326137e-18,0.9872784614562988,4.111017914976145e-10,-0.008651789277791977,3.037145257511753e-10,0,0,0,0,1,0,0,0,1,0,5
0.034123267978429794,-3.4658411696142366e-09,0.00938898604363203,-2.1288948381936734e-10,0.04660476744174957,-1.781206515616418e-09,0.10997506976127625,0.007023810409009457,-4.706049439029414e-10,6.574312275131611e-12,4.154816269874573e-05,-6.9430821261437375e-19,0.9781137704849243,7.033605919914976e-10,-0.009335489943623543,9.055514671452158e-10,0,0,0,0,1,0,0,0,1,0,13
0.04200782999396324,-4.873198733434947e-09,0.009879701770842075,-1.2068802901499254e-10,0.05416184291243553,2.9176910629757913e-06,0.11805255711078644,0.014280873350799084,2.919882899732329e-05,3.387698939150141e-07,1.9754040749830892e-06,2.8654977768383105e-07,0.968501091003418,1.4353923605270325e-09,-0.010017086751759052,6.020642873139082e-10,0,0,0,0,1,0,0,0,1,0,0
0.052374325692653656,7.600381479733187e-08,0.010675586760044098,8.096020565062645e-07,0.06805383414030075,3.095910506090149e-05,0.14388057589530945,0.013800008222460747,2.78262778010685e-05,2.8579501076819724e-07,7.81202379585011e-06,3.571963418380619e-07,0.9580104947090149,1.8340136076488989e-09,-0.010855057276785374,2.2450941106200162e-10,0,0,0,0,1,0,0,0,1,0,16
0.0631360337138176,5.079401944385609e-06,0.011016691103577614,8.292555321531836e-06,0.08140779286623001,5.743060683016665e-05,0.12316214293241501,0.012638581916689873,2.420726559648756e-05,-2.3475928756511166e-08,4.119111326872371e-05,4.415138903368643e-07,0.9471069574356079,3.82207019811176e-07,-0.010882405564188957,8.185622277778748e-07,0,0,0,0,1,0,0,0,1,0,0
0.07457146793603897,1.738605715218e-05,0.011754298582673073,1.580894968356006e-05,0.09365328401327133,8.060479012783617e-05,0.11358226090669632,0.011888263747096062,2.227019467682112e-05,-3.127945547021227e-07,7.048631960060447e-05,-9.110760241940255e-14,0.9358362555503845,1.8201549210061785e-06,-0.01156821008771658,1.9234080355090555e-06,0,0,0,0,1,0,0,0,1,0,16
0.08668049424886703,3.562166239134967e-05,0.012389439158141613,1.9674327631946653e-05,0.10521049052476883,0.00010225542064290494,0.11358392238616943,0.011278527788817883,2.1128564185346477e-05,-2.95163374630647e-07,6.671601295238361e-05,-9.109112254638077e-14,0.9239458441734314,4.219241873215651e-06,-0.012150231748819351,2.6337402232456952e-06,0,0,0,0,1,0,0,0,1,0,18
0.09935958683490753,5.8172412536805496e-05,0.012895552441477776,2.5244913558708504e-05,0.11614431440830231,0.00012273821630515158,0.11179264634847641,0.010653635486960411,1.9957918993895873e-05,-2.7880747666131356e-07,6.301909888861701e-05,0.0,0.911514401435852,7.162427664297866e-06,-0.012642495334148407,3.2338255095964996e-06,0,0,0,0,1,0,0,0,1,0,5
0.11246998608112335,-0.00041433333535678685,0.013238980434834957,2.6232888558297418e-05,0.12646575272083282,0.00014207376807462424,0.11068522185087204,0.010052826255559921,1.883240111055784e-05,-2.6308561018595356e-07,5.946546298218891e-05,0.0,0.8986548185348511,1.0758123607956804e-05,-0.013021862134337425,3.885932528646663e-06,0,0,0,0,1,0,0,0,1,0,16
0.12570899724960327,-0.0022550132125616074,0.013238980434834957,1.4309534890344366e-05,0.13684134185314178,0.00013202668924350291,0.1198347881436348,0.015870558097958565,-0.00026511034229770303,-2.4892960936995223e-07,6.190531166794244e-06,-4.6713086021554773e-07,0.8854668736457825,1.4459092199103907e-05,-0.013312171213328838,3.462993845460005e-06,0,0,0,0,1,0,0,0,1,0,16
0.13894805312156677,-0.0022472627460956573,0.013239067979156971,2.384898834861815e-06,0.15235882997512817,-0.00012678543862421066,0.15824943780899048,0.01542055793106556,-0.0002571671502664685,-6.148716380494079e-08,1.03487554952153e-05,-7.976235565365641e-07,0.8720289468765259,1.759327460604254e-05,-0.013532358221709728,2.871350488931057e-06,0,0,0,0,1,0,0,0,1,0,13
0.1523285061120987,-0.002216427819803357,0.013511145487427711,7.768745126668364e-05,0.16754749417304993,-0.0003798691323027015,0.11589499562978745,0.014445397071540356,-0.00023942781263031065,1.0323091146346997e-06,3.448934148764238e-05,-1.8853313576983055e-06,0.8584014177322388,1.621046794753056e-05,-0.013698549941182137,-1.0252221727569122e-05,0,0,0,0,1,0,0,0,1,0,13
0.16596972942352295,-0.002056879922747612,0.013737117871642113,0.0002258844906464219,0.18146640062332153,-0.0006099596503190696,0.11777903139591217,0.013579584658145905,-0.00022412821999751031,1.8981190805789083e-06,5.347800106392242e-05,-1.7050655287675909e-06,0.8446311950683594,-8.23120899440255e-06,-0.013823368586599827,-3.558578100637533e-05,0,0,0,0,1,0,0,0,1,0,0
0.17980265617370605,-0.001779136247932911,0.013905588537454605,0.00027752164169214666,0.194536030292511,-0.0008253127452917397,0.11214467138051987,0.012757774442434311,-0.00021016367827542126,2.9361351607803954e-06,7.547071436420083e-05,3.6452316317346634e-13,0.8307540416717529,-5.6400236644549295e-05,-0.013917334377765656,-5.474806312122382e-05,0,0,0,0,1,0,0,0,1,0,18
0.19378255307674408,-0.0015371241606771946,0.014034789986908436,0.00021278181520756334,0.20690259337425232,-0.0010290318168699741,0.11327112466096878,0.01205158606171608,-0.00019853038247674704,2.773394953692332e-06,7.128762808861211e-05,3.644448837766129e-13,0.8167966604232788,-0.00011036906653316692,-0.013986756093800068,-5.331688225851394e-05,0,0,0,0,1,0,0,0,1,0,5
0.20786720514297485,-0.0013585687847808003,0.014121775515377522,0.00015106430510059,0.21858397126197815,-0.0012214635498821735,0.11138110607862473,0.011379918083548546,-0.00018746576097328216,2.618803819132154e-06,6.73140020808205e-05,3.6437468168594445e-13,0.8027791976928711,-0.00016285919991787523,-0.01404004916548729,-5.180314838071354e-05,0,0,0,0,1,0,0,0,1,0,13
0.22194206714630127,-0.0012456751428544521,0.014121596701443195,8.811557927401736e-05,0.2296079397201538,-0.001403065980412066,0.11085900664329529,0.010735458694398403,-0.00017684942577034235,2.470520030328771e-06,6.350246985675767e-05,7.286222948772736e-13,0.7887169718742371,-0.0002149516367353499,-0.014079318381845951,-5.278794196783565e-05,0,0,0,0,1,0,0,0,1,0,18
0.23579001426696777,-0.0011935691582038999,0.013533059507608414,2.4125265554175712e-05,0.24499648809432983,-0.001401251764036715,0.161333829164505,0.015794480219483376,2.1269004719215445e-05,8.98811151728296e-07,1.228343626280548e-05,-9.631065722714993e-07,0.7746214270591736,-0.00026861781952902675,-0.014108069241046906,-5.438077278085984e-05,0,0,0,0,1,0,0,0,1,0,18
0.24912448227405548,-1.0798618859553244e-05,0.01331253070384264,4.269574674253818e-06,0.2606728971004486,-0.0013801298337057233,0.12239395827054977,0.015528498217463493,2.0794212105101906e-05,8.826061730360379e-07,1.336816876573721e-05,-9.210077109855774e-07,0.7605010867118835,-0.00032235615071840584,-0.01412910595536232,-4.9921785830520093e-05,0,0,0,0,1,0,0,0,1,0,0
0.2624369263648987,0.001015615533106029,0.013312522321939468,1.8982938172484864e-06,0.27601611614227295,-0.0012386535527184606,0.16264554858207703,0.015834003686904907,0.0002647642104420811,4.049070696510171e-07,-7.755405704301666e-07,1.8019264302893134e-07,0.7463622093200684,-0.0003648362180683762,-0.014145934954285622,-3.6384633858688176e-05,0,0,0,0,1,0,0,0,1,0,16
0.2757681608200073,0.0010143655817955732,0.01340525969862938,-1.1444127267168369e-05,0.291738361120224,-0.000975765404291451,0.16224001348018646,0.015631595626473427,0.00026137562235817313,4.049070696510171e-07,-7.755405704301666e-07,1.8019264302893134e-07,0.7322092652320862,-0.00039375663618557155,-0.014158557169139385,-2.280849003000185e-05,0,0,0,0,1,0,0,0,1,0,6
0.2893202304840088,0.0009451787918806076,0.013660508207976818,-0.00012819989933632314,0.30688297748565674,-0.000723015982657671,0.12772521376609802,0.014215442351996899,0.00023610646894667298,-8.709401413398155e-07,2.8506770831882022e-05,1.8575916556073935e-06,0.7180455327033997,-0.00039939762791618705,-0.014167673885822296,8.410867849306669e-06,0,0,0,0,0,1,0,0,1,0,6
0.3030884265899658,0.000742544827517122,0.013847561553120613,-0.000261671346379444,0.32086890935897827,-0.0004908895934931934,0.12039799988269806,0.013780029490590096,0.0002285571681568399,-1.1529825769684976e-06,3.4959008189616725e-05,1.9426845483394573e-06,0.7038742899894714,-0.0003738003724720329,-0.01417398452758789,3.966298027080484e-05,0,0,0,0,0,1,0,0,1,0,13
0.3170175850391388,0.00048678298480808735,0.01399061270058155,-0.00022998319764155895,0.3339919149875641,-0.0002737969043664634,0.11646071076393127,0.01277538575232029,0.00021118154108989984,-2.950475163743249e-06,7.55775545258075e-05,-3.6452525026264837e-13,0.6896975040435791,-0.00032403122168034315,-0.014178893528878689,5.06708565808367e-05,0,0,0,0,0,1,0,0,1,0,6
0.33032700419425964,0.0011492628837004304,0.013769307173788548,-2.535692829042091e-06,0.34638717770576477,-6.889894575579092e-05,0.11196405440568924,0.012087318114936352,0.00019980753131676465,-2.791179895211826e-06,7.14975394657813e-05,3.644487055892709e-13,0.6755164265632629,-0.0002747366961557418,-0.014183100312948227,4.8167647037189454e-05,0,0,0,0,0,1,0,0,1,0,12
0.343313992023468,0.0020512540359050035,0.013251515105366707,0.0001677610562182963,0.3592540919780731,0.0014105371665209532,0.1414707750082016,0.014295564033091068,0.003377904649823904,3.6201536204316653e-06,1.611020888958592e-05,1.747986789268907e-05,0.6613323092460632,-0.00022699020337313414,-0.014185204170644283,5.2044888434465975e-05,0,0,0,0,0,1,0,0,1,0,6
0.3559684753417969,0.00301060127094388,0.012411089614033699,0.0017083754064515233,0.3734533190727234,0.004765286576002836,0.1457274705171585,0.014120439067482948,0.003336042631417513,3.6201536204316653e-06,1.611020888958592e-05,1.747986789268907e-05,0.6471462845802307,-0.00015876619727350771,-0.01418730802834034,8.146220352500677e-05,0,0,0,0,0,1,0,0,1,0,12
0.3680117130279541,0.005369669757783413,0.011754386126995087,0.002543920651078224,0.38703393936157227,0.007950102910399437,0.12847749888896942,0.012907412834465504,0.002994310576468706,-1.965367300726939e-05,4.709641507361084e-05,2.5936087695299648e-05,0.6329588890075684,-6.112274422775954e-05,-0.01418730802834034,0.00011088309111073613,0,0,0,0,0,1,0,0,1,0,17
0.37996119260787964,0.00794141460210085,0.012176177464425564,0.0025966735556721687,0.39963972568511963,0.010866355150938034,0.11383721977472305,0.012260674498975277,0.0028264792636036873,-3.967566954088397e-05,7.276597170857713e-05,-5.831552688656538e-12,0.6187821626663208,0.00028893371927551925,-0.014156453311443329,0.0006356762605719268,0,0,0,0,0,1,0,0,1,1,12
0.39238008856773376,0.010539185255765915,0.012602525763213634,0.0025922530330717564,0.4115583300590515,0.013614018447697163,0.1145234927535057,0.011627142317593098,0.00268046697601676,-3.7444791814778e-05,6.877637497382239e-05,0.0,0.6046764850616455,0.0012801237171515822,-0.014053372666239738,0.001281363540329039,0,0,0,0,0,1,0,0,1,1,16
0.40516528487205505,0.013131649233400822,0.01291036605834961,0.0026141058187931776,0.42283886671066284,0.016214579343795776,0.11012726277112961,0.01099580992013216,0.002534921746701002,-3.541342812241055e-05,6.50453002890572e-05,5.829382115907222e-12,0.590705394744873,0.002892926335334778,-0.013908217661082745,0.0018373345956206322,0,0,0,0,0,1,0,0,1,1,5
0.4181925058364868,0.015787426382303238,0.013112671673297882,0.0026890821754932404,0.4334915280342102,0.01867038942873478,0.1092800721526146,0.010379001498222351,0.0023927262518554926,-3.3426615118514746e-05,6.139602919574827e-05,5.828441895783243e-12,0.5768764615058899,0.0049646226689219475,-0.013759557157754898,0.002262759255245328,0,0,0,0,1,0,0,0,1,1,6
0.43065521121025085,0.018854252994060516,0.012128796428442001,0.0023676990531384945,0.44354450702667236,0.020987944677472115,0.1111873909831047,0.009792421944439411,0.0022574986796826124,-3.1536805181531236e-05,5.792493175249547e-05,-8.741396495537401e-12,0.5632128715515137,0.007459051441401243,-0.013580392114818096,0.002683142898604274,0,0,0,0,0,1,0,0,1,1,0
0.4416506290435791,0.02115151658654213,0.009950820356607437,0.0015507617499679327,0.4694002568721771,0.02225743792951107,0.22465780377388,0.06354624032974243,-0.0009387804893776774,-1.0434382602397818e-05,4.851404810324311e-05,0.0008610697695985436,0.5498213768005371,0.010511470958590508,-0.013225219212472439,0.003351898631080985,0,0,0,0,0,1,0,0,1,1,6
0.4502468705177307,0.02241796813905239,0.008052587509155273,0.0012386073358356953,0.5312697887420654,0.021190648898482323,0.4528186321258545,0.060524195432662964,-0.001171018579043448,-1.0434382602397818e-05,4.851404810324311e-05,0.0008610697695985436,0.5368281602859497,0.014222144149243832,-0.012792208231985569,0.004000983200967312,0,0,0,0,0,1,0,0,1,1,11
0.4575752913951874,0.023478055372834206,0.0068994127213954926,0.0005705647636204958,0.5902061462402344,0.019894050434231758,0.4614284932613373,0.057657692581415176,-0.0013984082033857703,-1.0434382602397818e-05,4.851404810324311e-05,0.0008610697695985436,0.5247678160667419,0.018247103318572044,-0.010903092101216316,0.0036819700617343187,0,0,0,0,0,1,0,0,1,1,5
0.4641679525375366,0.0240232702344656,0.00613261666148901,0.0005072098574601114,0.6463453769683838,0.018373895436525345,0.2651888132095337,0.054913245141506195,-0.0016185370041057467,-1.0434382602397818e-05,4.851404810324311e-05,0.0008610697695985436,0.5161105394363403,0.021170606836676598,-0.006542486138641834,0.002209336031228304,0,0,0,0,1,0,0,0,1,1,0
0.47063523530960083,0.02452947571873665,0.007081733085215092,0.0004922088701277971,0.6960837244987488,0.016852201893925667,0.19869568943977356,0.045063313096761703,-0.0013875296572223306,-7.703787559876218e-06,6.876319093862548e-05,0.0007802003528922796,0.5125247836112976,0.022364864125847816,-0.0011370462598279119,0.0002758354530669749,0,0,0,0,1,0,0,0,1,1,5
0.47852954268455505,0.024925028905272484,0.008529074490070343,0.0002904371649492532,0.7402734756469727,0.015392990782856941,0.2143644541501999,0.04346500337123871,-0.0015171212144196033,-7.703787559876218e-06,6.876319093862548e-05,0.0007802003528922796,0.5145303010940552,0.022108057513833046,0.0037449246738106012,-0.00028643026598729193,0,0,0,0,1,0,0,0,1,1,5
0.487582266330719,0.02504098415374756,0.009246228262782097,2.380861042183824e-05,0.7817569375038147,0.013879511505365372,0.14038336277008057,0.038209278136491776,-0.0013916196767240763,-3.627123533078702e-06,9.241803491022438e-05,0.0006608164985664189,0.5194291472434998,0.021929189562797546,0.005538211669772863,-0.0002733652072492987,0,0,0,0,1,0,0,0,1,1,18
0.49712198972702026,0.02505488321185112,0.010034259408712387,1.557757605041843e-05,0.8192267417907715,0.012452827766537666,0.1028633862733841,0.03633153438568115,-0.0014255475252866745,-2.7104242690256797e-06,9.7147305496037e-05,0.0006333849160000682,0.526127278804779,0.02169145829975605,0.007213386241346598,-0.00024716791813261807,0,0,0,0,1,0,0,0,1,0,1
0.5076338052749634,0.025060858577489853,0.010951745323836803,5.792471711174585e-06,0.8524721264839172,0.0111722182482481,0.11559701710939407,0.031387027353048325,-0.0012039990397170186,9.776199476618785e-06,0.0001556529605295509,0.00023821706417948008,0.534290611743927,0.021456196904182434,0.00852943304926157,-0.00026344432262703776,1,0,0,0,0,0,0,0,1,0,9
0.5189536213874817,0.02503063715994358,0.011715930886566639,-7.325346814468503e-05,0.8821555376052856,0.010036167688667774,0.10890678316354752,0.028397412970662117,-0.0010858767200261354,1.5168853678915184e-05,0.0001679717970546335,0.0,0.543631374835968,0.021210849285125732,0.009608187712728977,-0.0002565502654761076,1,0,0,0,0,0,0,0,1,0,16
0.5309892892837524,0.024846229702234268,0.012358549982309341,-0.00028288218891248107,0.9091542959213257,0.00900377705693245,0.10947734117507935,0.025914136320352554,-0.0009909194195643067,1.3842298358213156e-05,0.00015328223526012152,2.9344432699723866e-12,0.5537189245223999,0.020938856527209282,0.010288446210324764,-0.0003032904351130128,1,0,0,0,0,0,0,0,1,0,16
0.5435762405395508,0.024457240477204323,0.012817997485399246,-0.0004350556991994381,0.9338722229003906,0.008058602921664715,0.10960977524518967,0.023786237463355064,-0.0009095514542423189,1.2705784683930688e-05,0.0001406971423421055,2.9306325161765345e-12,0.5646253824234009,0.02059912495315075,0.011081987991929054,-0.00035490133450366557,1,0,0,0,0,0,0,0,1,0,13
0.5566144585609436,0.023995403200387955,0.0132297333329916,-0.0004900587955489755,0.9566222429275513,0.007188674993813038,0.10970345139503479,0.0219398345798254,-0.0008389479480683804,1.1719592293957248e-05,0.00012977651203982532,0.0,0.5763555765151978,0.02021200582385063,0.011922000907361507,-0.0003937173751182854,1,0,0,0,0,0,0,0,1,0,18
0.570003092288971,0.023479154333472252,0.013520767912268639,-0.0005455780192278326,0.9776544570922852,0.006384438369423151,0.10977236181497574,0.020320015028119087,-0.0007770085940137506,1.085439907910768e-05,0.00012019576388411224,0.0,0.5886986255645752,0.019790424033999443,0.012465476989746094,-0.00042401583050377667,1,0,0,0,0,0,0,0,1,0,16
0.583636999130249,0.02293424867093563,0.01373487152159214,-0.0005567749030888081,0.9971714615821838,0.00563813466578722,0.1098237857222557,0.018885184079408646,-0.0007221429259516299,1.0088001545227598e-05,0.00011170912330271676,2.923120729844686e-12,0.6015220284461975,0.01933954656124115,0.012961308471858501,-0.0004539037181530148,1,0,0,0,0,0,0,0,1,0,15
0.5974610447883606,0.02237333543598652,0.013898126780986786,-0.0005714822909794748,1.0153400897979736,0.004943390842527151,0.10986266285181046,0.017603280022740364,-0.0006731247995048761,9.40327845455613e-06,0.0001041267896653153,0.0,0.6147246956825256,0.018868373706936836,0.013265331275761127,-0.0004659853002522141,1,0,0,0,0,0,0,0,0,0,16
