lt_dp_posx,lt_dp_posy,lt_dp_velx,lt_dp_vely,ball_posx,ball_posy,ball_posz,ball_vel_x,ball_vel_y,ball_rot_x,ball_rot_y,ball_rot_z,rt_gk_posx,rt_gk_posy,rt_gk_velx,rt_gk_vely,action_left,action_top_left,action_top,action_top_right,action_right,action_bottom_right,action_bottom,action_bottom_left,action_sprint,action_dribble,sel_action
-1.0110293626785278,-0.0,0.0,-0.0,0.019999999552965164,-0.0,0.11061639338731766,0.0,-0.0,0.0,-0.0,0.0,1.0110293626785278,0.0,-0.0,0.0,0,0,0,0,0,0,0,0,0,0,5
0.0,-0.0,0.0,-0.0,0.019999999552965164,-0.0,0.11059734225273132,0.0,-0.0,0.0,-0.0,0.0,1.0110293626785278,0.0,-0.0,0.0,0,0,0,0,1,0,0,0,0,0,5
0.00032308624940924346,5.012149029148816e-11,0.0019679905381053686,1.5585761847791701e-10,0.019999999552965164,-0.0,0.10930104553699493,0.0,-0.0,0.0,-0.0,0.0,1.010373830795288,-5.519753491084467e-12,-0.0026071772444993258,-2.123035081069702e-11,0,0,0,0,1,0,0,0,0,0,5
0.00346941570751369,-6.651652839639866e-11,0.004606739617884159,-1.0011581147439941e-10,0.019999999552965164,-0.0,0.11075475811958313,0.0,-0.0,0.0,-0.0,0.0,1.0064098834991455,-3.00978929279605e-11,-0.0046870289370417595,-2.241041033301805e-11,0,0,0,0,1,0,0,0,0,0,13
0.0072206053882837296,-1.5883747650491387e-09,0.006202893331646919,-3.5571864898109595e-10,0.020900558680295944,-4.999721470166918e-11,0.11566377431154251,0.009005608968436718,-4.999721747722674e-10,-1.3729235847151355e-12,-1.2968798728252295e-05,-5.856774483795069e-13,1.0008678436279297,-4.4611182803411253e-11,-0.006225530058145523,-5.997169774674127e-12,0,0,0,0,1,0,0,0,1,0,0
0.014238657429814339,-1.8248648148144753e-09,0.007660851813852787,-9.95643775758559e-11,0.02951611578464508,-5.276450387725617e-10,0.11027590185403824,0.008348003029823303,-4.624153560062183e-10,-4.771135309750152e-12,-3.732015466084704e-05,-1.223029815443366e-12,0.9938530325889587,4.55967930079737e-10,-0.007639211602509022,5.578491557578502e-10,0,0,0,0,1,0,0,0,1,0,16
0.02262367494404316,-1.9539567741588826e-09,0.008950777351856232,-1.8719571726055761e-10,0.03758316487073898,-9.743351681024137e-10,0.107444629073143,0.00787985511124134,-4.363154837427885e-10,-6.095439691183868e-12,-4.661308048525825e-05,0.0,0.9855127334594727,8.453936994889943e-10,-0.008886702358722687,2.3340734900401117e-10,0,0,0,0,1,0,0,0,1,0,16
0.03205844387412071,-2.2025756774013416e-09,0.009951052255928516,-2.721601000121865e-10,0.045222748070955276,-1.3973463497407579e-09,0.11318864673376083,0.007444428279995918,-4.1220543645081875e-10,-5.758455344506697e-12,-4.403610364533961e-05,-1.7358997268078575e-18,0.9762466549873352,1.2584115971492338e-09,-0.009335489943623543,8.223231540149811e-10,0,0,0,0,1,0,0,0,1,0,13
0.04024920240044594,-3.132879511369424e-09,0.009588802233338356,-1.5734924474486434e-10,0.052430372685194016,-1.7964403298265097e-09,0.11169138550758362,0.007014590781182051,-3.8840500260484134e-10,-5.4259240329923575e-12,-4.1493152821203694e-05,0.0,0.9664705991744995,1.9339847501242957e-09,-0.010197303257882595,5.365175526073074e-10,0,0,0,0,1,0,0,0,1,0,18
0.049514032900333405,-3.5913427787193086e-09,0.010337285697460175,-9.28635154884283e-11,0.06368239969015121,1.768489892128855e-05,0.1434321403503418,0.014048906974494457,2.9327509764698334e-05,3.8005308056199283e-07,-4.279286440578289e-05,-2.459872305848876e-08,0.9558171629905701,2.260996945224747e-09,-0.011003718711435795,1.5620381377257075e-10,0,0,0,0,1,0,0,0,1,0,13
0.060139648616313934,1.8403250123810722e-06,0.010675542056560516,5.268630502541782e-06,0.07761934399604797,4.679743142332882e-05,0.11461465060710907,0.01373550295829773,2.8797894628951326e-05,3.8255660683716997e-07,-4.697274198406376e-05,-1.9977946408289426e-08,0.9449081420898438,3.634597476320778e-07,-0.011030365712940693,6.629149993386818e-07,0,0,0,0,1,0,0,0,1,0,18
0.07119016349315643,1.1092251043010037e-05,0.01140530500560999,1.2710568626062013e-05,0.09079436212778091,7.479307532776147e-05,0.11870206892490387,0.012912080623209476,2.7478703486849554e-05,3.8390263057408447e-07,-7.638469833182171e-05,1.3670283709275172e-13,0.9335045218467712,1.3958142517367378e-06,-0.011688821017742157,1.3359440345084295e-06,0,0,0,0,1,0,0,0,1,0,0
0.08297347277402878,2.8337686671875417e-05,0.012080897577106953,1.9659955796669237e-05,0.10333219915628433,0.00010147530701942742,0.10670075565576553,0.01223208848387003,2.6031579182017595e-05,3.636766336967412e-07,-7.236035889945924e-05,-4.555806686762365e-14,0.9214994311332703,3.0283099476946518e-06,-0.012258922681212425,1.9288215753476834e-06,0,0,0,0,1,0,0,0,1,0,16
0.09538528323173523,5.008978769183159e-05,0.012659587897360325,2.408994987490587e-05,0.1151905283331871,0.00012671145668718964,0.11036428809165955,0.011557010933756828,2.459492316120304e-05,3.435936264395423e-07,-6.836446846136823e-05,-9.10982105180834e-14,0.908973217010498,5.612987934000557e-06,-0.01272664312273264,3.1720112474431517e-06,0,0,0,0,1,0,0,0,1,0,0
0.10829773545265198,7.790386734995991e-05,0.013101013377308846,3.0926592444302514e-05,0.12638430297374725,0.00015053334936965257,0.11027523875236511,0.010902435518801212,2.3201893782243133e-05,3.241272565901454e-07,-6.44912724965252e-05,-4.5540909368244065e-14,0.896040678024292,9.468076314078644e-06,-0.01308637484908104,4.271182206139201e-06,0,0,0,0,1,0,0,0,1,0,18
0.12107253074645996,4.833556886296719e-05,0.013405117206275463,3.234649921068922e-05,0.13694272935390472,0.00017300312174484134,0.10931479185819626,0.010283277370035648,2.1884234229219146e-05,3.057226081182307e-07,-6.0829326685052365e-05,4.5533601167975155e-14,0.8827971816062927,1.4075538274482824e-05,-0.013360556215047836,4.921750132780289e-06,0,0,0,0,1,0,0,0,1,0,13
0.13190044462680817,-0.0006368888425640762,0.013405021280050278,1.886921927507501e-05,0.14690251648426056,0.00019419896125327796,0.11076351255178452,0.009700190275907516,2.064334876195062e-05,2.8838087473559426e-07,-5.737884566769935e-05,-4.552710273120382e-14,0.8693169951438904,1.937261549755931e-05,-0.013568822294473648,5.595566562988097e-06,0,0,0,0,1,0,0,0,1,0,0
0.1448391079902649,-0.0007539879879914224,0.013405084609985352,5.3909761845716275e-06,0.1617206186056137,0.00010312662925571203,0.15310484170913696,0.015286575071513653,-0.00010265957826049998,-2.539984222948988e-07,-5.070270344731398e-05,-1.7531175444673863e-07,0.8556575179100037,2.3490934836445376e-05,-0.013726599514484406,1.8025993995252065e-06,0,0,0,0,1,0,0,0,1,0,18
0.15825243294239044,-0.0007463383954018354,0.013516930863261223,2.013171797443647e-05,0.17682819068431854,1.887044277282257e-06,0.11548401415348053,0.014662185683846474,-9.695854532765225e-05,-9.77895410869678e-07,-7.442843343596905e-05,-2.8405028729139303e-07,0.8418632745742798,2.2274274670053273e-05,-0.013844406232237816,-3.599545152610517e-06,0,0,0,0,1,0,0,0,1,0,0
0.1719004213809967,-0.0006976640434004366,0.013745006173849106,7.279288547579199e-05,0.19111096858978271,-9.234718163497746e-05,0.11024405807256699,0.013999268412590027,-9.234229946741834e-05,-1.2901400623377413e-06,-8.281839836854488e-05,-1.8233578167291264e-13,0.8279680609703064,1.5746805729577318e-05,-0.013932760804891586,-8.981066457636189e-06,0,0,0,0,1,0,0,0,1,0,5
0.1857425719499588,-0.0006005394970998168,0.013914178125560284,0.00010483795631444082,0.20469215512275696,-0.00018193165306001902,0.10663392394781113,0.013257825747132301,-8.745156083023176e-05,-1.2217712992423913e-06,-7.842958439141512e-05,-1.8229063820495578e-13,0.8139971494674683,3.7065706237626728e-06,-0.013999378308653831,-1.4548601029673591e-05,0,0,0,0,1,0,0,0,1,0,0
0.19972923398017883,-0.0005085136508569121,0.014040224254131317,8.080671250354499e-05,0.21754300594329834,-0.0002666985965333879,0.11323954164981842,0.012522803619503975,-8.260317554231733e-05,-1.1539557362993946e-06,-7.40762916393578e-05,3.6449657311518613e-13,0.7999696731567383,-1.3917978321842384e-05,-0.014048464596271515,-2.0144418158452027e-05,0,0,0,0,1,0,0,0,1,0,5
0.21382300555706024,-0.0004407565575093031,0.014133312739431858,5.725272058043629e-05,0.22967451810836792,-0.00034672088804654777,0.11170554161071777,0.011816355399787426,-7.794326666044071e-05,-1.0888479664572515e-06,-6.989682879066095e-05,0.0,0.7858999371528625,-3.399767592782155e-05,-0.014085629023611546,-2.002649853238836e-05,0,0,0,0,1,0,0,0,1,0,5
0.22587166726589203,0.00036432407796382904,0.014140954241156578,3.517978984746151e-05,0.24111799895763397,-0.0004222045827191323,0.1107015535235405,0.011142978444695473,-7.3501534643583e-05,-1.0268041705785436e-06,-6.591401324840263e-05,-1.8217545527665635e-13,0.7717986702919006,-5.39540451427456e-05,-0.014112977311015129,-1.9897161109838635e-05,0,0,0,0,1,0,0,0,1,0,13
0.23895499110221863,0.0007103123934939504,0.013680142350494862,1.2762684491463006e-05,0.25524455308914185,-0.00035621534334495664,0.1510060876607895,0.015365071594715118,0.00012441920989658684,1.1187378134991377e-07,-5.391289232647978e-05,1.3733684056660422e-07,0.7576737403869629,-7.27349761291407e-05,-0.014133312739431858,-1.6786922060418874e-05,0,0,0,0,1,0,0,0,1,0,0
0.25238698720932007,0.0007112564635463059,0.013462760485708714,-1.1371938853699248e-05,0.2704921364784241,-0.00023278775915969163,0.11839707940816879,0.015082411468029022,0.00012176639575045556,2.1638066982632154e-07,-5.623986362479627e-05,2.0750641738231934e-07,0.7435312867164612,-8.671674731886014e-05,-0.014148740097880363,-1.1684310265991371e-05,0,0,0,0,1,0,0,0,1,0,0
0.2659885585308075,0.0006667897687293589,0.013704510405659676,-7.47727244743146e-05,0.2849862575531006,-0.00011793016892625019,0.12017247825860977,0.0142111387103796,0.00011237598664592952,1.5700106814620085e-06,-8.40704160509631e-05,5.47047379183957e-13,0.7293757200241089,-9.532086551189423e-05,-0.014160661026835442,-4.785950750374468e-06,0,0,0,0,1,0,0,0,1,0,5
0.27979594469070435,0.00055693433387205,0.013883674517273903,-0.0001322085881838575,0.29878032207489014,-8.852267455949914e-06,0.11480221152305603,0.013474578969180584,0.00010655158257577568,1.4885908967698924e-06,-7.971055310918018e-05,5.469107155001152e-13,0.7152103185653687,-9.239120117854327e-05,-0.014169075526297092,9.244880857295357e-06,0,0,0,0,1,0,0,0,1,0,6
0.29375654458999634,0.0004376764118205756,0.014017609879374504,-0.00010625187132973224,0.31183919310569763,9.441252768738195e-05,0.11213070154190063,0.012723908759653568,0.00010061560169560835,1.4055261772227823e-06,-7.526261470047757e-05,5.467787680957237e-13,0.7010377049446106,-7.542295497842133e-05,-0.014175387099385262,2.3288912416319363e-05,0,0,0,0,0,1,0,0,1,0,18
0.30730998516082764,0.0007824735366739333,0.013886021450161934,-9.063905599759892e-05,0.3241681456565857,0.0001919053465826437,0.10892973840236664,0.012010348029434681,9.497308928985149e-05,1.3267979284137255e-06,-7.104688847903162e-05,0.0,0.6868594288825989,-4.9259968363912776e-05,-0.014180295169353485,2.6553387215244584e-05,0,0,0,0,0,1,0,0,1,0,7
0.3199927508831024,0.0019446236547082663,0.013446420431137085,0.0002907428133767098,0.3361169993877411,0.0006332275806926191,0.11905869096517563,0.014506425708532333,0.003583064302802086,1.3695636880584061e-05,-4.834404171560891e-05,-2.67847354962214e-07,0.672677218914032,-2.2394988263840787e-05,-0.014183801598846912,2.7119729566038586e-05,0,0,0,0,0,0,1,0,1,0,12
0.3329111933708191,0.002611537231132388,0.012391805648803711,0.0014061847468838096,0.35035979747772217,0.004138241987675428,0.1491917073726654,0.014154843054711819,0.003482559695839882,1.7769474652595818e-05,-5.251765833236277e-05,2.782808905976708e-06,0.6584927439689636,4.876385355601087e-05,-0.014183100312948227,0.0002025953435804695,0,0,0,0,0,0,1,0,1,0,7
0.34509626030921936,0.004815001040697098,0.011829418130218983,0.00267840176820755,0.3642462193965912,0.007541266735643148,0.1234356015920639,0.013465466909110546,0.0032738468144088984,4.38811766798608e-05,-7.795983401592821e-05,1.5165957165663713e-06,0.6443231701850891,0.0004920343053527176,-0.014154350385069847,0.0006400591810233891,0,0,0,0,0,0,1,0,1,0,12
0.356891006231308,0.007481246255338192,0.011972119100391865,0.002694978378713131,0.3774144947528839,0.010742496699094772,0.1138637363910675,0.012873014435172081,0.0031294526997953653,4.371179238660261e-05,-7.613701018271968e-05,-5.832576609188234e-12,0.6302002668380737,0.001372104394249618,-0.0140926418825984,0.0010761624434962869,0,0,0,0,0,0,1,0,1,0,6
0.3691186010837555,0.01019658800214529,0.012421958148479462,0.0027225064113736153,0.38992199301719666,0.013783077709376812,0.11460207402706146,0.012196498923003674,0.002964989747852087,4.141927638556808e-05,-7.214394281618297e-05,-5.831368807968085e-12,0.616135835647583,0.002594905672594905,-0.014039347879588604,0.001342626754194498,0,0,0,0,0,1,0,0,1,0,12
0.3817408084869385,0.01291903480887413,0.012766263447701931,0.0027318461798131466,0.40175095200538635,0.016658710315823555,0.110049307346344,0.011526954360306263,0.0028022215701639652,3.914773333235644e-05,-6.818737892899662e-05,-1.7490708534295685e-11,0.6021310091018677,0.004083569627255201,-0.013974133878946304,0.0016079600900411606,0,0,0,0,0,1,0,0,1,0,12
0.3946343958377838,0.01569548062980175,0.012985398061573505,0.0028144230600446463,0.41291487216949463,0.019372668117284775,0.10923715680837631,0.010874759405851364,0.002643671352416277,3.6932393413735554e-05,-6.43287057755515e-05,-1.74875808278685e-11,0.5882030129432678,0.005853401962667704,-0.013882271945476532,0.0019192018080502748,0,0,0,0,0,1,0,0,1,0,5
0.40767785906791687,0.01859777607023716,0.013099612668156624,0.0028763958252966404,0.4234459400177002,0.02193278633058071,0.11118925362825394,0.010256798006594181,0.00249344389885664,3.483289765426889e-05,-6.0671824030578136e-05,0.0,0.5743856430053711,0.007959959097206593,-0.013761309906840324,0.002259401138871908,0,0,0,0,1,0,0,0,1,0,5
0.4199831187725067,0.021861588582396507,0.011935821734368801,0.002417710144072771,0.43338140845298767,0.024348095059394836,0.10842853039503098,0.009677876718342304,0.0023527073208242655,3.286750506958924e-05,-5.724852599087171e-05,5.827439225614128e-12,0.5607035756111145,0.010412180796265602,-0.013598624616861343,0.002644350053742528,0,0,0,0,1,0,0,0,1,0,9
0.4306439459323883,0.02419275790452957,0.00944067444652319,0.0015412791399285197,0.4651200473308563,0.025674017146229744,0.20707395672798157,0.06459538638591766,-0.0002630567760206759,6.485977792181075e-06,8.435323252342641e-06,0.0022866236977279186,0.5472608804702759,0.013370165601372719,-0.01330656185746193,0.00321274739690125,0,0,0,0,1,0,0,0,1,0,12
0.43897029757499695,0.025533175095915794,0.0076844412833452225,0.0013096480397507548,0.5278780460357666,0.024986375123262405,0.38525018095970154,0.061304204165935516,-0.0010268118930980563,6.485977792181075e-06,8.435323252342641e-06,0.0022866236977279186,0.5341411828994751,0.01688929833471775,-0.012958399951457977,0.0037676123902201653,0,0,0,0,1,0,0,0,1,0,17
0.4461840093135834,0.02662421204149723,0.0068804798647761345,0.0006608415278606117,0.5875163078308105,0.02356552891433239,0.47936683893203735,0.05831730365753174,-0.0017347586108371615,6.485977792181075e-06,8.435323252342641e-06,0.0022866236977279186,0.5222634077072144,0.02041485346853733,-0.010481651872396469,0.003055066103115678,0,0,0,0,1,0,0,0,1,1,16
0.4526819884777069,0.027248376980423927,0.006115787196904421,0.0005874622147530317,0.644314169883728,0.021467801183462143,0.4931350350379944,0.05559078976511955,-0.00238629593513906,6.485977792181075e-06,8.435323252342641e-06,0.0022866236977279186,0.5142361521720886,0.022641634568572044,-0.005771482829004526,0.0014994132798165083,0,0,0,0,1,0,0,0,1,1,17
0.4592439830303192,0.027831610292196274,0.007222680374979973,0.000556034327019006,0.6985117197036743,0.018749015405774117,0.42957761883735657,0.053089119493961334,-0.002982707927003503,6.485977792181075e-06,8.435323252342641e-06,0.0022866236977279186,0.5116427540779114,0.023323550820350647,0.00015497207641601562,0.0001515355397714302,0,0,0,0,1,0,0,0,1,1,18
0.4672737121582031,0.02826465107500553,0.008659152314066887,0.0003007325285580009,0.7503175139427185,0.015463010407984257,0.291194885969162,0.05078309774398804,-0.0035264885518699884,6.485977792181075e-06,8.435323252342641e-06,0.0022866236977279186,0.5143245458602905,0.023595651611685753,0.0036726980470120907,0.0003600377240218222,0,0,0,0,1,0,0,0,1,0,12
0.4764622449874878,0.02835988439619541,0.009334087371826172,-5.090635750093497e-05,0.7993273138999939,0.011713475920259953,0.12442895025014877,0.04321891441941261,-0.003530089044943452,2.0039428818563465e-06,-1.156031976279337e-05,0.002104305662214756,0.5188682675361633,0.02385532483458519,0.005257129669189453,-9.154588951787446e-06,0,0,0,0,1,0,0,0,1,0,3
0.4861818552017212,0.028187397867441177,0.010172058828175068,-0.0002753791632130742,0.8412293791770935,0.00804248359054327,0.20161625742912292,0.041217342019081116,-0.0038136730436235666,1.5474479369004257e-06,-1.3581638086179737e-05,0.0020844442769885063,0.5249518752098083,0.023753857240080833,0.006748999003320932,-0.00014543248107656837,0,0,1,0,0,0,0,0,1,0,18
0.49684521555900574,0.027741869911551476,0.011036326177418232,-0.0005860648234374821,0.881637454032898,0.004066227935254574,0.16062022745609283,0.039756469428539276,-0.004104677587747574,1.5474479369004257e-06,-1.3581638086179737e-05,0.0020844442769885063,0.5324575304985046,0.023537514731287956,0.00809851847589016,-0.0002803129318635911,0,0,1,0,0,0,0,0,1,0,9
0.5083004832267761,0.027087748050689697,0.011789209209382534,-0.0007017242605797946,0.9185981154441833,6.89623411744833e-05,0.1396896243095398,0.034381840378046036,-0.003840797580778599,-6.883551122882636e-06,-4.23305100412108e-05,0.0017619958380237222,0.5413032174110413,0.02316177263855934,0.009370874613523483,-0.00043665384873747826,0,0,1,0,0,0,0,0,1,0,15
0.5204000473022461,0.026311149820685387,0.012392506003379822,-0.0008491689804941416,0.951981782913208,-0.0037970563862472773,0.11541344225406647,0.0311991348862648,-0.0037004072219133377,-1.5224438357108738e-05,-6.818838301114738e-05,0.0014330120757222176,0.5513333082199097,0.02265245094895363,0.010307551361620426,-0.0005373174208216369,0,0,1,0,0,0,0,0,0,0,0
0.5330134630203247,0.02540355920791626,0.012838699854910374,-0.0009406450553797185,0.9810837507247925,-0.007313799113035202,0.11338724195957184,0.027420954778790474,-0.003351542865857482,-2.9661281587323174e-05,-0.00011129579797852784,0.0008012249018065631,0.5622233152389526,0.02203361690044403,0.011098254472017288,-0.0006407633773051202,0,0,1,0,0,0,0,0,0,0,0
0.5460441708564758,0.024441897869110107,0.01320979930460453,-0.0009855468524619937,1.006958246231079,-0.010489122942090034,0.11028571426868439,0.024805301800370216,-0.00304619618691504,-4.255156090948731e-05,-0.00014671930694021285,3.518896979359809e-11,0.5739524960517883,0.021311748772859573,0.011909345164895058,-0.0007386869401670992,0,0,1,0,0,0,0,0,0,0,13
