lt_dp_posx,lt_dp_posy,lt_dp_velx,lt_dp_vely,ball_posx,ball_posy,ball_posz,ball_vel_x,ball_vel_y,ball_rot_x,ball_rot_y,ball_rot_z,rt_gk_posx,rt_gk_posy,rt_gk_velx,rt_gk_vely,action_left,action_top_left,action_top,action_top_right,action_right,action_bottom_right,action_bottom,action_bottom_left,action_sprint,action_dribble,sel_action
-1.0110293626785278,-0.0,0.0,-0.0,0.019999999552965164,-0.0,0.11061639338731766,-0.0,0.0,0.0,-0.0,0.0,1.0110293626785278,0.0,-0.0,0.0,0,0,0,0,0,0,0,0,0,0,5
0.0,-0.0,0.0,-0.0,0.019999999552965164,-0.0,0.11059734225273132,-0.0,0.0,0.0,-0.0,0.0,1.0085934400558472,-1.7055430678869499e-10,-0.003884820267558098,-2.392741005330379e-10,0,0,0,0,1,0,0,0,0,0,5
0.00032308624940924346,3.615717447669198e-11,0.0019679905381053686,1.6625298360217755e-11,0.019999999552965164,-0.0,0.10930104553699493,-0.0,0.0,0.0,-0.0,0.0,1.0038305521011353,-3.7194536339768547e-10,-0.0054703038185834885,-1.5051691837353331e-10,0,0,0,0,1,0,0,0,0,0,5
0.003517754143103957,-4.4129966347838945e-10,0.00461391219869256,-1.5669146535834955e-10,0.019999999552965164,-0.0,0.11075475811958313,-0.0,0.0,0.0,-0.0,0.0,0.9975366592407227,-2.274556237802372e-10,-0.006950602866709232,6.578042555105412e-10,0,0,0,0,1,0,0,0,0,0,13
0.006782666780054569,-4.028840372427567e-09,0.006209590006619692,-3.971326323348734e-10,0.019999999552965164,-0.0,0.11053141206502914,0.009301592595875263,-9.824338009778444e-10,-1.3329711683399137e-12,-9.536828656564467e-06,-1.9272257401059534e-13,0.989837646484375,3.2354496859454684e-10,-0.008285746909677982,4.3341408240138435e-10,0,0,0,0,1,0,0,0,1,0,0
0.013608739711344242,-4.606135917128995e-09,0.007666833233088255,-1.6548507009161995e-10,0.028724046424031258,-9.239055631660165e-10,0.11649638414382935,0.008379608392715454,-8.888570990350786e-10,4.3357786978781565e-12,1.4811776054557413e-05,-4.8763311097377304e-12,0.9809144139289856,5.717361584167691e-10,-0.009325672872364521,8.428005515703774e-11,0,0,0,0,1,0,0,0,1,0,13
0.021998636424541473,-4.733373248910766e-09,0.008955181576311588,-1.5050247159642538e-10,0.03670034185051918,-1.7712383781898211e-09,0.1108342632651329,0.007768489886075258,-8.254645855743092e-10,1.1531954210997064e-11,4.5954315282870084e-05,0.0,0.971478283405304,7.580848171429011e-10,-0.00973448995500803,1.6608427133579795e-10,0,0,0,0,1,0,0,0,1,0,16
0.03128108009696007,-5.236657774077003e-09,0.009851337410509586,-2.586511560487281e-10,0.044229645282030106,-2.571286961128294e-09,0.11303352564573288,0.007336480543017387,-7.795601386639817e-10,1.0890240965955034e-11,4.339710721978918e-05,-2.777385258485358e-18,0.961243748664856,8.54223969337653e-10,-0.010619443841278553,3.2506480146521355e-11,0,0,0,0,1,0,0,0,1,0,16
0.03928247466683388,-7.526324452555855e-09,0.009585121646523476,-1.4680384685661352e-10,0.05133315175771713,-3.326092290478755e-09,0.11132440716028214,0.006912638898938894,-7.345238306477597e-10,1.0261005586875704e-11,4.08896230510436e-05,0.0,0.9503563046455383,1.3530744302769904e-09,-0.010805971920490265,8.915458371561158e-10,0,0,0,0,1,0,0,0,1,0,16
0.04875368997454643,-8.404120954708105e-09,0.010424151085317135,-8.550311153543433e-11,0.06317287683486938,1.980688284675125e-05,0.14544127881526947,0.013863089494407177,2.795229920593556e-05,2.854024501175445e-07,8.161829100572504e-06,3.5960084687758354e-07,0.9392877221107483,1.99125360644814e-09,-0.011376773938536644,4.529301933509089e-10,0,0,0,0,1,0,0,0,1,0,18
0.05940442159771919,2.257786036352627e-06,0.010675586760044098,5.6657531786186155e-06,0.07690628618001938,4.7446239477721974e-05,0.1118243932723999,0.013442622497677803,2.6796515157911927e-05,2.3701809936937934e-07,1.3407649930741172e-05,4.0730273553890584e-07,0.9275738596916199,4.572749290332467e-09,-0.011977027170360088,2.379819541431516e-08,0,0,0,0,1,0,0,0,1,0,5
0.07053516805171967,1.147595321526751e-05,0.011478145606815815,1.256876112165628e-05,0.08949404209852219,7.15493515599519e-05,0.12184744328260422,0.012235801666975021,2.3131568013923243e-05,-1.339994781801579e-07,5.291341585689224e-05,3.3340521099489706e-07,0.9152939915657043,5.273064971333952e-07,-0.012507859617471695,1.118994873650081e-06,0,0,0,0,1,0,0,0,1,0,0
0.08238522708415985,2.7949581635766663e-05,0.01214584894478321,1.834850263549015e-05,0.10131950676441193,9.373435023007914e-05,0.11328329145908356,0.011542401276528835,2.162018972740043e-05,-3.020444410140044e-07,6.827987817814574e-05,9.109784459985018e-14,0.9025512933731079,2.541098183428403e-06,-0.01291878055781126,2.7394276003178675e-06,0,0,0,0,1,0,0,0,1,0,5
0.09485340118408203,4.841870759264566e-05,0.012709463015198708,2.2747888579033315e-05,0.11251083016395569,0.00011469692981336266,0.1122271865606308,0.010908231139183044,2.043231506831944e-05,-2.8543763619381934e-07,6.452578963944688e-05,4.5540980519011634e-14,0.8894527554512024,5.80582764087012e-06,-0.013232932426035404,3.488473566903849e-06,0,0,0,0,1,0,0,0,1,0,16
0.10780879855155945,7.45971265132539e-05,0.013138792477548122,2.9016824555583298e-05,0.12308074533939362,0.00013449553807731718,0.11061712354421616,0.010296326130628586,1.9286138922325335e-05,-2.694210650133755e-07,6.090510942158289e-05,-4.553374685764208e-14,0.8760826587677002,9.587359272700269e-06,-0.013472052291035652,4.015938884549541e-06,0,0,0,0,1,0,0,0,1,0,0
0.12103816866874695,-0.0015573296695947647,0.013239067979156971,1.906564284581691e-05,0.13305331766605377,0.00015317529323510826,0.11057806015014648,0.009713064879179,1.819362660171464e-05,-2.5416198923267075e-07,5.7455661590211093e-05,-2.2763620822303585e-14,0.8625065684318542,1.3747901903116144e-05,-0.013653671368956566,3.8184643926797435e-06,0,0,0,0,1,0,0,0,1,0,5
0.13427720963954926,-0.0022489926777780056,0.013239067979156971,7.149349130486371e-06,0.1468552201986313,-2.3717051590210758e-05,0.15487439930438995,0.01549452729523182,-0.00025851611280813813,-6.1245572169355e-08,1.0370954441896174e-05,-7.97824554865656e-07,0.8487749099731445,1.6106163457152434e-05,-0.013789709657430649,1.1613124115683604e-06,0,0,0,0,1,0,0,0,1,0,0
0.14756521582603455,-0.0022397954016923904,0.013399211689829826,2.9517132134060375e-05,0.162242591381073,-0.0002804379619192332,0.13336381316184998,0.015299826860427856,-0.0002552643418312073,-6.1245572169355e-08,1.0370954441896174e-05,-7.97824554865656e-07,0.8349264860153198,1.588531449669972e-05,-0.013892089948058128,-1.3572689567808993e-06,0,0,0,0,1,0,0,0,1,0,13
0.16111165285110474,-0.0021387278102338314,0.013655073940753937,0.00016751686052884907,0.1766522377729416,-0.0005194815457798541,0.12949620187282562,0.013873097486793995,-0.00022936805908102542,1.5777980024722638e-06,4.6475000999635085e-05,-1.8851662844099337e-06,0.8209907412528992,3.78756271857128e-06,-0.01396852359175682,-2.2616224669036455e-05,0,0,0,0,1,0,0,0,1,0,0
0.1748744398355484,-0.001893489621579647,0.013842477463185787,0.0002948326582554728,0.19005738198757172,-0.0007406710647046566,0.11954529583454132,0.013008235953748226,-0.00021437337272800505,2.994776878040284e-06,7.694802479818463e-05,1.0936557649082745e-12,0.8069896101951599,-3.1751122151035815e-05,-0.01402532309293747,-4.613416240317747e-05,0,0,0,0,1,0,0,0,1,0,13
0.18880029022693634,-0.0016265184385702014,0.013987807556986809,0.0002383989776717499,0.2027001976966858,-0.0009490224183537066,0.11305633187294006,0.01233275979757309,-0.00020324165234342217,2.839335820681299e-06,7.2954069764819e-05,0.0,0.7929399013519287,-8.70955700520426e-05,-0.014068098738789558,-5.7158194977091625e-05,0,0,0,0,1,0,0,0,1,0,0
0.20284996926784515,-0.001422988367266953,0.01409527100622654,0.00017574102093931288,0.2146497368812561,-0.0011459490051493049,0.11263246089220047,0.011641810648143291,-0.00019185489509254694,2.680153329492896e-06,6.886404298711568e-05,-3.644015970048764e-13,0.7788538336753845,-0.0001433753059245646,-0.01409965381026268,-5.55540609639138e-05,0,0,0,0,1,0,0,0,1,0,16
0.21695296466350555,-0.0012827024329453707,0.014121786691248417,0.00011324710067128763,0.22593088448047638,-0.0013318603159859776,0.10997552424669266,0.010988745838403702,-0.0001810923859011382,2.5298593300249195e-06,6.500243034679443e-05,7.286713550255786e-13,0.7647403478622437,-0.0001980644155992195,-0.014123495668172836,-5.4269814427243546e-05,0,0,0,0,1,0,0,0,1,0,5
0.23098665475845337,-0.0012054328108206391,0.013827050104737282,4.9278994993073866e-05,0.2393205761909485,-0.0014098623069003224,0.1489134430885315,0.015875892713665962,2.1568892407231033e-05,8.989474622467242e-07,1.2277810128580313e-05,-9.624698122934205e-07,0.7506065964698792,-0.00025341130094602704,-0.014141728170216084,-5.622559183393605e-05,0,0,0,0,1,0,0,0,1,0,16
0.24445347487926483,-0.0007211080519482493,0.013312393799424171,5.218686055741273e-06,0.2550845742225647,-0.001388445496559143,0.1499163806438446,0.015672532841563225,2.131389919668436e-05,8.989474622467242e-07,1.2277810128580313e-05,-9.624698122934205e-07,0.7364577651023865,-0.0003107060620095581,-0.014154350385069847,-5.816755583509803e-05,0,0,0,0,1,0,0,0,1,0,5
0.2577657699584961,0.0010149396257475019,0.013312561437487602,2.8463357466534944e-06,0.2703242003917694,-0.0013445186195895076,0.13528886437416077,0.015916721895337105,0.00026616474497132003,4.0457160821461e-07,-7.778881467856991e-07,1.810869179053043e-07,0.7222974300384521,-0.0003651728620752692,-0.014164167456328869,-4.8188812797889113e-05,0,0,0,0,1,0,0,0,1,0,13
0.27107828855514526,0.0010164814302697778,0.013312522321939468,4.7412785875167174e-07,0.2861277163028717,-0.0010802662000060081,0.17414522171020508,0.015711896121501923,0.00026271294336766005,4.0457160821461e-07,-7.778881467856991e-07,1.810869179053043e-07,0.7081285715103149,-0.00040505590732209384,-0.014171880669891834,-3.308378654764965e-05,0,0,0,0,1,0,0,0,1,0,16
0.28452345728874207,0.0009882538579404354,0.013567769899964333,-7.276169344549999e-05,0.3017156720161438,-0.0008196306298486888,0.11521993577480316,0.015382492914795876,0.0002570872602518648,3.1527969213129836e-07,1.2739145631712745e-06,3.603444440614112e-07,0.6939533948898315,-0.0004287856281735003,-0.014177490957081318,-1.2772487934853416e-05,0,0,0,0,1,0,0,0,1,0,5
0.2982132136821747,0.0008396491757594049,0.013779542408883572,-0.00020962422422599047,0.31596559286117554,-0.0005828543216921389,0.13555482029914856,0.013996792957186699,0.00023232516832649708,-9.92687432699313e-07,3.128899697912857e-05,1.908988224386121e-06,0.6797734498977661,-0.0004237223183736205,-0.014181697741150856,1.9658928067656234e-05,0,0,0,0,1,0,0,0,1,0,6
0.3120829463005066,0.0005828766152262688,0.01393801998347044,-0.00025516768801026046,0.3294992446899414,-0.00035862604272551835,0.12166457623243332,0.013023747131228447,0.00021533743711188436,-2.6228797196381493e-06,6.836227112216875e-05,7.775562949063897e-07,0.6655901074409485,-0.00038621920975856483,-0.014184502884745598,5.210460221860558e-05,0,0,0,0,0,1,0,0,1,0,6
0.32577693462371826,0.0007484968518838286,0.013893104158341885,-0.00021515079424716532,0.3421638607978821,-0.00014926999574527144,0.11578278243541718,0.01235992182046175,0.0002043160202447325,-2.8542970085254638e-06,7.311353692784905e-05,-7.289569880879199e-13,0.6514045596122742,-0.00033136128331534564,-0.014186606742441654,5.436539868242107e-05,0,0,0,0,0,1,0,0,1,0,6
0.3386993408203125,0.001887975842691958,0.013500639237463474,0.00016552608576603234,0.3541504740715027,4.887531395070255e-05,0.11158435791730881,0.0147789241746068,0.003512835828587413,8.690764843777288e-06,9.26191933103837e-06,1.0325990842829924e-05,0.6372169852256775,-0.00027759888325817883,-0.01418871060013771,5.3268533520167693e-05,0,0,0,0,0,1,0,0,1,0,12
0.3516586720943451,0.0024110223166644573,0.012463681399822235,0.001044063363224268,0.36844852566719055,0.0034286517184227705,0.15605123341083527,0.014190621674060822,0.003352605039253831,3.6201518014422618e-06,1.6110056094476022e-05,1.7479889720561914e-05,0.6230292320251465,-0.00015708646969869733,-0.014183801598846912,0.00027831795159727335,0,0,0,0,0,1,0,0,1,0,12
0.3639376163482666,0.004346699453890324,0.01192864216864109,0.0025816368870437145,0.3824709355831146,0.006738259457051754,0.10035105794668198,0.013621417805552483,0.0031998089980334044,-1.91882418221212e-06,2.351659168198239e-05,2.286564813402947e-05,0.6088630557060242,0.0003691588353831321,-0.014147337526082993,0.0007289212080650032,0,0,0,0,0,1,0,0,1,0,8
0.37577348947525024,0.00690512964501977,0.01197878085076809,0.0025793055538088083,0.3953284025192261,0.00972004421055317,0.12494631856679916,0.012613404542207718,0.0029183304868638515,-2.4587014195276424e-05,5.3559291700366884e-05,2.2446431103162467e-05,0.5947524905204773,0.001344396616332233,-0.014077214524149895,0.00117018586024642,0,0,0,0,0,0,0,1,1,0,12
0.3880157172679901,0.009501487016677856,0.012443697080016136,0.002598776714876294,0.407520592212677,0.012532717548310757,0.11463122814893723,0.011897871270775795,0.002742883050814271,-3.8319602026604116e-05,7.03830664861016e-05,-5.830856630861803e-12,0.5807195901870728,0.0027184488717466593,-0.013993417844176292,0.0015405198791995645,0,0,0,0,0,0,0,1,1,0,6
0.40066930651664734,0.012090614065527916,0.012807635590434074,0.0025860073510557413,0.419057160615921,0.015192298218607903,0.11210114508867264,0.011245299130678177,0.0025924404617398977,-3.6214649298926815e-05,6.651685544056818e-05,-1.165955526571949e-11,0.5667834281921387,0.004461497999727726,-0.01388612948358059,0.0019083325751125813,0,0,0,0,0,1,0,0,1,0,6
0.41361135244369507,0.014716367237269878,0.013039743527770042,0.002659878693521023,0.42995768785476685,0.017705263569951057,0.10899712890386581,0.01062215119600296,0.002448783256113529,-3.421002111281268e-05,6.283486436586827e-05,-1.7486418563139594e-11,0.5529866218566895,0.006622154265642166,-0.013704860582947731,0.002401354257017374,0,0,0,0,0,1,0,0,1,0,14
0.4264684021472931,0.01765049621462822,0.012757517397403717,0.0026162550784647465,0.4402470588684082,0.020077316090464592,0.11143915355205536,0.010021919384598732,0.0023104092106223106,-3.2275911507895216e-05,5.9282414440531284e-05,-2.913961173051094e-12,0.5394155979156494,0.0093211829662323,-0.013454170897603035,0.002941089915111661,0,0,0,0,0,0,0,0,1,0,4
0.43815869092941284,0.02038528211414814,0.011347505263984203,0.0019419011659920216,0.44995608925819397,0.02231559343636036,0.10863298177719116,0.009457872249186039,0.002180376322939992,-3.0459996196441352e-05,5.594705362454988e-05,0.0,0.5262705683708191,0.012492642737925053,-0.012398817576467991,0.0031725214794278145,0,0,0,1,0,0,0,0,1,0,18
0.4475804567337036,0.021913699805736542,0.00835481844842434,0.0012645168462768197,0.5059912800788879,0.023726006969809532,0.3332676589488983,0.06004558876156807,0.0011117053218185902,6.075403007343994e-07,3.2185609597945586e-05,0.0013700376730412245,0.5156750082969666,0.015898697078227997,-0.009621241129934788,0.003844442544505,0,0,0,1,0,0,0,0,1,0,3
0.455369770526886,0.023128332570195198,0.0073944819159805775,0.0011787032708525658,0.5644976496696472,0.024558154866099358,0.4069129526615143,0.05727487802505493,0.0006100446917116642,6.075403007343994e-07,3.2185609597945586e-05,0.0013700376730412245,0.5065492987632751,0.020214447751641273,-0.008692811243236065,0.004688532557338476,0,0,1,0,0,0,0,0,1,0,5
0.4623425602912903,0.023818403482437134,0.006643814034759998,0.0005494179204106331,0.620328962802887,0.024912673979997635,0.30938178300857544,0.05467337742447853,0.0001518470817245543,6.075403007343994e-07,3.2185609597945586e-05,0.0013700376730412245,0.4981187880039215,0.024887794628739357,-0.007503523491322994,0.004152133595198393,0,0,0,0,1,0,0,0,1,0,3
0.468448281288147,0.024350913241505623,0.006350604351609945,0.0005341021460480988,0.6728467345237732,0.024836266413331032,0.12838834524154663,0.0452200286090374,-0.0002269379619974643,1.0108213928106125e-06,5.410877929534763e-05,0.0012580686016008258,0.49388423562049866,0.02779020555317402,-0.004389304202049971,0.002765249228104949,0,0,1,0,0,0,0,0,1,0,18
0.47558072209358215,0.02482968382537365,0.007868252694606781,0.00037462028558366,0.7168922424316406,0.024455001577734947,0.20569752156734467,0.04335008189082146,-0.000504613621160388,1.039844391925726e-06,5.5585998779861256e-05,0.0012492603855207562,0.4913012385368347,0.030071428045630455,-0.0032462880481034517,0.0022466229274868965,0,0,1,0,0,0,0,0,1,0,7
0.4833983778953552,0.02475038915872574,0.008443618193268776,-0.0004129278822802007,0.7593055963516235,0.02381102554500103,0.09766779839992523,0.041098952293395996,-0.0007428756216540933,1.240503479493782e-06,5.912101551075466e-05,0.0012253844179213047,0.4904756546020508,0.0320621095597744,-0.0013294421369209886,0.002066488843411207,0,0,0,0,0,0,1,0,1,0,13
0.4920012354850769,0.02429153583943844,0.009403483010828495,-0.0003582809877116233,0.7966545224189758,0.023040665313601494,0.127171590924263,0.03670818358659744,-0.0008389424183405936,2.577924760771566e-06,8.201377931982279e-05,0.0010638788808137178,0.49019548296928406,0.03325584903359413,-0.0009157233871519566,0.000859482679516077,0,0,0,0,0,0,1,0,1,0,5
0.5018139481544495,0.023980354890227318,0.010455459356307983,-0.00029943312983959913,0.8303801417350769,0.022208327427506447,0.11300065368413925,0.03155757859349251,-0.0008156955591402948,7.481294687750051e-06,0.00014102605928201228,0.0005015210481360555,0.49058523774147034,0.0338163860142231,-0.00022160803200677037,0.0005108361365273595,0,0,0,0,1,0,0,0,1,0,6
0.5125066041946411,0.02374458499252796,0.010803614743053913,-0.00021503532479982823,0.8600727915763855,0.021425075829029083,0.10934485495090485,0.0283367782831192,-0.0007518999627791345,1.0503218618396204e-05,0.00016760948346927762,5.878379814167056e-12,0.493114173412323,0.034116245806217194,0.0036399748641997576,0.0001969526056200266,0,0,0,0,0,1,0,0,1,0,16
0.5234425067901611,0.023554068058729172,0.011320970952510834,-0.00018957516294904053,0.8870168328285217,0.020710134878754616,0.10948573052883148,0.02586389146745205,-0.0006862833979539573,9.58679083851166e-06,0.0001529850414954126,-2.9343493780642493e-12,0.4980935752391815,0.03421112522482872,0.005187296774238348,2.948573455796577e-05,0,0,0,0,0,1,0,0,1,0,6
0.5351600050926208,0.02338344417512417,0.01204719953238964,-0.00016708455223124474,0.9116891622543335,0.02005547098815441,0.10961329191923141,0.023744164034724236,-0.0006300379172898829,8.801181138551328e-06,0.00014044826093595475,0.0,0.5046574473381042,0.034156471490859985,0.007094111759215593,-0.00012943200999870896,0,0,0,0,0,1,0,0,1,0,4
0.5475947856903076,0.023226795718073845,0.012654065154492855,-0.00016597623471170664,0.9344008564949036,0.019452832639217377,0.10970599949359894,0.02190416492521763,-0.000581214961130172,8.119221092783846e-06,0.00012956556747667491,-2.9275397210593024e-12,0.5130541324615479,0.03402256220579147,0.008488638326525688,-0.00019672642520163208,0,0,0,1,0,0,0,0,1,0,17
0.5605193376541138,0.023066706955432892,0.013095449656248093,-0.0001655680825933814,0.9554002285003662,0.018895629793405533,0.10977425426244736,0.02028941735625267,-0.0005383684765547514,7.5207321970083285e-06,0.00012001492723356932,-5.850187088235481e-12,0.5225554704666138,0.03381499648094177,0.009594175033271313,-0.00027333383332006633,0,0,0,1,0,0,0,0,1,1,4
0.5736724138259888,0.022646278142929077,0.012683725915849209,-0.0010392547119408846,0.9748890399932861,0.01837850548326969,0.10982520878314972,0.01885865069925785,-0.0005004041013307869,6.9904240262985695e-06,0.00011155231186421588,4.3846272099190564e-12,0.5328701734542847,0.03357839211821556,0.010268359445035458,-0.00027698808116838336,0,0,0,1,0,0,0,0,1,1,1
0.5849318504333496,0.020493481308221817,0.010018832981586456,-0.003358427667990327,0.9930329322814941,0.017897063866257668,0.10986374318599701,0.017580082640051842,-0.00046647776616737247,6.5165108935616445e-06,0.00010398967424407601,1.4607079651743349e-12,0.5438019037246704,0.03328613191843033,0.011019363068044186,-0.00033525004982948303,1,0,0,0,0,0,0,0,1,1,7
0.5942860245704651,0.01611311361193657,0.009119109250605106,-0.004628538619726896,1.0099701881408691,0.017447644844651222,0.10989321768283844,0.016428744420409203,-0.00043592770816758275,6.089751423132839e-06,9.717950888443738e-05,2.9200142737800805e-12,0.5554251670837402,0.03293539956212044,0.011841547675430775,-0.0003697349166031927,0,0,0,0,0,0,1,0,1,1,14
