lt_dp_posx,lt_dp_posy,lt_dp_velx,lt_dp_vely,ball_posx,ball_posy,ball_posz,ball_vel_x,ball_vel_y,ball_rot_x,ball_rot_y,ball_rot_z,rt_gk_posx,rt_gk_posy,rt_gk_velx,rt_gk_vely,action_left,action_top_left,action_top,action_top_right,action_right,action_bottom_right,action_bottom,action_bottom_left,action_sprint,action_dribble,sel_action
-1.0110293626785278,-0.0,0.0,-0.0,0.019999999552965164,-0.0,0.11061639338731766,0.0,-0.0,0.0,-0.0,0.0,1.0110293626785278,0.0,-0.0,0.0,0,0,0,0,0,0,0,0,0,0,5
0.0,-0.0,0.0,-0.0,0.019999999552965164,-0.0,0.11059734225273132,0.0,-0.0,0.0,-0.0,0.0,1.0110293626785278,0.0,-0.0,0.0,0,0,0,0,1,0,0,0,0,0,5
0.00015050964429974556,2.8388463454986912e-11,0.0013189289020374417,1.0759057533782368e-10,0.019999999552965164,-0.0,0.10930104553699493,0.0,-0.0,0.0,-0.0,0.0,1.0110293626785278,0.0,-0.0,0.0,0,0,0,0,1,0,0,0,0,0,5
0.0032553800847381353,6.826811338456196e-11,0.0044489274732768536,9.383747251456853e-11,0.019999999552965164,-0.0,0.11075475811958313,0.0,-0.0,0.0,-0.0,0.0,1.0081888437271118,-2.0580584111917766e-11,-0.004046103451400995,-2.4915515831058777e-11,0,0,0,0,1,0,0,0,0,0,5
0.006367017515003681,-2.8247144623350096e-09,0.006055423058569431,-3.7899874905100717e-10,0.019999999552965164,-0.0,0.11053141206502914,0.0,-0.0,0.0,-0.0,0.0,1.0032682418823242,-4.0368902665122164e-11,-0.005623172502964735,-1.3361135982326022e-11,0,0,0,0,1,0,0,0,0,0,13
0.012842056341469288,-3.601403175679252e-09,0.0075285593047738075,-1.8625058439969422e-10,0.02797866053879261,-6.944040897849391e-10,0.11944223940372467,0.008623507805168629,-7.496659404360173e-10,-6.208922265216188e-12,-3.203926462447271e-05,-2.4147890718279053e-12,0.9968275427818298,2.193112635939798e-10,-0.0070915501564741135,6.399358820630141e-10,0,0,0,0,1,0,0,0,1,0,16
0.021103112027049065,-3.725521224851036e-09,0.00883454829454422,-1.6919075862542599e-10,0.036285605281591415,-1.4159141636937989e-09,0.1145222932100296,0.008107957430183887,-7.041093263993048e-10,-9.836609825286668e-12,-4.7962534154066816e-05,-1.3888951850951779e-18,0.9889967441558838,7.299285065265337e-10,-0.008409163914620876,3.7817998732592173e-10,0,0,0,0,1,0,0,0,1,0,5
0.0305695328861475,-3.863385611424519e-09,0.00995480827987194,-9.53963089078691e-11,0.044148705899715424,-2.098759388502458e-09,0.11203202605247498,0.007663946598768234,-6.655505035979559e-10,-9.297430013377461e-12,-4.5333530579227954e-05,-1.3887760710869702e-18,0.9799808859825134,9.023577440814279e-10,-0.009335489943623543,-5.606148358039409e-12,0,0,0,0,1,0,0,0,1,0,18
0.03918817639350891,-5.1548880719565204e-09,0.009499148465692997,-1.7666228202539713e-10,0.05157289281487465,-2.743488325407384e-09,0.1091429740190506,0.007229129783809185,-6.27790319729371e-10,-8.770218058729018e-12,-4.2762880184454843e-05,0.0,0.9704952239990234,1.6906157584983816e-09,-0.00983055867254734,6.69300670441686e-10,0,0,0,0,1,0,0,0,1,0,16
0.04806087166070938,-6.123885842868049e-09,0.010158954188227654,-1.0774411918212934e-10,0.06149664148688316,1.181521929538576e-05,0.13679730892181396,0.014081127010285854,2.9392276701400988e-05,3.80076073724922e-07,-4.308273128117435e-05,-2.6628971028230808e-08,0.9601738452911377,2.1513313352983232e-09,-0.010699383914470673,2.781468944057508e-10,0,0,0,0,1,0,0,0,1,0,18
0.058609966188669205,8.714221166883362e-07,0.010675542056560516,3.5105611004837556e-06,0.07548849284648895,4.10235661547631e-05,0.12858088314533234,0.013905836269259453,2.903743734350428e-05,3.80326014237653e-07,-4.346490095485933e-05,-2.6148725851271593e-08,0.9492757320404053,2.5119027213804657e-07,-0.010805971920490265,7.072706580402155e-07,0,0,0,0,1,0,0,0,1,0,16
0.0695219486951828,8.62623164721299e-06,0.011254759505391121,1.1158338566019665e-05,0.08883501589298248,6.928494985913858e-05,0.12421794980764389,0.01302226260304451,2.7705649699782953e-05,3.870635794100963e-07,-7.703457958996296e-05,-1.3670760758231065e-13,0.9381436109542847,1.6084445633168798e-06,-0.011441286653280258,1.8635563492352958e-06,0,0,0,0,1,0,0,0,1,0,18
0.08116930723190308,2.4411381673417054e-05,0.01194591075181961,1.9283654182800092e-05,0.10151070356369019,9.625323582440615e-05,0.11379798501729965,0.012377169914543629,2.6333162168157287e-05,3.678843540910748e-07,-7.321750308619812e-05,9.11201114019676e-14,0.9263702630996704,4.105651896679774e-06,-0.012035930529236794,2.8436359116312815e-06,0,0,0,0,1,0,0,0,1,0,5
0.09346383810043335,4.530760634224862e-05,0.012555805966258049,2.2870292013976723e-05,0.11350809037685394,0.00012177840108051896,0.1122499480843544,0.01169251836836338,2.487652272975538e-05,3.4751772659546987e-07,-6.916408892720938e-05,9.110171384635324e-14,0.9140385389328003,7.259506219270406e-06,-0.012554140761494637,3.472114713076735e-06,0,0,0,0,1,0,0,0,1,0,18
0.10628677159547806,7.174708298407495e-05,0.013022299855947495,2.9522647309931926e-05,0.12483616918325424,0.0001458795741200447,0.10975512862205505,0.01103427167981863,2.3476066417060792e-05,3.279605209627334e-07,-6.527172809001058e-05,9.10850374616877e-14,0.9012559056282043,1.1160128451592755e-05,-0.01295384205877781,4.243582225171849e-06,0,0,0,0,1,0,0,0,1,0,5
0.11927655339241028,0.00010405668581370264,0.013374910689890385,3.341985211591236e-05,0.13552172482013702,0.00016861374024301767,0.11078748106956482,0.010406265035271645,2.2139947759569623e-05,3.09287258914992e-07,-6.155532173579559e-05,4.5535010630799386e-14,0.8881267309188843,1.5701132724643685e-05,-0.013260280713438988,4.7885964704619255e-06,0,0,0,0,1,0,0,0,1,0,0
0.1302986443042755,-0.00038767990190535784,0.013405070640146732,2.1553745682467707e-05,0.14560118317604065,0.00019005840294994414,0.11049683392047882,0.009817165322601795,2.0886598576908e-05,2.9178269755902875e-07,-5.8071516832569614e-05,4.552837666875649e-14,0.8747334480285645,2.0845136532443576e-05,-0.013492387719452381,5.425162726169219e-06,0,0,0,0,1,0,0,0,1,0,18
0.14270848035812378,-0.0005943359574303031,0.013405084609985352,8.082453859969974e-06,0.15930145978927612,0.00013600251986645162,0.1510506272315979,0.015317070297896862,-8.542744762962684e-05,-1.9506293824633758e-07,-5.070622137282044e-05,-1.433035521358761e-07,0.8611396551132202,2.6221994630759582e-05,-0.013669097796082497,4.364571850601351e-06,0,0,0,0,1,0,0,0,1,0,13
0.15610209107398987,-0.0005895135109312832,0.013462760485708714,1.0180826393479947e-05,0.17450207471847534,5.124430390424095e-05,0.11878031492233276,0.015037443488836288,-8.368853013962507e-05,-2.513453694064083e-07,-5.2920266170986e-05,-1.816085557493352e-07,0.8473947644233704,2.7958089049207047e-05,-0.013801630586385727,-3.6801725400437135e-07,0,0,0,0,1,0,0,0,1,0,16
0.16970384120941162,-0.0005576041876338422,0.013704860582947731,5.179980507818982e-05,0.18892811238765717,-2.788102938211523e-05,0.1200253888964653,0.014137483201920986,-7.739428838249296e-05,-1.081278810488584e-06,-8.36346298456192e-05,3.6468891058058506e-13,0.8335364460945129,2.5125866159214638e-05,-0.01390050444751978,-4.857220574194798e-06,0,0,0,0,1,0,0,0,1,0,5
0.1835118681192398,-0.0004827883676625788,0.01388455182313919,8.944751607486978e-05,0.20265060663223267,-0.0001030036510201171,0.11485067754983902,0.013405334204435349,-7.338626164710149e-05,-1.02525052625424e-06,-7.930090214358643e-05,-5.46898192965023e-13,0.8195932507514954,1.7755777662387118e-05,-0.01397483516484499,-9.434153071197215e-06,0,0,0,0,1,0,0,0,1,0,13
0.1974731981754303,-0.00040242692921310663,0.014018136076629162,7.124305557226762e-05,0.21564313769340515,-0.0001741300948197022,0.11213156580924988,0.01265956275165081,-6.930361996637657e-05,-9.68120843936049e-07,-7.488202390959486e-05,0.0,0.8055864572525024,5.7886963986675255e-06,-0.014030232094228268,-1.4042876500752755e-05,0,0,0,0,1,0,0,0,1,0,5
0.21154822409152985,-0.00034220877569168806,0.014117009937763214,5.1413906476227567e-05,0.22791029512882233,-0.00024128540826495737,0.108924999833107,0.011950432322919369,-6.5421532781329e-05,-9.13954750103585e-07,-7.069242565194145e-05,0.0,0.7915317416191101,-9.8328409876558e-06,-0.014072306454181671,-1.5911155060166493e-05,0,0,0,0,1,0,0,0,1,0,18
0.22399888932704926,0.00011957420065300539,0.014141228049993515,3.2886789995245636e-05,0.23948335647583008,-0.000304641027469188,0.10870729386806488,0.011269239708781242,-6.169244443299249e-05,-8.618450806352485e-07,-6.666180706815794e-05,-9.109088537715554e-14,0.7774415016174316,-2.5756984541658312e-05,-0.014103160239756107,-1.5933219401631504e-05,0,0,0,0,1,0,0,0,1,0,5
0.2365870624780655,0.0005084944423288107,0.013827226124703884,1.4292013474914711e-05,0.25275883078575134,-0.0002889013849198818,0.14468340575695038,0.01538496371358633,9.132597915595397e-05,5.0885663682720406e-08,-5.389392754295841e-05,9.312545046213927e-08,0.7633248567581177,-4.158695082878694e-05,-0.014126300811767578,-1.5205539966700599e-05,0,0,0,0,1,0,0,0,1,0,18
0.25007274746894836,0.0005132186925038695,0.01340525969862938,-2.48382389145263e-06,0.2680388391017914,-0.00019820252782665193,0.13317938148975372,0.015191853046417236,9.018846321851015e-05,5.0885663682720406e-08,-5.389392754295841e-05,9.312545046213927e-08,0.7491887807846069,-5.475714351632632e-05,-0.014143130742013454,-1.1502836059662513e-05,0,0,0,0,1,0,0,0,1,0,18
0.2636253237724304,0.0004899050109088421,0.013661910779774189,-4.4594307837542146e-05,0.28269097208976746,-0.00011278076999587938,0.12562811374664307,0.014308053068816662,8.28387783258222e-05,1.1573077927096165e-06,-8.464103302685544e-05,1.8235528375949023e-13,0.7350380420684814,-6.42180020804517e-05,-0.014156453311443329,-7.788741640979424e-06,0,0,0,0,1,0,0,0,1,0,5
0.27739670872688293,0.00041849270928651094,0.013852469623088837,-9.268887515645474e-05,0.29661521315574646,-3.2164134609047323e-05,0.11877243965864182,0.013594577088952065,7.870800618547946e-05,1.0995649972755928e-06,-8.041793626034632e-05,-1.8231079081283685e-13,0.720876157283783,-6.750612374162301e-05,-0.014166271314024925,1.3877374840376433e-06,0,0,0,0,1,0,0,0,1,0,7
0.29133057594299316,0.0003274972550570965,0.013994294218719006,-8.228903607232496e-05,0.30980825424194336,4.421901030582376e-05,0.11094540357589722,0.012863571755588055,7.44757562642917e-05,1.0404569366073702e-06,-7.609499880345538e-05,-1.8226763956637193e-13,0.706706166267395,-6.0315793234622106e-05,-0.014173283241689205,1.1939366231672466e-05,0,0,0,0,0,0,1,0,1,0,5
0.3053852617740631,0.0002568955533206463,0.014099303632974625,-6.13661395618692e-05,0.32226642966270447,0.00011634784459602088,0.11248864978551865,0.012135971337556839,7.026321691228077e-05,9.815702242121915e-07,-7.178818486863747e-05,-3.644540452849704e-13,0.6925303339958191,-4.355504279374145e-05,-0.014178192242980003,1.855537630035542e-05,0,0,0,0,1,0,0,0,1,0,6
0.3188161849975586,0.0012552181724458933,0.013805409893393517,0.0002722519275266677,0.33402130007743835,0.00018440469284541905,0.1105976402759552,0.011446919292211533,6.62738602841273e-05,9.25822291719669e-07,-6.771099288016558e-05,1.821907696323427e-13,0.678350031375885,-2.461400981701445e-05,-0.014181697741150856,1.925640390254557e-05,0,0,0,0,0,1,0,0,1,0,12
0.3319556713104248,0.0022188054863363504,0.013206285424530506,0.000316241494147107,0.3468652665615082,0.0020078090019524097,0.14427778124809265,0.014352010563015938,0.0035554252099245787,1.774102565832436e-05,-5.2023624448338524e-05,2.9148127396183554e-06,0.6641663312911987,-4.9725326789484825e-06,-0.014184502884745598,1.995639831875451e-05,0,0,0,0,0,1,0,0,1,0,12
0.3444981873035431,0.0035401408094912767,0.012389000505208969,0.0019713023211807013,0.3611196279525757,0.005538941826671362,0.13287803530693054,0.014172178693115711,0.0035110008902847767,1.774102565832436e-05,-5.2023624448338524e-05,2.9148127396183554e-06,0.6499807834625244,4.898822953691706e-05,-0.014185905456542969,8.178443385986611e-05,0,0,0,0,0,1,0,0,1,0,12
0.3564094305038452,0.006124699488282204,0.01164183858782053,0.0026661742012947798,0.37479135394096375,0.008897077292203903,0.12558762729167938,0.013351183384656906,0.003268476575613022,4.566260031424463e-05,-7.898055628174916e-05,1.750043339410201e-11,0.6357941031455994,0.0001647831086302176,-0.014186606742441654,0.0001436224119970575,0,0,0,0,0,1,0,0,1,0,12
0.3683378994464874,0.008840869180858135,0.012147776782512665,0.0027436602395027876,0.3877844512462616,0.012077895924448967,0.11877264827489853,0.012685745023190975,0.003105572424829006,4.3385414755903184e-05,-7.504181849071756e-05,0.0,0.6216146945953369,0.00047176796942949295,-0.014162063598632812,0.0005749393021687865,0,0,0,0,0,1,0,0,1,0,12
0.3807189166545868,0.011594027280807495,0.012556945905089378,0.0027557879220694304,0.4000958502292633,0.01509182434529066,0.11094209551811218,0.01200420968234539,0.0029387259855866432,4.10552165703848e-05,-7.101140363374725e-05,5.831038343145911e-12,0.6075023412704468,0.0014182667946442962,-0.014059684239327908,0.0012497742427513003,0,0,0,0,0,1,0,0,1,0,12
0.39344730973243713,0.014363504946231842,0.01284585241228342,0.0027992508839815855,0.4117220938205719,0.01793801225721836,0.11248717457056046,0.011325683444738388,0.0027726173866540194,3.873318200930953e-05,-6.699508958263323e-05,-5.829907303439574e-12,0.593531608581543,0.0030291404109448195,-0.013897699303925037,0.0018707017879933119,0,0,0,0,0,1,0,0,1,0,5
0.40640294551849365,0.017208920791745186,0.013035885989665985,0.002881856169551611,0.42269235849380493,0.02062361128628254,0.11059772223234177,0.010682962834835052,0.002615273231640458,3.653442036011256e-05,-6.319199019344524e-05,-1.1657795388753112e-11,0.5797150135040283,0.005134423263370991,-0.013745882548391819,0.0022965148091316223,0,0,0,0,1,0,0,0,1,0,5
0.4191398024559021,0.020419161766767502,0.012600311078131199,0.0027969847433269024,0.4330368936061859,0.023156026378273964,0.11057987809181213,0.010073818266391754,0.0024661500938236713,3.445170295890421e-05,-5.958961628493853e-05,8.741994975136613e-12,0.5660663843154907,0.00766276940703392,-0.01356426440179348,0.0027171876281499863,0,0,0,0,1,0,0,0,1,0,12
0.43057572841644287,0.023293066769838333,0.010915747843682766,0.002005726797506213,0.4427933692932129,0.025544483214616776,0.10921114683151245,0.07075461745262146,-0.0004808101220987737,6.397626293619396e-06,5.859926204720978e-06,0.0005900945980101824,0.5526595115661621,0.010686757043004036,-0.013252566568553448,0.0033047639299184084,0,0,0,0,1,0,0,0,1,0,18
0.4396545886993408,0.02484869956970215,0.008333430625498295,0.0013961176155135036,0.5096431970596313,0.024987006559967995,0.3884536921977997,0.06521455198526382,-0.0006332488264888525,6.264581315917894e-06,2.1037990336481016e-06,0.0005837118369527161,0.5396218299865723,0.014331024140119553,-0.012851462699472904,0.003919205162674189,0,0,0,0,1,0,0,0,1,0,9
0.44729968905448914,0.026171406731009483,0.007350304629653692,0.0012912533711642027,0.5729995369911194,0.024263642728328705,0.5623284578323364,0.0618889257311821,-0.0007959423237480223,6.264581315917894e-06,2.1037990336481016e-06,0.0005837118369527161,0.5272277593612671,0.018424149602651596,-0.01154016051441431,0.0038852959405630827,0,0,0,0,1,0,0,0,1,0,5
0.45414742827415466,0.026901159435510635,0.006367529276758432,0.000625677639618516,0.6332139372825623,0.02338206209242344,0.6373326182365417,0.05888966843485832,-0.0009503219043835998,6.264581315917894e-06,2.1037990336481016e-06,0.0005837118369527161,0.5176395177841187,0.021548040211200714,-0.007690752390772104,0.0023878931533545256,0,0,0,0,1,0,0,0,1,0,7
0.46035727858543396,0.027501346543431282,0.006597182247787714,0.0005939930560998619,0.6905860900878906,0.022351084277033806,0.6182870864868164,0.05616912618279457,-0.0010955670149996877,6.264581315917894e-06,2.1037990336481016e-06,0.0005837118369527161,0.5128428339958191,0.022976834326982498,-0.002276546787470579,0.0006526423385366797,0,0,0,0,0,0,1,0,1,0,5
0.4678065776824951,0.0279821939766407,0.008118853904306889,0.00034613473690114915,0.7453722953796387,0.021180031821131706,0.5093101263046265,0.053688157349824905,-0.0012314061168581247,6.264581315917894e-06,2.1037990336481016e-06,0.0005837118369527161,0.5138328075408936,0.023153390735387802,0.0030514071695506573,0.0001889666891656816,0,0,0,0,1,0,0,0,1,0,1
0.4767586588859558,0.028070110827684402,0.009382452815771103,-0.0001443989749532193,0.7977939248085022,0.01987827569246292,0.31396088004112244,0.051414355635643005,-0.0013579396763816476,6.264581315917894e-06,2.1037990336481016e-06,0.0005837118369527161,0.5177384614944458,0.02341984212398529,0.004607439041137695,0.00028145371470600367,1,0,0,0,0,0,0,0,1,0,6
0.4863783121109009,0.027879228815436363,0.009885591454803944,-0.0002137616102118045,0.8466264605522156,0.018509067595005035,0.14508146047592163,0.04233141243457794,-0.001205004402436316,4.215894023218425e-06,-1.9760027498705313e-05,0.0005275339935906231,0.5232013463973999,0.02343917079269886,0.006146641448140144,-3.346701123518869e-05,0,0,0,0,0,1,0,0,1,0,15
0.496832937002182,0.02764468640089035,0.010798400267958641,-0.0002670862013474107,0.8881792426109314,0.0172666534781456,0.24146245419979095,0.040925610810518265,-0.0012723157415166497,4.215894023218425e-06,-1.9760027498705313e-05,0.0005275339935906231,0.5301977396011353,0.023383107036352158,0.007693494204431772,-7.832224946469069e-05,0,0,0,0,0,1,0,0,0,0,10
0.5080939531326294,0.027364879846572876,0.011617394164204597,-0.0002969629131257534,0.9283614754676819,0.01595945470035076,0.21068456768989563,0.03958280384540558,-0.0013350872322916985,4.215894023218425e-06,-1.9760027498705313e-05,0.0005275339935906231,0.5388184785842896,0.023262960836291313,0.00900262501090765,-0.0001338894508080557,0,0,0,0,0,1,0,0,0,0,12
0.5200972557067871,0.027057169005274773,0.012290550395846367,-0.000328926311340183,0.9664608240127563,0.01462771836668253,0.13018089532852173,0.03464026749134064,-0.0012209066189825535,1.3274141110741766e-06,-4.4528100261231884e-05,0.0004513348394539207,0.548612654209137,0.023092465475201607,0.010002600960433483,-0.00017066657892428339,0,0,0,0,0,1,0,0,0,0,18
0.5326803922653198,0.02671927399933338,0.012806040234863758,-0.00035056984052062035,1.0004053115844727,0.013397459872066975,0.14371204376220703,0.03351852670311928,-0.0012435337994247675,1.1880481451953528e-06,-4.57106543763075e-05,0.000447507860371843,0.5592620372772217,0.022892706096172333,0.010854272171854973,-0.0002006941067520529,0,0,0,0,0,1,0,0,0,0,3
