lt_dp_posx,lt_dp_posy,lt_dp_velx,lt_dp_vely,ball_posx,ball_posy,ball_posz,ball_vel_x,ball_vel_y,ball_rot_x,ball_rot_y,ball_rot_z,rt_gk_posx,rt_gk_posy,rt_gk_velx,rt_gk_vely,action_left,action_top_left,action_top,action_top_right,action_right,action_bottom_right,action_bottom,action_bottom_left,action_sprint,action_dribble,sel_action
-1.0110293626785278,-0.0,0.0,-0.0,0.019999999552965164,-0.0,0.11061639338731766,-0.0,0.0,0.0,-0.0,0.0,1.0110293626785278,0.0,-0.0,0.0,0,0,0,0,0,0,0,0,0,0,5
0.0,-0.0,0.0,-0.0,0.019999999552965164,-0.0,0.11059734225273132,-0.0,0.0,0.0,-0.0,0.0,1.0097103118896484,-9.884149054784075e-11,-0.0033988673239946365,-2.35544500570839e-10,0,0,0,0,1,0,0,0,0,0,5
4.241273563820869e-05,1.1441222969033049e-11,0.0006617647595703602,5.902629513637736e-12,0.019999999552965164,-0.0,0.10930104553699493,-0.0,0.0,0.0,-0.0,0.0,1.005424976348877,-3.2258068438650866e-10,-0.0050032841973006725,-1.9212086088682412e-10,0,0,0,0,1,0,0,0,0,0,5
0.003006112528964877,1.519928627402578e-10,0.004283254500478506,2.455746196672326e-11,0.019999999552965164,-0.0,0.11075475811958313,-0.0,0.0,0.0,-0.0,0.0,0.9995788931846619,-4.2783665499257495e-10,-0.0065179429948329926,-2.046465080729476e-11,0,0,0,0,1,0,0,0,0,0,5
0.005976419895887375,-3.335942633242439e-09,0.005899912212044001,-4.0283978930411024e-10,0.019999999552965164,-0.0,0.11053141206502914,-0.0,0.0,0.0,-0.0,0.0,0.9922854900360107,1.8495126263839978e-10,-0.007902874611318111,5.207551612151917e-10,0,0,0,0,1,0,0,0,0,0,13
0.01208920031785965,-4.567149325396258e-09,0.007388565689325333,-2.3666513193632e-10,0.027043690904974937,-7.464242002264143e-10,0.12339748442173004,0.008541037328541279,-9.062132710901949e-10,3.165869476295935e-12,9.764514288690407e-06,-4.503728119609196e-12,0.9837011694908142,5.348832488039079e-10,-0.009114601649343967,1.9769746950615286e-10,0,0,0,0,1,0,0,0,1,0,16
0.020219657570123672,-4.706699918699542e-09,0.00871200766414404,-1.5976672762541e-10,0.03515337407588959,-1.6084203968702582e-09,0.11658526211977005,0.007856030017137527,-8.355862113340606e-10,1.167331856177789e-11,4.647200694307685e-05,1.3888268392970657e-18,0.9743693470954895,7.059923756713715e-10,-0.009437869302928448,1.851852005074761e-10,0,0,0,0,1,0,0,0,1,0,16
0.02957405149936676,-4.8246446837652e-09,0.009851332753896713,-6.344568620475499e-11,0.04277469217777252,-2.4190416336722365e-09,0.10804859548807144,0.007430294528603554,-7.903038778955818e-10,1.1040613735746607e-11,4.3953197746304795e-05,-6.943580502462801e-19,0.9644050598144531,8.389201555658587e-10,-0.010371208190917969,7.75851466405797e-11,0,0,0,0,1,0,0,0,1,0,5
0.03769775107502937,-7.0189694056921326e-09,0.009381312876939774,-1.677382677200967e-10,0.049968358129262924,-3.1841775882668344e-09,0.11133904755115509,0.007003610488027334,-7.449207917176182e-10,1.0406486436465023e-11,4.142869875067845e-05,-1.3886115655426487e-18,0.9536177515983582,1.0667431382671566e-09,-0.010990395210683346,1.0617173806792835e-09,0,0,0,0,1,0,0,0,1,0,0
0.046701423823833466,-8.300626852530968e-09,0.01024884358048439,-1.0085627472067316e-10,0.060423411428928375,1.4213128451956436e-05,0.14029178023338318,0.013894477859139442,2.8018954253639095e-05,2.853884950582142e-07,8.174314643838443e-06,3.5968724887425196e-07,0.9426805973052979,1.8433206072643316e-09,-0.011172715574502945,5.536046066012545e-10,0,0,0,0,1,0,0,0,1,0,18
0.05729321017861366,1.2056464129273081e-06,0.010675586760044098,4.04682032240089e-06,0.07422768324613571,4.204155629849993e-05,0.1264386922121048,0.013696878217160702,2.7570509701035917e-05,2.7805009494841215e-07,8.972260729933623e-06,3.6781787571271707e-07,0.9311493039131165,2.1736099586888713e-09,-0.011804524809122086,1.3803908016640776e-10,0,0,0,0,1,0,0,0,1,0,5
0.06827076524496078,9.047485946211964e-06,0.011330842971801758,1.0950497198791709e-05,0.08706510066986084,6.690617010463029e-05,0.12639231979846954,0.012363479472696781,2.3459364456357434e-05,-9.719367710658844e-08,4.9115191359305754e-05,3.7784417372677126e-07,0.9190320372581482,2.2566295854176133e-07,-0.012362704612314701,6.340127924886474e-07,0,0,0,0,1,0,0,0,1,0,16
0.07998651266098022,2.4302562451339327e-05,0.012014280073344707,1.793093906599097e-05,0.09903013706207275,8.939954568631947e-05,0.11751991510391235,0.011658850125968456,2.18382465391187e-05,-3.0508408599416725e-07,6.896725244587287e-05,4.5550423242307625e-14,0.9064158201217651,1.6748218740758603e-06,-0.012806584127247334,2.141389131793403e-06,0,0,0,0,1,0,0,0,1,0,18
0.09234046190977097,4.392753180582076e-05,0.01260839868336916,2.1595851649180986e-05,0.11034836620092392,0.00011059979442507029,0.11176735907793045,0.01103160809725523,2.0663363102357835e-05,-2.88655627400658e-07,6.525339267682284e-05,0.0,0.8934142589569092,4.529576926870504e-06,-0.013147382065653801,3.1927806958265137e-06,0,0,0,0,1,0,0,0,1,0,16
0.10520878434181213,6.88562067807652e-05,0.013062270358204842,2.775341272354126e-05,0.12104087322950363,0.00013062800280749798,0.11096873879432678,0.010417248122394085,1.9512603103066795e-05,-2.7258738555246964e-07,6.162100908113644e-05,0.0,0.8801179528236389,8.04952287580818e-06,-0.013407538644969463,3.8012874483683845e-06,0,0,0,0,1,0,0,0,1,0,18
0.11841432750225067,-0.0011668828083202243,0.013238980434834957,2.1448546249303035e-05,0.13113075494766235,0.00014952743367757648,0.10908352583646774,0.00982715841382742,1.840729601099156e-05,-2.571494519543194e-07,5.813113966723904e-05,4.552848847710553e-14,0.8665978312492371,1.2177058124507312e-05,-0.013604585081338882,4.390389221953228e-06,0,0,0,0,1,0,0,0,1,0,0
0.13165336847305298,-0.0022505433298647404,0.013238980434834957,9.53246490098536e-06,0.14378005266189575,2.8020092941005714e-05,0.14720965921878815,0.01553349383175373,-0.00025917895254679024,-6.124694351683502e-08,1.03714810393285e-05,-7.978154599186382e-07,0.852908194065094,1.5018958947621286e-05,-0.013753245584666729,1.3250459005575976e-06,0,0,0,0,1,0,0,0,1,0,5
0.14491237699985504,-0.002244810340926051,0.01333785429596901,1.3207847587182187e-05,0.15920622646808624,-0.00022935336164664477,0.14560677111148834,0.015338599681854248,-0.00025590992299839854,-6.124694351683502e-08,1.03714810393285e-05,-7.978154599186382e-07,0.839091420173645,1.4553867913491558e-05,-0.01386404037475586,-1.9019422552446485e-06,0,0,0,0,1,0,0,0,1,0,16
0.1584068089723587,-0.0021707252599298954,0.013610019348561764,0.00013718871923629194,0.1738969385623932,-0.00047350279055535793,0.12911537289619446,0.013999149203300476,-0.00023158753174357116,1.458725705560937e-06,4.386553700896911e-05,-1.9176081877958495e-06,0.8251792788505554,6.817729627073277e-06,-0.013947486877441406,-1.675542262091767e-05,0,0,0,0,1,0,0,0,1,0,16
0.17213158309459686,-0.0019526202231645584,0.013809168711304665,0.0002823003742378205,0.18747469782829285,-0.0006976953009143472,0.11690200865268707,0.013137148693203926,-0.00021650073176715523,3.0241931199270766e-06,7.770342199364677e-05,-1.093700434037781e-12,0.8111957311630249,-2.244972529297229e-05,-0.014009896665811539,-3.952946644858457e-05,0,0,0,0,1,0,0,0,1,0,16
0.18602795898914337,-0.0016748751513659954,0.013961861841380596,0.0002517244720365852,0.20025207102298737,-0.000908267218619585,0.11498134583234787,0.01246572844684124,-0.00020543579012155533,2.869898253266001e-06,7.37383306841366e-05,-3.644902034274228e-13,0.7971588969230652,-7.383542833849788e-05,-0.014056879095733166,-5.7544373703422025e-05,0,0,0,0,1,0,0,0,1,0,18
0.2000558078289032,-0.0014587660552933812,0.01407651323825121,0.00018800952238962054,0.21233978867530823,-0.001107473042793572,0.10733341425657272,0.011778132058680058,-0.0001941042282851413,2.711704837565776e-06,6.967374793021008e-05,-3.644158813684989e-13,0.7830821871757507,-0.00013054272858425975,-0.01409123931080103,-5.601504381047562e-05,0,0,0,0,1,0,0,0,1,0,16
0.21415798366069794,-0.0013055858435109258,0.014122053049504757,0.00012583087664097548,0.2237517386674881,-0.0012955424608662724,0.11101736128330231,0.011116599664092064,-0.00018320207891520113,2.5592573820176767e-06,6.57568234601058e-05,7.286965085159802e-13,0.7689757347106934,-0.00018569626263342798,-0.014117185026407242,-5.444326961878687e-05,0,0,0,0,1,0,0,0,1,0,16
0.22823882102966309,-0.0012158802710473537,0.013973958790302277,6.225334072951227e-05,0.2361682653427124,-0.0014141842257231474,0.1366603821516037,0.01591673493385315,2.1644036678480916e-05,8.989547382043384e-07,1.2277506357349921e-05,-9.624525318940869e-07,0.7548468708992004,-0.00024057035625446588,-0.014136819168925285,-5.5753469496266916e-05,0,0,0,0,1,0,0,0,1,0,18
0.2418159395456314,-0.0010356814600527287,0.01331257726997137,5.692813829227816e-06,0.25197291374206543,-0.0013927083928138018,0.15771448612213135,0.0157131589949131,2.1359845050028525e-05,8.989547382043384e-07,1.2277506357349921e-05,-9.624525318940869e-07,0.7407016158103943,-0.00029743750928901136,-0.014151545241475105,-5.777631304226816e-05,0,0,0,0,1,0,0,0,1,0,16
0.2551282048225403,0.0007008041720837355,0.013312598690390587,3.3214616905752337e-06,0.26731935143470764,-0.0013726969482377172,0.12169528752565384,0.014493726193904877,1.609471109986771e-05,4.6273788711914676e-07,4.0967697714222595e-05,-1.26034052527757e-07,0.726544201374054,-0.00035449196002446115,-0.014161362312734127,-5.2470670198090374e-05,0,0,0,0,1,0,0,0,1,0,18
0.2684406638145447,0.0010163704864680767,0.013312522321939468,9.482557175033435e-07,0.2830081880092621,-0.0011328340042382479,0.17423634231090546,0.015752354636788368,0.0002633901603985578,4.045696471166593e-07,-7.784909143992991e-07,1.8109751920292183e-07,0.712377667427063,-0.00039799752994440496,-0.014169776812195778,-3.616650792537257e-05,0,0,0,0,1,0,0,0,1,0,7
0.2818373143672943,0.0010015333537012339,0.013516930863261223,-4.7964447730919346e-05,0.29864999651908875,-0.0008712877170182765,0.13477066159248352,0.015551920980215073,0.00026005672407336533,4.045696471166593e-07,-7.784909143992991e-07,1.8109751920292183e-07,0.6982041001319885,-0.0004251865320838988,-0.014176088385283947,-1.984118171094451e-05,0,0,0,0,0,0,1,0,1,0,18
0.2954840064048767,0.0008802689844742417,0.013742377050220966,-0.00018325219571124762,0.31318947672843933,-0.0006293377373367548,0.13702869415283203,0.014029022306203842,0.00023286655778065324,-9.92648210740299e-07,3.1287687306758016e-05,1.9089857232756913e-06,0.6840254068374634,-0.00042760311043821275,-0.01418099645525217,1.184294706035871e-05,0,0,0,0,0,0,1,0,1,0,6
0.30932164192199707,0.0006344734574668109,0.01390891894698143,-0.0002656755968928337,0.32691213488578796,-0.00040180838550440967,0.1179390624165535,0.013180705718696117,0.00021800785907544196,-2.380953901592875e-06,6.290128658292815e-05,1.1727767059710459e-06,0.6698430180549622,-0.00039832666516304016,-0.014183801598846912,4.3542226194404066e-05,0,0,0,0,0,1,0,0,1,0,7
0.3231600522994995,0.0005906957667320967,0.01397055946290493,-0.00021634867880493402,0.3397103548049927,-0.00019023061031475663,0.11499188840389252,0.012490235269069672,0.00020647035853471607,-2.8842791834904347e-06,7.388147059828043e-05,7.289858820758166e-13,0.6556581258773804,-0.00034427744685672224,-0.014185905456542969,5.544288069359027e-05,0,0,0,0,0,0,1,0,1,0,6
0.33615946769714355,0.0016544031677767634,0.013610436581075191,0.00015643666847608984,0.3518329858779907,1.0163327715417836e-05,0.1094159260392189,0.011815926060080528,0.00019532369333319366,-2.728718072830816e-06,6.989671965129673e-05,0.0,0.6414710879325867,-0.00028955371817573905,-0.014188009314239025,5.4135020036483184e-05,0,0,0,0,0,1,0,0,1,0,12
0.3491796851158142,0.0022211724426597357,0.012725591659545898,0.0006778120878152549,0.3656335771083832,0.002757722046226263,0.15521031618118286,0.014225621707737446,0.0033609725069254637,3.6201518014422618e-06,1.611002517165616e-05,1.7479878806625493e-05,0.6272823810577393,-0.00023501778196077794,-0.014189411886036396,6.029934957041405e-05,0,0,0,0,0,1,0,0,1,0,5
0.36156773567199707,0.003835879033431411,0.01214847806841135,0.0023421416990458965,0.379752516746521,0.0060930014587938786,0.11946135014295578,0.013959389179944992,0.00329392496496439,2.3928607788548106e-06,1.7755037333699875e-05,1.8869559426093474e-05,0.6130924820899963,-0.0001548857835587114,-0.014190113171935081,9.635913738748059e-05,0,0,0,0,1,0,0,0,1,0,12
0.37340766191482544,0.0063899364322423935,0.011874647811055183,0.00256455410271883,0.39282500743865967,0.009134948253631592,0.13028568029403687,0.012716412544250488,0.0029448424465954304,-2.274045800731983e-05,5.115166277391836e-05,2.3988815883058123e-05,0.5989024043083191,-3.869308784487657e-05,-0.014190113171935081,0.00013242026034276932,0,0,0,0,1,0,0,0,1,0,17
0.3855559825897217,0.008981609717011452,0.012358146719634533,0.0026003525126725435,0.40515992045402527,0.01198276411741972,0.11858455836772919,0.012015930376946926,0.002770102582871914,-3.8698814023518935e-05,7.107954297680408e-05,-5.831057858785016e-12,0.5847312808036804,0.00040398145210929215,-0.014136819168925285,0.0008134942036122084,0,0,0,0,1,0,0,0,1,1,6
0.39813539385795593,0.01157402154058218,0.012745576910674572,0.00258257077075541,0.4168262481689453,0.014672273769974709,0.11102482676506042,0.011379598639905453,0.002623404609039426,-3.664992982521653e-05,6.731628673151135e-05,-5.82999534065598e-12,0.5706796050071716,0.0016780318692326546,-0.013964316807687283,0.001649332232773304,0,0,0,0,0,1,0,0,1,1,12
0.4110301733016968,0.014185121282935143,0.01299942284822464,0.0026445782277733088,0.42785194516181946,0.017214100807905197,0.11248774826526642,0.010743930004537106,0.002476859139278531,-3.460148582234979e-05,6.355384539347142e-05,-1.1657982738888517e-11,0.5568581819534302,0.0037644575349986553,-0.01370240654796362,0.0024056497495621443,0,0,0,0,0,1,0,0,1,1,14
0.42398276925086975,0.017030149698257446,0.012941752560436726,0.002654035110026598,0.43826180696487427,0.019613925367593765,0.10797764360904694,0.010139056481420994,0.002337414538487792,-3.265391933382489e-05,5.997667176416144e-05,5.8280906142793576e-12,0.5433175563812256,0.006524939090013504,-0.013397371396422386,0.003048627870157361,0,0,0,0,0,0,0,0,1,1,7
0.435930460691452,0.019895631819963455,0.011681126430630684,0.002037107478827238,0.4480838477611542,0.021878257393836975,0.1113424226641655,0.009567704983055592,0.002205698052421212,-3.081314207520336e-05,5.6595636124257e-05,5.82728743730998e-12,0.5301216244697571,0.009919780306518078,-0.013020459562540054,0.003675424959510565,0,0,0,0,0,0,1,0,1,1,18
0.44594287872314453,0.021669404581189156,0.008467365987598896,0.001153321354649961,0.49358850717544556,0.022818196564912796,0.33210816979408264,0.060088030993938446,0.00020629764185287058,-9.891241461446043e-07,3.535803625709377e-05,0.0019107768312096596,0.5188199281692505,0.013549885712563992,-0.009870529174804688,0.003990844823420048,0,0,0,0,0,0,1,0,1,0,17
0.45391565561294556,0.02289259433746338,0.0073944819159805775,0.0011787174735218287,0.5521474480628967,0.022670544683933258,0.4836256802082062,0.05733310431241989,-0.00042929165647365153,-9.891241461446043e-07,3.535803625709377e-05,0.0019107768312096596,0.5094838738441467,0.018041301518678665,-0.00886846985667944,0.004886639770120382,0,0,0,0,0,0,1,0,1,1,5
0.4610130786895752,0.02370641753077507,0.0068994127213954926,0.0005705647636204958,0.6080375909805298,0.021916406229138374,0.4532158076763153,0.05473020300269127,-0.0010120588121935725,-9.891241461446043e-07,3.535803625709377e-05,0.0019107768312096596,0.5009493827819824,0.02323644980788231,-0.008337638340890408,0.005149228032678366,0,0,0,0,1,0,0,0,1,1,13
0.46723702549934387,0.024242287501692772,0.006082989741116762,0.000519188994076103,0.6613959074020386,0.020608002319931984,0.25255557894706726,0.05225308611989021,-0.001543292892165482,-9.891241461446043e-07,3.535803625709377e-05,0.0019107768312096596,0.49559760093688965,0.026948582381010056,-0.0042325216345489025,0.0029335820581763983,0,0,0,0,1,0,0,0,1,1,7
0.47407153248786926,0.024766365066170692,0.007578941993415356,0.0004558625223580748,0.7087427973747253,0.01896636001765728,0.19507046043872833,0.04292017221450806,-0.0016601565293967724,1.373656573377957e-06,5.673287887475453e-05,0.001741898595355451,0.49282336235046387,0.029519548639655113,-0.0031092409044504166,0.002371289301663637,0,0,0,0,0,0,1,0,1,1,13
0.482118159532547,0.025122277438640594,0.008672431111335754,0.00020728462550323457,0.7508552670478821,0.017130153253674507,0.22366827726364136,0.04144688695669174,-0.0019753233063966036,1.373656573377957e-06,5.673287887475453e-05,0.001741898595355451,0.4913693368434906,0.0314103364944458,-0.0018782225670292974,0.001578858937136829,0,0,0,0,0,0,1,0,1,1,4
0.48993533849716187,0.02432907558977604,0.00826970487833023,-0.001295217894949019,0.7911006808280945,0.015022595413029194,0.1221444234251976,0.036715999245643616,-0.002030785894021392,5.162310117157176e-06,7.818009180482477e-05,0.0015167653327807784,0.4912008047103882,0.03310611844062805,-0.000916900928132236,0.0008461594698019326,0,0,0,1,0,0,0,0,1,1,18
0.49771827459335327,0.022000744938850403,0.007809774950146675,-0.0033167670480906963,0.826789915561676,0.012921258807182312,0.13840119540691376,0.035192541778087616,-0.002177737420424819,5.714709459425649e-06,8.126788452500477e-05,0.0014810583088546991,0.49109283089637756,0.033513691276311874,-0.00041207188041880727,0.00035248964559286833,0,0,0,1,0,0,0,0,1,0,1
0.5052721500396729,0.018207836896181107,0.007754569873213768,-0.0038338685408234596,0.8596288561820984,0.01081349141895771,0.11477428674697876,0.031056225299835205,-0.0020416141487658024,1.3592633877124172e-05,0.00011765083763748407,0.0009941469179466367,0.49201950430870056,0.03344184160232544,0.002198729896917939,-3.426129842409864e-05,1,0,0,0,0,0,0,0,1,0,6
0.5135793089866638,0.015523761510848999,0.009067688137292862,-0.0018534830305725336,0.8886991739273071,0.008885935880243778,0.11037800461053848,0.027760520577430725,-0.0018441968131810427,2.5760309654287994e-05,0.00016419377061538398,1.1752074140225499e-11,0.49617573618888855,0.03327758237719536,0.004631614312529564,-9.98280884232372e-05,0,0,0,0,0,1,0,0,1,0,15
0.5235145092010498,0.014403626322746277,0.010425063781440258,-0.0007466831593774259,0.9151123762130737,0.007131256628781557,0.11018002033233643,0.025367483496665955,-0.0016852219123393297,2.3540495021734387e-05,0.00015004482702352107,2.3467446735869757e-11,0.5022017955780029,0.033066023141145706,0.006346814334392548,-0.0003107266966253519,0,0,0,0,0,1,0,0,0,0,3
0.5341974496841431,0.013769018463790417,0.010741894133388996,-0.0005739463958889246,0.9393242597579956,0.005522796884179115,0.11024637520313263,0.023311858996748924,-0.0015486626653000712,2.163325007131789e-05,0.00013788822980131954,1.1719310417934725e-11,0.5102086663246155,0.032556965947151184,0.008184175007045269,-0.0005205755587667227,0,0,1,0,0,0,0,0,0,0,3
0.5454296469688416,0.013224877417087555,0.011540377512574196,-0.0004766928614117205,0.9616333842277527,0.004040751606225967,0.11027579009532928,0.021524665877223015,-0.0014299346366897225,1.997497383854352e-05,0.0001273185043828562,5.853894625984513e-12,0.5193851590156555,0.03189603239297867,0.00930545013397932,-0.0006135915755294263,0,0,1,0,0,0,0,0,0,0,3
0.557385265827179,0.01277623139321804,0.012233789078891277,-0.0004281387373339385,0.982278048992157,0.002669278997927904,0.11029931157827377,0.019953813403844833,-0.0013255792437121272,1.851737397373654e-05,0.00011802795779658481,5.849216944131541e-12,0.5294259190559387,0.03121267445385456,0.009915449656546116,-0.0006540064932778478,0,0,1,0,0,0,0,0,0,0,13
0.5699523687362671,0.01235156413167715,0.012772170826792717,-0.0004059678758494556,1.0014519691467285,0.0013955042231827974,0.11031682044267654,0.018559934571385384,-0.001232980052009225,1.7223959730472416e-05,0.00010978386853821576,-2.922684013209609e-12,0.5400714874267578,0.030541688203811646,0.010744890198111534,-0.0006750521715730429,0,0,1,0,0,0,0,0,1,0,18
