lt_dp_posx,lt_dp_posy,lt_dp_velx,lt_dp_vely,ball_posx,ball_posy,ball_posz,ball_vel_x,ball_vel_y,ball_rot_x,ball_rot_y,ball_rot_z,rt_gk_posx,rt_gk_posy,rt_gk_velx,rt_gk_vely,action_left,action_top_left,action_top,action_top_right,action_right,action_bottom_right,action_bottom,action_bottom_left,action_sprint,action_dribble,sel_action
-1.0110293626785278,-0.0,0.0,-0.0,0.019999999552965164,-0.0,0.11061639338731766,-0.0,0.0,0.0,-0.0,0.0,1.0110293626785278,0.0,-0.0,0.0,0,0,0,0,0,0,0,0,0,0,5
0.0,-0.0,0.0,-0.0,0.019999999552965164,-0.0,0.11059734225273132,-0.0,0.0,0.0,-0.0,0.0,1.0110293626785278,0.0,-0.0,0.0,0,0,0,0,1,0,0,0,0,0,5
4.241273563820869e-05,1.1441222969033049e-11,0.0006617647595703602,5.902629513637736e-12,0.019999999552965164,-0.0,0.10930104553699493,-0.0,0.0,0.0,-0.0,0.0,1.0106345415115356,-3.1861822208378854e-11,-0.001967654563486576,-1.5578560663698227e-10,0,0,0,0,1,0,0,0,0,0,5
0.003006112528964877,1.519928627402578e-10,0.004283254500478506,2.455746196672326e-11,0.019999999552965164,-0.0,0.11075475811958313,-0.0,0.0,0.0,-0.0,0.0,1.0068784952163696,-2.6190344337706506e-10,-0.004527849145233631,-2.1994273069481096e-10,0,0,0,0,1,0,0,0,0,0,5
0.005976419895887375,-3.335942633242439e-09,0.005899912212044001,-4.0283978930411024e-10,0.019999999552965164,-0.0,0.11053141206502914,-0.0,0.0,0.0,-0.0,0.0,1.0014904737472534,-4.1574887976736363e-10,-0.006076167803257704,-8.290019365420065e-11,0,0,0,0,1,0,0,0,0,0,13
0.01208920031785965,-4.567149325396258e-09,0.007388565689325333,-2.3666513193632e-10,0.027043690904974937,-7.464242002264143e-10,0.12339748442173004,0.008541037328541279,-9.062132710901949e-10,3.165869476295935e-12,9.764514288690407e-06,-4.503728119609196e-12,0.9946169853210449,1.7125736592737972e-11,-0.007505276706069708,5.829740024054786e-10,0,0,0,0,1,0,0,0,1,0,13
0.020219657570123672,-4.706699918699542e-09,0.00871200766414404,-1.5976672762541e-10,0.03515337407588959,-1.6084203968702582e-09,0.11658526211977005,0.007856030017137527,-8.355862113340606e-10,1.167331856177789e-11,4.647200694307685e-05,1.3888268392970657e-18,0.986401379108429,4.367909367530842e-10,-0.008770297281444073,2.659597264642599e-10,0,0,0,0,1,0,0,0,1,0,16
0.02957405149936676,-4.8246446837652e-09,0.009851332753896713,-6.344568620475499e-11,0.04277469217777252,-2.4190416336722365e-09,0.10804859548807144,0.007430294528603554,-7.903038778955818e-10,1.1040613735746607e-11,4.3953197746304795e-05,-6.943580502462801e-19,0.9771802425384521,7.870904483731067e-10,-0.009335489943623543,8.597227374451677e-10,0,0,0,0,1,0,0,0,1,0,5
0.03769775107502937,-7.0189694056921326e-09,0.009381312876939774,-1.677382677200967e-10,0.049968358129262924,-3.1841775882668344e-09,0.11133904755115509,0.007003610488027334,-7.449207917176182e-10,1.0406486436465023e-11,4.142869875067845e-05,-1.3886115655426487e-18,0.9674903154373169,1.4797990610659895e-09,-0.010107545182108879,5.518103751711578e-10,0,0,0,0,1,0,0,0,1,0,0
0.046701423823833466,-8.300626852530968e-09,0.01024884358048439,-1.0085627472067316e-10,0.060423411428928375,1.4213128451956436e-05,0.14029178023338318,0.013894477859139442,2.8018954253639095e-05,2.853884950582142e-07,8.174314643838443e-06,3.5968724887425196e-07,0.9569175243377686,1.8180714711490964e-09,-0.01093008928000927,1.6039226891084724e-10,0,0,0,0,1,0,0,0,1,0,5
0.05729321017861366,1.2056464129273081e-06,0.010675586760044098,4.04682032240089e-06,0.07422768324613571,4.204155629849993e-05,0.1264386922121048,0.013696878217160702,2.7570509701035917e-05,2.7805009494841215e-07,8.972260729933623e-06,3.6781787571271707e-07,0.9460111856460571,4.937783728564682e-07,-0.010957437567412853,9.689451871963684e-07,0,0,0,0,1,0,0,0,1,0,18
0.06827076524496078,9.047485946211964e-06,0.011330842971801758,1.0950497198791709e-05,0.08706510066986084,6.690617010463029e-05,0.12639231979846954,0.012363479472696781,2.3459364456357434e-05,-9.719367710658844e-08,4.9115191359305754e-05,3.7784417372677126e-07,0.9346734285354614,2.104019813486957e-06,-0.011628516018390656,2.135323029506253e-06,0,0,0,0,1,0,0,0,1,0,0
0.07998651266098022,2.4302562451339327e-05,0.012014280073344707,1.793093906599097e-05,0.09903013706207275,8.939954568631947e-05,0.11751991510391235,0.011658850125968456,2.18382465391187e-05,-3.0508408599416725e-07,6.896725244587287e-05,4.5550423242307625e-14,0.9227253198623657,4.652576990338275e-06,-0.012204927392303944,2.7491282708069775e-06,0,0,0,0,1,0,0,0,1,0,18
0.09234046190977097,4.392753180582076e-05,0.01260839868336916,2.1595851649180986e-05,0.11034836620092392,0.00011059979442507029,0.11176735907793045,0.01103160809725523,2.0663363102357835e-05,-2.88655627400658e-07,6.525339267682284e-05,0.0,0.9102458953857422,7.657491551071871e-06,-0.012685270980000496,3.2340064990421524e-06,0,0,0,0,1,0,0,0,1,0,0
0.10520878434181213,6.88562067807652e-05,0.013062270358204842,2.775341272354126e-05,0.12104087322950363,0.00013062800280749798,0.11096873879432678,0.010417248122394085,1.9512603103066795e-05,-2.7258738555246964e-07,6.162100908113644e-05,0.0,0.8973493576049805,1.1164388524775859e-05,-0.013054819777607918,3.702877620526124e-06,0,0,0,0,1,0,0,0,1,0,16
0.11841432750225067,-0.0011668828083202243,0.013238980434834957,2.1448546249303035e-05,0.13113075494766235,0.00014952743367757648,0.10908352583646774,0.00982715841382742,1.840729601099156e-05,-2.571494519543194e-07,5.813113966723904e-05,4.552848847710553e-14,0.8841332197189331,1.5100968994374853e-05,-0.01333671435713768,4.167584847891703e-06,0,0,0,0,1,0,0,0,1,0,5
0.13165336847305298,-0.0022505433298647404,0.013238980434834957,9.53246490098536e-06,0.14378005266189575,2.8020092941005714e-05,0.14720965921878815,0.01553349383175373,-0.00025917895254679024,-6.124694351683502e-08,1.03714810393285e-05,-7.978154599186382e-07,0.8706738948822021,1.9552169760572724e-05,-0.0135505897924304,4.67535619463888e-06,0,0,0,0,1,0,0,0,1,0,5
0.14491237699985504,-0.002244810340926051,0.01333785429596901,1.3207847587182187e-05,0.15920622646808624,-0.00022935336164664477,0.14560677111148834,0.015338599681854248,-0.00025590992299839854,-6.124694351683502e-08,1.03714810393285e-05,-7.978154599186382e-07,0.8570301532745361,1.866840830189176e-05,-0.013712574727833271,-1.0932178156508598e-05,0,0,0,0,1,0,0,0,1,0,5
0.1584068089723587,-0.0021707252599298954,0.013610019348561764,0.00013718871923629194,0.1738969385623932,-0.00047350279055535793,0.12911537289619446,0.013999149203300476,-0.00023158753174357116,1.458725705560937e-06,4.386553700896911e-05,-1.9176081877958495e-06,0.8432478308677673,-6.551074420713121e-06,-0.013833887875080109,-3.6442452255869284e-05,0,0,0,0,1,0,0,0,1,0,16
0.17213158309459686,-0.0019526202231645584,0.013809168711304665,0.0002823003742378205,0.18747469782829285,-0.0006976953009143472,0.11690200865268707,0.013137148693203926,-0.00021650073176715523,3.0241931199270766e-06,7.770342199364677e-05,-1.093700434037781e-12,0.8293614387512207,-5.509732727659866e-05,-0.013925047591328621,-5.379111826187e-05,0,0,0,0,1,0,0,0,1,0,16
0.18602795898914337,-0.0016748751513659954,0.013961861841380596,0.0002517244720365852,0.20025207102298737,-0.000908267218619585,0.11498134583234787,0.01246572844684124,-0.00020543579012155533,2.869898253266001e-06,7.37383306841366e-05,-3.644902034274228e-13,0.8153972029685974,-0.00010898877371801063,-0.013993768021464348,-5.396189953899011e-05,0,0,0,0,1,0,0,0,1,0,13
0.2000558078289032,-0.0014587660552933812,0.01407651323825121,0.00018800952238962054,0.21233978867530823,-0.001107473042793572,0.10733341425657272,0.011778132058680058,-0.0001941042282851413,2.711704837565776e-06,6.967374793021008e-05,-3.644158813684989e-13,0.8013747930526733,-0.00016301247524097562,-0.014044256880879402,-5.406561467680149e-05,0,0,0,0,1,0,0,0,1,0,16
0.21415798366069794,-0.0013055858435109258,0.014122053049504757,0.00012583087664097548,0.2237517386674881,-0.0012955424608662724,0.11101736128330231,0.011116599664092064,-0.00018320207891520113,2.5592573820176767e-06,6.57568234601058e-05,7.286965085159802e-13,0.7873087525367737,-0.00021705287508666515,-0.014082123525440693,-5.4002448450773954e-05,0,0,0,0,1,0,0,0,1,0,16
0.22823882102966309,-0.0012158802710473537,0.013973958790302277,6.225334072951227e-05,0.2361682653427124,-0.0014141842257231474,0.1366603821516037,0.01591673493385315,2.1644036678480916e-05,8.989547382043384e-07,1.2277506357349921e-05,-9.624525318940869e-07,0.7732102870941162,-0.0002709953114390373,-0.014110873453319073,-5.388837234931998e-05,0,0,0,0,1,0,0,0,1,0,18
0.2418159395456314,-0.0010356814600527287,0.01331257726997137,5.692813829227816e-06,0.25197291374206543,-0.0013927083928138018,0.15771448612213135,0.0157131589949131,2.1359845050028525e-05,8.989547382043384e-07,1.2277506357349921e-05,-9.624525318940869e-07,0.7590875029563904,-0.0003230615402571857,-0.014131911098957062,-4.792746403836645e-05,0,0,0,0,1,0,0,0,1,0,16
0.2551282048225403,0.0007008041720837355,0.013312598690390587,3.3214616905752337e-06,0.26731935143470764,-0.0013726969482377172,0.12169528752565384,0.014493726193904877,1.609471109986771e-05,4.6273788711914676e-07,4.0967697714222595e-05,-1.26034052527757e-07,0.7449465394020081,-0.0003644944808911532,-0.014148038811981678,-3.611325882957317e-05,0,0,0,0,1,0,0,0,1,0,13
0.2684406638145447,0.0010163704864680767,0.013312522321939468,9.482557175033435e-07,0.2830081880092621,-0.0011328340042382479,0.17423634231090546,0.015752354636788368,0.0002633901603985578,4.045696471166593e-07,-7.784909143992991e-07,1.8109751920292183e-07,0.7307921648025513,-0.00039410300087183714,-0.01415925845503807,-2.4359209419344552e-05,0,0,0,0,1,0,0,0,1,0,0
0.2818373143672943,0.0010015333537012339,0.013516930863261223,-4.7964447730919346e-05,0.29864999651908875,-0.0008712877170182765,0.13477066159248352,0.015551920980215073,0.00026005672407336533,4.045696471166593e-07,-7.784909143992991e-07,1.8109751920292183e-07,0.7166275382041931,-0.00041246856562793255,-0.014168374240398407,-1.3459170986607205e-05,0,0,0,0,1,0,0,0,1,0,18
0.2954840064048767,0.0008802689844742417,0.013742377050220966,-0.00018325219571124762,0.31318947672843933,-0.0006293377373367548,0.13702869415283203,0.014029022306203842,0.00023286655778065324,-9.92648210740299e-07,3.1287687306758016e-05,1.9089857232756913e-06,0.7024555206298828,-0.00041992560727521777,-0.014174685813486576,-2.544872359067085e-06,0,0,0,0,1,0,0,0,1,0,0
0.30932164192199707,0.0006344734574668109,0.01390891894698143,-0.0002656755968928337,0.32691213488578796,-0.00040180838550440967,0.1179390624165535,0.013180705718696117,0.00021800785907544196,-2.380953901592875e-06,6.290128658292815e-05,1.1727767059710459e-06,0.6882777810096741,-0.00041374913416802883,-0.014179594814777374,1.5163624993874691e-05,0,0,0,0,1,0,0,0,1,0,6
0.3231600522994995,0.0005906957667320967,0.01397055946290493,-0.00021634867880493402,0.3397103548049927,-0.00019023061031475663,0.11499188840389252,0.012490235269069672,0.00020647035853471607,-2.8842791834904347e-06,7.388147059828043e-05,7.289858820758166e-13,0.674095869064331,-0.0003872421511914581,-0.014183801598846912,3.578952237148769e-05,0,0,0,0,0,1,0,0,1,0,6
0.33615946769714355,0.0016544031677767634,0.013610436581075191,0.00015643666847608984,0.3518329858779907,1.0163327715417836e-05,0.1094159260392189,0.011815926060080528,0.00019532369333319366,-2.728718072830816e-06,6.989671965129673e-05,0.0,0.6599111557006836,-0.00034037476871162653,-0.014185905456542969,5.507614332600497e-05,0,0,0,0,0,1,0,0,1,0,12
0.3491796851158142,0.0022211724426597357,0.012725591659545898,0.0006778120878152549,0.3656335771083832,0.002757722046226263,0.15521031618118286,0.014225621707737446,0.0033609725069254637,3.6201518014422618e-06,1.611002517165616e-05,1.7479878806625493e-05,0.6457242965698242,-0.00027641639462672174,-0.01418730802834034,7.122589886421338e-05,0,0,0,0,0,1,0,0,1,0,1
0.36156773567199707,0.003835879033431411,0.01214847806841135,0.0023421416990458965,0.379752516746521,0.0060930014587938786,0.11946135014295578,0.013959389179944992,0.00329392496496439,2.3928607788548106e-06,1.7755037333699875e-05,1.8869559426093474e-05,0.6315360069274902,-0.00019630756287369877,-0.01418871060013771,8.737677126191556e-05,1,0,0,0,0,0,0,0,1,0,12
0.37340766191482544,0.0063899364322423935,0.011874647811055183,0.00256455410271883,0.39282500743865967,0.009134948253631592,0.13028568029403687,0.012716412544250488,0.0029448424465954304,-2.274045800731983e-05,5.115166277391836e-05,2.3988815883058123e-05,0.6173590421676636,0.0001586173748364672,-0.014158557169139385,0.000620693142991513,1,0,0,0,0,0,0,0,1,0,16
0.3855559825897217,0.008981609717011452,0.012358146719634533,0.0026003525126725435,0.40515992045402527,0.01198276411741972,0.11858455836772919,0.012015930376946926,0.002770102582871914,-3.8698814023518935e-05,7.107954297680408e-05,-5.831057858785016e-12,0.6032450795173645,0.0011032066540792584,-0.01406950131058693,0.0012090402888134122,1,0,0,0,0,0,0,0,1,0,12
0.39813539385795593,0.01157402154058218,0.012745576910674572,0.00258257077075541,0.4168262481689453,0.014672273769974709,0.11102482676506042,0.011379598639905453,0.002623404609039426,-3.664992982521653e-05,6.731628673151135e-05,-5.82999534065598e-12,0.5892448425292969,0.002606744412332773,-0.013948188163340092,0.0017029406735673547,1,0,0,0,0,0,0,0,1,0,12
0.4110301733016968,0.014185121282935143,0.01299942284822464,0.0026445782277733088,0.42785194516181946,0.017214100807905197,0.11248774826526642,0.010743930004537106,0.002476859139278531,-3.460148582234979e-05,6.355384539347142e-05,-1.1657982738888517e-11,0.5753655433654785,0.0045301299542188644,-0.013818810693919659,0.002103188307955861,1,0,0,0,0,0,0,0,1,0,5
0.42398276925086975,0.017030149698257446,0.012941752560436726,0.002654035110026598,0.43826180696487427,0.019613925367593765,0.10797764360904694,0.010139056481420994,0.002337414538487792,-3.265391933382489e-05,5.997667176416144e-05,5.8280906142793576e-12,0.561631441116333,0.006854186300188303,-0.01365121640264988,0.002525554271414876,0,0,0,0,1,0,0,0,1,0,12
0.435930460691452,0.019895631819963455,0.011681126430630684,0.002037107478827238,0.4480838477611542,0.021878257393836975,0.1113424226641655,0.009567704983055592,0.002205698052421212,-3.081314207520336e-05,5.6595636124257e-05,5.82728743730998e-12,0.5481516718864441,0.009737563319504261,-0.01332829985767603,0.0031738190446048975,0,0,0,0,1,0,0,0,1,0,18
0.44594287872314453,0.021669404581189156,0.008467365987598896,0.001153321354649961,0.4968894124031067,0.022289764136075974,0.26246345043182373,0.0646393895149231,-0.0003820918791461736,-1.231426176673267e-05,3.2200547138927504e-05,0.0004230212070979178,0.5350351929664612,0.013259988278150558,-0.01293245516717434,0.0038048012647777796,0,0,0,0,1,0,0,0,1,0,7
0.45391565561294556,0.02289259433746338,0.0073944819159805775,0.0011787174735218287,0.5597299337387085,0.02184121310710907,0.32187291979789734,0.061407942324876785,-0.0005034627392888069,-1.231426176673267e-05,3.2200547138927504e-05,0.0004230212070979178,0.5230004191398621,0.016981353983283043,-0.01073935441672802,0.00332749355584383,0,0,0,0,0,0,1,0,1,0,13
0.4610130786895752,0.02370641753077507,0.0068994127213954926,0.0005705647636204958,0.6194733381271362,0.02126963995397091,0.2071000635623932,0.05841364711523056,-0.000627597444690764,-1.231426176673267e-05,3.2200547138927504e-05,0.0004230212070979178,0.5146394371986389,0.019546115770936012,-0.006156107876449823,0.0018616184825077653,0,0,0,0,0,0,1,0,1,0,16
0.46729910373687744,0.024226274341344833,0.006132967304438353,0.0005071813357062638,0.6726592183113098,0.020682141184806824,0.1673700362443924,0.04855506122112274,-0.0005275177536532283,-1.050956234394107e-05,5.606582999462262e-05,0.000377962423954159,0.5115363001823425,0.020457688719034195,-0.0005431034951470792,8.852288010530174e-05,0,0,0,0,0,0,1,0,1,0,5
0.474300354719162,0.024696458131074905,0.007689349818974733,0.00039641367038711905,0.7201796174049377,0.020111486315727234,0.1293410211801529,0.04667378216981888,-0.0006064963527023792,-1.050956234394107e-05,5.606582999462262e-05,0.000377962423954159,0.5138100385665894,0.02034587413072586,0.003478456987068057,-3.727429066202603e-05,0,0,0,0,1,0,0,0,1,0,18
0.48275741934776306,0.02492612414062023,0.009050790220499039,5.6838303862605244e-05,0.7621181011199951,0.019585201516747475,0.12008994817733765,0.03975624963641167,-0.0005052831256762147,-7.411734259221703e-06,8.934233483159915e-05,0.00030410211184062064,0.5181457996368408,0.020377760753035545,0.005029580090194941,-7.480525528080761e-05,0,0,0,0,1,0,0,0,1,0,11
0.492040753364563,0.024850651621818542,0.009411566890776157,-0.00010541151277720928,0.7982473373413086,0.01914672739803791,0.11248572915792465,0.033691536635160446,-0.00039482975262217224,-3.966182759995718e-07,0.0001516328047728166,0.00013733473315369338,0.5241990685462952,0.020312966778874397,0.006699622143059969,-5.968057666905224e-05,0,0,0,0,1,0,0,0,1,0,18
0.5020502805709839,0.024734076112508774,0.010466143488883972,-0.0001313196844421327,0.829860508441925,0.018782125785946846,0.10935372114181519,0.030151203274726868,-0.0003463819157332182,4.838491804548539e-06,0.00017833831952884793,1.4715156176903221e-12,0.531858503818512,0.020251568406820297,0.008097272366285324,-5.315881207934581e-05,0,0,0,0,1,0,0,0,1,0,4
0.5129991769790649,0.024590181186795235,0.011328653432428837,-0.00015449301281478256,0.8584613800048828,0.018453555181622505,0.10938075184822083,0.02740248292684555,-0.00031480431789532304,4.3975132939522155e-06,0.00016208458691835403,0.0,0.5408329963684082,0.02019474282860756,0.009422732517123222,-5.2696945203933865e-05,0,0,0,1,0,0,0,0,1,0,3
0.5247510671615601,0.024430979043245316,0.012070604600012302,-0.00017134037625510246,0.8845495581626892,0.018153848126530647,0.10953724384307861,0.025067469105124474,-0.0002879793755710125,4.022843313578051e-06,0.00014827484847046435,1.4664435030870004e-12,0.5508285164833069,0.020129717886447906,0.010256798937916756,-5.9768550272565335e-05,0,0,1,0,0,0,0,0,1,0,17
0.5371487140655518,0.024253936484456062,0.012647639028728008,-0.00018966419156640768,0.9084872603416443,0.01787884719669819,0.10965067893266678,0.023056238889694214,-0.00026487407740205526,3.7001120745117078e-06,0.00013637953088618815,-1.464701081775599e-12,0.5616831183433533,0.020055679604411125,0.01106417179107666,-6.729331653332338e-05,0,0,1,0,0,0,0,0,1,1,12
0.5493786334991455,0.023385196924209595,0.011387421749532223,-0.0017025945708155632,0.930560290813446,0.017625268548727036,0.10973341017961502,0.021303124725818634,-0.00024473396479152143,3.41879194820649e-06,0.00012601054913830012,7.316518267977412e-13,0.5732656717300415,0.019848449155688286,0.011771594174206257,-0.0001945976255228743,0,0,1,0,0,0,0,0,1,1,7
0.5585843920707703,0.021342683583498,0.006774488836526871,-0.002336897887289524,0.9509984850883484,0.01739046908915043,0.10979463160037994,0.019758988171815872,-0.00022699468536302447,3.171000798829482e-06,0.00011687743244692683,1.4621657834154589e-12,0.584877073764801,0.019437484443187714,0.011947396211326122,-0.00025779459974728525,0,0,0,0,0,0,1,0,1,1,9
0.562800943851471,0.018791595473885536,0.002358117839321494,-0.001925467629916966,0.9699897170066833,0.017172297462821007,0.10984056442975998,0.0183863528072834,-0.0002112256916007027,2.9507282306440175e-06,0.0001087585260393098,0.0,0.596005380153656,0.018907910212874413,0.011647101491689682,-0.00039507634937763214,0,0,0,0,0,0,1,0,1,1,17
0.5656726956367493,0.016972512006759644,0.0009816448437049985,-0.0007275656680576503,0.9876887202262878,0.016968969255685806,0.10987544804811478,0.017156153917312622,-0.00019709294429048896,2.7533096726983786e-06,0.00010148200817639008,-7.302221436029932e-13,0.6084437966346741,0.018666887655854225,0.01271963119506836,-0.00018694183381740004,0,0,0,0,0,0,1,0,1,1,9
0.5662565231323242,0.016717173159122467,0.00018249463755637407,-6.182450306368992e-06,1.0042248964309692,0.01677899993956089,0.10990224033594131,0.01604549214243889,-0.00018433353397995234,2.575070993771078e-06,9.491244418313727e-05,-1.0948383042178045e-12,0.6213712096214294,0.01853453740477562,0.013082168065011501,-9.588077227817848e-05,0,0,0,0,0,0,1,0,1,1,2
