lt_dp_posx,lt_dp_posy,lt_dp_velx,lt_dp_vely,ball_posx,ball_posy,ball_posz,ball_vel_x,ball_vel_y,ball_rot_x,ball_rot_y,ball_rot_z,rt_gk_posx,rt_gk_posy,rt_gk_velx,rt_gk_vely,action_left,action_top_left,action_top,action_top_right,action_right,action_bottom_right,action_bottom,action_bottom_left,action_sprint,action_dribble,sel_action
-1.0110293626785278,-0.0,0.0,-0.0,0.019999999552965164,-0.0,0.11061639338731766,-0.0,0.0,0.0,-0.0,0.0,1.0110293626785278,0.0,-0.0,0.0,0,0,0,0,0,0,0,0,0,0,5
0.0,-0.0,0.0,-0.0,0.019999999552965164,-0.0,0.11059734225273132,-0.0,0.0,0.0,-0.0,0.0,1.0110293626785278,0.0,-0.0,0.0,0,0,0,0,1,0,0,0,0,0,5
0.002606003312394023,1.3665313325361694e-10,0.004109717905521393,2.5224038135984728e-11,0.019999999552965164,-0.0,0.10930104553699493,-0.0,0.0,0.0,-0.0,0.0,1.010831356048584,-1.628251179719431e-11,-0.0013190157478675246,-1.0749327816750309e-10,0,0,0,0,1,0,0,0,0,0,5
0.005889748688787222,-1.6158692162093757e-09,0.005736221559345722,-3.9490347103487977e-10,0.019999999552965164,-0.0,0.11075475811958313,-0.0,0.0,0.0,-0.0,0.0,1.007331371307373,-2.398427567662509e-10,-0.004367968533188105,-2.2581979342017888e-10,0,0,0,0,1,0,0,0,0,0,13
0.011982083320617676,-2.3429196360780224e-09,0.0072406274266541,-2.111960745176944e-10,0.026900917291641235,-4.6274134524182386e-10,0.1217871755361557,0.008351038210093975,-5.605533814900809e-10,2.108325233146635e-12,1.1187295058334712e-05,-2.89301178499346e-12,1.0020980834960938,-4.071578074693605e-10,-0.0059268055483698845,-1.0262540123262553e-10,0,0,0,0,1,0,0,0,1,0,13
0.019974837079644203,-2.4627933026266646e-09,0.008582981303334236,-1.7202612945244056e-10,0.03485063090920448,-9.970021475069757e-10,0.11043358594179153,0.007717124652117491,-5.187968943332066e-10,7.247685524652825e-12,4.5650209358427674e-05,6.9439496318111525e-19,0.9953674674034119,-4.0559795105865604e-11,-0.007369237951934338,6.081903869414873e-10,0,0,0,0,1,0,0,0,1,0,16
0.029211096465587616,-2.6306974376666403e-09,0.00974207278341055,-1.4700585193594407e-10,0.042326509952545166,-1.4995814590079704e-09,0.11174360662698746,0.0072822971269488335,-4.895649441394312e-10,6.839157712379418e-12,4.307704875827767e-05,-6.943396454776508e-19,0.9872784614562988,4.118161089916583e-10,-0.008651789277791977,3.043570673266771e-10,0,0,0,0,1,0,0,0,1,0,13
0.03713470324873924,-4.082219007273125e-09,0.009281536564230919,-1.671843774531112e-10,0.04937131702899933,-1.973180507874872e-09,0.11065375059843063,0.006851977203041315,-4.6063611258695403e-10,6.434930713283826e-12,4.053097291034646e-05,-6.942879466893662e-19,0.9781137704849243,7.047479821942204e-10,-0.009335489943623543,9.053818805782043e-10,0,0,0,0,1,0,0,0,1,0,18
0.04605286568403244,-4.930922781198888e-09,0.010248887352645397,-1.0085627472067316e-10,0.059750452637672424,1.4215445844456553e-05,0.14030303061008453,0.013893932104110718,2.8020915124216117e-05,2.857948970813595e-07,7.81207563704811e-06,3.571965976334468e-07,0.968501091003418,1.4362017131119842e-09,-0.010017086751759052,6.0113697353259e-10,0,0,0,0,1,0,0,0,1,0,16
0.05664462968707085,1.2097353874196415e-06,0.010675542056560516,4.049217750434764e-06,0.07355422526597977,4.204603465041146e-05,0.12650543451309204,0.013696862384676933,2.7574442356126383e-05,2.785988613140944e-07,8.597886335337535e-06,3.652596376468864e-07,0.9580104947090149,1.833386886751498e-09,-0.010855057276785374,2.226446527142656e-10,0,0,0,0,1,0,0,0,1,0,5
0.06762214750051498,9.056175258592702e-06,0.011330842971801758,1.095693096431205e-05,0.08638953417539597,6.691413727821782e-05,0.1263657957315445,0.012359187006950378,2.3458509531337768e-05,-9.481671270350489e-08,4.8724446969572455e-05,3.8030304949643323e-07,0.9471069574356079,3.9630668879908626e-07,-0.010882405564188957,8.489182050652744e-07,0,0,0,0,1,0,0,0,1,0,16
0.07933786511421204,2.432025212328881e-05,0.012014280073344707,1.794157833501231e-05,0.09834809601306915,8.939964027376845e-05,0.11752373725175858,0.011651546694338322,2.1827383534400724e-05,-3.0493254143948434e-07,6.892407691339031e-05,0.0,0.9358362555503845,1.8875878140534041e-06,-0.01156821008771658,1.994750846279203e-06,0,0,0,0,1,0,0,0,1,0,13
0.09169181436300278,4.3957261368632317e-05,0.01260839868336916,2.1609357645502314e-05,0.10965929925441742,0.00011058945528930053,0.11176758259534836,0.011024761013686657,2.06531876756344e-05,-2.885136609620531e-07,6.521293107653037e-05,4.554240014623123e-14,0.9239458441734314,4.375350272312062e-06,-0.012150231748819351,2.729862671912997e-06,0,0,0,0,1,0,0,0,1,0,5
0.10456013679504395,6.890178337926045e-05,0.013062182813882828,2.7771237000706606e-05,0.12034520506858826,0.00013060781930107623,0.11096901446580887,0.01041081640869379,1.950305340869818e-05,-2.724541161569505e-07,6.158300675451756e-05,0.0,0.911514401435852,7.4204708653269336e-06,-0.012642495334148407,3.3409178286092356e-06,0,0,0,0,1,0,0,0,1,0,16
0.11776566505432129,-0.0011668261140584946,0.013238980434834957,2.146351835108362e-05,0.13042888045310974,0.00014949800970498472,0.10908360779285431,0.009821095503866673,1.839830474636983e-05,-2.5702399852889357e-07,5.809531648992561e-05,-2.2764210357234874e-14,0.8986548185348511,1.1129416634503286e-05,-0.013021862134337425,4.0040745261649136e-06,0,0,0,0,1,0,0,0,1,0,18
0.1310046911239624,-0.002250482328236103,0.013239067979156971,9.537812729831785e-06,0.1430773138999939,2.8006292268401012e-05,0.14723025262355804,0.015537700615823269,-0.0002591396332718432,-6.14872135429323e-08,1.03487554952153e-05,-7.976235565365641e-07,0.8854668736457825,1.402734596922528e-05,-0.013312171213328838,1.580226580699673e-06,0,0,0,0,1,0,0,0,1,0,18
0.14426371455192566,-0.002244745148345828,0.01333785429596901,1.3218542335380334e-05,0.15850768983364105,-0.0002293275174451992,0.14566990733146667,0.015342693775892258,-0.0002558699925430119,-6.14872135429323e-08,1.03487554952153e-05,-7.976235565365641e-07,0.8720289468765259,1.3839972780260723e-05,-0.013532358221709728,-1.592341618561477e-06,0,0,0,0,1,0,0,0,1,0,13
0.15775816142559052,-0.0021706100087612867,0.013610019348561764,0.0001372831902699545,0.1732035130262375,-0.0004734619287773967,0.1291017085313797,0.014004062861204147,-0.0002315764722879976,1.4559375358658144e-06,4.380958489491604e-05,-1.9186613826605026e-06,0.8584014177322388,7.52451887819916e-06,-0.013698549941182137,-1.4496067706204485e-05,0,0,0,0,1,0,0,0,1,0,16
0.17148293554782867,-0.0019523572409525514,0.013809168711304665,0.00028249286697246134,0.18678519129753113,-0.0006976292352192104,0.11690501868724823,0.013140304014086723,-0.00021646525419782847,3.0236953989515314e-06,7.772201934130862e-05,-3.6456718178166925e-13,0.8446311950683594,-1.9804992916760966e-05,-0.013823368586599827,-3.740750253200531e-05,0,0,0,0,1,0,0,0,1,0,13
0.185379296541214,-0.0016744290478527546,0.013962037861347198,0.0002518830879125744,0.19956570863723755,-0.0009081672178581357,0.11497912555932999,0.012468775734305382,-0.00020540285913739353,2.8694371394522022e-06,7.375631685135886e-05,0.0,0.8307540416717529,-6.858630513306707e-05,-0.013917334377765656,-5.471564509207383e-05,0,0,0,0,1,0,0,0,1,0,5
0.19940713047981262,-0.0014581973664462566,0.014076338149607182,0.00018810488109011203,0.21165631711483002,-0.001107340445742011,0.10733610391616821,0.011780964210629463,-0.00019407234503887594,2.7112587304145563e-06,6.969047535676509e-05,0.0,0.8167966604232788,-0.00012255238834768534,-0.013986756093800068,-5.333849185262807e-05,0,0,0,0,1,0,0,0,1,0,18
0.21349824965000153,-0.0013057815376669168,0.014121859334409237,0.00012588340905494988,0.22307099401950836,-0.0012953787809237838,0.11101726442575455,0.011119242757558823,-0.0001831716508604586,2.5588315111235715e-06,6.577243766514584e-05,-3.6434852530853323e-13,0.8027791976928711,-0.00017509404278825969,-0.01404004916548729,-5.187912393012084e-05,0,0,0,0,1,0,0,0,1,0,5
0.22756001353263855,-0.001217469573020935,0.013973782770335674,6.227919220691547e-05,0.23548932373523712,-0.0014140569837763906,0.13666029274463654,0.01591677777469158,2.1455480236909352e-05,8.98811151728296e-07,1.228343626280548e-05,-9.63107140705688e-07,0.7887169718742371,-0.00022739025007467717,-0.014079318381845951,-5.313574001775123e-05,0,0,0,0,1,0,0,0,1,0,5
0.24113716185092926,-0.0010371662210673094,0.013312673196196556,5.693384082405828e-06,0.2512940466403961,-0.0013927686959505081,0.15771378576755524,0.015713201835751534,2.1173716959310696e-05,8.98811151728296e-07,1.228343626280548e-05,-9.63107140705688e-07,0.7746214270591736,-0.0002815837215166539,-0.014108069241046906,-5.505519948201254e-05,0,0,0,0,1,0,0,0,1,0,0
0.2544496953487396,0.0007003791979514062,0.013312687166035175,3.321034000691725e-06,0.26664045453071594,-0.0013729386264458299,0.12169548869132996,0.014493786729872227,1.5924812032608315e-05,4.635190578028414e-07,4.097518103662878e-05,-1.2748016331443068e-07,0.7605007886886597,-0.0003359457477927208,-0.01413050852715969,-5.000043529435061e-05,0,0,0,0,1,0,0,0,1,0,0
0.26776236295700073,0.0010161374229937792,0.013312697410583496,9.482557175033435e-07,0.28232938051223755,-0.0011330923298373818,0.17423677444458008,0.0157524012029171,0.0002633905678521842,4.049073538681114e-07,-7.755898536743189e-07,1.801922167032899e-07,0.7463613748550415,-0.00037741471896879375,-0.014146636240184307,-3.448077040957287e-05,0,0,0,0,1,0,0,0,1,0,5
0.28115904331207275,0.001001299824565649,0.013516930863261223,-4.796623034053482e-05,0.2979711890220642,-0.000871545635163784,0.13477078080177307,0.015551959164440632,0.0002600571315269917,4.049073538681114e-07,-7.755898536743189e-07,1.801922167032899e-07,0.7322080731391907,-0.00040334020741283894,-0.014158557169139385,-1.892055297503248e-05,0,0,0,0,1,0,0,0,1,0,18
0.29480573534965515,0.0008800321957096457,0.013742377050220966,-0.00018325755081605166,0.3125106990337372,-0.0006295964121818542,0.13702881336212158,0.014029094949364662,0.00023286549549084157,-9.92471768768155e-07,3.129056131001562e-05,1.908532112793182e-06,0.7180443406105042,-0.000406164035666734,-0.014167673885822296,1.035149489325704e-05,0,0,0,0,1,0,0,0,1,0,13
0.3086433708667755,0.0006342297419905663,0.01390891894698143,-0.00026568316388875246,0.3262333571910858,-0.00040206831181421876,0.11793908476829529,0.013180803507566452,0.00021800637478008866,-2.380890919084777e-06,6.290282180998474e-05,1.1726241382348235e-06,0.7038730978965759,-0.00037969835102558136,-0.01417398452758789,3.965339783462696e-05,0,0,0,0,1,0,0,0,1,0,6
0.32248184084892273,0.0005904754507355392,0.013970919884741306,-0.00021635637676808983,0.3390316665172577,-0.00019049167167395353,0.1149919331073761,0.012490356341004372,0.00020646938355639577,-2.8842657684435835e-06,7.388216181425378e-05,7.289858820758166e-13,0.6896963119506836,-0.0003303934936411679,-0.014178893528878689,5.047590093454346e-05,0,0,0,0,0,1,0,0,1,0,6
0.3354816436767578,0.0016543518286198378,0.013610409572720528,0.00015642719517927617,0.3511544167995453,9.90133594314102e-06,0.10941586643457413,0.01181604154407978,0.00019532274745870382,-2.72870488515764e-06,6.989739631535485e-05,0.0,0.6755152344703674,-0.0002807483833748847,-0.014183100312948227,4.8964619054459035e-05,0,0,0,0,0,1,0,0,1,0,12
0.348501980304718,0.0022211619652807713,0.012725591659545898,0.0006778067909181118,0.3649550676345825,0.0027574673295021057,0.15521076321601868,0.014225677587091923,0.003360981121659279,3.6201963666826487e-06,1.6110185242723674e-05,1.747999522194732e-05,0.6613309979438782,-0.0002316556201549247,-0.014185905456542969,5.385896292864345e-05,0,0,0,0,0,1,0,0,1,0,12
0.3608900308609009,0.0038358625024557114,0.01214847806841135,0.0023421344812959433,0.37907418608665466,0.006092757452279329,0.11946232616901398,0.013959459029138088,0.0032939387019723654,2.3932013846206246e-06,1.7754795408109203e-05,1.8869355699280277e-05,0.6471444368362427,-0.00016100243374239653,-0.01418730802834034,8.439465455012396e-05,0,0,0,0,0,1,0,0,1,0,16
0.372730016708374,0.006389913614839315,0.011874647811055183,0.002564546884968877,0.3921467363834381,0.009134714491665363,0.1302853524684906,0.012716463766992092,0.002944850828498602,-2.2740074200555682e-05,5.115132807986811e-05,2.398925607849378e-05,0.6329566836357117,-5.9811329265357926e-05,-0.014188009314239025,0.00011493389320094138,0,0,0,0,0,1,0,0,1,0,6
0.38487833738327026,0.00898157712072134,0.012358496896922588,0.0026003452949225903,0.4044816493988037,0.011982535943388939,0.11858467012643814,0.01201596949249506,0.002770106540992856,-3.8698875869158655e-05,7.107977580744773e-05,-5.831057858785016e-12,0.6187812685966492,0.00030987136415205896,-0.01415224652737379,0.0006740562967024744,0,0,0,0,0,1,0,0,1,0,12
0.39745771884918213,0.0115739731118083,0.012745576910674572,0.0025825495831668377,0.41614797711372375,0.014672048389911652,0.11102475225925446,0.011379636824131012,0.0026234097313135862,-3.6649998946813866e-05,6.73165122861974e-05,0.0,0.6046864986419678,0.0013626307481899858,-0.014035842381417751,0.0013617593795061111,0,0,0,0,0,1,0,0,1,0,12
0.410352498292923,0.014185051433742046,0.01299942284822464,0.002644564025104046,0.42717379331588745,0.01721387915313244,0.11248773336410522,0.010743958875536919,0.0024768642615526915,-3.4601562219904736e-05,6.355402001645416e-05,-1.1657982738888517e-11,0.5907439589500427,0.0030764720868319273,-0.013871753588318825,0.001950932783074677,0,0,0,0,0,1,0,0,1,0,14
0.42330509424209595,0.01703006401658058,0.012941757217049599,0.0026540150865912437,0.43758365511894226,0.019613713026046753,0.10797764360904694,0.01013909000903368,0.0023374208249151707,-3.265400664531626e-05,5.9976860939059407e-05,8.742136355099905e-12,0.5769605040550232,0.0052733332850039005,-0.013705912977457047,0.002397272503003478,0,0,0,0,0,0,0,0,1,0,7
0.4352527856826782,0.019895540550351143,0.011681130155920982,0.0020371011923998594,0.44740572571754456,0.02187804877758026,0.1113424226641655,0.009567737579345703,0.0022057045716792345,-3.081324030063115e-05,5.659583257511258e-05,0.0,0.5633615851402283,0.007913365960121155,-0.013506412506103516,0.0028376872651278973,0,0,0,0,0,0,1,0,1,0,6
0.4452652037143707,0.021669302135705948,0.008467365987598896,0.0011533071519806981,0.49548619985580444,0.022098656743764877,0.28766873478889465,0.06363973021507263,-0.0008300780318677425,-4.1172088458552025e-06,3.6674067814601585e-05,0.0020967326126992702,0.5500470399856567,0.011106139980256557,-0.013146680779755116,0.003480690298601985,0,0,0,0,0,1,0,0,1,0,12
0.45323801040649414,0.022892486304044724,0.0073944819159805775,0.0011787174735218287,0.5573775768280029,0.020896153524518013,0.37290048599243164,0.060492731630802155,-0.0015001804567873478,-4.1172088458552025e-06,3.6674067814601585e-05,0.0020967326126992702,0.5371322631835938,0.014931701123714447,-0.012714372016489506,0.004104606807231903,0,0,0,0,0,1,0,0,1,0,12
0.4603354036808014,0.023706302046775818,0.0068994127213954926,0.000570550502743572,0.6162305474281311,0.019049953669309616,0.2729720175266266,0.057537101209163666,-0.0021218701731413603,-4.1172088458552025e-06,3.6674067814601585e-05,0.0020967326126992702,0.5251624584197998,0.01907164230942726,-0.010784934274852276,0.0038331348914653063,0,0,0,0,0,1,0,0,1,0,16
0.466621458530426,0.024226151406764984,0.006132967304438353,0.0005071813357062638,0.6701144576072693,0.01673651859164238,0.15573599934577942,0.04783116281032562,-0.0022579398937523365,-8.909949542612594e-07,5.82479769946076e-05,0.0019197145011276007,0.5166500806808472,0.022182893007993698,-0.006398032885044813,0.00239854515530169,0,0,0,0,0,1,0,0,1,0,7
0.47362902760505676,0.024648915976285934,0.007700218819081783,0.00029197719413787127,0.7169310450553894,0.01425532903522253,0.1736588329076767,0.045983098447322845,-0.0026578810065984726,-8.909949542612594e-07,5.82479769946076e-05,0.0019197145011276007,0.5131855010986328,0.02355196326971054,-0.000885654881130904,0.0006792505155317485,0,0,0,0,0,0,1,0,1,0,18
0.48206230998039246,0.02467510476708412,0.00898854248225689,-0.0002429395681247115,0.760049045085907,0.011557001620531082,0.13459080457687378,0.04023974761366844,-0.0026549086906015873,4.577506842906587e-06,8.439458179054782e-05,0.0016469014808535576,0.5155180096626282,0.023955412209033966,0.003941982053220272,0.00019379932200536132,0,0,0,0,0,0,1,0,1,0,7
0.4912227392196655,0.024241387844085693,0.00935439858585596,-0.0004879285115748644,0.7977285981178284,0.00894339382648468,0.11164137721061707,0.03505970165133476,-0.002504649804905057,1.3658523130288813e-05,0.00012193642760394141,0.0011728062527254224,0.5207010507583618,0.02396167442202568,0.00557842617854476,-8.419447112828493e-05,0,0,0,0,0,0,1,0,1,0,6
0.5010939836502075,0.02371479943394661,0.010373516008257866,-0.0005677074077539146,0.8302145004272461,0.006592998281121254,0.10905464738607407,0.030811866745352745,-0.002237611450254917,3.126599403913133e-05,0.00018227554392069578,2.355602692072356e-11,0.5275341868400574,0.023695698007941246,0.0073118689469993114,-0.00031339540146291256,0,0,0,0,0,1,0,0,1,0,12
0.5119338035583496,0.023112626746296883,0.011242912150919437,-0.0006309187156148255,0.8594093322753906,0.004472812172025442,0.10931839793920517,0.027946610003709793,-0.0020295355934649706,2.8350526918075047e-05,0.0001653023064136505,-1.1753584217011337e-11,0.5358152389526367,0.02330082096159458,0.008594907820224762,-0.0004253899969626218,0,0,0,0,0,1,0,0,1,0,16
0.523592472076416,0.022460686042904854,0.011997982859611511,-0.0006832200451754034,0.8859907388687134,0.00254242611117661,0.10949871689081192,0.025522278621792793,-0.0018534762784838676,2.5891496989061125e-05,0.00015096446441020817,-2.933716464204039e-11,0.5452618598937988,0.02279544062912464,0.009696687571704388,-0.0005367153789848089,0,0,0,0,0,1,0,0,1,0,16
0.5359002947807312,0.02175763063132763,0.012572784908115864,-0.0007324315374717116,0.910343587398529,0.0007738778367638588,0.10962290316820145,0.02344164066016674,-0.001702375360764563,2.3780974515830167e-05,0.00013865888467989862,-5.860093660325916e-12,0.5554578304290771,0.022220900282263756,0.01035990845412016,-0.0005886253784410655,0,0,0,0,0,1,0,0,1,0,7
0.5487034320831299,0.021019859239459038,0.013009876944124699,-0.0007576726493425667,0.9327707290649414,-0.0008548249024897814,0.10971303284168243,0.021633684635162354,-0.0015710783191025257,2.1947002096567303e-05,0.0001279655989492312,0.0,0.5664496421813965,0.021587366238236427,0.011141760274767876,-0.0006483154138550162,0,0,0,0,0,0,1,0,1,0,9
0.5619016289710999,0.02025391347706318,0.013349397107958794,-0.0007861315389163792,0.953514575958252,-0.0023612871300429106,0.1097794696688652,0.02004561573266983,-0.0014557498507201672,2.0336050511104986e-05,0.00011857267236337066,0.0,0.5782521367073059,0.020895585417747498,0.011969881132245064,-0.0007058498449623585,0,0,0,0,0,0,1,0,1,0,11
0.5753880143165588,0.019465742632746696,0.013597754761576653,-0.0007992894388735294,0.9727721810340881,-0.0037598118651658297,0.1098291352391243,0.018637344241142273,-0.0013534787576645613,1.8907470803242177e-05,0.00011024303967133164,-1.753672554394292e-11,0.5906425714492798,0.02015799470245838,0.01249125599861145,-0.0007511049043387175,0,0,0,0,0,0,1,0,1,0,18
0.5890906453132629,0.018665416166186333,0.013789710588753223,-0.0008135896059684455,0.9907057285308838,-0.005062174517661333,0.10986673086881638,0.017377950251102448,-0.00126201834063977,1.7629874491831288e-05,0.00010279387061018497,-8.763488199003966e-12,0.6034954786300659,0.019381318241357803,0.01297882292419672,-0.0007893228903412819,0,0,0,0,0,0,1,0,1,0,16
0.602957010269165,0.017851578071713448,0.013930830173194408,-0.0008252286352217197,1.0074501037597656,-0.0062781814485788345,0.10989551991224289,0.016243133693933487,-0.0011796059552580118,1.6478647012263536e-05,9.608147229300812e-05,-8.759391649515447e-12,0.6167137026786804,0.018574699759483337,0.013267415575683117,-0.0008179391734302044,0,0,0,0,0,0,1,0,1,0,0
