lt_dp_posx,lt_dp_posy,lt_dp_velx,lt_dp_vely,ball_posx,ball_posy,ball_posz,ball_vel_x,ball_vel_y,ball_rot_x,ball_rot_y,ball_rot_z,rt_gk_posx,rt_gk_posy,rt_gk_velx,rt_gk_vely,action_left,action_top_left,action_top,action_top_right,action_right,action_bottom_right,action_bottom,action_bottom_left,action_sprint,action_dribble,sel_action
-1.0110293626785278,-0.0,0.0,-0.0,0.019999999552965164,-0.0,0.11061639338731766,-0.0,0.0,0.0,-0.0,0.0,1.0110293626785278,0.0,-0.0,0.0,0,0,0,0,0,0,0,0,0,0,5
0.0,-0.0,0.0,-0.0,0.019999999552965164,-0.0,0.11059734225273132,-0.0,0.0,0.0,-0.0,0.0,1.0110293626785278,0.0,-0.0,0.0,0,0,0,0,1,0,0,0,0,0,5
0.0018565163481980562,1.0645127834774115e-10,0.00376110733486712,2.5890145929907682e-11,0.019999999552965164,-0.0,0.10930104553699493,-0.0,0.0,0.0,-0.0,0.0,1.0089819431304932,-1.4662690506206388e-10,-0.003723537316545844,-2.399299370292596e-10,0,0,0,0,1,0,0,0,0,0,5
0.005117420107126236,-1.23186993938873e-09,0.005418794695287943,-3.821565286443729e-10,0.019999999552965164,-0.0,0.11075475811958313,-0.0,0.0,0.0,-0.0,0.0,1.0043776035308838,-3.568936812747836e-10,-0.005314630456268787,-1.64072269659421e-10,0,0,0,0,1,0,0,0,0,0,13
0.010548306629061699,-2.2963746459936374e-09,0.006952005438506603,-2.7291299775633604e-10,0.02522820234298706,-3.509962598347016e-10,0.12527400255203247,0.00850360281765461,-5.71340086352734e-10,1.4286799824778096e-12,6.630818916164571e-06,-2.5661989894176784e-12,0.9982317090034485,-2.935176268703543e-10,-0.006807551719248295,6.657974727097837e-10,0,0,0,0,1,0,0,0,1,0,16
0.018270881846547127,-2.433319101768916e-09,0.008328302763402462,-1.432253621258539e-10,0.03330766409635544,-8.946386409469653e-10,0.11863908171653748,0.007772594690322876,-5.234523370312161e-10,7.312615790677768e-12,4.5977663830854e-05,6.944023044090517e-19,0.9906662106513977,2.7208932329436664e-10,-0.008160226047039032,4.454809854337327e-10,0,0,0,0,1,0,0,0,1,0,18
0.02727341093122959,-2.605279991740872e-09,0.009525523521006107,-1.604330696070022e-10,0.04086044430732727,-1.4032872641678296e-09,0.11335219442844391,0.0073664006777107716,-4.960967747713596e-10,6.930498709645239e-12,4.357512079877779e-05,2.777400147736384e-18,0.9818469882011414,5.328608110310995e-10,-0.009317257441580296,9.387153554474281e-11,0,0,0,0,1,0,0,0,1,0,5
0.03562644124031067,-3.784601076972649e-09,0.009175658226013184,-1.806836069651041e-10,0.04799283668398857,-1.8836245896380888e-09,0.11261618137359619,0.006941673811525106,-4.67493210809522e-10,6.530752934968964e-12,4.1061739466385916e-05,0.0,0.9724517464637756,7.0920685990572e-10,-0.009637720882892609,1.8355163222683046e-10,0,0,0,0,1,0,0,0,1,0,13
0.044013068079948425,-4.914670004296795e-09,0.010067443363368511,-1.1342506101019723e-10,0.05697288364171982,8.607077688793652e-06,0.131169393658638,0.013979136943817139,2.8258777092560194e-05,2.9495265607693e-07,6.829412996012252e-06,3.463820519300498e-07,0.9623057246208191,8.352266656075358e-10,-0.010538101196289062,7.188125789037159e-11,0,0,0,0,1,0,0,0,1,0,18
0.05451050400733948,4.808159701497061e-07,0.010675542056560516,2.429104142720462e-06,0.0708119198679924,3.651177030405961e-05,0.13715770840644836,0.013768683187663555,2.7762229365180247e-05,2.857582330761943e-07,7.840217222110368e-06,3.573763649455941e-07,0.9514368772506714,1.1438746128078492e-07,-0.010879600420594215,4.51388672217945e-07,0,0,0,0,1,0,0,0,1,0,13
0.06536457687616348,6.929974915692583e-06,0.011177098378539085,9.55626273935195e-06,0.08391428738832474,6.220061186468229e-05,0.1268157809972763,0.012483330443501472,2.378188401053194e-05,-6.265454288723049e-08,4.535929474513978e-05,4.117671323911054e-07,0.9404253959655762,1.1835237501145457e-06,-0.011310156434774399,1.5700568383181235e-06,0,0,0,0,1,0,0,0,1,0,5
0.07694283872842789,2.0744082576129586e-05,0.011883500963449478,1.7111353372456506e-05,0.09601514786481857,8.501601405441761e-05,0.11762622743844986,0.011764731258153915,2.20373894990189e-05,-3.0785605531491456e-07,6.959128222661093e-05,-4.5551805600077544e-14,0.9287715554237366,3.3599010293983156e-06,-0.011916019953787327,2.645339918672107e-06,0,0,0,0,1,0,0,0,1,0,13
0.08917637914419174,3.968349483329803e-05,0.012501811608672142,2.0566829334711656e-05,0.10745122283697128,0.0001064377574948594,0.11083171516656876,0.011155528947710991,2.0896246496704407e-05,-2.919248345278902e-07,6.599001062568277e-05,-4.554401967322638e-14,0.9165447354316711,6.188637144077802e-06,-0.012460877187550068,3.0324799809022807e-06,0,0,0,0,1,0,0,0,1,0,13
0.10195267200469971,6.340148684103042e-05,0.012981190346181393,2.650336864462588e-05,0.11826086044311523,0.00012668607814703137,0.10950837284326553,0.0105331651866436,1.9730443455046043e-05,-2.756359265276842e-07,6.230789585970342e-05,0.0,0.9038431644439697,9.52036316448357e-06,-0.01288231648504734,3.572954710762133e-06,0,0,0,0,1,0,0,0,1,0,18
0.11511886864900589,-0.0007768685463815928,0.013238980434834957,2.384471008554101e-05,0.12846311926841736,0.00014579668641090393,0.11070507764816284,0.009936442598700523,1.86126671906095e-05,-2.600127970708854e-07,5.877629155293107e-05,-9.105937575151768e-14,0.8907760381698608,1.3339808901946526e-05,-0.013204882852733135,4.008419182355283e-06,0,0,0,0,1,0,0,0,1,0,5
0.1283579021692276,-0.002252524718642235,0.013239067979156971,1.19227115646936e-05,0.13997220993041992,7.985518459463492e-05,0.13554394245147705,0.015576662495732307,-0.0002598081191536039,-6.146942865825622e-08,1.0350085176469292e-05,-7.976352094374306e-07,0.8774299025535583,1.7647769709583372e-05,-0.013451716862618923,4.551031452137977e-06,0,0,0,0,1,0,0,0,1,0,13
0.1416003406047821,-0.0022468247916549444,0.013272990472614765,3.3491965041321237e-06,0.1554412990808487,-0.00017813575686886907,0.15394198894500732,0.015381364151835442,-0.000256519386311993,-6.146942865825622e-08,1.0350085176469292e-05,-7.976352094374306e-07,0.8638719320297241,2.2017940864316188e-05,-0.013637542724609375,1.7622299992581247e-06,0,0,0,0,1,0,0,0,1,0,5
0.15503950417041779,-0.0021965578198432922,0.013562160544097424,0.00010685879533411935,0.17039868235588074,-0.00042702522478066385,0.12457466870546341,0.014176860451698303,-0.00023464171681553125,1.2887943512396305e-06,4.013697252958082e-05,-1.9326521396578755e-06,0.8501538634300232,9.539305210637394e-06,-0.01377778872847557,-2.4566988940932788e-05,0,0,0,0,1,0,0,0,1,0,18
0.16872382164001465,-0.0020074709318578243,0.013774107210338116,0.0002542430302128196,0.18415343761444092,-0.0006542344926856458,0.10569819808006287,0.013358838856220245,-0.00022027503291610628,2.1934383767074905e-06,5.9886446251766756e-05,-1.41730322411604e-06,0.8363158702850342,-2.8799095161957666e-05,-0.013882973231375217,-4.963448009220883e-05,0,0,0,0,1,0,0,0,1,0,18
0.18258926272392273,-0.0017255109269171953,0.013934689573943615,0.0002651212562341243,0.197068452835083,-0.000866993679665029,0.11271215975284576,0.012607214972376823,-0.00020768858666997403,2.9011971491854638e-06,7.457084575435147e-05,3.6450595146397813e-13,0.8223882913589478,-8.294302097056061e-05,-0.01396151166409254,-5.404606417869218e-05,0,0,0,0,1,0,0,0,1,0,0
0.19659383594989777,-0.001496477983891964,0.01405617780983448,0.00020037070498801768,0.20929615199565887,-0.0010684297885745764,0.11237724125385284,0.011918813921511173,-0.00019634801719803363,2.7429966849013e-06,7.050453132251278e-05,-3.6443076204331626e-13,0.8083932399749756,-0.00013652101915795356,-0.014020415022969246,-5.318386683939025e-05,0,0,0,0,1,0,0,0,1,0,16
0.21068452298641205,-0.0013309101341292262,0.014121794141829014,0.00013846989895682782,0.22084346413612366,-0.0012586575467139482,0.11105409264564514,0.011250212788581848,-0.0001853335852501914,2.589101313787978e-06,6.654889148194343e-05,0.0,0.7943476438522339,-0.0001893716980703175,-0.014064592309296131,-5.2945688366889954e-05,0,0,0,0,1,0,0,0,1,0,5
0.22476065158843994,-0.0012305071577429771,0.014120909385383129,7.551981980213895e-05,0.232298344373703,-0.0014184098690748215,0.12036361545324326,0.016202356666326523,2.261606277897954e-05,9.567487495587557e-07,8.318947038787883e-06,-1.1234265002713073e-06,0.7802642583847046,-0.00024273403687402606,-0.014096848666667938,-5.369809878175147e-05,0,0,0,0,1,0,0,0,1,0,5
0.23847739398479462,-0.0011905014980584383,0.013385975733399391,1.1930732398468535e-05,0.24815212190151215,-0.0013970165746286511,0.16152344644069672,0.015753833577036858,2.1228919649729505e-05,8.988176318780461e-07,1.228306155098835e-05,-9.630656450099195e-07,0.7661528587341309,-0.00029683203320018947,-0.01412139181047678,-5.442132169264369e-05,0,0,0,0,1,0,0,0,1,0,18
0.251789927482605,0.00035742457839660347,0.013312703929841518,3.795446900767274e-06,0.263729989528656,-0.0013761764857918024,0.10267069935798645,0.015166610479354858,1.935771433636546e-05,7.958737455737719e-07,1.9127362975268625e-05,-7.110763249329466e-07,0.7520208358764648,-0.0003447877534199506,-0.014139624312520027,-4.265969982952811e-05,0,0,0,0,1,0,0,0,1,0,16
0.2651025652885437,0.0010159248486161232,0.013312697410583496,1.4232747389542055e-06,0.2791796326637268,-0.001185802393592894,0.1704067885875702,0.0157930888235569,0.0002640740422066301,4.048866912853555e-07,-7.756687523396977e-07,1.802473832412943e-07,0.7378730773925781,-0.000380959827452898,-0.014153649099171162,-3.085886055487208e-05,0,0,0,0,1,0,0,0,1,0,0
0.2784610986709595,0.0010097945341840386,0.013462585397064686,-2.7134907213621773e-05,0.2948615849018097,-0.0009235877078026533,0.15044620633125305,0.01559172198176384,0.00026071403408423066,4.048866912853555e-07,-7.756687523396977e-07,1.802473832412943e-07,0.7237136960029602,-0.0004011773271486163,-0.014163466170430183,-7.20906064088922e-06,0,0,0,0,1,0,0,0,1,0,18
0.2920619547367096,0.0009153406135737896,0.01370275765657425,-0.0001561395765747875,0.30970606207847595,-0.0006761940894648433,0.13442225754261017,0.014072597026824951,0.00023360761406365782,-9.807472451939248e-07,3.102175105595961e-05,1.9045240833293064e-06,0.7095456719398499,-0.0003910295490641147,-0.014171179383993149,2.435386340948753e-05,0,0,0,0,1,0,0,0,1,0,6
0.3058658242225647,0.0006877843989059329,0.01387876644730568,-0.00027296217740513384,0.3235900104045868,-0.000445838290033862,0.1067110151052475,0.013519872911274433,0.00022400451416615397,-1.4114754094407544e-06,4.0854680264601484e-05,1.926729964907281e-06,0.695371150970459,-0.00035027877311222255,-0.014176789671182632,4.944231113768183e-05,0,0,0,0,0,1,0,0,1,0,7
0.3198225498199463,0.00044273000094108284,0.014014454558491707,-0.00021703469974454492,0.33652937412261963,-0.00023189849162008613,0.10754528641700745,0.012635891325771809,0.00020887529535684735,-2.9181758236518363e-06,7.475074380636215e-05,3.645094209109301e-13,0.6811916828155518,-0.00030133509426377714,-0.01418099645525217,4.853505015489645e-05,0,0,0,0,0,0,1,0,1,0,7
0.33291158080101013,0.0014053898630663753,0.013691461645066738,0.00015736524073872715,0.3487870991230011,-2.927362402260769e-05,0.11276648193597794,0.01195151824504137,0.00019756243273150176,-2.7599262466537766e-06,7.06970677128993e-05,-3.644342314902682e-13,0.667008638381958,-0.00025330105563625693,-0.014184502884745598,4.7623780119465664e-05,0,0,0,0,0,0,1,0,1,0,6
0.3459413945674896,0.00210176850669086,0.013037989847362041,0.0003355114022269845,0.3621109426021576,0.0020848542917519808,0.1503540724515915,0.014260652475059032,0.003369416343048215,3.6201993225404294e-06,1.6110161595861427e-05,1.7480002497904934e-05,0.6528227925300598,-0.00019736432295758277,-0.014186606742441654,6.630058487644419e-05,0,0,0,0,0,1,0,0,1,0,12
0.3584546446800232,0.0033869841136038303,0.01239776611328125,0.0019756087567657232,0.37627530097961426,0.00543129350990057,0.1345842033624649,0.014085267670452595,0.003327857004478574,3.6201993225404294e-06,1.6110161595861427e-05,1.7480002497904934e-05,0.6386352777481079,-0.00011809661373263225,-0.014188009314239025,8.987763430923223e-05,0,0,0,0,0,1,0,0,1,0,18
0.3703633248806,0.005877933464944363,0.01176700834184885,0.002545603085309267,0.3896019756793976,0.008544676937162876,0.13146360218524933,0.012800473719835281,0.0029664214234799147,-2.142437733709812e-05,4.9426904297433794e-05,2.491501800250262e-05,0.6244485974311829,4.4042724766768515e-05,-0.014179594814777374,0.00035061154630966485,0,0,0,0,0,1,0,0,1,0,8
0.3824142515659332,0.008461534045636654,0.012269089929759502,0.002599917585030198,0.40207546949386597,0.011427205987274647,0.11832626909017563,0.0121317058801651,0.002796788699924946,-3.907009158865549e-05,7.17615766916424e-05,-5.831256484623015e-12,0.6103002429008484,0.0007331628003157675,-0.014113678596913815,0.0009656509500928223,0,0,0,0,0,0,0,1,1,0,6
0.39491546154022217,0.011057231575250626,0.01267615519464016,0.002587796887382865,0.4138684570789337,0.014145921915769577,0.11485906690359116,0.011504149995744228,0.002652115421369672,-3.7050125683890656e-05,6.805142038501799e-05,-1.1660396606605339e-11,0.5962533950805664,0.0020352103747427464,-0.01398324966430664,0.001576435868628323,0,0,0,0,0,1,0,0,1,0,12
0.4077581465244293,0.013656976632773876,0.012956647202372551,0.0026292065158486366,0.425021767616272,0.01671713963150978,0.11186166107654572,0.010865513235330582,0.002504888456314802,-3.499178637866862e-05,6.42707382212393e-05,5.829178285898795e-12,0.5823346376419067,0.0038343374617397785,-0.013861936517059803,0.001980799250304699,0,0,0,0,0,1,0,0,1,0,14
0.4207625091075897,0.016409210860729218,0.013046477921307087,0.0026754760183393955,0.43555253744125366,0.019144851714372635,0.11103268712759018,0.010258532129228115,0.002364956773817539,-3.3037988032447174e-05,6.068213770049624e-05,2.9141320433134776e-12,0.5685526728630066,0.0060357297770679,-0.013712574727833271,0.0023812269791960716,0,0,0,0,0,0,0,0,1,0,6
0.43297332525253296,0.019390124827623367,0.011752504855394363,0.0020900799427181482,0.44548943638801575,0.021435657516121864,0.10831202566623688,0.009679376147687435,0.0022314409725368023,-3.117340384051204e-05,5.7257366279372945e-05,-5.827440526656735e-12,0.5549625754356384,0.008691692724823952,-0.01345487218350172,0.0029383592773228884,0,0,0,0,0,1,0,0,1,0,12
0.44353610277175903,0.021430671215057373,0.009226097725331783,0.0013418174348771572,0.481359601020813,0.022967051714658737,0.2015901654958725,0.06157830357551575,0.0008263174095191061,-2.2471884221886285e-05,4.495432585827075e-05,0.0005563817103393376,0.5417088866233826,0.011989083141088486,-0.013077609241008759,0.003588384948670864,0,0,0,0,0,1,0,0,1,0,17
0.45176246762275696,0.022656921297311783,0.0073944819159805775,0.0011787317926064134,0.5413084030151367,0.023672159761190414,0.22376281023025513,0.05864033102989197,0.0006048380164429545,-2.2471884221886285e-05,4.495432585827075e-05,0.0005563817103393376,0.5289350152015686,0.015881462022662163,-0.012213693000376225,0.003922741394490004,0,0,0,0,0,1,0,0,1,1,0
0.4589589238166809,0.023592382669448853,0.0068994127213954926,0.0005705647636204958,0.5971490740776062,0.02417575567960739,0.13294081389904022,0.04975282400846481,0.0004980901721864939,-2.0976365703972988e-05,6.869563367217779e-05,0.0005007656873203814,0.5185048580169678,0.019173376262187958,-0.008662658743560314,0.0026699029840528965,0,0,0,0,0,1,0,0,1,1,13
0.46539828181266785,0.02412492223083973,0.006132967304438353,0.0005072098574601114,0.6455669403076172,0.024592118337750435,0.10823842883110046,0.04683054983615875,0.00035281956661492586,-2.0659126676036976e-05,7.283251761691645e-05,0.0004896594909951091,0.5126459002494812,0.020943336188793182,-0.0034083337523043156,0.0010111827868968248,0,0,0,0,0,1,0,0,1,1,7
0.47057589888572693,0.025081953033804893,0.0038760548923164606,0.0014463110128417611,0.6869915127754211,0.024962913244962692,0.11309026926755905,0.038183897733688354,0.00036568345967680216,-1.4936267689336091e-05,0.00013443171337712556,0.0003012801753357053,0.5125026106834412,0.021135682240128517,0.0026965842116624117,-0.00010534907050896436,0,0,0,0,0,0,1,0,1,1,12
0.4729481637477875,0.02738238498568535,0.0013344427570700645,0.0030475370585918427,0.7223168611526489,0.025317206978797913,0.10892588645219803,0.03332214802503586,0.0003444890317041427,-7.399777132377494e-06,0.00018626631936058402,7.373922562692314e-05,0.5160648226737976,0.021200712770223618,0.004259277600795031,0.00019283100846223533,0,0,0,0,0,0,1,0,1,1,9
0.4736632704734802,0.03106054849922657,0.0005567775224335492,0.004156953189522028,0.753767192363739,0.02564474754035473,0.10916571319103241,0.03003128059208393,0.00031287618912756443,-4.370502210804261e-06,0.00017763070354703814,1.4713851881689721e-12,0.5211737751960754,0.02130100131034851,0.0057974280789494514,7.329374784603715e-05,0,0,0,0,0,0,1,0,1,1,11
0.47414594888687134,0.035771869122982025,0.00039163758629001677,0.005147246178239584,0.7822588086128235,0.025941580533981323,0.1093866229057312,0.02730146422982216,0.0002844360424205661,-3.9732940422254615e-06,0.00016148685244843364,2.937107805231487e-12,0.5277850031852722,0.02139316312968731,0.007254937198013067,0.00010935598402284086,0,0,0,0,0,0,1,0,1,1,11
0.47434890270233154,0.04140318185091019,3.5412173019722104e-05,0.006005695555359125,0.8082543611526489,0.026212411001324654,0.10954257100820541,0.02498103864490986,0.0002602610329631716,-3.635635948739946e-06,0.0001477634214097634,7.331827202652907e-13,0.5357664227485657,0.021526005119085312,0.008549409918487072,0.00015324668493121862,0,0,0,0,0,0,1,0,1,1,3
0.4743770956993103,0.047481708228588104,2.3491242245654576e-05,0.0062945070676505566,0.8321120738983154,0.02646096795797348,0.10965454578399658,0.02298133820295334,0.00023942746338434517,-3.3446374345658114e-06,0.00013593635230790824,0.0,0.5449256300926208,0.02169378660619259,0.009625098668038845,0.00017472145555075258,0,0,1,0,0,0,0,0,1,1,4
0.474392831325531,0.0541364960372448,1.157031329057645e-05,0.006931706331670284,0.8541154265403748,0.026690201833844185,0.10973624885082245,0.021237490698695183,0.0002212593099102378,-3.0908613553037867e-06,0.00012562218762468547,1.4632534550348963e-12,0.5550594329833984,0.021874884143471718,0.010526180267333984,0.00018560144235379994,0,0,0,1,0,0,0,0,1,1,17
0.474543958902359,0.06070414185523987,0.000362536491593346,0.005507925525307655,0.8744922876358032,0.026902493089437485,0.10979675501585007,0.019700907170772552,0.00020525064610410482,-2.8672457119682804e-06,0.00011653377441689372,-7.310623460765608e-13,0.5659188628196716,0.022063253447413445,0.010875393636524677,0.00018594367429614067,0,0,0,1,0,0,0,0,1,1,11
0.4754319489002228,0.06426844000816345,0.0017495716456323862,0.0019221215043216944,0.8934289813041687,0.02709978260099888,0.10984216630458832,0.018334506079554558,0.0001910150022013113,-2.668391061888542e-06,0.0001084517571143806,-7.305965728232611e-13,0.5769264698028564,0.0222479235380888,0.01130559854209423,0.00018694183381740004,0,0,0,1,0,0,0,0,1,1,8
0.47676029801368713,0.0653516948223114,0.0011030365712940693,0.0007175372447818518,0.9110791087150574,0.027283666655421257,0.10987667739391327,0.017109520733356476,0.00017825260874815285,-2.4901144115574425e-06,0.00010120604565599933,7.302078321343164e-13,0.5885757207870483,0.022437317296862602,0.011911111883819103,0.0001912339503178373,0,0,0,0,0,0,0,1,1,1,8
0.47822514176368713,0.06655153632164001,0.002007273957133293,0.0013378818985074759,0.9275711178779602,0.027455484494566917,0.10990318655967712,0.01600324921309948,0.0001667271280894056,-2.329113840460195e-06,9.466245683142915e-05,-3.649400660138413e-13,0.6007974743843079,0.022631991654634476,0.01245596818625927,0.00019636735669337213,0,0,0,0,0,0,0,1,1,1,16
0.48204222321510315,0.06457346677780151,0.004461933393031359,-0.0037886309437453747,0.9430134892463684,0.027616368606686592,0.10992375016212463,0.014997567981481552,0.00015624967636540532,-2.1827511318406323e-06,8.871383033692837e-05,-3.648007189296226e-13,0.6134939193725586,0.022828904911875725,0.012876707129180431,0.00019708032777998596,0,0,0,0,0,0,0,1,1,1,9
0.4858000874519348,0.06017399579286575,0.0032098854426294565,-0.00505093764513731,0.9574986696243286,0.027767283841967583,0.10993985086679459,0.014077840372920036,0.00014666764764115214,-2.0488976133492542e-06,8.327359682880342e-05,3.646812398502147e-13,0.6265560388565063,0.023026425391435623,0.013199974782764912,0.00019819257431663573,0,0,0,0,0,0,0,1,1,1,12
0.48807263374328613,0.05436324700713158,0.0011521227424964309,-0.0057197073474526405,0.9711058139801025,0.027909044176340103,0.10995254665613174,0.013232077471911907,0.00013785621558781713,-1.925808646774385e-06,7.827084482414648e-05,0.0,0.639897346496582,0.0232244785875082,0.01344610657542944,0.00019777905254159123,0,0,0,0,0,0,0,1,1,1,18
0.4880692958831787,0.049794651567935944,-0.0007636406808160245,-0.0037576023023575544,0.9839030504226685,0.028042370453476906,0.10996263474225998,0.012450410053133965,0.00012971255637239665,-1.8120466620530351e-06,7.364719931501895e-05,-1.822442614570277e-13,0.6534507274627686,0.023421764373779297,0.013632633723318577,0.0001970660814549774,0,0,0,0,0,0,0,1,1,0,18
0.4870557188987732,0.047336991876363754,-0.0009322867845185101,-0.0014623956521973014,0.995949923992157,0.028167882934212685,0.10997069627046585,0.01172459963709116,0.000122150857350789,-1.7064126041077543e-06,6.935388955753297e-05,1.8220512175860099e-13,0.6671640276908875,0.023618517443537712,0.013772880658507347,0.00019636735669337213,0,0,0,0,0,0,0,1,1,0,5
0.4863276183605194,0.04646589979529381,-0.00019879902538377792,-0.00016846154176164418,1.0072985887527466,0.02828611433506012,0.10997717082500458,0.011047727428376675,0.00011509897012729198,-1.6079015949799214e-06,6.535009015351534e-05,-1.821707525497332e-13,0.6809978485107422,0.023814311251044273,0.01387876644730568,0.0001952693855855614,0,0,0,0,1,0,0,0,1,0,18
