lt_dp_posx,lt_dp_posy,lt_dp_velx,lt_dp_vely,ball_posx,ball_posy,ball_posz,ball_vel_x,ball_vel_y,ball_rot_x,ball_rot_y,ball_rot_z,rt_gk_posx,rt_gk_posy,rt_gk_velx,rt_gk_vely,action_left,action_top_left,action_top,action_top_right,action_right,action_bottom_right,action_bottom,action_bottom_left,action_sprint,action_dribble,sel_action
-1.0110293626785278,-0.0,0.0,-0.0,0.019999999552965164,-0.0,0.11061639338731766,-0.0,0.0,0.0,-0.0,0.0,1.0110293626785278,0.0,-0.0,0.0,0,0,0,0,0,0,0,0,0,0,5
0.0,-0.0,0.0,-0.0,0.019999999552965164,-0.0,0.11059734225273132,-0.0,0.0,0.0,-0.0,0.0,1.0097103118896484,-9.884149054784075e-11,-0.0033988673239946365,-2.35544500570839e-10,0,0,0,0,1,0,0,0,0,0,5
4.241273563820869e-05,1.1441222969033049e-11,0.0006617647595703602,5.902629513637736e-12,0.019999999552965164,-0.0,0.10930104553699493,-0.0,0.0,0.0,-0.0,0.0,1.005424976348877,-3.2258068438650866e-10,-0.0050032841973006725,-1.9212086088682412e-10,0,0,0,0,1,0,0,0,0,0,5
0.003006112528964877,1.519928627402578e-10,0.004283254500478506,2.455746196672326e-11,0.019999999552965164,-0.0,0.11075475811958313,-0.0,0.0,0.0,-0.0,0.0,0.9995788931846619,-4.2783665499257495e-10,-0.0065179429948329926,-2.046465080729476e-11,0,0,0,0,1,0,0,0,0,0,5
0.005976419895887375,-3.335942633242439e-09,0.005899912212044001,-4.0283978930411024e-10,0.019999999552965164,-0.0,0.11053141206502914,-0.0,0.0,0.0,-0.0,0.0,0.9922854900360107,1.8495126263839978e-10,-0.007902874611318111,5.207551612151917e-10,0,0,0,0,1,0,0,0,0,0,13
0.01208920031785965,-4.567149325396258e-09,0.007388565689325333,-2.3666513193632e-10,0.027043690904974937,-7.464242002264143e-10,0.12339748442173004,0.008541037328541279,-9.062132710901949e-10,3.165869476295935e-12,9.764514288690407e-06,-4.503728119609196e-12,0.9837011694908142,5.348832488039079e-10,-0.009114601649343967,1.9769746950615286e-10,0,0,0,0,1,0,0,0,1,0,0
0.020219657570123672,-4.706699918699542e-09,0.00871200766414404,-1.5976672762541e-10,0.03515337407588959,-1.6084203968702582e-09,0.11658526211977005,0.007856030017137527,-8.355862113340606e-10,1.167331856177789e-11,4.647200694307685e-05,1.3888268392970657e-18,0.9743693470954895,7.059923756713715e-10,-0.009437869302928448,1.851852005074761e-10,0,0,0,0,1,0,0,0,1,0,5
0.02957405149936676,-4.8246446837652e-09,0.009851332753896713,-6.344568620475499e-11,0.04277469217777252,-2.4190416336722365e-09,0.10804859548807144,0.007430294528603554,-7.903038778955818e-10,1.1040613735746607e-11,4.3953197746304795e-05,-6.943580502462801e-19,0.9644050598144531,8.389201555658587e-10,-0.010371208190917969,7.75851466405797e-11,0,0,0,0,1,0,0,0,1,0,18
0.03769775107502937,-7.0189694056921326e-09,0.009381312876939774,-1.677382677200967e-10,0.049968358129262924,-3.1841775882668344e-09,0.11133904755115509,0.007003610488027334,-7.449207917176182e-10,1.0406486436465023e-11,4.142869875067845e-05,-1.3886115655426487e-18,0.9536177515983582,1.0667431382671566e-09,-0.010990395210683346,1.0617173806792835e-09,0,0,0,0,1,0,0,0,1,0,13
0.046701423823833466,-8.300626852530968e-09,0.01024884358048439,-1.0085627472067316e-10,0.060423411428928375,1.4213128451956436e-05,0.14029178023338318,0.013894477859139442,2.8018954253639095e-05,2.853884950582142e-07,8.174314643838443e-06,3.5968724887425196e-07,0.9426805973052979,1.8433206072643316e-09,-0.011172715574502945,5.536046066012545e-10,0,0,0,0,1,0,0,0,1,0,16
0.05729321017861366,1.2056464129273081e-06,0.010675586760044098,4.04682032240089e-06,0.07422768324613571,4.204155629849993e-05,0.1264386922121048,0.013696878217160702,2.7570509701035917e-05,2.7805009494841215e-07,8.972260729933623e-06,3.6781787571271707e-07,0.9311493039131165,2.1736099586888713e-09,-0.011804524809122086,1.3803908016640776e-10,0,0,0,0,1,0,0,0,1,0,18
0.06827076524496078,9.047485946211964e-06,0.011330842971801758,1.0950497198791709e-05,0.08706510066986084,6.690617010463029e-05,0.12639231979846954,0.012363479472696781,2.3459364456357434e-05,-9.719367710658844e-08,4.9115191359305754e-05,3.7784417372677126e-07,0.9190320372581482,2.2566295854176133e-07,-0.012362704612314701,6.340127924886474e-07,0,0,0,0,1,0,0,0,1,0,13
0.07998651266098022,2.4302562451339327e-05,0.012014280073344707,1.793093906599097e-05,0.09903013706207275,8.939954568631947e-05,0.11751991510391235,0.011658850125968456,2.18382465391187e-05,-3.0508408599416725e-07,6.896725244587287e-05,4.5550423242307625e-14,0.9064158201217651,1.6748218740758603e-06,-0.012806584127247334,2.141389131793403e-06,0,0,0,0,1,0,0,0,1,0,0
0.09234046190977097,4.392753180582076e-05,0.01260839868336916,2.1595851649180986e-05,0.11034836620092392,0.00011059979442507029,0.11176735907793045,0.01103160809725523,2.0663363102357835e-05,-2.88655627400658e-07,6.525339267682284e-05,0.0,0.8934142589569092,4.529576926870504e-06,-0.013147382065653801,3.1927806958265137e-06,0,0,0,0,1,0,0,0,1,0,5
0.10520878434181213,6.88562067807652e-05,0.013062270358204842,2.775341272354126e-05,0.12104087322950363,0.00013062800280749798,0.11096873879432678,0.010417248122394085,1.9512603103066795e-05,-2.7258738555246964e-07,6.162100908113644e-05,0.0,0.8801179528236389,8.04952287580818e-06,-0.013407538644969463,3.8012874483683845e-06,0,0,0,0,1,0,0,0,1,0,5
0.11841432750225067,-0.0011668828083202243,0.013238980434834957,2.1448546249303035e-05,0.13113075494766235,0.00014952743367757648,0.10908352583646774,0.00982715841382742,1.840729601099156e-05,-2.571494519543194e-07,5.813113966723904e-05,4.552848847710553e-14,0.8665978312492371,1.2177058124507312e-05,-0.013604585081338882,4.390389221953228e-06,0,0,0,0,1,0,0,0,1,0,13
0.13165336847305298,-0.0022505433298647404,0.013238980434834957,9.53246490098536e-06,0.14378005266189575,2.8020092941005714e-05,0.14720965921878815,0.01553349383175373,-0.00025917895254679024,-6.124694351683502e-08,1.03714810393285e-05,-7.978154599186382e-07,0.852908194065094,1.5018958947621286e-05,-0.013753245584666729,1.3250459005575976e-06,0,0,0,0,1,0,0,0,1,0,18
0.14491237699985504,-0.002244810340926051,0.01333785429596901,1.3207847587182187e-05,0.15920622646808624,-0.00022935336164664477,0.14560677111148834,0.015338599681854248,-0.00025590992299839854,-6.124694351683502e-08,1.03714810393285e-05,-7.978154599186382e-07,0.839091420173645,1.4553867913491558e-05,-0.01386404037475586,-1.9019422552446485e-06,0,0,0,0,1,0,0,0,1,0,5
0.1584068089723587,-0.0021707252599298954,0.013610019348561764,0.00013718871923629194,0.1738969385623932,-0.00047350279055535793,0.12911537289619446,0.013999149203300476,-0.00023158753174357116,1.458725705560937e-06,4.386553700896911e-05,-1.9176081877958495e-06,0.8251792788505554,6.817729627073277e-06,-0.013947486877441406,-1.675542262091767e-05,0,0,0,0,1,0,0,0,1,0,5
0.17213158309459686,-0.0019526202231645584,0.013809168711304665,0.0002823003742378205,0.18747469782829285,-0.0006976953009143472,0.11690200865268707,0.013137148693203926,-0.00021650073176715523,3.0241931199270766e-06,7.770342199364677e-05,-1.093700434037781e-12,0.8111957311630249,-2.244972529297229e-05,-0.014009896665811539,-3.952946644858457e-05,0,0,0,0,1,0,0,0,1,0,16
0.18602795898914337,-0.0016748751513659954,0.013961861841380596,0.0002517244720365852,0.20025207102298737,-0.000908267218619585,0.11498134583234787,0.01246572844684124,-0.00020543579012155533,2.869898253266001e-06,7.37383306841366e-05,-3.644902034274228e-13,0.7971588969230652,-7.383542833849788e-05,-0.014056879095733166,-5.7544373703422025e-05,0,0,0,0,1,0,0,0,1,0,18
0.2000558078289032,-0.0014587660552933812,0.01407651323825121,0.00018800952238962054,0.21233978867530823,-0.001107473042793572,0.10733341425657272,0.011778132058680058,-0.0001941042282851413,2.711704837565776e-06,6.967374793021008e-05,-3.644158813684989e-13,0.7830821871757507,-0.00013054272858425975,-0.01409123931080103,-5.601504381047562e-05,0,0,0,0,1,0,0,0,1,0,16
0.21415798366069794,-0.0013055858435109258,0.014122053049504757,0.00012583087664097548,0.2237517386674881,-0.0012955424608662724,0.11101736128330231,0.011116599664092064,-0.00018320207891520113,2.5592573820176767e-06,6.57568234601058e-05,7.286965085159802e-13,0.7689757347106934,-0.00018569626263342798,-0.014117185026407242,-5.444326961878687e-05,0,0,0,0,1,0,0,0,1,0,16
0.22823882102966309,-0.0012158802710473537,0.013973958790302277,6.225334072951227e-05,0.2361682653427124,-0.0014141842257231474,0.1366603821516037,0.01591673493385315,2.1644036678480916e-05,8.989547382043384e-07,1.2277506357349921e-05,-9.624525318940869e-07,0.7548468708992004,-0.00024057035625446588,-0.014136819168925285,-5.5753469496266916e-05,0,0,0,0,1,0,0,0,1,0,16
0.2418159395456314,-0.0010356814600527287,0.01331257726997137,5.692813829227816e-06,0.25197291374206543,-0.0013927083928138018,0.15771448612213135,0.0157131589949131,2.1359845050028525e-05,8.989547382043384e-07,1.2277506357349921e-05,-9.624525318940869e-07,0.7407016158103943,-0.00029743750928901136,-0.014151545241475105,-5.777631304226816e-05,0,0,0,0,1,0,0,0,1,0,0
0.2551282048225403,0.0007008041720837355,0.013312598690390587,3.3214616905752337e-06,0.26731935143470764,-0.0013726969482377172,0.12169528752565384,0.014493726193904877,1.609471109986771e-05,4.6273788711914676e-07,4.0967697714222595e-05,-1.26034052527757e-07,0.726544201374054,-0.00035449196002446115,-0.014161362312734127,-5.2470670198090374e-05,0,0,0,0,1,0,0,0,1,0,16
0.2684406638145447,0.0010163704864680767,0.013312522321939468,9.482557175033435e-07,0.2830081880092621,-0.0011328340042382479,0.17423634231090546,0.015752354636788368,0.0002633901603985578,4.045696471166593e-07,-7.784909143992991e-07,1.8109751920292183e-07,0.712377667427063,-0.00039799752994440496,-0.014169776812195778,-3.616650792537257e-05,0,0,0,0,1,0,0,0,1,0,0
0.2818373143672943,0.0010015333537012339,0.013516930863261223,-4.7964447730919346e-05,0.29864999651908875,-0.0008712877170182765,0.13477066159248352,0.015551920980215073,0.00026005672407336533,4.045696471166593e-07,-7.784909143992991e-07,1.8109751920292183e-07,0.6982041001319885,-0.0004251865320838988,-0.014176088385283947,-1.984118171094451e-05,0,0,0,0,1,0,0,0,1,0,16
0.2954840064048767,0.0008802689844742417,0.013742377050220966,-0.00018325219571124762,0.31318947672843933,-0.0006293377373367548,0.13702869415283203,0.014029022306203842,0.00023286655778065324,-9.92648210740299e-07,3.1287687306758016e-05,1.9089857232756913e-06,0.6840254068374634,-0.00042760311043821275,-0.01418099645525217,1.184294706035871e-05,0,0,0,0,1,0,0,0,1,0,14
0.30932164192199707,0.0006344734574668109,0.01390891894698143,-0.0002656755968928337,0.32691213488578796,-0.00040180838550440967,0.1179390624165535,0.013180705718696117,0.00021800785907544196,-2.380953901592875e-06,6.290128658292815e-05,1.1727767059710459e-06,0.6698430180549622,-0.00039832666516304016,-0.014183801598846912,4.3542226194404066e-05,0,0,0,0,0,0,0,0,1,0,6
0.3231600522994995,0.0005906957667320967,0.01397055946290493,-0.00021634867880493402,0.3397103548049927,-0.00019023061031475663,0.11499188840389252,0.012490235269069672,0.00020647035853471607,-2.8842791834904347e-06,7.388147059828043e-05,7.289858820758166e-13,0.6556581258773804,-0.00034427744685672224,-0.014185905456542969,5.544288069359027e-05,0,0,0,0,0,1,0,0,1,0,7
0.33615946769714355,0.0016544031677767634,0.013610436581075191,0.00015643666847608984,0.3518329858779907,1.0163327715417836e-05,0.1094159260392189,0.011815926060080528,0.00019532369333319366,-2.728718072830816e-06,6.989671965129673e-05,0.0,0.6414710879325867,-0.00028955371817573905,-0.014188009314239025,5.4135020036483184e-05,0,0,0,0,0,0,1,0,1,0,12
0.3491796851158142,0.0022211724426597357,0.012725591659545898,0.0006778120878152549,0.3656335771083832,0.002757722046226263,0.15521031618118286,0.014225621707737446,0.0033609725069254637,3.6201518014422618e-06,1.611002517165616e-05,1.7479878806625493e-05,0.6272823810577393,-0.00023501778196077794,-0.014189411886036396,6.029934957041405e-05,0,0,0,0,0,0,1,0,1,0,0
0.36156773567199707,0.003835879033431411,0.01214847806841135,0.0023421416990458965,0.379752516746521,0.0060930014587938786,0.11946135014295578,0.013959389179944992,0.00329392496496439,2.3928607788548106e-06,1.7755037333699875e-05,1.8869559426093474e-05,0.6130924820899963,-0.0001548857835587114,-0.014190113171935081,9.635913738748059e-05,0,0,0,0,0,0,1,0,1,0,0
0.37340766191482544,0.0063899364322423935,0.011874647811055183,0.00256455410271883,0.39282500743865967,0.009134948253631592,0.13028568029403687,0.012716412544250488,0.0029448424465954304,-2.274045800731983e-05,5.115166277391836e-05,2.3988815883058123e-05,0.5989024043083191,-3.869308784487657e-05,-0.014190113171935081,0.00013242026034276932,0,0,0,0,0,0,1,0,1,0,2
0.3855559825897217,0.008981609717011452,0.012358146719634533,0.0026003525126725435,0.40515992045402527,0.01198276411741972,0.11858455836772919,0.012015930376946926,0.002770102582871914,-3.8698814023518935e-05,7.107954297680408e-05,-5.831057858785016e-12,0.5847312808036804,0.00040398145210929215,-0.014136819168925285,0.0008134942036122084,0,1,0,0,0,0,0,0,1,0,5
0.39813539385795593,0.01157402154058218,0.012745576910674572,0.00258257077075541,0.4168262481689453,0.014672273769974709,0.11102482676506042,0.011379598639905453,0.002623404609039426,-3.664992982521653e-05,6.731628673151135e-05,-5.82999534065598e-12,0.5706796050071716,0.0016780318692326546,-0.013964316807687283,0.001649332232773304,0,0,0,0,1,0,0,0,1,0,12
0.4110301733016968,0.014185121282935143,0.01299942284822464,0.0026445782277733088,0.42785194516181946,0.017214100807905197,0.11248774826526642,0.010743930004537106,0.002476859139278531,-3.460148582234979e-05,6.355384539347142e-05,-1.1657982738888517e-11,0.5568581819534302,0.0037644575349986553,-0.01370240654796362,0.0024056497495621443,0,0,0,0,1,0,0,0,1,0,14
0.42398276925086975,0.017030149698257446,0.012941752560436726,0.002654035110026598,0.43826180696487427,0.019613925367593765,0.10797764360904694,0.010139056481420994,0.002337414538487792,-3.265391933382489e-05,5.997667176416144e-05,5.8280906142793576e-12,0.5433175563812256,0.006524939090013504,-0.013397371396422386,0.003048627870157361,0,0,0,0,0,0,0,0,1,0,6
0.435930460691452,0.019895631819963455,0.011681126430630684,0.002037107478827238,0.4480838477611542,0.021878257393836975,0.1113424226641655,0.009567704983055592,0.002205698052421212,-3.081314207520336e-05,5.6595636124257e-05,5.82728743730998e-12,0.5301216244697571,0.009919780306518078,-0.013020459562540054,0.003675424959510565,0,0,0,0,0,1,0,0,1,0,9
0.44594287872314453,0.021669404581189156,0.008467365987598896,0.001153321354649961,0.49478867650032043,0.02268359623849392,0.1879943311214447,0.06164726987481117,8.25258030090481e-05,-1.340764902124647e-05,4.5354794565355405e-05,0.0012658026535063982,0.5188199281692505,0.013549885712563992,-0.009870529174804688,0.003990844823420048,0,0,0,0,0,1,0,0,1,0,11
0.45391565561294556,0.02289259433746338,0.0073944819159805775,0.0011787174735218287,0.5547707676887512,0.02252737246453762,0.12063958495855331,0.05864384397864342,-0.0003484714252408594,-1.340764902124647e-05,4.5354794565355405e-05,0.0012658026535063982,0.5094838738441467,0.018041301518678665,-0.00886846985667944,0.004886639770120382,0,0,0,0,0,1,0,0,1,0,12
0.4610130786895752,0.02370641753077507,0.0068994127213954926,0.0005705647636204958,0.6061892509460449,0.0221151951700449,0.10781914740800858,0.04828813299536705,-0.0005054871435277164,-1.0823121556313708e-05,7.909204578027129e-05,0.0010985160479322076,0.5009496808052063,0.023236645385622978,-0.008336585946381092,0.005150055047124624,0,0,0,0,0,1,0,0,1,0,16
0.46723702549934387,0.024242287501692772,0.006082974839955568,0.0005191816599108279,0.648892879486084,0.02162211760878563,0.10796435177326202,0.039297718554735184,-0.0004924057284370065,-3.9363608266285155e-06,0.00014410109724849463,0.0006759668467566371,0.49559926986694336,0.026950057595968246,-0.004230138845741749,0.00293534598313272,0,0,0,0,0,1,0,0,1,0,8
0.4740738570690155,0.02475157007575035,0.0075831422582268715,0.0004228768520988524,0.6851239204406738,0.0211460143327713,0.10886573046445847,0.03406888246536255,-0.0004582506662700325,2.0730744836328086e-06,0.00018110705423168838,0.00028958433540537953,0.4928281009197235,0.029520118609070778,-0.0031059489119797945,0.0023707698564976454,0,0,0,0,0,0,0,1,1,0,12
0.48221567273139954,0.025039488449692726,0.008771001361310482,0.00010266082244925201,0.7172042727470398,0.02071463316679001,0.10911357402801514,0.030604373663663864,-0.0004112568567506969,5.74474051973084e-06,0.0001810197572922334,1.472015001210969e-12,0.4913695752620697,0.03139511123299599,-0.0018712995806708932,0.0015733434120193124,0,0,0,0,0,0,0,1,1,0,3
0.4905025064945221,0.024419298395514488,0.009168943390250206,-0.00040476981666870415,0.7462172508239746,0.020324761047959328,0.10935036092996597,0.02778412029147148,-0.00037335872184485197,5.2154423428874e-06,0.00016434129793196917,0.0,0.4912016987800598,0.033103037625551224,-0.000880096631590277,0.000907480192836374,0,0,1,0,0,0,0,0,1,0,12
0.5000934600830078,0.02406274899840355,0.010270234197378159,-0.0003550415567588061,0.7726554870605469,0.01996948942542076,0.10951679199934006,0.025393661111593246,-0.0003412360674701631,4.7667795115557965e-06,0.00015020370483398438,-2.933480281602785e-12,0.4914376437664032,0.03379146009683609,-0.00018101948080584407,0.0005343888187780976,0,0,1,0,0,0,0,0,1,0,0
0.5106773972511292,0.02378758415579796,0.010872301645576954,-0.00024311318702530116,0.7968943119049072,0.019643772393465042,0.10963590443134308,0.023338673636317253,-0.00031362142181023955,4.381068265502108e-06,0.00013804977061226964,0.0,0.4929996728897095,0.03417510911822319,0.0026758250314742327,0.00022173859179019928,0,0,1,0,0,0,0,0,1,0,7
0.5215169787406921,0.023573951795697212,0.01116576325148344,-0.00020993281214032322,0.819229781627655,0.019343631342053413,0.1097225546836853,0.021550418809056282,-0.00028959105839021504,4.045407422381686e-06,0.00012747294385917485,-2.9269878621535073e-12,0.497565895318985,0.03425334766507149,0.004757496528327465,-4.78572610518313e-06,0,0,0,0,0,0,1,0,1,0,5
0.5330768823623657,0.023381780833005905,0.011898343451321125,-0.00018859865667764097,0.8398992419242859,0.01906587742269039,0.10978655517101288,0.01997765526175499,-0.00026845658430829644,3.7501920360227814e-06,0.00011817056656582281,0.0,0.5036651492118835,0.034165117889642715,0.006269240751862526,-0.00019902866915799677,0,0,0,0,1,0,0,0,1,0,18
0.5453869104385376,0.02320864610373974,0.012546157464385033,-0.00018107250798493624,0.8590957522392273,0.018807915970683098,0.1098344698548317,0.018581410869956017,-0.00024969413061626256,3.488105676296982e-06,0.00010991202725563198,-7.306782132468492e-13,0.511676549911499,0.03396730124950409,0.008150722831487656,-0.00026158205582760274,0,0,0,0,1,0,0,0,1,0,1
0.5582205653190613,0.02303442545235157,0.013013161718845367,-0.0001797696022549644,0.8769786357879639,0.018567608669400215,0.1098707988858223,0.017331501469016075,-0.00023289801902137697,3.253482873333269e-06,0.0001025189776555635,7.302762452914002e-13,0.5208816528320312,0.033699482679367065,0.009292085655033588,-0.00033968398929573596,1,0,0,0,0,0,0,0,1,0,4
0.5714563131332397,0.02286459505558014,0.013379707001149654,-0.00017368998669553548,0.8936808109283447,0.018343165516853333,0.1098986491560936,0.01620425097644329,-0.00021775014465674758,3.0418809728871565e-06,9.585127554601058e-05,-7.299379742135848e-13,0.5309830904006958,0.03338798135519028,0.00997542217373848,-0.0003416246618144214,0,0,0,1,0,0,0,0,1,0,4
0.5849944353103638,0.022693516686558723,0.013640109449625015,-0.0001800277386792004,0.9093142151832581,0.01813308708369732,0.10992021858692169,0.015180718153715134,-0.0002039962273556739,2.8497490802692482e-06,8.979705307865515e-05,0.0,0.5416772961616516,0.03305581957101822,0.0107890535145998,-0.00038843046058900654,0,0,0,1,0,0,0,0,1,0,11
0.5987532734870911,0.022517075762152672,0.013835902325809002,-0.0001849612599471584,0.9239738583564758,0.017936091870069504,0.10993707180023193,0.014245701022446156,-0.00019143157987855375,2.674231382115977e-06,8.426640852121636e-05,-3.6470246310774113e-13,0.5530536770820618,0.032681673765182495,0.01164589636027813,-0.00039560411823913455,0,0,0,1,0,0,0,0,1,0,15
0.6126807928085327,0.02234145998954773,0.013984167948365211,-0.00018427998293191195,0.9377411603927612,0.017751086503267288,0.10995034873485565,0.013386749662458897,-0.00017988916079048067,2.5129911591648124e-06,7.918563642306253e-05,-7.291929104806527e-13,0.565076470375061,0.03227829560637474,0.012108508497476578,-0.0004607239388860762,0,0,0,1,0,0,0,0,0,0,4
0.6267284750938416,0.022160431370139122,0.014090688899159431,-0.00018896049004979432,0.9506866335868835,0.01757713034749031,0.1099608838558197,0.012593626976013184,-0.00016923126531764865,2.364106876484584e-06,7.449423719663173e-05,-7.290090297921992e-13,0.5774672031402588,0.031799815595149994,0.01260287594050169,-0.0004925796529278159,0,0,0,1,0,0,0,0,0,0,4
0.6408659815788269,0.02197841927409172,0.014170205220580101,-0.00018726072448771447,0.9628711938858032,0.017413396388292313,0.10996929556131363,0.01185781043022871,-0.00015934341354295611,2.2259794150158996e-06,7.014178117970005e-05,3.6442425683028135e-13,0.5902885794639587,0.03129630535840988,0.012985398061573505,-0.00050780875608325,0,0,0,1,0,0,0,0,0,0,15
0.65506911277771,0.02179381437599659,0.014226404950022697,-0.00019167775462847203,0.9743480086326599,0.01725917123258114,0.10997604578733444,0.011172152124345303,-0.00015012973744887859,2.0972697711840738e-06,6.608600961044431e-05,3.643538107941241e-13,0.6034416556358337,0.030787000432610512,0.01327851228415966,-0.0005100332200527191,0,0,0,1,0,0,0,0,0,0,6
0.6693201065063477,0.021606458351016045,0.014268225990235806,-0.00019010981486644596,0.9851638078689575,0.017113829031586647,0.1099814921617508,0.010530631057918072,-0.00014150903734844178,1.976842440853943e-06,6.229130667634308e-05,7.2858342622939e-13,0.6168476343154907,0.03027675300836563,0.013500802218914032,-0.0005102613940834999,0,0,0,0,0,1,0,0,0,0,12
0.6836060285568237,0.021418973803520203,0.014299411326646805,-0.00019400376186240464,0.9953599572181702,0.016976812854409218,0.10998590290546417,0.009928086772561073,-0.00013341220619622618,1.8637329048942775e-06,5.872712790733203e-05,7.284735423392086e-13,0.6304453611373901,0.029769254848361015,0.013669799081981182,-0.0005047857412137091,0,0,0,0,0,1,0,0,0,0,16
0.6979179978370667,0.021227654069662094,0.014322813600301743,-0.00019737283582799137,1.0049729347229004,0.016847634688019753,0.10998948663473129,0.009360133670270443,-0.00012578003224916756,1.7571131820659502e-06,5.5367556342389435e-05,0.0,0.6441882252693176,0.029267990961670876,0.013797423802316189,-0.0004982834216207266,0,0,0,0,0,1,0,0,0,0,4
0.7122479677200317,0.021036198362708092,0.014338277280330658,-0.0001963006507139653,1.0140353441238403,0.016725856810808182,0.10999240726232529,0.008822951465845108,-0.00011856151832034811,1.6562719338253373e-06,5.21899746672716e-05,1.8207221212478142e-13,0.6580401062965393,0.02877264842391014,0.013892791233956814,-0.0004928933340124786,0,0,0,1,0,0,0,0,0,0,4
