lt_dp_posx,lt_dp_posy,lt_dp_velx,lt_dp_vely,ball_posx,ball_posy,ball_posz,ball_vel_x,ball_vel_y,ball_rot_x,ball_rot_y,ball_rot_z,rt_gk_posx,rt_gk_posy,rt_gk_velx,rt_gk_vely,action_left,action_top_left,action_top,action_top_right,action_right,action_bottom_right,action_bottom,action_bottom_left,action_sprint,action_dribble,sel_action
-1.0110293626785278,-0.0,0.0,-0.0,0.019999999552965164,-0.0,0.11061639338731766,0.0,-0.0,0.0,-0.0,0.0,1.0110293626785278,0.0,-0.0,0.0,0,0,0,0,0,0,0,0,0,0,5
0.0015069420915096998,1.6727272345029576e-10,0.003586255246773362,2.424576095449993e-10,0.019999999552965164,-0.0,0.11059734225273132,0.0,-0.0,0.0,-0.0,0.0,1.0110293626785278,0.0,-0.0,0.0,0,0,0,0,1,0,0,0,0,0,5
0.004762208089232445,-6.74800715305679e-10,0.0052583664655685425,-3.190705200051269e-10,0.019999999552965164,-0.0,0.10930104553699493,0.0,-0.0,0.0,-0.0,0.0,1.0093543529510498,-1.2954901908168726e-11,-0.0035601502750068903,-2.4984519661486182e-11,0,0,0,0,1,0,0,0,0,0,13
0.009853105992078781,-1.7050819645092474e-09,0.006805261597037315,-2.233076085156327e-10,0.02441572956740856,5.551662948799496e-11,0.12515734136104584,0.008686966262757778,1.0956515555937685e-10,1.0162499097451927e-12,-2.3294936909223907e-05,2.4404480172823817e-13,1.0049090385437012,-3.526174838230922e-11,-0.005159658379852772,-1.761004883582551e-11,0,0,0,0,1,0,0,0,1,0,0
0.017438050359487534,-1.7865569024166916e-09,0.00819813646376133,-2.8658331263642367e-10,0.0327858068048954,1.616625028288965e-10,0.11810864508152008,0.008115350268781185,1.0323047278104625e-10,1.4421125968736015e-12,-4.8004716518335044e-05,-3.4722428741228317e-19,0.998912513256073,-2.4305082252373822e-11,-0.006663799285888672,1.8194123985182387e-10,0,0,0,0,1,0,0,0,1,0,13
0.026320859789848328,-2.3068911225720967e-09,0.009414422325789928,-4.715436929814132e-10,0.0406792014837265,2.6206964376385145e-10,0.11456679552793503,0.007701075170189142,9.796075756129952e-11,1.368510231351816e-12,-4.555463237920776e-05,8.679911190369798e-20,0.9914822578430176,1.3471915250029554e-10,-0.0080326022580266,1.315613173957786e-10,0,0,0,0,1,0,0,0,1,0,5
0.035477615892887115,-4.2532088961877434e-09,0.009781286120414734,-2.3058382980778447e-10,0.04814177006483078,3.5699643241571266e-10,0.11179496347904205,0.007265619933605194,9.242160509126407e-11,1.2910890889381021e-12,-4.297744817449711e-05,-1.735843685321357e-19,0.9827787280082703,2.1838274244512235e-10,-0.009224695153534412,4.148133225800876e-11,0,0,0,0,1,0,0,0,1,0,18
0.04355791211128235,-8.049775068741383e-09,0.009783407673239708,-1.2367387669520724e-10,0.055173974484205246,4.464488778666009e-10,0.11102653294801712,0.014519360847771168,2.9955957870697603e-05,3.727342345882789e-07,-3.368022953509353e-05,-3.83517466673311e-08,0.9734154939651489,3.8029168702991e-10,-0.009538145735859871,1.9831196407249507e-10,0,0,0,0,1,0,0,0,1,0,18
0.05371503904461861,-8.462105682838228e-09,0.010675586760044098,-6.379245742760276e-11,0.06926606595516205,2.9384240406216122e-05,0.1442793905735016,0.013984810560941696,2.9193230147939175e-05,3.800513468377176e-07,-4.278338383301161e-05,-2.453305469884981e-08,0.963359534740448,5.356445287318934e-10,-0.010455355979502201,1.1149359213646903e-10,0,0,0,0,1,0,0,0,1,0,18
0.06444263458251953,4.605452886607964e-06,0.01093398965895176,7.952848136483226e-06,0.08294986188411713,5.814212272525765e-05,0.12247231602668762,0.01322369184345007,2.8132324587204494e-05,3.931641003873665e-07,-7.490111602237448e-05,-1.4883946297672423e-09,0.9525248408317566,7.976534277531755e-08,-0.010928686708211899,3.9456429590245534e-07,0,0,0,0,1,0,0,0,1,0,13
0.07580429315567017,1.713478377496358e-05,0.011687594465911388,1.6478810721309856e-05,0.09587041288614273,8.563810115447268e-05,0.11547597497701645,0.01263141818344593,2.688082167878747e-05,3.7550913134509756e-07,-7.4716292147059e-05,1.3669076179105566e-13,0.9415563941001892,1.1913206208191696e-06,-0.011242137290537357,1.7216673313669162e-06,0,0,0,0,1,0,0,0,1,0,5
0.08784979581832886,3.649198333732784e-05,0.012330885976552963,2.0923591364407912e-05,0.10813553631305695,0.00011173942766617984,0.11361419409513474,0.011960387229919434,2.5452793124713935e-05,3.555768444130081e-07,-7.075034955050796e-05,0.0,0.9299631714820862,3.5947591641161125e-06,-0.011861324310302734,2.9530360734497663e-06,0,0,0,0,1,0,0,0,1,0,16
0.10047826915979385,6.038516221451573e-05,0.012850936502218246,2.6768839234136976e-05,0.1197257786989212,0.00013640453107655048,0.11140701919794083,0.011291095055639744,2.402848440397065e-05,3.3567656032573723e-07,-6.679067882942036e-05,4.554571712725268e-14,0.9177908301353455,6.8675126385642216e-06,-0.012411790899932384,3.542423655744642e-06,0,0,0,0,1,0,0,0,1,0,5
0.11347614973783493,9.081879397854209e-05,0.013245782814919949,3.2591116905678064e-05,0.13066142797470093,0.00015967660874594003,0.10943201929330826,0.010650033131241798,2.2664249627268873e-05,3.166194915138476e-07,-6.29988280707039e-05,-4.5537880378424683e-14,0.9051313996315002,1.0842536539712455e-05,-0.012844450771808624,4.329320290707983e-06,0,0,0,0,1,0,0,0,1,0,0
0.12544023990631104,-0.00021071231458336115,0.01340507809072733,2.695513285289053e-05,0.1409759521484375,0.00018162683409173042,0.11077039688825607,0.010045470669865608,2.1377682060119696e-05,2.9863898021176283e-07,-5.9421199694043025e-05,-4.553090082693931e-14,0.8920965194702148,1.5536263163085096e-05,-0.01317683421075344,4.933851414534729e-06,0,0,0,0,1,0,0,0,1,0,13
0.13677868247032166,-0.0007642204873263836,0.013405084609985352,1.3477886568580288e-05,0.1524999588727951,0.00016474706353619695,0.13431943953037262,0.01541098952293396,-0.00010408704110886902,-2.4687568611625466e-07,-5.040091127739288e-05,-1.693451565643045e-07,0.8787750601768494,2.0841165678575635e-05,-0.013429276645183563,5.612778295471799e-06,0,0,0,0,1,0,0,0,1,0,5
0.1501665860414505,-0.0007579402299597859,0.01334442850202322,2.165659225283889e-06,0.16779574751853943,6.148403190309182e-05,0.14442460238933563,0.015209349803626537,-0.00010268074402119964,-2.5581331897228665e-07,-5.070242696092464e-05,-1.7629554349696264e-07,0.8652356863021851,2.6746121875476092e-05,-0.013621414080262184,5.636228252114961e-06,0,0,0,0,1,0,0,0,1,0,0
0.16366727650165558,-0.0007382116746157408,0.01361650601029396,4.062170773977414e-05,0.18259155750274658,-3.750810355995782e-05,0.1264744997024536,0.014362858608365059,-9.524170309305191e-05,-1.3074989055894548e-06,-8.431527385255322e-05,-2.6709608746955382e-08,0.8515316843986511,2.6414714739075862e-05,-0.013765166513621807,-5.65238178751315e-06,0,0,0,0,1,0,0,0,1,0,18
0.17740003764629364,-0.0006679408252239227,0.013818810693919659,9.36888245632872e-05,0.196607768535614,-0.00013044690422248095,0.11853640526533127,0.013678597286343575,-9.070015948964283e-05,-1.2670421938310028e-06,-8.091141353361309e-05,-5.469475783739797e-13,0.8377040028572083,1.462075215385994e-05,-0.013873857446014881,-1.677434738667216e-05,0,0,0,0,1,0,0,0,1,0,16
0.1913052648305893,-0.0005647183861583471,0.013969224877655506,9.641862561693415e-05,0.2098999172449112,-0.00021858450782019645,0.11482895910739899,0.012961987406015396,-8.594844985054806e-05,-1.2007027407889836e-06,-7.667510362807661e-05,0.0,0.8237837553024292,-5.020245225750841e-06,-0.013955200091004372,-1.976790554181207e-05,0,0,0,0,1,0,0,0,1,0,16
0.20533882081508636,-0.00048212919500656426,0.01408089604228735,7.162360998336226e-05,0.22246092557907104,-0.00030187409720383584,0.11187004297971725,0.012233158573508263,-8.111572969937697e-05,-1.133134674091707e-06,-7.236030069179833e-05,1.822322674704946e-13,0.8097941279411316,-2.4505377950845286e-05,-0.014015506021678448,-1.9249300748924725e-05,0,0,0,0,1,0,0,0,1,0,18
0.21883311867713928,-0.00019063001673202962,0.014141342602670193,4.862854984821752e-05,0.2343134731054306,-0.00038046613917686045,0.11102617532014847,0.011543527245521545,-7.654297951376066e-05,-1.0692905334508396e-06,-6.828325422247872e-05,-3.6439140550445503e-13,0.7957523465156555,-4.352705582277849e-05,-0.014061085879802704,-1.905512726807501e-05,0,0,0,0,1,0,0,0,1,0,16
0.23063071072101593,0.0007112660096026957,0.01412139367312193,2.6486777642276138e-05,0.24596939980983734,-0.00043441460002213717,0.11940385401248932,0.01566682755947113,0.00012951392272952944,-8.950302543553335e-08,-4.9248348659602925e-05,-4.2652750664728956e-08,0.7816716432571411,-6.291864701779559e-05,-0.014094745740294456,-1.966527634067461e-05,0,0,0,0,1,0,0,0,1,0,16
0.24434766173362732,0.0007252970826812088,0.013386151753365993,4.184712906862842e-06,0.26135340332984924,-0.0003081336908508092,0.15070177614688873,0.015289329923689365,0.00012545243953354657,1.159750624424305e-07,-5.391394006437622e-05,1.398159099608165e-07,0.7675621509552002,-8.291491394629702e-05,-0.014119990170001984,-2.0265846615075134e-05,0,0,0,0,1,0,0,0,1,0,5
0.2577929198741913,0.0007132086320780218,0.013568121008574963,-3.427489718887955e-05,0.2763596177101135,-0.00018592493142932653,0.12326239049434662,0.014547287486493587,0.0001166055299108848,1.5070169183672988e-06,-8.362768858205527e-05,1.0888895474181481e-07,0.7534308433532715,-9.462010348215699e-05,-0.014138923026621342,-3.0804942525719525e-06,0,0,0,0,1,0,0,0,1,0,18
0.27148428559303284,0.0006411784561350942,0.013782522641122341,-0.00010239646508125588,0.290578156709671,-7.198587263701484e-05,0.11392202228307724,0.013893184252083302,0.00011133191583212465,1.5550615444226423e-06,-8.217031427193433e-05,0.0,0.739283561706543,-8.71435331646353e-05,-0.014152947813272476,1.611962215974927e-05,0,0,0,0,1,0,0,0,1,0,18
0.2853582799434662,0.0005151727236807346,0.013942052610218525,-0.00012561002222355455,0.30407750606536865,3.6189758247928694e-05,0.11455562710762024,0.013164171017706394,0.000105490064015612,1.4736382354385569e-06,-7.786783680785447e-05,-3.6457008202248065e-13,0.7251245379447937,-6.342092819977552e-05,-0.014163466170430183,2.544404378568288e-05,0,0,0,0,1,0,0,0,1,0,6
0.29936864972114563,0.0004059085331391543,0.014060735702514648,-9.590661647962406e-05,0.3168431222438812,0.00013848571688868105,0.11013070493936539,0.012438845820724964,9.967770893126726e-05,1.392523813592561e-06,-7.358173752436414e-05,-1.822436515933057e-13,0.7109567523002625,-3.8294809201033786e-05,-0.014170478098094463,2.4865281375241466e-05,0,0,0,0,0,1,0,0,1,0,6
0.31241273880004883,0.0012317766668274999,0.013778229244053364,0.00023161052376963198,0.3288893699645996,0.00023501727264374495,0.10925760865211487,0.011733615770936012,9.402641444467008e-05,1.3135609151504468e-06,-6.940926687093452e-05,0.0,0.6967822909355164,-1.3624016901303548e-05,-0.014177490957081318,2.55400864261901e-05,0,0,0,0,0,1,0,0,1,0,6
0.325310617685318,0.0020722097251564264,0.013208039104938507,0.0002844588889274746,0.3418286144733429,0.002048106398433447,0.14391805231571198,0.014261217787861824,0.0035077345091849566,1.777004035830032e-05,-5.252194750937633e-05,2.7843184398079757e-06,0.6826027035713196,1.8508988432586193e-05,-0.01418099645525217,3.75278432329651e-05,0,0,0,0,0,1,0,0,1,0,12
0.3378640413284302,0.003337133675813675,0.012393558397889137,0.0019227346638217568,0.3559933602809906,0.005532034207135439,0.1315336674451828,0.01408359780907631,0.0034641926176846027,1.777004035830032e-05,-5.252194750937633e-05,2.7843184398079757e-06,0.668419599533081,6.26316832494922e-05,-0.014184502884745598,4.9518843297846615e-05,0,0,0,0,0,1,0,0,1,0,12
0.3497864007949829,0.00588705250993371,0.01165691576898098,0.0026381362695246935,0.36957216262817383,0.008842594921588898,0.126028910279274,0.0132673978805542,0.003224299056455493,4.5045384467812255e-05,-7.848485984141007e-05,-1.166663553958669e-11,0.654238224029541,0.0002588201896287501,-0.01417258195579052,0.00041165572474710643,0,0,0,0,0,1,0,0,1,0,6
0.36173057556152344,0.00857385341078043,0.012164256535470486,0.002712824149057269,0.38248950242996216,0.011981808580458164,0.11855366826057434,0.012612945400178432,0.003065250813961029,4.2822095565497875e-05,-7.461114000761881e-05,5.832107800168851e-12,0.6400921940803528,0.0009517359430901706,-0.014117185026407242,0.000922743696719408,0,0,0,0,0,1,0,0,1,0,5
0.37412887811660767,0.01129381638020277,0.012574827298521996,0.002720616990700364,0.39472949504852295,0.014956415630877018,0.11109712719917297,0.011935307644307613,0.0029005692340433598,4.052212898386642e-05,-7.060376810841262e-05,-1.166184076389909e-11,0.626022458076477,0.0021410861518234015,-0.014033738523721695,0.0013647663872689009,0,0,0,0,1,0,0,0,1,0,12
0.3868758976459503,0.014026589691638947,0.012864435091614723,0.002762218937277794,0.4062895178794861,0.017765797674655914,0.11251485347747803,0.011261572130024433,0.0027368348091840744,3.823328734142706e-05,-6.66158230160363e-05,0.0,0.6120267510414124,0.0036627952940762043,-0.013962212949991226,0.00164989719633013,0,0,0,0,1,0,0,0,1,0,12
0.39985042810440063,0.016835128888487816,0.013054819777607918,0.0028451806865632534,0.4171980917453766,0.020416846498847008,0.10795048624277115,0.0106229018419981,0.0025816219858825207,3.606557220336981e-05,-6.283890979830176e-05,0.0,0.5981101989746094,0.005468770861625671,-0.013876662589609623,0.0019334149546921253,0,0,0,0,1,0,0,0,1,0,5
0.4127614498138428,0.019938085228204727,0.012886705808341503,0.0028283291030675173,0.4274872839450836,0.022917365655303,0.11134260147809982,0.01002171915024519,0.00243552029132843,3.40237129421439e-05,-5.928126483922824e-05,-1.4569803696851125e-11,0.5843030214309692,0.007600968237966299,-0.013743779622018337,0.002302272245287895,0,0,0,0,1,0,0,0,1,0,5
0.4245213568210602,0.022963780909776688,0.011616425588726997,0.0021887770853936672,0.4371958374977112,0.02527676708996296,0.10855652391910553,0.00945727713406086,0.0022983464878052473,3.210806971765123e-05,-5.594355025095865e-05,-2.913569125545523e-12,0.5706455707550049,0.01010961551219225,-0.013583197258412838,0.002676833188161254,0,0,0,0,1,0,0,0,1,0,7
0.43407726287841797,0.0247212965041399,0.00823070015758276,0.0012858061818405986,0.4920440912246704,0.025736667215824127,0.2946353256702423,0.06498104333877563,-0.00010501083306735381,5.923192816226219e-07,-1.2864200471085496e-05,0.0008876313222572207,0.5575711131095886,0.01287446916103363,-0.01198018342256546,0.0026706731878221035,0,0,0,0,0,0,1,0,1,0,18
0.44192346930503845,0.026046939194202423,0.007356966380029917,0.0012747409055009484,0.5551972389221191,0.025465214625000954,0.39916861057281494,0.06170547753572464,-0.00040438133873976767,5.923192816226219e-07,-1.2864200471085496e-05,0.0008876313222572207,0.5479680895805359,0.015339387580752373,-0.007323657628148794,0.0023130453191697598,0,0,0,0,0,0,1,0,1,0,15
0.4489467442035675,0.02689155749976635,0.0068804798647761345,0.0006602711509913206,0.6152400970458984,0.024906497448682785,0.37263575196266174,0.05872282385826111,-0.0006816196837462485,5.923192816226219e-07,-1.2864200471085496e-05,0.0008876313222572207,0.5438026189804077,0.01777247153222561,-0.0020942266564816236,0.0028881302569061518,0,0,0,0,0,0,1,0,0,0,16
0.4551553726196289,0.027485907077789307,0.006278472952544689,0.0005878329975530505,0.6724398732185364,0.024082912132143974,0.2223261147737503,0.05598783865571022,-0.0009363812860101461,5.923192816226219e-07,-1.2864200471085496e-05,0.0008876313222572207,0.5447614789009094,0.02059178799390793,0.003333302214741707,0.0024305861443281174,0,0,0,0,0,0,1,0,0,0,11
0.4623004198074341,0.02800355665385723,0.007831349037587643,0.00040787828038446605,0.7237094044685364,0.0230947844684124,0.1711966097354889,0.04696032404899597,-0.0010027923854067922,-6.289141083470895e-07,-3.4896413126261905e-05,0.000815959763713181,0.5498135685920715,0.022301586344838142,0.006049170158803463,0.0012463359162211418,0,0,0,0,0,0,1,0,0,0,7
0.4708908796310425,0.028186820447444916,0.009173505008220673,-4.423292193678208e-05,0.7697029709815979,0.02200067974627018,0.17196781933307648,0.045211322605609894,-0.0011662428732961416,-6.289141083470895e-07,-3.4896413126261905e-05,0.000815959763713181,0.5567219257354736,0.023305034264922142,0.007577152922749519,0.0008809509454295039,0,0,0,0,0,0,1,0,0,0,7
0.4802505671977997,0.028014080598950386,0.009553221985697746,-0.0001988342555705458,0.8121868968009949,0.02081289328634739,0.13572771847248077,0.039058901369571686,-0.0011539151892066002,-2.9358634492382407e-06,-6.372173083946109e-05,0.0006975127616897225,0.5650506615638733,0.023961002007126808,0.008908089250326157,0.0004522680537775159,0,0,0,0,0,0,1,0,0,0,15
0.4903685450553894,0.0277926754206419,0.010552125982940197,-0.00024166973889805377,0.8497174382209778,0.019640110433101654,0.11931917071342468,0.034805331379175186,-0.0011279787868261337,-5.750554919359274e-06,-9.438760753255337e-05,0.000549257209058851,0.5743225812911987,0.024141525849699974,0.009335138835012913,4.043989611091092e-05,0,0,0,0,0,0,1,0,0,0,6
0.5013920068740845,0.027527019381523132,0.011400965973734856,-0.00028045554063282907,0.8821209669113159,0.01856096275150776,0.11110507696866989,0.030486928299069405,-0.0010311640799045563,-1.0358390682085883e-05,-0.00014102031127549708,0.00027292591403238475,0.5840118527412415,0.02414477802813053,0.010106843896210194,-2.9745284336968325e-05,0,0,0,0,0,1,0,0,0,0,1
0.5132091641426086,0.027233285829424858,0.012130246497690678,-0.0003048677754122764,0.9108371734619141,0.017583677545189857,0.10933976620435715,0.027459032833576202,-0.0009356833179481328,-1.307060938415816e-05,-0.0001624192373128608,-5.8748396772334566e-12,0.5945824980735779,0.024067314341664314,0.010927284136414528,-0.00011681369505822659,1,0,0,0,0,0,0,0,0,0,12
0.5256617665290833,0.026915203779935837,0.012693685479462147,-0.0003283959231339395,0.9369761943817139,0.01669297181069851,0.10953221470117569,0.0251139048486948,-0.0008557717083021998,-1.1954452020290773e-05,-0.00014854954497423023,5.8659418468443025e-12,0.6054859757423401,0.0239250510931015,0.010953931137919426,-0.00016010549734346569,1,0,0,0,0,0,0,0,0,0,0
0.5386018753051758,0.026578864082694054,0.013123891316354275,-0.00034202798269689083,0.9609556794166565,0.01587585359811783,0.1096472442150116,0.02309487760066986,-0.0007869719411246479,-1.0993475370923989e-05,-0.00013660815602634102,2.929466348319809e-12,0.6168193817138672,0.023737406358122826,0.011623607017099857,-0.0002099566481774673,1,0,0,0,0,0,0,0,0,0,15
0.551911473274231,0.026230501011013985,0.013447859324514866,-0.00035315038985572755,0.983063817024231,0.015122506767511368,0.10973088443279266,0.02133565954864025,-0.0007270254427567124,-1.0156129064853303e-05,-0.00012620307097677141,5.85331349362006e-12,0.6287610530853271,0.023508500307798386,0.01219861675053835,-0.0002402437967248261,1,0,0,0,0,0,0,0,0,0,16
0.5655003786087036,0.025874000042676926,0.013694657944142818,-0.0003575735609047115,1.0035319328308105,0.014425045810639858,0.10979275405406952,0.019786681979894638,-0.0006742429686710238,-9.418840818398166e-06,-0.00011704133794410154,0.0,0.6412330269813538,0.023252133280038834,0.01267755776643753,-0.0002705309307202697,1,0,0,0,0,0,0,0,0,0,4
