lt_dp_posx,lt_dp_posy,lt_dp_velx,lt_dp_vely,ball_posx,ball_posy,ball_posz,ball_vel_x,ball_vel_y,ball_rot_x,ball_rot_y,ball_rot_z,rt_gk_posx,rt_gk_posy,rt_gk_velx,rt_gk_vely,action_left,action_top_left,action_top,action_top_right,action_right,action_bottom_right,action_bottom,action_bottom_left,action_sprint,action_dribble,sel_action
-1.0110293626785278,-0.0,0.0,-0.0,0.019999999552965164,-0.0,0.11061639338731766,-0.0,0.0,0.0,-0.0,0.0,1.0110293626785278,0.0,-0.0,0.0,0,0,0,0,0,0,0,0,0,0,5
0.0,-0.0,0.0,-0.0,0.019999999552965164,-0.0,0.11059734225273132,-0.0,0.0,0.0,-0.0,0.0,1.0110293626785278,0.0,-0.0,0.0,0,0,0,0,1,0,0,0,0,0,5
0.0,-0.0,0.0,-0.0,0.019999999552965164,-0.0,0.10930104553699493,-0.0,0.0,0.0,-0.0,0.0,1.0110293626785278,0.0,-0.0,0.0,0,0,0,0,1,0,0,0,0,0,5
0.002605511574074626,1.3680566401941263e-10,0.004109719302505255,2.5224112729094195e-11,0.019999999552965164,-0.0,0.11075475811958313,-0.0,0.0,0.0,-0.0,0.0,1.0085934400558472,-1.7055430678869499e-10,-0.003884820267558098,-2.392741005330379e-10,0,0,0,0,1,0,0,0,0,0,5
0.005889641121029854,-1.5970879063686994e-09,0.005736230872571468,-3.9207298518917355e-10,0.019999999552965164,-0.0,0.11053141206502914,-0.0,0.0,0.0,-0.0,0.0,1.0038305521011353,-3.7194536339768547e-10,-0.0054703038185834885,-1.5051691837353331e-10,0,0,0,0,1,0,0,0,0,0,13
0.011982080526649952,-2.3340314125874784e-09,0.007240616716444492,-2.362129658539658e-10,0.02691209688782692,-4.666663722119324e-10,0.12254813313484192,0.008374633267521858,-5.659687718484463e-10,2.0085038233280672e-12,1.0416755685582757e-05,-2.8667975111862365e-12,0.9975366592407227,-2.2801488475110432e-10,-0.006950602866709232,6.550620046397171e-10,0,0,0,0,1,0,0,0,1,0,5
0.019974837079644203,-2.479345617700801e-09,0.008583002723753452,-1.7994919443431456e-10,0.03486180678009987,-1.0046676823805e-09,0.11699162423610687,0.007705577649176121,-5.217304921423249e-10,7.288690484497096e-12,4.558203727356158e-05,0.0,0.989837646484375,3.1378774578705304e-10,-0.008285746909677982,4.1798142724758236e-10,0,0,0,0,1,0,0,0,1,0,13
0.029211096465587616,-2.6511925987904306e-09,0.009742094203829765,-1.496287399538332e-10,0.04233737289905548,-1.510824132466837e-09,0.10775913298130035,0.007286667823791504,-4.933667918649576e-10,6.8923690539623994e-12,4.31035332439933e-05,6.943401107667453e-19,0.9809144139289856,5.377776557402569e-10,-0.009325672872364521,5.291333690649047e-11,0,0,0,0,1,0,0,0,1,0,13
0.03715028613805771,-4.070698444991194e-09,0.009281553328037262,-1.6718125495085445e-10,0.049390897154808044,-1.9884056623453716e-09,0.11127554625272751,0.006866077426820993,-4.648892382164149e-10,6.494466856660219e-12,4.061513391206972e-05,-6.942896010505913e-19,0.971478283405304,7.262202506019833e-10,-0.00973448995500803,1.7600254587080144e-10,0,0,0,0,1,0,0,0,1,0,16
0.04607756808400154,-4.900661654261285e-09,0.010248887352645397,-1.0085627472067316e-10,0.05977779999375343,1.4214143448043615e-05,0.1403011828660965,0.013893861323595047,2.8018363082082942e-05,2.857442211734451e-07,7.852933777030557e-06,3.574642164494435e-07,0.961243748664856,8.398103323870032e-10,-0.010619443841278553,5.6633486095192254e-11,0,0,0,0,1,0,0,0,1,0,5
0.05666933208703995,1.209588958772656e-06,0.010675542056560516,4.048628852615366e-06,0.0735815018415451,4.204217475489713e-05,0.12649618089199066,0.013696718961000443,2.7571653845370747e-05,2.785293133911182e-07,8.640456144348718e-06,3.6553785776050063e-07,0.9503563046455383,1.7009321595651272e-07,-0.010805971920490265,5.5912272500791e-07,0,0,0,0,1,0,0,0,1,0,13
0.06764684617519379,9.054887414094992e-06,0.011330842971801758,1.0955336620099843e-05,0.08641690015792847,6.69076616759412e-05,0.12636925280094147,0.01235953439027071,2.3456506824004464e-05,-9.507835585509383e-08,4.876920866081491e-05,3.7999774349373183e-07,0.9392877221107483,1.3469258419718244e-06,-0.011376773938536644,1.6554431567783467e-06,0,0,0,0,1,0,0,0,1,0,16
0.07936257123947144,2.4316739654750563e-05,0.012014280073344707,1.7938891687663272e-05,0.09837605804204941,8.939208782976493e-05,0.11752312630414963,0.011652267538011074,2.1826706870342605e-05,-3.049231338536629e-07,6.892834790050983e-05,9.110068385428938e-14,0.9275738596916199,3.619910785346292e-06,-0.011977027170360088,2.6609502583596623e-06,0,0,0,0,1,0,0,0,1,0,18
0.09171651303768158,4.395041105453856e-05,0.01260839868336916,2.160557050956413e-05,0.10968796163797379,0.00011058121890528128,0.11176754534244537,0.0110254418104887,2.0652551029343158e-05,-2.885046797018731e-07,6.521696195704862e-05,-4.55424103106266e-14,0.9152939915657043,6.492061856988585e-06,-0.012507859617471695,3.094565727224108e-06,0,0,0,0,1,0,0,0,1,0,13
0.10458483546972275,6.889075302751735e-05,0.013062182813882828,2.7766725906985812e-05,0.12037452310323715,0.00013059900084044784,0.11096896231174469,0.010411463677883148,1.9502460418152623e-05,-2.7244587386121566e-07,6.158681935630739e-05,-4.553507500530338e-14,0.9025512933731079,9.896430128719658e-06,-0.01291878055781126,3.652377472462831e-06,0,0,0,0,1,0,0,0,1,0,0
0.11779036372900009,-0.0011668414808809757,0.013238980434834957,2.145966936950572e-05,0.13045881688594818,0.0001494886091677472,0.10908360034227371,0.009821703657507896,1.8397733583697118e-05,-2.570160688719625e-07,5.8098921726923436e-05,-4.5528430878865114e-14,0.8894527554512024,1.3792808204016183e-05,-0.013232932426035404,4.097220426046988e-06,0,0,0,0,1,0,0,0,1,0,13
0.1310293972492218,-0.0022505000233650208,0.013239067979156971,9.537812729831785e-06,0.1431073695421219,2.7994654374197125e-05,0.1472282111644745,0.015537279658019543,-0.00025914341676980257,-6.145261011170078e-08,1.0351108358008787e-05,-7.97656298345828e-07,0.8760826587677002,1.819546741899103e-05,-0.013472052291035652,4.646698016586015e-06,0,0,0,0,1,0,0,0,1,0,13
0.14428842067718506,-0.0022447635419666767,0.01333785429596901,1.321675972576486e-05,0.15853729844093323,-0.0002293430588906631,0.14566361904144287,0.015342291444540024,-0.00025587400887161493,-6.145261011170078e-08,1.0351108358008787e-05,-7.97656298345828e-07,0.8625065684318542,2.2099515263107605e-05,-0.013653671368956566,-4.880113806393638e-07,0,0,0,0,1,0,0,0,1,0,18
0.15778285264968872,-0.002170633291825652,0.013610019348561764,0.00013727426994591951,0.17323258519172668,-0.0004734790127258748,0.12910307943820953,0.014003572054207325,-0.00023157746181823313,1.456201971450355e-06,4.381480175652541e-05,-1.918556336022448e-06,0.8487749099731445,7.024875230854377e-06,-0.013789709657430649,-2.701448102016002e-05,0,0,0,0,1,0,0,0,1,0,16
0.17150762677192688,-0.0019523954251781106,0.013809168711304665,0.0002824732509907335,0.18681393563747406,-0.0006976486183702946,0.11690471321344376,0.013139991089701653,-0.0002164687612093985,3.0237451937864535e-06,7.772020762786269e-05,-3.6456715467661494e-13,0.8349266648292542,-3.375334199517965e-05,-0.013892089948058128,-5.2081762987654656e-05,0,0,0,0,1,0,0,0,1,0,5
0.1854040026664734,-0.0016744860913604498,0.013961861841380596,0.00025186705170199275,0.19959409534931183,-0.000908189918845892,0.1149793490767479,0.012468472123146057,-0.0002054059732472524,2.8694814773189137e-06,7.375453424174339e-05,3.644905015830202e-13,0.8209915161132812,-8.792758308118209e-05,-0.013967822305858135,-5.373524982132949e-05,0,0,0,0,1,0,0,0,1,0,16
0.19943185150623322,-0.0014582672156393528,0.01407651323825121,0.0001880950730992481,0.21168439090251923,-0.001107366057112813,0.10733582079410553,0.011780688539147377,-0.00019407537183724344,2.711302158786566e-06,6.968885281821713e-05,0.0,0.8069908022880554,-0.0001410953263984993,-0.014024622738361359,-5.269236135063693e-05,0,0,0,0,1,0,0,0,1,0,0
0.2135240137577057,-0.0013057789765298367,0.01412181742489338,0.00012587745732162148,0.22309879958629608,-0.0012954073026776314,0.11101727187633514,0.01111898198723793,-0.0001831744593800977,2.5588706193957478e-06,6.577090243808925e-05,0.0,0.7929408550262451,-0.00019351510854903609,-0.014068098738789558,-5.269124449114315e-05,0,0,0,0,1,0,0,0,1,0,16
0.22758762538433075,-0.0012173341820016503,0.013973958790302277,6.227651465451345e-05,0.23551695048809052,-0.0014140820130705833,0.13666029274463654,0.015916774049401283,2.147306440747343e-05,8.988234299067699e-07,1.2282899660931434e-05,-9.630429076423752e-07,0.778854250907898,-0.0002467940794304013,-0.014100355096161366,-5.375536056817509e-05,0,0,0,0,1,0,0,0,1,0,18
0.24116477370262146,-0.0010370410745963454,0.013312673196196556,5.693384082405828e-06,0.2513216733932495,-0.001392776146531105,0.15771380066871643,0.015713201835751534,2.1191086489125155e-05,8.988234299067699e-07,1.2282899660931434e-05,-9.630429076423752e-07,0.7647404670715332,-0.0003009939391631633,-0.014123495668172836,-5.3515621402766556e-05,0,0,0,0,1,0,0,0,1,0,0
0.25447729229927063,0.0007004057988524437,0.013312689028680325,3.3214616905752337e-06,0.2666681110858917,-0.0013729291968047619,0.12169547379016876,0.014493783004581928,1.5940669982228428e-05,4.634405286196852e-07,4.097482451470569e-05,-1.2733747212223534e-07,0.7506067156791687,-0.00034805695759132504,-0.014141728170216084,-4.1776278521865606e-05,0,0,0,0,1,0,0,0,1,0,5
0.26778995990753174,0.001016146270558238,0.013312697410583496,9.482557175033435e-07,0.28235700726509094,-0.00113308138679713,0.1742367297410965,0.015752393752336502,0.0002633905678521842,4.0487327623850433e-07,-7.757118396511942e-07,1.8028227088962012e-07,0.7364575862884521,-0.00038335754652507603,-0.014155051670968533,-2.9997499950695783e-05,0,0,0,0,1,0,0,0,1,0,6
0.28118664026260376,0.0010013086721301079,0.013516930863261223,-4.796623034053482e-05,0.2979988157749176,-0.0008715346339158714,0.1347707211971283,0.01555195078253746,0.0002600571315269917,4.0487327623850433e-07,-7.757118396511942e-07,1.8028227088962012e-07,0.7222973108291626,-0.0004013445577584207,-0.014164167456328869,-4.392366918182233e-06,0,0,0,0,0,1,0,0,1,0,5
0.29483333230018616,0.0008800413925200701,0.013742377050220966,-0.0001832566485973075,0.3125383257865906,-0.000629585178103298,0.13702881336212158,0.014029093086719513,0.00023286580108106136,-9.924951882567257e-07,3.129049582639709e-05,1.9085771327809198e-06,0.7081284523010254,-0.00038838558248244226,-0.01417258195579052,2.7160307581652887e-05,0,0,0,0,1,0,0,0,1,0,6
0.3086709678173065,0.0006342396955005825,0.01390891894698143,-0.00026568182511255145,0.3262609839439392,-0.000402056728489697,0.11793908476829529,0.01318079698830843,0.00021800672402605414,-2.3809025151422247e-06,6.290276360232383e-05,1.172635393231758e-06,0.6939533948898315,-0.0003458163992036134,-0.014177490957081318,4.894991434412077e-05,0,0,0,0,0,1,0,0,1,0,7
0.32250943779945374,0.0005904858116991818,0.01397092454135418,-0.00021635601297020912,0.3390592932701111,-0.0001904797536553815,0.1149919331073761,0.012490350753068924,0.00020646967459470034,-2.884269633796066e-06,7.388213998638093e-05,7.289858820758166e-13,0.6797735095024109,-0.0002974428061861545,-0.014181697741150856,4.790139428223483e-05,0,0,0,0,0,0,1,0,1,0,6
0.33550921082496643,0.0016543602105230093,0.01361006312072277,0.00015642996004316956,0.3511820137500763,9.913527719618287e-06,0.10941587388515472,0.011816035024821758,0.00019532296573743224,-2.7287080683890963e-06,6.98973672115244e-05,0.0,0.665590226650238,-0.0002501200942788273,-0.014184502884745598,4.684864325099625e-05,0,0,0,0,0,1,0,0,1,0,12
0.34852954745292664,0.0022211705800145864,0.012725241482257843,0.0006778085371479392,0.3649826645851135,0.0027574801351875067,0.15521076321601868,0.014225674793124199,0.003360981121659279,3.6201963666826487e-06,1.611016887181904e-05,1.7479993402957916e-05,0.651404082775116,-0.0001919843052746728,-0.01418730802834034,6.952880357857794e-05,0,0,0,0,0,1,0,0,1,0,3
0.3609176278114319,0.003835872281342745,0.01214847806841135,0.0023421344812959433,0.37910178303718567,0.006092769093811512,0.11946232616901398,0.013959459029138088,0.0032939384691417217,2.3932013846206246e-06,1.7754782675183378e-05,1.8869353880290873e-05,0.6372165083885193,-0.00010852952254936099,-0.014188009314239025,9.484907786827534e-05,0,0,1,0,0,0,0,0,1,0,6
0.3727577030658722,0.006389925722032785,0.011874997988343239,0.002564546884968877,0.3921743333339691,0.009134726598858833,0.130285382270813,0.012716471217572689,0.0029448512941598892,-2.2740059648640454e-05,5.1151320803910494e-05,2.398928700131364e-05,0.6230311989784241,9.014395618578419e-05,-0.014175387099385262,0.00041979140951298177,0,0,0,0,0,1,0,0,1,0,12
0.3849062919616699,0.008981588296592236,0.012358496896922588,0.0026003452949225903,0.4045092463493347,0.011982547119259834,0.11858467012643814,0.012015972286462784,0.0027701067738234997,-3.8698875869158655e-05,7.107978308340535e-05,-5.831057858785016e-12,0.6088917255401611,0.0008527564932592213,-0.01409965381026268,0.0010426098015159369,0,0,0,0,0,1,0,0,1,0,18
0.3974859118461609,0.011573991738259792,0.012745927087962627,0.0025825637858361006,0.41617557406425476,0.014672059565782547,0.11102475225925446,0.011379636824131012,0.0026234097313135862,-3.6649998946813866e-05,6.73165122861974e-05,0.0,0.5948624014854431,0.002233790932223201,-0.013966419734060764,0.0016403557965531945,0,0,0,0,0,1,0,0,1,0,12
0.41038069128990173,0.014185099862515926,0.01299942284822464,0.0026445782277733088,0.42720139026641846,0.017213892191648483,0.11248773336410522,0.010743958875536919,0.0024768642615526915,-3.4601562219904736e-05,6.355402001645416e-05,-1.1657982738888517e-11,0.5809640288352966,0.004099784418940544,-0.013838445767760277,0.00205003609880805,0,0,0,0,0,1,0,0,1,0,14
0.4233332872390747,0.017030144110322,0.012941759079694748,0.002654050709679723,0.4376112222671509,0.01961372420191765,0.10797764360904694,0.01013909000903368,0.0023374208249151707,-3.265400664531626e-05,5.9976860939059407e-05,8.742136355099905e-12,0.5672094225883484,0.006373222451657057,-0.01368172001093626,0.0024555260315537453,0,0,0,0,0,0,0,0,1,0,4
0.435280978679657,0.019895656034350395,0.011681132949888706,0.0020371221471577883,0.44743332266807556,0.021878059953451157,0.1113424226641655,0.009567737579345703,0.0022057045716792345,-3.081324030063115e-05,5.659583257511258e-05,0.0,0.5536642670631409,0.009124917909502983,-0.013400175608694553,0.00304390792734921,0,0,0,1,0,0,0,0,1,0,1
0.4452933967113495,0.02166944183409214,0.008467365987598896,0.0011533356737345457,0.4923076927661896,0.023040756583213806,0.4078295826911926,0.05920444428920746,0.0005984075251035392,-7.692008693993557e-06,2.1506328266696073e-05,0.0012072569224983454,0.5404744148254395,0.012529503554105759,-0.01300643477588892,0.003696771338582039,1,0,0,0,0,0,0,0,1,0,7
0.4532661437988281,0.02289264090359211,0.0073944819159805775,0.0011787174735218287,0.5500283241271973,0.023413160815835,0.6910078525543213,0.05653878673911095,0.00019178482762072235,-7.692008693993557e-06,2.1506328266696073e-05,0.0012072569224983454,0.5278413891792297,0.016483496874570847,-0.011918474920094013,0.0038642773870378733,0,0,0,0,0,0,1,0,1,0,5
0.46036356687545776,0.02370646968483925,0.006899062544107437,0.0005705647636204958,0.6051939129829407,0.023394620046019554,0.8179673552513123,0.0540689192712307,-0.00018640673079062253,-7.692008693993557e-06,2.1506328266696073e-05,0.0012072569224983454,0.5177832245826721,0.01964610069990158,-0.008232804015278816,0.002471867250278592,0,0,0,0,1,0,0,0,1,0,6
0.46664959192276,0.02422633394598961,0.00613261666148901,0.0005071813357062638,0.6579827666282654,0.0230131596326828,0.7981536388397217,0.05176432430744171,-0.0005370024009607732,-7.692008693993557e-06,2.1506328266696073e-05,0.0012072569224983454,0.5124054551124573,0.021192334592342377,-0.002880306914448738,0.0007945955148898065,0,0,0,0,0,1,0,0,1,0,0
0.47365206480026245,0.024685731157660484,0.007692154496908188,0.000372628855984658,0.7085463404655457,0.02229567989706993,0.6401362419128418,0.049600690603256226,-0.0008613130776211619,-7.692008693993557e-06,2.1506328266696073e-05,0.0012072569224983454,0.5128526091575623,0.021408744156360626,0.002888020360842347,0.00017137048416770995,0,0,0,0,0,1,0,0,1,0,12
0.4821111559867859,0.02486852928996086,0.009051140397787094,-1.2405751476762816e-05,0.7570143342018127,0.021267609670758247,0.3516862988471985,0.04755839332938194,-0.0011609290959313512,-7.692008693993557e-06,2.1506328266696073e-05,0.0012072569224983454,0.5165903568267822,0.02169164828956127,0.004429677035659552,0.0003677948843687773,0,0,0,0,0,1,0,0,1,0,3
0.4913337528705597,0.024714378640055656,0.009398652240633965,-0.0001913246524054557,0.8010183572769165,0.020069235935807228,0.1833941638469696,0.037658385932445526,-0.0010463545331731439,-5.2416139624256175e-06,4.2941544961649925e-05,0.001090457197278738,0.5223843455314636,0.021774422377347946,0.006421416997909546,1.9432607587077655e-05,0,0,1,0,0,0,0,0,1,0,17
0.5012637972831726,0.0245053768157959,0.010416820645332336,-0.00023173156660050154,0.8380854725837708,0.018939794972538948,0.32685455679893494,0.036582764238119125,-0.0011957869865000248,-5.2416139624256175e-06,4.2941544961649925e-05,0.001090457197278738,0.5298072099685669,0.021762508898973465,0.007836299948394299,-1.0221352567896247e-05,0,0,1,0,0,0,0,0,1,1,11
0.5121073126792908,0.024239109829068184,0.011192400008440018,-0.0003931854444090277,0.8740746378898621,0.017666716128587723,0.32062530517578125,0.03550266847014427,-0.001334831933490932,-5.2416139624256175e-06,4.2941544961649925e-05,0.001090457197278738,0.538526713848114,0.021707626059651375,0.009056314826011658,-5.769916606368497e-05,0,0,1,0,0,0,0,0,1,1,11
0.5217697024345398,0.023056108504533768,0.00800413079559803,-0.0017683946061879396,0.9089810848236084,0.016259847208857536,0.17186281085014343,0.0344177670776844,-0.0014644651673734188,-5.2416139624256175e-06,4.2941544961649925e-05,0.001090457197278738,0.5479525327682495,0.02144986018538475,0.00963402446359396,-0.00021376526274252683,0,0,1,0,0,0,0,0,1,1,1
0.5272881388664246,0.02074030227959156,0.0033272928558290005,-0.0029313741251826286,0.9405691027641296,0.014895621687173843,0.183101624250412,0.030259665101766586,-0.001332574523985386,-1.3642861631524283e-06,6.535664579132572e-05,0.000920392747502774,0.5574620962142944,0.021008139476180077,0.010118679143488407,-0.0003048974904231727,1,0,0,0,0,0,0,0,1,1,2
0.5281496644020081,0.01753257028758526,-0.0016461400082334876,-0.003019702387973666,0.9704180955886841,0.013525458984076977,0.16011643409729004,0.029505975544452667,-0.0014000966912135482,-1.3642861631524283e-06,6.535664579132572e-05,0.000920392747502774,0.5676590800285339,0.020620351657271385,0.01051250658929348,-0.00027649139519780874,0,1,0,0,0,0,0,0,1,1,1
0.5246235132217407,0.014614060521125793,-0.004557300824671984,-0.0029247200582176447,0.9984173774719238,0.012176157906651497,0.14130383729934692,0.02665463089942932,-0.001288022380322218,4.644683940568939e-06,9.431409853277728e-05,0.0006458896677941084,0.578522264957428,0.020360158756375313,0.011195856146514416,-0.0002483431890141219,1,0,0,0,0,0,0,0,1,1,0
