lt_dp_posx,lt_dp_posy,lt_dp_velx,lt_dp_vely,ball_posx,ball_posy,ball_posz,ball_vel_x,ball_vel_y,ball_rot_x,ball_rot_y,ball_rot_z,rt_gk_posx,rt_gk_posy,rt_gk_velx,rt_gk_vely,action_left,action_top_left,action_top,action_top_right,action_right,action_bottom_right,action_bottom,action_bottom_left,action_sprint,action_dribble,sel_action
-1.0110293626785278,-0.0,0.0,-0.0,0.019999999552965164,-0.0,0.11061639338731766,-0.0,0.0,0.0,-0.0,0.0,1.0110293626785278,0.0,-0.0,0.0,0,0,0,0,0,0,0,0,0,0,5
0.0,-0.0,0.0,-0.0,0.019999999552965164,-0.0,0.11059734225273132,-0.0,0.0,0.0,-0.0,0.0,1.0106345415115356,-3.1861822208378854e-11,-0.001967654563486576,-1.5578560663698227e-10,0,0,0,0,1,0,0,0,0,0,5
0.0,-0.0,0.0,-0.0,0.019999999552965164,-0.0,0.10930104553699493,-0.0,0.0,0.0,-0.0,0.0,1.0068784952163696,-2.6190344337706506e-10,-0.004527849145233631,-2.1994273069481096e-10,0,0,0,0,1,0,0,0,0,0,5
0.002605511574074626,1.3680566401941263e-10,0.004109719302505255,2.5224112729094195e-11,0.019999999552965164,-0.0,0.11075475811958313,-0.0,0.0,0.0,-0.0,0.0,1.0014904737472534,-4.1574887976736363e-10,-0.006076167803257704,-8.290019365420065e-11,0,0,0,0,1,0,0,0,0,0,5
0.005889641121029854,-1.5970879063686994e-09,0.005736230872571468,-3.9207298518917355e-10,0.019999999552965164,-0.0,0.11053141206502914,-0.0,0.0,0.0,-0.0,0.0,0.9946169853210449,2.1176255193822158e-11,-0.007505276706069708,5.935993918626536e-10,0,0,0,0,1,0,0,0,0,0,13
0.011982080526649952,-2.3340314125874784e-09,0.007240616716444492,-2.362129658539658e-10,0.02691209688782692,-4.666663722119324e-10,0.12254813313484192,0.008374633267521858,-5.659687718484463e-10,2.0085038233280672e-12,1.0416755685582757e-05,-2.8667975111862365e-12,0.986401379108429,4.633894656880244e-10,-0.008770297281444073,2.9912403110010644e-10,0,0,0,0,1,0,0,0,1,0,5
0.019974837079644203,-2.479345617700801e-09,0.008583002723753452,-1.7994919443431456e-10,0.03486180678009987,-1.0046676823805e-09,0.11699162423610687,0.007705577649176121,-5.217304921423249e-10,7.288690484497096e-12,4.558203727356158e-05,0.0,0.9771802425384521,6.446741473986606e-10,-0.009335489943623543,2.2652757447616523e-10,0,0,0,0,1,0,0,0,1,0,13
0.029211096465587616,-2.6511925987904306e-09,0.009742094203829765,-1.496287399538332e-10,0.04233737289905548,-1.510824132466837e-09,0.10775913298130035,0.007286667823791504,-4.933667918649576e-10,6.8923690539623994e-12,4.31035332439933e-05,6.943401107667453e-19,0.9674903154373169,8.198842160744846e-10,-0.010107545182108879,1.3151670030797646e-10,0,0,0,0,1,0,0,0,1,0,18
0.03715028613805771,-4.070698444991194e-09,0.009281553328037262,-1.6718125495085445e-10,0.049390897154808044,-1.9884056623453716e-09,0.11127554625272751,0.006866077426820993,-4.648892382164149e-10,6.494466856660219e-12,4.061513391206972e-05,-6.942896010505913e-19,0.9569175243377686,8.857474198542548e-10,-0.01093008928000927,1.1275191717785571e-11,0,0,0,0,1,0,0,0,1,0,16
0.04607756808400154,-4.900661654261285e-09,0.010248887352645397,-1.0085627472067316e-10,0.05977779999375343,1.4214143448043615e-05,0.1403011828660965,0.013893861323595047,2.8018363082082942e-05,2.857442211734451e-07,7.852933777030557e-06,3.574642164494435e-07,0.9460111856460571,1.7057592005542688e-09,-0.010957437567412853,7.292446091433646e-10,0,0,0,0,1,0,0,0,1,0,13
0.05666933208703995,1.209588958772656e-06,0.010675542056560516,4.048628852615366e-06,0.0735815018415451,4.204217475489713e-05,0.12649618089199066,0.013696718961000443,2.7571653845370747e-05,2.785293133911182e-07,8.640456144348718e-06,3.6553785776050063e-07,0.9346734285354614,2.1891168877630207e-09,-0.011628516018390656,2.798365428269278e-10,0,0,0,0,1,0,0,0,1,0,16
0.06764684617519379,9.054887414094992e-06,0.011330842971801758,1.0955336620099843e-05,0.08641690015792847,6.69076616759412e-05,0.12636925280094147,0.01235953439027071,2.3456506824004464e-05,-9.507835585509383e-08,4.876920866081491e-05,3.7999774349373183e-07,0.9227253198623657,7.410759650383625e-08,-0.012204927392303944,2.968607759612496e-07,0,0,0,0,1,0,0,0,1,0,5
0.07936257123947144,2.4316739654750563e-05,0.012014280073344707,1.7938891687663272e-05,0.09837605804204941,8.939208782976493e-05,0.11752312630414963,0.011652267538011074,2.1826706870342605e-05,-3.049231338536629e-07,6.892834790050983e-05,9.110068385428938e-14,0.9102458953857422,1.1061789564337232e-06,-0.012685270980000496,1.723300101730274e-06,0,0,0,0,1,0,0,0,1,0,0
0.09171651303768158,4.395041105453856e-05,0.01260839868336916,2.160557050956413e-05,0.10968796163797379,0.00011058121890528128,0.11176754534244537,0.0110254418104887,2.0652551029343158e-05,-2.885046797018731e-07,6.521696195704862e-05,-4.55424103106266e-14,0.8973493576049805,3.677871973195579e-06,-0.013054819777607918,3.1519866752205417e-06,0,0,0,0,1,0,0,0,1,0,18
0.10458483546972275,6.889075302751735e-05,0.013062182813882828,2.7766725906985812e-05,0.12037452310323715,0.00013059900084044784,0.11096896231174469,0.010411463677883148,1.9502460418152623e-05,-2.7244587386121566e-07,6.158681935630739e-05,-4.553507500530338e-14,0.8841332197189331,7.105203167157015e-06,-0.01333671435713768,3.704061100506806e-06,0,0,0,0,1,0,0,0,1,0,5
0.11779036372900009,-0.0011668414808809757,0.013238980434834957,2.145966936950572e-05,0.13045881688594818,0.0001494886091677472,0.10908360034227371,0.009821703657507896,1.8397733583697118e-05,-2.570160688719625e-07,5.8098921726923436e-05,-4.5528430878865114e-14,0.8706738948822021,1.1151995749969501e-05,-0.0135505897924304,4.318298124417197e-06,0,0,0,0,1,0,0,0,1,0,16
0.1310293972492218,-0.0022505000233650208,0.013239067979156971,9.537812729831785e-06,0.1431073695421219,2.7994654374197125e-05,0.1472282111644745,0.015537279658019543,-0.00025914341676980257,-6.145261011170078e-08,1.0351108358008787e-05,-7.97656298345828e-07,0.8570301532745361,1.4418184946407564e-05,-0.013712574727833271,1.1358431493135868e-06,0,0,0,0,1,0,0,0,1,0,13
0.14428842067718506,-0.0022447635419666767,0.01333785429596901,1.321675972576486e-05,0.15853729844093323,-0.0002293430588906631,0.14566361904144287,0.015342291444540024,-0.00025587400887161493,-6.145261011170078e-08,1.0351108358008787e-05,-7.97656298345828e-07,0.8432477116584778,1.2498585419962183e-05,-0.013833887875080109,-4.320470452512382e-06,0,0,0,0,1,0,0,0,1,0,16
0.15778285264968872,-0.002170633291825652,0.013610019348561764,0.00013727426994591951,0.17323258519172668,-0.0004734790127258748,0.12910307943820953,0.014003572054207325,-0.00023157746181823313,1.456201971450355e-06,4.381480175652541e-05,-1.918556336022448e-06,0.8293613195419312,4.371648628875846e-06,-0.013925047591328621,-1.4121537788014393e-05,0,0,0,0,1,0,0,0,1,0,16
0.17150762677192688,-0.0019523954251781106,0.013809168711304665,0.0002824732509907335,0.18681393563747406,-0.0006976486183702946,0.11690471321344376,0.013139991089701653,-0.0002164687612093985,3.0237451937864535e-06,7.772020762786269e-05,-3.6456715467661494e-13,0.8153970837593079,-2.0987326934118755e-05,-0.013993768021464348,-3.457788625382818e-05,0,0,0,0,1,0,0,0,1,0,16
0.1854040026664734,-0.0016744860913604498,0.013961861841380596,0.00025186705170199275,0.19959409534931183,-0.000908189918845892,0.1149793490767479,0.012468472123146057,-0.0002054059732472524,2.8694814773189137e-06,7.375453424174339e-05,3.644905015830202e-13,0.8013746738433838,-6.68798602418974e-05,-0.014043555594980717,-5.5165099183795974e-05,0,0,0,0,1,0,0,0,1,0,16
0.19943185150623322,-0.0014582672156393528,0.01407651323825121,0.0001880950730992481,0.21168439090251923,-0.001107366057112813,0.10733582079410553,0.011780688539147377,-0.00019407537183724344,2.711302158786566e-06,6.968885281821713e-05,0.0,0.7873086929321289,-0.00012357597006484866,-0.014082123525440693,-5.615696863969788e-05,0,0,0,0,1,0,0,0,1,0,13
0.2135240137577057,-0.0013057789765298367,0.01412181742489338,0.00012587745732162148,0.22309879958629608,-0.0012954073026776314,0.11101727187633514,0.01111898198723793,-0.0001831744593800977,2.5588706193957478e-06,6.577090243808925e-05,0.0,0.7732102274894714,-0.00017905754793900996,-0.014110873453319073,-5.492330092238262e-05,0,0,0,0,1,0,0,0,1,0,18
0.22758762538433075,-0.0012173341820016503,0.013973958790302277,6.227651465451345e-05,0.23551695048809052,-0.0014140820130705833,0.13666029274463654,0.015916774049401283,2.147306440747343e-05,8.988234299067699e-07,1.2282899660931434e-05,-9.630429076423752e-07,0.7590874433517456,-0.00023382733343169093,-0.014131911098957062,-5.5461372539866716e-05,0,0,0,0,1,0,0,0,1,0,5
0.24116477370262146,-0.0010370410745963454,0.013312673196196556,5.693384082405828e-06,0.2513216733932495,-0.001392776146531105,0.15771380066871643,0.015713201835751534,2.1191086489125155e-05,8.988234299067699e-07,1.2282899660931434e-05,-9.630429076423752e-07,0.7449466586112976,-0.0002905715664383024,-0.014147337526082993,-5.779190905741416e-05,0,0,0,0,1,0,0,0,1,0,18
0.25447729229927063,0.0007004057988524437,0.013312689028680325,3.3214616905752337e-06,0.2666681110858917,-0.0013729291968047619,0.12169547379016876,0.014493783004581928,1.5940669982228428e-05,4.634405286196852e-07,4.097482451470569e-05,-1.2733747212223534e-07,0.7307925224304199,-0.00034941575722768903,-0.014158557169139385,-5.787478949059732e-05,0,0,0,0,1,0,0,0,1,0,0
0.26778995990753174,0.001016146270558238,0.013312697410583496,9.482557175033435e-07,0.28235700726509094,-0.00113308138679713,0.1742367297410965,0.015752393752336502,0.0002633905678521842,4.0487327623850433e-07,-7.757118396511942e-07,1.8028227088962012e-07,0.71662837266922,-0.00039627650403417647,-0.014168374240398407,-3.784377986448817e-05,0,0,0,0,1,0,0,0,1,0,13
0.28118664026260376,0.0010013086721301079,0.013516930863261223,-4.796623034053482e-05,0.2979988157749176,-0.0008715346339158714,0.1347707211971283,0.01555195078253746,0.0002600571315269917,4.0487327623850433e-07,-7.757118396511942e-07,1.8028227088962012e-07,0.7024567127227783,-0.0004230904742144048,-0.014174685813486576,-1.7785587260732427e-05,0,0,0,0,1,0,0,0,1,0,16
0.29483333230018616,0.0008800413925200701,0.013742377050220966,-0.0001832566485973075,0.3125383257865906,-0.000629585178103298,0.13702881336212158,0.014029093086719513,0.00023286580108106136,-9.924951882567257e-07,3.129049582639709e-05,1.9085771327809198e-06,0.6882795095443726,-0.0004276522668078542,-0.014178893528878689,7.749138603685424e-06,0,0,0,0,1,0,0,0,1,0,7
0.3086709678173065,0.0006342396955005825,0.01390891894698143,-0.00026568182511255145,0.3262609839439392,-0.000402056728489697,0.11793908476829529,0.01318079698830843,0.00021800672402605414,-2.3809025151422247e-06,6.290276360232383e-05,1.172635393231758e-06,0.6740980744361877,-0.0004045644891448319,-0.014183100312948227,3.563935388228856e-05,0,0,0,0,0,0,1,0,1,0,6
0.32250943779945374,0.0005904858116991818,0.01397092454135418,-0.00021635601297020912,0.3390592932701111,-0.0001904797536553815,0.1149919331073761,0.012490350753068924,0.00020646967459470034,-2.884269633796066e-06,7.388213998638093e-05,7.289858820758166e-13,0.6599138975143433,-0.00035527889849618077,-0.014185204170644283,5.504807268152945e-05,0,0,0,0,0,1,0,0,1,0,6
0.33550921082496643,0.0016543602105230093,0.01361006312072277,0.00015642996004316956,0.3511820137500763,9.913527719618287e-06,0.10941587388515472,0.011816035024821758,0.00019532296573743224,-2.7287080683890963e-06,6.98973672115244e-05,0.0,0.6457273960113525,-0.00030045260791666806,-0.01418730802834034,5.4644347983412445e-05,0,0,0,0,0,1,0,0,1,0,12
0.34852954745292664,0.0022211705800145864,0.012725241482257843,0.0006778085371479392,0.3649826645851135,0.0027574801351875067,0.15521076321601868,0.014225674793124199,0.003360981121659279,3.6201963666826487e-06,1.611016887181904e-05,1.7479993402957916e-05,0.6315392851829529,-0.0002460312389302999,-0.01418871060013771,5.423862239695154e-05,0,0,0,0,0,1,0,0,1,0,1
0.3609176278114319,0.003835872281342745,0.01214847806841135,0.0023421344812959433,0.37910178303718567,0.006092769093811512,0.11946232616901398,0.013959459029138088,0.0032939384691417217,2.3932013846206246e-06,1.7754782675183378e-05,1.8869353880290873e-05,0.6173567175865173,1.2929943295603152e-05,-0.01417258195579052,0.0004636567027773708,1,0,0,0,0,0,0,0,1,0,12
0.3727577030658722,0.006389925722032785,0.011874997988343239,0.002564546884968877,0.3921743333339691,0.009134726598858833,0.130285382270813,0.012716471217572689,0.0029448512941598892,-2.2740059648640454e-05,5.1151320803910494e-05,2.398928700131364e-05,0.6032100915908813,0.0007263670559041202,-0.014120690524578094,0.0009175577433779836,1,0,0,0,0,0,0,0,1,0,6
0.3849062919616699,0.008981588296592236,0.012358496896922588,0.0026003452949225903,0.4045092463493347,0.011982547119259834,0.11858467012643814,0.012015972286462784,0.0027701067738234997,-3.8698875869158655e-05,7.107978308340535e-05,-5.831057858785016e-12,0.5891327261924744,0.001887983875349164,-0.014038646593689919,0.001353920204564929,0,0,0,0,0,1,0,0,1,0,12
0.3974859118461609,0.011573991738259792,0.012745927087962627,0.0025825637858361006,0.41617557406425476,0.014672059565782547,0.11102475225925446,0.011379636824131012,0.0026234097313135862,-3.6649998946813866e-05,6.73165122861974e-05,0.0,0.5751523971557617,0.003472124459221959,-0.013928554020822048,0.0017720082541927695,0,0,0,0,0,1,0,0,1,0,7
0.41038069128990173,0.014185099862515926,0.01299942284822464,0.0026445782277733088,0.42720139026641846,0.017213892191648483,0.11248773336410522,0.010743958875536919,0.0024768642615526915,-3.4601562219904736e-05,6.355402001645416e-05,-1.1657982738888517e-11,0.5612988471984863,0.005474087316542864,-0.013782697729766369,0.0022034896537661552,0,0,0,0,0,0,1,0,1,0,5
0.4233332872390747,0.017030144110322,0.012941759079694748,0.002654050709679723,0.4376112222671509,0.01961372420191765,0.10797764360904694,0.01013909000903368,0.0023374208249151707,-3.265400664531626e-05,5.9976860939059407e-05,8.742136355099905e-12,0.5476481914520264,0.007996409200131893,-0.013534110970795155,0.0027816046494990587,0,0,0,0,1,0,0,0,1,0,5
0.435280978679657,0.019895656034350395,0.011681132949888706,0.0020371221471577883,0.44743332266807556,0.021878059953451157,0.1113424226641655,0.009567737579345703,0.0022057045716792345,-3.081324030063115e-05,5.659583257511258e-05,0.0,0.534278154373169,0.01109058316797018,-0.01322732213884592,0.0033479700796306133,0,0,0,0,1,0,0,0,1,0,0
0.4452933967113495,0.02166944183409214,0.008467365987598896,0.0011533356737345457,0.49293145537376404,0.02229742519557476,0.30031728744506836,0.06006191670894623,-0.0003871187218464911,4.673725470638601e-06,2.7148667868459597e-05,0.0005325180245563388,0.5219846367835999,0.014464116655290127,-0.010875393636524677,0.0032741487957537174,0,0,0,0,1,0,0,0,1,0,11
0.4532661437988281,0.02289264090359211,0.0073944819159805775,0.0011787174735218287,0.5514472126960754,0.021820949390530586,0.4244570732116699,0.05728240683674812,-0.000546916970051825,4.673725470638601e-06,2.7148667868459597e-05,0.0005325180245563388,0.5130329728126526,0.0180654413998127,-0.00784326996654272,0.003759641433134675,0,0,0,0,1,0,0,0,1,0,0
0.46036356687545776,0.02370646968483925,0.006899062544107437,0.0005705647636204958,0.6072927713394165,0.02119438722729683,0.38627859950065613,0.05469644069671631,-0.0006891358643770218,4.673725470638601e-06,2.7148667868459597e-05,0.0005325180245563388,0.5060760974884033,0.021911781281232834,-0.005838099867105484,0.003452264005318284,0,0,0,0,1,0,0,0,1,0,0
0.46664959192276,0.02422633394598961,0.00613261666148901,0.0005071813357062638,0.6606441140174866,0.02043495699763298,0.19567298889160156,0.05227341502904892,-0.0008144762832671404,4.673725470638601e-06,2.7148667868459597e-05,0.0005325180245563388,0.5024948120117188,0.02405773289501667,-0.0015630441484972835,0.0009563551284372807,0,0,0,0,1,0,0,0,1,0,2
0.47348952293395996,0.02468043752014637,0.007568725850433111,0.000368759676348418,0.7072647213935852,0.01961895264685154,0.19370761513710022,0.043000075966119766,-0.0008206663187593222,5.3839871725358535e-06,5.111930295242928e-05,0.00048110997886396945,0.5028685331344604,0.02434524893760681,0.0004670583875849843,5.732060890295543e-05,0,1,0,0,0,0,0,0,1,0,13
0.48180022835731506,0.02486509643495083,0.009017751552164555,-4.996791631128872e-06,0.749458909034729,0.018756017088890076,0.18969449400901794,0.04153355956077576,-0.0008956161327660084,5.3839871725358535e-06,5.111930295242928e-05,0.00048110997886396945,0.5063721537590027,0.024490462616086006,0.004309306852519512,0.00015554411220364273,0,1,0,0,0,0,0,0,1,0,0
0.4910688102245331,0.024722222238779068,0.00942765362560749,-0.00018022481526713818,0.7888416647911072,0.01785193383693695,0.14031419157981873,0.036667902022600174,-0.0008866579737514257,6.462951205321588e-06,7.606882718391716e-05,0.0004116190248169005,0.5119044780731201,0.024553392082452774,0.005823913495987654,1.5316383723984472e-05,0,1,0,0,0,0,0,0,1,0,13
0.5010542869567871,0.024525227025151253,0.010446538217365742,-0.0002199045557063073,0.8245190978050232,0.016952384263277054,0.11633767187595367,0.03341804817318916,-0.0008750444976612926,7.742225534457248e-06,0.00010216108785243705,0.0003251571033615619,0.5189107656478882,0.024451548233628273,0.007464735768735409,-0.00015303399413824081,0,1,0,0,0,0,0,0,1,0,3
0.5119730234146118,0.02429027669131756,0.011300542391836643,-0.0002495830995030701,0.8558831214904785,0.01610874943435192,0.11433064192533493,0.029669824987649918,-0.0008120503625832498,9.92628702078946e-06,0.0001462048094253987,0.00014246744103729725,0.5273605585098267,0.024269450455904007,0.008730330504477024,-0.00019403301121201366,0,0,1,0,0,0,0,0,1,0,1
0.523652970790863,0.02403409592807293,0.012044415809214115,-0.0002747369871940464,0.8839806914329529,0.015336760319769382,0.1096382737159729,0.02693236619234085,-0.0007401615148410201,1.0339257642044686e-05,0.0001593025226611644,-5.872768851084009e-12,0.5369381904602051,0.024049922823905945,0.009548072703182697,-0.00022833289403934032,1,0,0,0,0,0,0,0,1,0,2
0.5351924896240234,0.02374926768243313,0.012212774716317654,-0.00030281583894975483,0.9096364378929138,0.014631683938205242,0.1095624566078186,0.02466338314116001,-0.0006778045208193362,9.46840282267658e-06,0.00014588484191335738,-2.9321627591227806e-12,0.548449695110321,0.023811237886548042,0.011006784625351429,-0.00024512226809747517,0,1,0,0,0,0,0,0,1,0,7
0.5471795201301575,0.023447105661034584,0.012481853365898132,-0.00031320060952566564,0.9331998229026794,0.013984112069010735,0.10966762900352478,0.022704647853970528,-0.0006239738431759179,8.716509000805672e-06,0.00013430006220005453,5.8576468328630504e-12,0.5604293346405029,0.023553866893053055,0.011607148684561253,-0.00026852040900848806,0,0,0,0,0,0,1,0,1,0,1
0.5597515106201172,0.02313271164894104,0.013021096587181091,-0.0003238556964788586,0.9549453854560852,0.013386502861976624,0.10974587500095367,0.020993869751691818,-0.0005769579438492656,8.059778338065371e-06,0.00012418144615367055,-4.389206012533897e-12,0.5729930400848389,0.023276042193174362,0.012543308548629284,-0.00028689828468486667,1,0,0,0,0,0,0,0,1,0,14
0.5727937817573547,0.022811053320765495,0.013256005942821503,-0.0003275801136624068,0.9750939607620239,0.01283277478069067,0.1098039373755455,0.01948438584804535,-0.0005354739259928465,7.480315161956241e-06,0.00011525332229211926,-1.4619723617478875e-12,0.5860320329666138,0.02297915332019329,0.01291426457464695,-0.0003085972275584936,0,0,0,0,0,0,0,0,1,0,1
0.5861178636550903,0.022483382374048233,0.013534560799598694,-0.0003356850065756589,0.993826687335968,0.012317957356572151,0.10984759777784348,0.018140476197004318,-0.0004985404084436595,6.964398380659986e-06,0.00010730428766692057,0.0,0.5993512272834778,0.02266109362244606,0.0134463245049119,-0.0003263104008510709,1,0,0,0,0,0,0,0,1,0,16
0.5997442603111267,0.022149890661239624,0.013770343735814095,-0.00034107614192180336,1.0112934112548828,0.011837934143841267,0.10988082736730576,0.01693434827029705,-0.00046539364848285913,6.501368716271827e-06,0.00010017010208684951,2.9206179575497204e-12,0.6129794716835022,0.022329678758978844,0.013597079552710056,-0.0003393380611669272,1,0,0,0,0,0,0,0,1,0,5
