lt_dp_posx,lt_dp_posy,lt_dp_velx,lt_dp_vely,ball_posx,ball_posy,ball_posz,ball_vel_x,ball_vel_y,ball_rot_x,ball_rot_y,ball_rot_z,rt_gk_posx,rt_gk_posy,rt_gk_velx,rt_gk_vely,action_left,action_top_left,action_top,action_top_right,action_right,action_bottom_right,action_bottom,action_bottom_left,action_sprint,action_dribble,sel_action
-1.0110293626785278,-0.0,0.0,-0.0,0.019999999552965164,-0.0,0.11061639338731766,-0.0,0.0,0.0,-0.0,0.0,1.0110293626785278,0.0,-0.0,0.0,0,0,0,0,0,0,0,0,0,0,5
0.0,-0.0,0.0,-0.0,0.019999999552965164,-0.0,0.11059734225273132,-0.0,0.0,0.0,-0.0,0.0,1.0089819431304932,-1.4662690506206388e-10,-0.003723537316545844,-2.399299370292596e-10,0,0,0,0,1,0,0,0,0,0,5
0.0,-0.0,0.0,-0.0,0.019999999552965164,-0.0,0.10930104553699493,-0.0,0.0,0.0,-0.0,0.0,1.0043776035308838,-3.568936812747836e-10,-0.005314630456268787,-1.64072269659421e-10,0,0,0,0,1,0,0,0,0,0,5
0.0018563538324087858,1.0650171716752865e-10,0.003761105705052614,2.5890204910505865e-11,0.019999999552965164,-0.0,0.11075475811958313,-0.0,0.0,0.0,-0.0,0.0,0.9982317090034485,-2.932380449571781e-10,-0.006807551719248295,6.676376118619487e-10,0,0,0,0,1,0,0,0,0,0,5
0.005117342341691256,-1.2158972717557504e-09,0.005418800748884678,-3.741383591826519e-10,0.019999999552965164,-0.0,0.11053141206502914,-0.0,0.0,0.0,-0.0,0.0,0.9906662106513977,2.801461840284958e-10,-0.008160226047039032,4.5928216785284803e-10,0,0,0,0,1,0,0,0,0,0,13
0.010548306629061699,-2.2825601408982266e-09,0.006952005438506603,-2.929577969101871e-10,0.025223644450306892,-3.5321462421578076e-10,0.12474089860916138,0.008490756154060364,-5.745985909300089e-10,1.5004066782411951e-12,7.0247656367428135e-06,-2.619190021119211e-12,0.9818469882011414,5.630929056366085e-10,-0.009317257441580296,1.23270671448239e-10,0,0,0,0,1,0,0,0,1,0,16
0.018270881846547127,-2.448347524719452e-09,0.008328302763402462,-1.6021038662383802e-10,0.03330288827419281,-9.007225520996087e-10,0.11527635902166367,0.007801095489412546,-5.290103910482458e-10,7.390314922528507e-12,4.614657154888846e-05,2.083218183563001e-18,0.9724517464637756,7.456246176040793e-10,-0.009637720882892609,1.833378726612267e-10,0,0,0,0,1,0,0,0,1,0,18
0.02727341093122959,-2.625654138554978e-09,0.009525523521006107,-1.631647456035168e-10,0.04086579382419586,-1.413581030007549e-09,0.11157269775867462,0.007368221879005432,-4.996565383663665e-10,6.97999340618094e-12,4.3584434024523944e-05,-6.943502954280374e-19,0.9623057246208191,8.712614518735506e-10,-0.010538101196289062,7.134409729658842e-11,0,0,0,0,1,0,0,0,1,0,13
0.03562595322728157,-3.8125800294608325e-09,0.009175652638077736,-1.8068646578939251e-10,0.04799659550189972,-1.8971375581600114e-09,0.11085603386163712,0.006937615107744932,-4.704562295287928e-10,6.5721664221918275e-12,4.103786704945378e-05,6.942979245555051e-19,0.9514368772506714,1.3026675294014467e-09,-0.010879600420594215,9.560267022479252e-10,0,0,0,0,1,0,0,0,1,0,5
0.044012077152729034,-4.949944898413605e-09,0.010067443363368511,-1.1342506101019723e-10,0.05697008594870567,8.607841664343141e-06,0.1311701536178589,0.013979240320622921,2.8261345505598e-05,2.9498571052499756e-07,6.801380095566856e-06,3.461976234575559e-07,0.9404253959655762,2.0019299551421454e-09,-0.011310156434774399,5.113545142876319e-10,0,0,0,0,1,0,0,0,1,0,5
0.05450951308012009,4.808422318092198e-07,0.010675542056560516,2.4294122340506874e-06,0.07080921530723572,3.6515091778710485e-05,0.13716332614421844,0.013768777251243591,2.7764777769334614e-05,2.857949539247784e-07,7.812065632606391e-06,3.571965123683185e-07,0.9287715554237366,2.283975009120809e-09,-0.011916019953787327,1.0429339336592847e-10,0,0,0,0,1,0,0,0,1,0,18
0.06536358594894409,6.930818017281126e-06,0.011177098378539085,9.557475095789414e-06,0.08391163498163223,6.22066218056716e-05,0.12681378424167633,0.012483199127018452,2.3784201403032057e-05,-6.248117045970503e-08,4.532761886366643e-05,4.119450238704303e-07,0.9165447354316711,4.1006347828442813e-07,-0.012460877187550068,9.496332040725974e-07,0,0,0,0,1,0,0,0,1,0,5
0.0769418478012085,2.074667099805083e-05,0.011883500963449478,1.7113512512878515e-05,0.0960121899843216,8.502367563778535e-05,0.11762649565935135,0.011764262802898884,2.2038515453459695e-05,-3.0787194305048615e-07,6.958852463867515e-05,0.0,0.9038431644439697,2.2373778847395442e-06,-0.01288231648504734,2.5456470211793203e-06,0,0,0,0,1,0,0,0,1,0,13
0.08917530626058578,3.968889359384775e-05,0.012501724064350128,2.0570112610585056e-05,0.10744781047105789,0.00010644652502378449,0.11083138734102249,0.011155085638165474,2.089731424348429e-05,-2.919397843470506e-07,6.598739855689928e-05,-4.5544016285094593e-14,0.8907760381698608,5.382956260291394e-06,-0.013204882852733135,3.3846849873953033e-06,0,0,0,0,1,0,0,0,1,0,0
0.10195155441761017,6.341048720059916e-05,0.012981190346181393,2.6507212169235572e-05,0.11825701594352722,0.00012669585703406483,0.10950829833745956,0.010532745160162449,1.973145299416501e-05,-2.756500236955617e-07,6.230543658602983e-05,-4.5536491244391186e-14,0.8774299025535583,9.043957106769085e-06,-0.013451716862618923,3.885514615831198e-06,0,0,0,0,1,0,0,0,1,0,5
0.11511769890785217,-0.0007768557989038527,0.013238980434834957,2.3847420379752293e-05,0.1284588873386383,0.00014580745482817292,0.11070507764816284,0.009936044923961163,1.861363125499338e-05,-2.6002629738286487e-07,5.877396324649453e-05,-2.276484054974763e-14,0.8638719320297241,1.3163840776542202e-05,-0.013637542724609375,4.184949830232654e-06,0,0,0,0,1,0,0,0,1,0,16
0.12835673987865448,-0.0022525095846503973,0.013239067979156971,1.1924494174309075e-05,0.13996779918670654,7.986728451214731e-05,0.13554465770721436,0.015576904639601707,-0.00025980593636631966,-6.148678011186348e-08,1.0348776413593441e-05,-7.976236702234019e-07,0.8501538634300232,1.6986423361231573e-05,-0.01377778872847557,3.5123448469676077e-06,0,0,0,0,1,0,0,0,1,0,18
0.14159919321537018,-0.002246808959171176,0.013272990472614765,3.3491965041321237e-06,0.1554371565580368,-0.00017812152509577572,0.15394514799118042,0.015381600707769394,-0.0002565171744208783,-6.148678011186348e-08,1.0348776413593441e-05,-7.976236702234019e-07,0.8363156914710999,2.0142992070759647e-05,-0.013882973231375217,2.863315557988244e-06,0,0,0,0,1,0,0,0,1,0,16
0.15503834187984467,-0.0021965401247143745,0.013562160544097424,0.0001068623605533503,0.1703948825597763,-0.00042700974154286087,0.12457417696714401,0.014177164062857628,-0.00023464135301765054,1.2886821423307993e-06,4.0134709706762806e-05,-1.9326937490404816e-06,0.8223875761032104,1.3870551811123732e-05,-0.01396151166409254,-1.732181954139378e-05,0,0,0,0,1,0,0,0,1,0,13
0.16872265934944153,-0.002007445553317666,0.013774107210338116,0.00025425374042242765,0.18414990603923798,-0.0006542179617099464,0.10569604486227036,0.013359046541154385,-0.0002202734031016007,2.1933656171313487e-06,5.9885824157390743e-05,-1.4173904219205724e-06,0.8083921074867249,-1.7330296032014303e-05,-0.014020415022969246,-4.258269109413959e-05,0,0,0,0,1,0,0,0,1,0,0
0.18258808553218842,-0.0017254763515666127,0.013934514485299587,0.0002651283866725862,0.19706511497497559,-0.000866975518874824,0.11271211504936218,0.012607406824827194,-0.00020768694230355322,2.9011753213126212e-06,7.457199535565451e-05,-3.6450600567408675e-13,0.7943463325500488,-7.117536006262526e-05,-0.014064592309296131,-5.7185101468348876e-05,0,0,0,0,1,0,0,0,1,0,5
0.19659268856048584,-0.0014964373549446464,0.014056352898478508,0.00020037427020724863,0.20929299294948578,-0.0010684099979698658,0.11237738281488419,0.01191899087280035,-0.00019634637283161283,2.7429748570284573e-06,7.050560816423967e-05,0.0,0.7802629470825195,-0.00012748663721140474,-0.014096848666667938,-5.558937482419424e-05,0,0,0,0,1,0,0,0,1,0,16
0.21068301796913147,-0.0013308918569236994,0.014121788553893566,0.0001384736824547872,0.2208404690027237,-0.001258636126294732,0.11105412989854813,0.01125037856400013,-0.00018533198453951627,2.589079713288811e-06,6.654989556409419e-05,3.643616712598746e-13,0.7661514282226562,-0.000182179210241884,-0.014122093096375465,-5.395387779572047e-05,0,0,0,0,1,0,0,0,1,0,18
0.22475780546665192,-0.0012305850395932794,0.014120860956609249,7.552142778877169e-05,0.23229549825191498,-0.0014183884486556053,0.12036360800266266,0.016202356666326523,2.2605232516070828e-05,9.56734311330365e-07,8.319316293636803e-06,-1.1234531029913342e-06,0.752018928527832,-0.0002371014270465821,-0.014140325598418713,-5.57124731130898e-05,0,0,0,0,1,0,0,0,1,0,5
0.23847457766532898,-0.0011905782157555223,0.013386151753365993,1.1931623703276273e-05,0.24814927577972412,-0.0013970057480037212,0.16152344644069672,0.01575382985174656,2.121840589097701e-05,8.988106401375262e-07,1.2283413525437936e-05,-9.631056627767975e-07,0.7378708720207214,-0.00029377435566857457,-0.014153649099171162,-5.745703310822137e-05,0,0,0,0,1,0,0,0,1,0,5
0.2517869472503662,0.0003574008005671203,0.013312527909874916,3.7955896914354526e-06,0.2637271285057068,-0.001376176136545837,0.1026705950498581,0.015166601166129112,1.9347617126186378e-05,7.958791456985637e-07,1.912770494527649e-05,-7.111343052201846e-07,0.7237110137939453,-0.00034934209543280303,-0.014164167456328869,-5.1064995204797015e-05,0,0,0,0,1,0,0,0,1,0,13
0.2650994062423706,0.0010159234516322613,0.013312522321939468,1.4232747389542055e-06,0.2791767418384552,-0.0011858047218993306,0.17040659487247467,0.01579306088387966,0.0002640741877257824,4.049072686029831e-07,-7.755484716653882e-07,1.8019230196841818e-07,0.709542453289032,-0.0003939023881684989,-0.014171880669891834,-3.923541589756496e-05,0,0,0,0,1,0,0,0,1,0,0
0.2784578502178192,0.0010097932536154985,0.013462585397064686,-2.7134015908814035e-05,0.2948586642742157,-0.000923589919693768,0.15044571459293365,0.01559169590473175,0.0002607142087072134,4.049072686029831e-07,-7.755484716653882e-07,1.8019230196841818e-07,0.6953675746917725,-0.0004259063280187547,-0.014176789671182632,-2.26101947191637e-05,0,0,0,0,1,0,0,0,1,0,6
0.29205870628356934,0.0009153395658358932,0.013702932745218277,-0.00015613867435604334,0.30970314145088196,-0.0006761965341866016,0.13442237675189972,0.014072553254663944,0.00023360732302535325,-9.807495189306792e-07,3.102211849181913e-05,1.9044975942961173e-06,0.6811879873275757,-0.00042886173469014466,-0.014181697741150856,1.3129420040058903e-05,0,0,0,0,0,1,0,0,1,0,5
0.30586257576942444,0.0006877842824906111,0.01387876644730568,-0.00027296083862893283,0.3235870599746704,-0.00044584099669009447,0.10671132802963257,0.01351984590291977,0.0002240045287180692,-1.4114693840383552e-06,4.085476030013524e-05,1.926705181176658e-06,0.6670049428939819,-0.0003960674221161753,-0.014184502884745598,4.888596959062852e-05,0,0,0,0,1,0,0,0,1,0,7
0.31981927156448364,0.00044273078674450517,0.014014454558491707,-0.000217033812077716,0.33652642369270325,-0.00023190121282823384,0.10754521191120148,0.012635868974030018,0.00020887529535684735,-2.918175596278161e-06,7.47506128391251e-05,7.290187334016429e-13,0.6528195738792419,-0.0003410374920349568,-0.014185905456542969,5.459109888761304e-05,0,0,0,0,0,0,1,0,1,0,6
0.33290791511535645,0.0014051945181563497,0.013691924512386322,0.0001573671615915373,0.3487841486930847,-2.92763470497448e-05,0.11276646703481674,0.011951500549912453,0.00019756243273150176,-2.7599262466537766e-06,7.069695857353508e-05,3.644342314902682e-13,0.6386322379112244,-0.0002874429046642035,-0.014188009314239025,5.277880700305104e-05,0,0,0,0,0,1,0,0,1,0,7
0.34593749046325684,0.002101479098200798,0.013037989847362041,0.00033551317756064236,0.3621079623699188,0.002084839390590787,0.15035368502140045,0.014260595664381981,0.0033693970181047916,3.620147708716104e-06,1.611021980352234e-05,1.747985152178444e-05,0.6244431734085083,-0.00023204396711662412,-0.014189411886036396,6.543588096974418e-05,0,0,0,0,0,0,1,0,1,0,12
0.3584507703781128,0.0033866961020976305,0.01239776611328125,0.001975612249225378,0.37627214193344116,0.0054312581196427345,0.13458320498466492,0.014085209928452969,0.003327837446704507,3.620147708716104e-06,1.611021980352234e-05,1.747985152178444e-05,0.6102531552314758,-0.0001477077603340149,-0.014190113171935081,9.980035247281194e-05,0,0,0,0,0,0,1,0,1,0,17
0.3703594207763672,0.005877646617591381,0.01176700834184885,0.002545603085309267,0.3895987868309021,0.008544614538550377,0.13146385550498962,0.01280040293931961,0.0029663981404155493,-2.142487392120529e-05,4.942755549564026e-05,2.4914352252380922e-05,0.5960630178451538,-2.9006465410930105e-05,-0.014190113171935081,0.00013416570436675102,0,0,0,0,0,0,1,0,1,1,6
0.38241034746170044,0.008461249060928822,0.012269089929759502,0.002599917585030198,0.4020722508430481,0.011427126824855804,0.11832619458436966,0.012131653726100922,0.0027967714704573154,-3.9069855120033026e-05,7.176125654950738e-05,5.831256484623015e-12,0.5819019079208374,0.0005356196197681129,-0.014122093096375465,0.000916260527446866,0,0,0,0,0,1,0,0,1,1,6
0.3949115574359894,0.011056952178478241,0.01267615519464016,0.0025878041051328182,0.41386523842811584,0.014145825058221817,0.11485912650823593,0.011504106223583221,0.0026521000545471907,-3.704991831909865e-05,6.805115845054388e-05,-5.8301983033026694e-12,0.5678648352622986,0.0018791996408253908,-0.013952044770121574,0.0016918005421757698,0,0,0,0,0,1,0,0,1,1,12
0.40775424242019653,0.01365670282393694,0.012956647202372551,0.0026292065158486366,0.42501842975616455,0.016717027872800827,0.11186166107654572,0.010865478776395321,0.002504873787984252,-3.499157537589781e-05,6.427051994251087e-05,5.829178285898795e-12,0.55404132604599,0.003962395712733269,-0.01371713262051344,0.00237061083316803,0,0,0,0,0,1,0,0,1,1,5
0.42075860500335693,0.01640894263982773,0.013046481646597385,0.0026754559949040413,0.43554919958114624,0.019144730642437935,0.11103268712759018,0.010258495807647705,0.002364944200962782,-3.3037813409464434e-05,6.068191578378901e-05,0.0,0.5404750108718872,0.006669631227850914,-0.01343313418328762,0.002980745630338788,0,0,0,0,1,0,0,0,1,1,14
0.43296945095062256,0.019389864057302475,0.011752858757972717,0.002090073423460126,0.44548606872558594,0.021435527130961418,0.10831204056739807,0.0096793407574296,0.0022314286325126886,-3.11732292175293e-05,5.7257155276602134e-05,-2.9137202633283676e-12,0.5272990465164185,0.009947779588401318,-0.01260462962090969,0.003371640807017684,0,0,0,0,0,0,0,0,1,1,18
0.443532258272171,0.02143041417002678,0.009226448833942413,0.0013418174348771572,0.48284244537353516,0.022391796112060547,0.1931731253862381,0.06443461775779724,-0.00040462141623720527,-1.8511266262066783e-06,3.199880666215904e-05,0.001797154312953353,0.5161529183387756,0.013696973212063313,-0.010462367907166481,0.0042229462414979935,0,0,0,0,0,0,0,0,1,0,4
0.45175856351852417,0.02265666425228119,0.0073944819159805775,0.0011787317926064134,0.5454763770103455,0.02165652997791767,0.22111500799655914,0.06119750440120697,-0.0009993279818445444,-1.8511266262066783e-06,3.199880666215904e-05,0.001797154312953353,0.5062404274940491,0.01843704842031002,-0.009431908838450909,0.0051488145254552364,0,0,0,1,0,0,0,0,1,0,5
0.4589550197124481,0.02359212562441826,0.0068994127213954926,0.0005705647636204958,0.6043455600738525,0.020371045917272568,0.12140057981014252,0.052597612142562866,-0.0013733988162130117,-3.473798670938777e-08,5.344257442629896e-05,0.0016612590989097953,0.4971112310886383,0.023702306672930717,-0.00846491102129221,0.004897519946098328,0,0,0,0,1,0,0,0,1,0,0
0.46531474590301514,0.024143880233168602,0.006081415805965662,0.0005187331116758287,0.6547607183456421,0.018801061436533928,0.11758047342300415,0.04905465245246887,-0.001732683856971562,4.57029642575435e-07,5.860840974492021e-05,0.0016245220322161913,0.4921253025531769,0.02709987387061119,-0.004322883207350969,0.002851724624633789,0,0,0,0,1,0,0,0,1,0,7
0.47186434268951416,0.02465282939374447,0.0072869774885475636,0.0004235889355186373,0.6980903744697571,0.017116868868470192,0.1084292009472847,0.03974679112434387,-0.0016502048820257187,8.068356692092493e-06,0.00011983023432549089,0.0011007925495505333,0.4894033372402191,0.02950766496360302,-0.0032254084944725037,0.0023276384454220533,0,0,0,0,0,0,1,0,1,0,13
0.47943490743637085,0.024813419207930565,0.008288453333079815,-3.233841198380105e-05,0.7344834804534912,0.015533309429883957,0.10899701714515686,0.03401944413781166,-0.0015250536380335689,1.3745515389018692e-05,0.00015674164751544595,0.0006548617384396493,0.4882168173789978,0.031356051564216614,-0.0017669519875198603,0.0016589976148679852,0,0,0,0,0,0,1,0,1,0,12
0.487521231174469,0.024201422929763794,0.008924663998186588,-0.0004513626918196678,0.7663475275039673,0.014085574075579643,0.10912972688674927,0.03034241497516632,-0.0013830774696543813,1.9319882994750515e-05,0.00017947060405276716,5.886902944285399e-12,0.4881678819656372,0.032900694757699966,-0.0008536006207577884,0.0008810821454972029,0,0,0,0,0,0,1,0,1,0,18
0.4967041611671448,0.023766160011291504,0.00996244978159666,-0.0004826351650990546,0.79511958360672,0.012774072587490082,0.10936269909143448,0.027559146285057068,-0.001256209914572537,1.754800177877769e-05,0.00016301084542647004,-2.3500951185084773e-11,0.48864591121673584,0.033474549651145935,-0.000108768064819742,0.0005065436125732958,0,0,0,0,0,0,1,0,1,0,16
0.5069848299026489,0.023302294313907623,0.010935436002910137,-0.00048394559416919947,0.8213493227958679,0.011578456498682499,0.10952556878328323,0.02519773691892624,-0.001148571609519422,1.6044605217757635e-05,0.00014904511044733226,5.8662458571334675e-12,0.491091787815094,0.033714085817337036,0.0036803807597607374,0.00011276669101789594,0,0,0,0,0,0,1,0,1,0,6
0.5176244974136353,0.022846492007374763,0.010924813337624073,-0.00046602165093645453,0.8454055190086365,0.010481919161975384,0.10964224487543106,0.023166051134467125,-0.0010559624060988426,1.475107274018228e-05,0.00013702893920708448,2.9295847431970445e-12,0.4960956871509552,0.03365436941385269,0.005131533835083246,-0.00011944922880502418,0,0,0,0,0,1,0,0,1,0,12
0.5288597345352173,0.022372694686055183,0.01166739221662283,-0.0004868255346082151,0.8675791025161743,0.009471193887293339,0.10972721129655838,0.021396813914179802,-0.0009753166232258081,1.3624596249428578e-05,0.00012656462786253542,8.780252566675806e-12,0.5024092197418213,0.03337925300002098,0.0068814451806247234,-0.00038652229704894125,0,0,0,0,0,1,0,0,1,0,0
0.5408250689506531,0.021876076236367226,0.012318527325987816,-0.0005075520602986217,0.8881037831306458,0.008535631000995636,0.10979001224040985,0.01983979530632496,-0.0009043437894433737,1.263322883460205e-05,0.00011735544831026345,2.9244460585803322e-12,0.5100904703140259,0.03293948993086815,0.007896914146840572,-0.00048020240501500666,0,0,0,0,0,1,0,0,1,0,11
0.5534387826919556,0.021359188482165337,0.012834632769227028,-0.0005233515985310078,0.9071699380874634,0.007666554767638445,0.10983707755804062,0.018456749618053436,-0.0008413015748374164,1.1752607861126307e-05,0.00010917495819739997,-5.845094373790882e-12,0.5186600685119629,0.03240164369344711,0.009092513471841812,-0.000584781460929662,0,0,0,0,0,1,0,0,1,0,11
0.5664979815483093,0.020829705521464348,0.013226620852947235,-0.000534616585355252,0.9249345064163208,0.006856802850961685,0.10987278819084167,0.017218055203557014,-0.0007848389213904738,1.0963884051307105e-05,0.00010184817801928148,-2.9209644685640468e-12,0.5279699563980103,0.03179691731929779,0.009491163305938244,-0.0006149830296635628,0,0,0,0,0,1,0,0,1,0,1
0.5798936486244202,0.020288540050387383,0.013521138578653336,-0.0005459671374410391,0.9415286183357239,0.006100401282310486,0.10990018397569656,0.01610039547085762,-0.0007338931318372488,1.0252219908579718e-05,9.523727931082249e-05,2.919631984094062e-12,0.5379759669303894,0.03115164116024971,0.010403464548289776,-0.0006679997895844281,1,0,0,0,0,0,0,0,1,0,4
0.593541145324707,0.01973780058324337,0.01374132465571165,-0.0005542518920265138,0.9570627808570862,0.005392314866185188,0.1099214106798172,0.01508517935872078,-0.0006876175757497549,9.605787454347592e-06,8.923225686885417e-05,-1.4592499300927764e-12,0.5487575531005859,0.030463263392448425,0.010877146385610104,-0.000690929067786783,0,0,0,1,0,0,0,0,1,0,1
0.6073763370513916,0.01918003521859646,0.013904712162911892,-0.0005603121826425195,0.9716309309005737,0.004728260915726423,0.10993801057338715,0.014157406985759735,-0.0006453277310356498,9.015033356263302e-06,8.374441677005962e-05,-2.9175301497624817e-12,0.5596746206283569,0.02977498434484005,0.011189895682036877,-0.000701281416695565,1,0,0,0,0,0,0,0,1,0,18
0.6213505864143372,0.018617233261466026,0.014026024378836155,-0.0005646185600198805,0.9853137135505676,0.0041045695543289185,0.10995109379291534,0.013304829597473145,-0.0006064652698114514,8.472153240290936e-06,7.870137778809294e-05,-4.3750406943099396e-12,0.5712195634841919,0.029056265950202942,0.011819601990282536,-0.0007318913703784347,1,0,0,0,0,0,0,0,1,0,9
0.6354275941848755,0.01805075630545616,0.014115081168711185,-0.0005680265603587031,0.9981803297996521,0.0035180747509002686,0.10996147245168686,0.012517346069216728,-0.0005705699441023171,7.970716069394257e-06,7.404331699945033e-05,-1.457983907215965e-12,0.5833755731582642,0.028307819738984108,0.012380342930555344,-0.0007600104436278343,1,0,0,0,0,0,0,0,1,0,18
0.649580180644989,0.017481038346886635,0.014180295169353485,-0.0005709925317205489,1.010291337966919,0.002966024912893772,0.10996976494789124,0.011786552146077156,-0.0005372587474994361,7.505364465032471e-06,6.972048140596598e-05,-2.1865003297510954e-12,0.5960128307342529,0.027538200840353966,0.012808669358491898,-0.0007767147617414594,1,0,0,0,0,0,0,0,1,0,18
