lt_dp_posx,lt_dp_posy,lt_dp_velx,lt_dp_vely,ball_posx,ball_posy,ball_posz,ball_vel_x,ball_vel_y,ball_rot_x,ball_rot_y,ball_rot_z,rt_gk_posx,rt_gk_posy,rt_gk_velx,rt_gk_vely,action_left,action_top_left,action_top,action_top_right,action_right,action_bottom_right,action_bottom,action_bottom_left,action_sprint,action_dribble,sel_action
-1.0110293626785278,-0.0,0.0,-0.0,0.019999999552965164,-0.0,0.11061639338731766,-0.0,0.0,0.0,-0.0,0.0,1.0110293626785278,0.0,-0.0,0.0,0,0,0,0,0,0,0,0,0,0,5
0.000559650594368577,4.934865016625878e-11,0.0026072831824421883,2.1259022320307963e-11,0.019999999552965164,-0.0,0.11059734225273132,-0.0,0.0,0.0,-0.0,0.0,1.0097103118896484,-9.884149054784075e-11,-0.0033988673239946365,-2.35544500570839e-10,0,0,0,0,1,0,0,0,0,0,5
0.003778970567509532,-4.769091233036704e-10,0.004770989064127207,-2.7890331710800353e-10,0.019999999552965164,-0.0,0.10930104553699493,-0.0,0.0,0.0,-0.0,0.0,1.005424976348877,-3.2258068438650866e-10,-0.0050032841973006725,-1.9212086088682412e-10,0,0,0,0,1,0,0,0,0,0,13
0.007856177166104317,-2.1815389494861392e-09,0.006355717778205872,-3.5538866294260174e-10,0.021781770512461662,-1.1909907782214901e-10,0.11938153952360153,0.00884426012635231,-5.913219358610888e-10,6.829482996923569e-14,-2.424975718895439e-06,-1.4215649057208735e-12,0.9995788931846619,-4.2783665499257495e-10,-0.0065179429948329926,-2.046465080729476e-11,0,0,0,0,1,0,0,0,1,0,5
0.015018402598798275,-2.3913506730366407e-09,0.0077974372543394566,-5.904814137647207e-11,0.03017400950193405,-6.8111760676004e-10,0.1046176478266716,0.00802589114755392,-5.382028156475371e-10,3.800132517689514e-12,2.2556398107553832e-05,-2.996338637276108e-12,0.9922854900360107,1.7931753304445408e-10,-0.007902874611318111,5.096189026332354e-10,0,0,0,0,1,0,0,0,1,0,16
0.023530634120106697,-2.527440035038353e-09,0.009069569408893585,-1.7580663314031852e-10,0.03789006173610687,-1.1988626757997167e-09,0.11265537887811661,0.0075294747948646545,-5.052310791953118e-10,7.057759758566373e-12,4.45375990238972e-05,0.0,0.9837011694908142,5.095789901155001e-10,-0.009114601649343967,1.7070789226636407e-10,0,0,0,0,1,0,0,0,1,0,5
0.0325397364795208,-3.175186780168815e-09,0.009742066264152527,-2.3446986019415306e-10,0.045190852135419846,-1.6887491405270794e-09,0.11220602691173553,0.007112400606274605,-4.772453543466781e-10,6.667087021350326e-12,4.2072257201652974e-05,-1.3886375183343676e-18,0.9743693470954895,6.711490252442331e-10,-0.009437869302928448,1.9313800558862226e-10,0,0,0,0,1,0,0,0,1,0,16
0.040325090289115906,-4.623375016166165e-09,0.009685550816357136,-1.271507066302746e-10,0.05207172781229019,-2.1504589220455728e-09,0.1110357940196991,0.006694129668176174,-4.4917919383991034e-10,6.274955381690983e-12,3.9597736758878455e-05,-3.4713490020733916e-19,0.9644050598144531,8.184510846831472e-10,-0.010371208190917969,9.834897479743532e-11,0,0,0,0,1,0,0,0,1,0,18
0.05024059861898422,-4.948630838441659e-09,0.010593279264867306,-7.153703324158656e-11,0.06529542058706284,2.5388393623870797e-05,0.14664572477340698,0.013831168413162231,2.788686651911121e-05,2.8575817623277544e-07,7.840380931156687e-06,3.5737735970542417e-07,0.9536177515983582,1.7746573988119962e-08,-0.010990395210683346,1.1220306816994707e-07,0,0,0,0,1,0,0,0,1,0,13
0.06094235181808472,3.5162649965059245e-06,0.010849579237401485,6.552664672199171e-06,0.07887290418148041,5.2555467846104875e-05,0.1154119074344635,0.012866290286183357,2.4851311536622234e-05,3.0719213839347503e-08,3.5405355447437614e-05,4.670975499720953e-07,0.9426805973052979,4.299849081235152e-07,-0.011172715574502945,6.784849801988457e-07,0,0,0,0,1,0,0,0,1,0,18
0.07222867012023926,1.4283632481237873e-05,0.011619224213063717,1.448939110559877e-05,0.09126890450716019,7.611807086504996e-05,0.11317076534032822,0.01207677461206913,2.2739033738616854e-05,-1.8346686658787803e-07,5.784278619103134e-05,2.601897222120897e-07,0.9311493039131165,1.3890169157093624e-06,-0.011804524809122086,1.1965729527219082e-06,0,0,0,0,1,0,0,0,1,0,16
0.0842098519206047,3.172151991748251e-05,0.01227075606584549,1.8933587853098288e-05,0.10295230150222778,9.800990665098652e-05,0.11222558468580246,0.011404491029679775,2.1362624465837143e-05,-2.9842166782145796e-07,6.745853170286864e-05,0.0,0.9190320372581482,2.858551852114033e-06,-0.012362704612314701,1.7943660850505694e-06,0,0,0,0,1,0,0,0,1,0,5
0.09678632766008377,5.317878458299674e-05,0.012805094011127949,2.3983895516721532e-05,0.11401162296533585,0.00011872598406625912,0.10860062390565872,0.010778321884572506,2.0189700080663897e-05,-2.8205394642100146e-07,6.375857628881931e-05,0.0,0.9064158201217651,5.2637033149949275e-06,-0.012806584127247334,2.9210984848759836e-06,0,0,0,0,1,0,0,0,1,0,13
0.10982368886470795,-8.294291910715401e-05,0.013207074254751205,2.8783482775907032e-05,0.12445391714572906,0.0001382862392347306,0.10880786180496216,0.010171067900955677,1.9052205971092917e-05,-2.6615924753059517e-07,6.016558108967729e-05,0.0,0.8934142589569092,8.722472557565197e-06,-0.013147382065653801,3.7390971101558534e-06,0,0,0,0,1,0,0,0,1,0,5
0.12306258827447891,-0.0019212415209040046,0.013239067979156971,1.6690726624801755e-05,0.13430537283420563,0.00015673974121455103,0.11073843389749527,0.00959472730755806,1.7972617570194416e-05,-2.510714693926275e-07,5.675496504409239e-05,-2.276298385352725e-14,0.8801179528236389,1.2786251318175346e-05,-0.013407538644969463,4.342152351455297e-06,0,0,0,0,1,0,0,0,1,0,13
0.13630163669586182,-0.002247875090688467,0.013239067979156971,4.768015060108155e-06,0.14927753806114197,-7.533267489634454e-05,0.1585695594549179,0.01545926183462143,-0.0002578230923973024,-6.146967734821374e-08,1.035015611705603e-05,-7.976342999427288e-07,0.8665978312492371,1.7450394807383418e-05,-0.013604585081338882,4.923240339849144e-06,0,0,0,0,1,0,0,0,1,0,16
0.1496303379535675,-0.0022306214086711407,0.013456800021231174,5.1401875680312514e-05,0.16461288928985596,-0.0003310632018838078,0.11723601073026657,0.015127704478800297,-0.00025208969600498676,4.724155644453276e-08,1.2753409464494325e-05,-9.64665900937689e-07,0.852908194065094,1.5627703760401346e-05,-0.013753245584666729,-8.409879228565842e-06,0,0,0,0,1,0,0,0,1,0,5
0.1632256656885147,-0.0021006495226174593,0.013697322458028793,0.00019715163216460496,0.17874552309513092,-0.0005649912054650486,0.12570562958717346,0.013747993856668472,-0.00022708752658218145,1.7046553466570913e-06,4.925694884150289e-05,-1.8302758917343454e-06,0.839091420173645,-5.45163459264586e-07,-0.01386404037475586,-2.2399881345336325e-05,0,0,0,0,1,0,0,0,1,0,5
0.17702443897724152,-0.001835228642448783,0.013874909840524197,0.00028795780963264406,0.1919815093278885,-0.0007831855909898877,0.11795704066753387,0.012889313511550426,-0.00021233597362879664,2.9664179237443022e-06,7.624718273291364e-05,3.6453820647860957e-13,0.825178861618042,-2.9864158932468854e-05,-0.013948889449238777,-3.424005626584403e-05,0,0,0,0,1,0,0,0,1,0,13
0.19097812473773956,-0.0015803551068529487,0.014012000523507595,0.00022547453409060836,0.204489067196846,-0.0009892320958897471,0.10695106536149979,0.012192836962640285,-0.00020086235599592328,2.806143811540096e-06,7.212757918750867e-05,0.0,0.811194896697998,-6.988629320403561e-05,-0.014010597951710224,-4.475907189771533e-05,0,0,0,0,1,0,0,0,1,0,18
0.20504838228225708,-0.0013891496928408742,0.014113328419625759,0.00016351351223420352,0.2163046896457672,-0.0011838802602142096,0.11112786829471588,0.011514301411807537,-0.00018968430231325328,2.6499058094486827e-06,6.811174534959719e-05,7.287769563171786e-13,0.7971577048301697,-0.00012015948595944792,-0.014056879095733166,-5.3399762691697106e-05,0,0,0,0,1,0,0,0,1,0,5
0.21912969648838043,-0.001263184123672545,0.014121955260634422,0.00010070069401990622,0.22745779156684875,-0.001367614371702075,0.11018572002649307,0.010862733237445354,-0.00017895059136208147,2.4999146717163967e-06,6.425639730878174e-05,0.0,0.7830809950828552,-0.00017410791770089418,-0.014091940596699715,-5.439202504931018e-05,0,0,0,0,1,0,0,0,1,0,13
0.23307929933071136,-0.0011989318300038576,0.013680142350494862,3.6580924643203616e-05,0.24183879792690277,-0.0014055233914405107,0.15713411569595337,0.015835177153348923,2.1336431018426083e-05,8.98818086625397e-07,1.2283048818062525e-05,-9.630631438994897e-07,0.7689745426177979,-0.00022903115313965827,-0.014117185026407242,-5.5353983043460175e-05,0,0,0,0,1,0,0,0,1,0,13
0.24646534025669098,-0.00037904115743003786,0.013312696479260921,4.743987574329367e-06,0.25756216049194336,-0.0013843219494447112,0.13813935220241547,0.01563193090260029,2.1112224203534424e-05,8.98818086625397e-07,1.2283048818062525e-05,-9.630631438994897e-07,0.7548462152481079,-0.0002803981478791684,-0.014136819168925285,-4.628049282473512e-05,0,0,0,0,1,0,0,0,1,0,16
0.25977790355682373,0.001015214598737657,0.013312697410583496,2.3724217044218676e-06,0.27285051345825195,-0.0012916377745568752,0.15094324946403503,0.01587524451315403,0.00026546086883172393,4.048850996696274e-07,-7.756724471619236e-07,1.8025129122634098e-07,0.7407012581825256,-0.0003202933876309544,-0.014151545241475105,-3.466547423158772e-05,0,0,0,0,1,0,0,0,1,0,13
0.27309373021125793,0.0010160949314013124,0.013344252482056618,-1.8706660966927302e-06,0.28861331939697266,-0.0010280704591423273,0.17014357447624207,0.015671689063310623,0.0002620417217258364,4.048850996696274e-07,-7.756724471619236e-07,1.8025129122634098e-07,0.7265439033508301,-0.0003465626505203545,-0.014162063598632812,-1.5047320630401373e-05,0,0,0,0,1,0,0,0,1,0,7
0.2865939736366272,0.0009694091277197003,0.013615629635751247,-0.00010002226190408692,0.3040311634540558,-0.0007704457966610789,0.11693180352449417,0.014496018178761005,0.00024104696058202535,-6.415264124370879e-07,2.3245951524586417e-05,1.708660420263186e-06,0.7123773694038391,-0.00034422866883687675,-0.014169776812195778,1.6560385120101273e-05,0,0,0,0,0,0,1,0,1,0,0
0.3003241717815399,0.0007935829344205558,0.01381425280123949,-0.00023570125631522387,0.3181069791316986,-0.0005367600824683905,0.13001017272472382,0.013940147124230862,0.00023135211085900664,-1.017597014651983e-06,3.1864852644503117e-05,1.91616959455132e-06,0.6982040405273438,-0.0003102699702139944,-0.014176088385283947,4.819683454115875e-05,0,0,0,0,0,0,1,0,1,0,18
0.31422436237335205,0.000533431360963732,0.013965018093585968,-0.00024292546731885523,0.33143413066864014,-0.0003161305794492364,0.1211722195148468,0.012896730564534664,0.0002131971123162657,-2.8383076369209448e-06,7.317458221223205e-05,3.3008225841513195e-07,0.6840254068374634,-0.0002624702756293118,-0.014180295169353485,4.7474055463681e-05,0,0,0,0,0,0,1,0,1,0,6
0.32773715257644653,0.0009284958359785378,0.013805287890136242,-0.00016054383013397455,0.3439658284187317,-0.00010897673928411677,0.1123911663889885,0.01222968939691782,0.00020216072152834386,-2.824262537615141e-06,7.234507938846946e-05,-3.6446426389044606e-13,0.6698430180549622,-0.00021539570298045874,-0.014183801598846912,4.67470454168506e-05,0,0,0,0,0,1,0,0,1,0,12
0.3406621217727661,0.0020178547129034996,0.013368270359933376,0.0001692404766799882,0.3563966155052185,0.0007345349295064807,0.12855082750320435,0.014405966736376286,0.003407907672226429,4.592096956912428e-06,1.479932416259544e-05,1.62611213454511e-05,0.6556577086448669,-0.000165048724738881,-0.014185905456542969,5.744867667090148e-05,0,0,0,0,0,1,0,0,1,0,12
0.3534911572933197,0.002679741708561778,0.012407583184540272,0.0014420830411836505,0.37063103914260864,0.00409768708050251,0.1528874635696411,0.014155612327158451,0.0033443060237914324,3.6201938655722188e-06,1.611017250979785e-05,1.747999522194732e-05,0.6414703130722046,-9.752274490892887e-05,-0.014188009314239025,7.577133510494605e-05,0,0,0,0,0,1,0,0,1,0,12
0.36566054821014404,0.004860167857259512,0.01184169016778469,0.002562771551311016,0.38444849848747253,0.007349288556724787,0.12132275849580765,0.013078326359391212,0.003039853647351265,-1.667857577558607e-05,4.3162752263015136e-05,2.7093581593362615e-05,0.6272821426391602,5.774701094196644e-06,-0.014186606742441654,0.0002104132145177573,0,0,0,0,0,1,0,0,1,0,12
0.3775348663330078,0.007422594353556633,0.012079407460987568,0.002589935902506113,0.39717957377433777,0.010298000648617744,0.11544447392225266,0.012467509135603905,0.0028807276394218206,-2.7712483642972074e-05,5.760020576417446e-05,1.9194227206753567e-05,0.6131187677383423,0.0005458221421577036,-0.0141361178830266,0.0008094360819086432,0,0,0,0,0,1,0,0,1,0,12
0.3898674547672272,0.010020759887993336,0.012525039725005627,0.002595910569652915,0.40922999382019043,0.013076474890112877,0.10648510605096817,0.011762871406972408,0.0027117570862174034,-3.7885252822889015e-05,6.95853668730706e-05,-5.830628948405581e-12,0.5990382432937622,0.0016832560067996383,-0.014026024378836155,0.0014051010366529226,0,0,0,0,0,1,0,0,1,0,16
0.40258970856666565,0.012609767727553844,0.01286092959344387,0.00259958952665329,0.4206371307373047,0.015706216916441917,0.11318570375442505,0.011119996197521687,0.002563551999628544,-3.581251439754851e-05,6.577828025911003e-05,-1.1659155411958277e-11,0.5850794315338135,0.0033438042737543583,-0.013906815089285374,0.0018407782772555947,0,0,0,0,0,1,0,0,1,0,5
0.4155758321285248,0.015250508673489094,0.013077259063720703,0.0026747798547148705,0.4314134418964386,0.018190527334809303,0.11169163882732391,0.010499103926122189,0.002420413075014949,-3.3812593756010756e-05,6.210496940184385e-05,1.1657240277240799e-11,0.5712453722953796,0.00540120666846633,-0.01377042569220066,0.0022340547293424606,0,0,0,0,1,0,0,0,1,0,5
0.42827320098876953,0.018265873193740845,0.012462150305509567,0.0025557102635502815,0.44158414006233215,0.020535225048661232,0.10880304127931595,0.009906954132020473,0.002283901907503605,-3.190630013705231e-05,5.8603611250873655e-05,-2.913879641047723e-12,0.5575742125511169,0.007876173593103886,-0.01355830393731594,0.0027291583828628063,0,0,0,0,1,0,0,0,1,0,12
0.4396289885044098,0.02083149366080761,0.010659487918019295,0.0017490237951278687,0.4569002687931061,0.0224988404661417,0.13275839388370514,0.06654055416584015,-0.00033305332181043923,5.538618552236585e-06,4.4197280658409e-05,0.0006914378027431667,0.5441994667053223,0.010959799401462078,-0.01321329828351736,0.0033711560536175966,0,0,0,0,1,0,0,0,1,0,6
0.44860759377479553,0.02216741442680359,0.008381114341318607,0.0012685379479080439,0.5212792754173279,0.02204112894833088,0.22958196699619293,0.0628858134150505,-0.0005571538349613547,5.540472557186149e-06,4.4891748984809965e-05,0.0006900826119817793,0.5312095880508423,0.014675651676952839,-0.012796415947377682,0.00399486580863595,0,0,0,0,0,1,0,0,1,0,7
0.4561830759048462,0.023343833163380623,0.00722969276830554,0.0009760046959854662,0.582416832447052,0.02137056365609169,0.11866999417543411,0.05973517894744873,-0.0007599545060656965,5.540472557186149e-06,4.4891748984809965e-05,0.0006900826119817793,0.5200586318969727,0.01817002147436142,-0.009519913233816624,0.0029996109660714865,0,0,0,0,0,0,1,0,1,0,5
0.46294552087783813,0.023921992629766464,0.00613261666148901,0.0005071955965831876,0.6347054839134216,0.020575983449816704,0.1320178210735321,0.0506121963262558,-0.0008556473767384887,6.079053036955884e-06,6.967838271521032e-05,0.000629342976026237,0.5132161378860474,0.020337793976068497,-0.004477010108530521,0.0014248504303395748,0,0,0,0,1,0,0,0,1,0,14
0.4692389965057373,0.024427281692624092,0.006773542147129774,0.0004921803483739495,0.6801039576530457,0.019718799740076065,0.10430905967950821,0.041740868240594864,-0.000850855780299753,7.432682650687639e-06,0.0001113366597564891,0.0004954701871611178,0.512006402015686,0.021138695999979973,0.001654554856941104,0.000694451155140996,0,0,0,0,0,0,0,0,1,0,11
0.4768480062484741,0.024809805676341057,0.008263307623565197,0.0002607489295769483,0.7179577350616455,0.018904170021414757,0.10869929939508438,0.035430025309324265,-0.0007854091236367822,9.826112545852084e-06,0.0001776677672751248,0.00019724862067960203,0.51554936170578,0.021732958033680916,0.004382694605737925,0.000465158635051921,0,0,0,0,0,0,0,0,1,0,0
0.4857982397079468,0.024835987016558647,0.00933163333684206,-0.00016506778774783015,0.7511937618255615,0.018159955739974976,0.10901370644569397,0.03164735436439514,-0.0007097360212355852,9.914046131598298e-06,0.00018718745559453964,-5.892772381166367e-12,0.5208314657211304,0.022000204771757126,0.005992370657622814,5.334473098628223e-05,0,0,0,0,0,0,0,0,1,0,12
0.49525177478790283,0.024660244584083557,0.009843316860496998,-0.00019079833873547614,0.7811530828475952,0.01748807542026043,0.10928087681531906,0.02865821123123169,-0.000642700120806694,8.977827747003175e-06,0.0001695107639534399,0.0,0.5278259515762329,0.022012880071997643,0.007570454850792885,-1.1820932741102297e-05,0,0,0,0,0,0,0,0,1,0,9
0.5056037902832031,0.024448977783322334,0.010790146887302399,-0.00023227882047649473,0.8083912134170532,0.016877222806215286,0.10946759581565857,0.026137765496969223,-0.000586175883654505,8.188362699002028e-06,0.0001546047569718212,-2.934863073053573e-12,0.5362614393234253,0.021940631791949272,0.008847976103425026,-0.00010744433529907838,0,0,0,0,0,0,0,0,1,0,13
0.5167956352233887,0.02420169673860073,0.011575899086892605,-0.00025903142523020506,0.8333159685134888,0.016318250447511673,0.1096004843711853,0.023980671539902687,-0.0005378000205382705,7.512675438192673e-06,0.0001418470637872815,1.4654834420632645e-12,0.5457395315170288,0.021782472729682922,0.009587308391928673,-0.00016574283654335886,0,0,0,0,0,0,0,0,1,0,1
0.5287278294563293,0.023931635543704033,0.012261281721293926,-0.0002824088733177632,0.856247067451477,0.01580398716032505,0.1096966490149498,0.02211080677807331,-0.0004958657664246857,6.926937203388661e-06,0.00013078773918095976,-1.463933358217262e-12,0.5559924244880676,0.021596189588308334,0.0105080371722579,-0.00019007621449418366,1,0,0,0,0,0,0,0,1,0,14
0.5412598848342896,0.023639164865016937,0.01277288980782032,-0.0003012916713487357,0.8774394392967224,0.015328722074627876,0.10976731777191162,0.02047182433307171,-0.00045910931657999754,6.413508799596457e-06,0.00012109363888157532,1.462680128926086e-12,0.5670924186706543,0.02138401009142399,0.011410183273255825,-0.00021955912234261632,0,0,0,0,0,0,0,0,1,0,15
0.5542471408843994,0.023332668468356133,0.013182095251977444,-0.0003130618715658784,0.8970993161201477,0.01488781999796629,0.10982000082731247,0.019021134823560715,-0.0004265755123924464,5.959056579740718e-06,0.00011251313844695687,0.0,0.5789855122566223,0.021148916333913803,0.012070034630596638,-0.0002348461130168289,0,0,0,0,0,0,0,0,0,0,4
0.5675894618034363,0.023015307262539864,0.013490526005625725,-0.0003229182620998472,0.9153963327407837,0.014477482996881008,0.10985977947711945,0.017725948244333267,-0.00039752916200086474,5.553310529649025e-06,0.00010485223901923746,-1.4608000139387789e-12,0.5914372801780701,0.02089953050017357,0.012584365904331207,-0.0002484596043359488,0,0,0,1,0,0,0,0,0,0,16
0.581190288066864,0.0226906705647707,0.013710558414459229,-0.000328229769365862,0.932471513748169,0.014094546437263489,0.1098901703953743,0.016560638323426247,-0.0003713955811690539,5.18824890605174e-06,9.795946243684739e-05,1.4600849826060247e-12,0.6043668985366821,0.02063492313027382,0.01303879078477621,-0.0002630934177432209,0,0,0,1,0,0,0,0,0,0,2
0.5949910283088684,0.02236081101000309,0.01388534065335989,-0.0003330509935040027,0.9484432935714722,0.013736359775066376,0.10991363227367401,0.015504851005971432,-0.00034771818900480866,4.857492513110628e-06,9.171439887722954e-05,-7.297397278463458e-13,0.6176265478134155,0.02036234922707081,0.01332870777696371,-0.00026926392456516623,0,1,0,0,0,0,0,0,0,0,4
0.6089394092559814,0.022027146071195602,0.01400773786008358,-0.0003356542147230357,0.9634115695953369,0.013400673866271973,0.10993190854787827,0.014542260207235813,-0.00032613068469800055,4.555929990601726e-06,8.602062007412314e-05,-1.4589625080968505e-12,0.6311405897140503,0.02008267678320408,0.013585449196398258,-0.0002789513091556728,0,0,0,1,0,0,0,0,0,0,5
0.6229965686798096,0.021690964698791504,0.014105593785643578,-0.0003383586590643972,0.9774621725082397,0.013085569255053997,0.10994627326726913,0.013659569434821606,-0.000306335132336244,4.279402219253825e-06,8.079948020167649e-05,7.292588299727398e-13,0.6448511481285095,0.019796930253505707,0.01374085620045662,-0.0002814693143591285,0,0,0,0,1,0,0,0,0,0,12
0.6371375918388367,0.021352455019950867,0.0141777154058218,-0.00034043684718199074,0.9906689524650574,0.012789390049874783,0.10995764285326004,0.012845873832702637,-0.0002880871179513633,4.024487679998856e-06,7.598636875627562e-05,0.0,0.658690869808197,0.019509058445692062,0.013857990503311157,-0.00028319709235802293,0,0,0,0,1,0,0,0,0,0,0
0.6513365507125854,0.021012810990214348,0.014226444996893406,-0.00034141066134907305,1.0030956268310547,0.01251070573925972,0.1099667027592659,0.012092134915292263,-0.0002711833512876183,3.788351023104042e-06,7.15279093128629e-05,-7.288985495908229e-13,0.6726482510566711,0.019215593114495277,0.013966617174446583,-0.00028881520847789943,0,0,0,0,1,0,0,0,0,0,6
0.6655819416046143,0.020671498030424118,0.014266046695411205,-0.00034296198282390833,1.0147980451583862,0.012248260900378227,0.1099739596247673,0.01139078289270401,-0.0002554544771555811,3.568626652850071e-06,6.737928924849257e-05,-1.0931274331896224e-12,0.6866726875305176,0.018921473994851112,0.014026759192347527,-0.0002891381736844778,0,0,0,0,0,1,0,0,0,0,18
