lt_dp_posx,lt_dp_posy,lt_dp_velx,lt_dp_vely,ball_posx,ball_posy,ball_posz,ball_vel_x,ball_vel_y,ball_rot_x,ball_rot_y,ball_rot_z,rt_gk_posx,rt_gk_posy,rt_gk_velx,rt_gk_vely,action_left,action_top_left,action_top,action_top_right,action_right,action_bottom_right,action_bottom,action_bottom_left,action_sprint,action_dribble,sel_action
-1.0110293626785278,-0.0,0.0,-0.0,0.019999999552965164,-0.0,0.11061639338731766,-0.0,0.0,0.0,-0.0,0.0,1.0110293626785278,0.0,-0.0,0.0,0,0,0,0,0,0,0,0,0,0,5
0.0,-0.0,0.0,-0.0,0.019999999552965164,-0.0,0.11059734225273132,-0.0,0.0,0.0,-0.0,0.0,1.0110293626785278,0.0,-0.0,0.0,0,0,0,0,1,0,0,0,0,0,5
0.0005595720722340047,4.9373026500543205e-11,0.0026072831824421883,2.1259039667542723e-11,0.019999999552965164,-0.0,0.10930104553699493,-0.0,0.0,0.0,-0.0,0.0,1.0097103118896484,-9.884149054784075e-11,-0.0033988673239946365,-2.35544500570839e-10,0,0,0,0,1,0,0,0,0,0,5
0.0037788229528814554,-4.705273393135201e-10,0.004770988132804632,-2.684072963887729e-10,0.019999999552965164,-0.0,0.11075475811958313,-0.0,0.0,0.0,-0.0,0.0,1.005424976348877,-3.2258068438650866e-10,-0.0050032841973006725,-1.9212086088682412e-10,0,0,0,0,1,0,0,0,0,0,13
0.007856178097426891,-2.1655053306091077e-09,0.006355706602334976,-3.6368058564661965e-10,0.021781105548143387,-1.197989346612971e-10,0.11884696781635284,0.008839823305606842,-5.94723825741994e-10,8.834712204430079e-14,-2.3084528493200196e-06,-1.4487260132853286e-12,0.9995788931846619,-4.2783665499257495e-10,-0.0065179429948329926,-2.046465080729476e-11,0,0,0,0,1,0,0,0,1,0,0
0.015018402598798275,-2.3967305917693693e-09,0.007797427009791136,-9.105486503679927e-11,0.03015720471739769,-6.842799660233823e-10,0.11304429918527603,0.007989801466464996,-5.392420954208887e-10,6.199244676624582e-12,3.837781332549639e-05,-1.6145164632302977e-12,0.9922854900360107,1.7942397567694002e-10,-0.007902874611318111,5.098292898964019e-10,0,0,0,0,1,0,0,0,1,0,0
0.023530634120106697,-2.5451565299761114e-09,0.009069569408893585,-1.7918255768023528e-10,0.037892114371061325,-1.2064046428506003e-09,0.11427181959152222,0.0075392089784145355,-5.089192400831166e-10,7.109535182792115e-12,4.4596759835258126e-05,0.0,0.9837011694908142,5.100572186833574e-10,-0.009114601649343967,1.7121784545715002e-10,0,0,0,0,1,0,0,0,1,0,5
0.03253943473100662,-3.197910380947633e-09,0.009742087684571743,-2.34471886351173e-10,0.045195817947387695,-1.6994265994441093e-09,0.11196728050708771,0.007108057849109173,-4.798152986040805e-10,6.7029012548736056e-12,4.204602737445384e-05,2.082954933333056e-18,0.9743693470954895,6.718814948847296e-10,-0.009437869302928448,1.9319368327330722e-10,0,0,0,0,1,0,0,0,1,0,18
0.040323927998542786,-4.65638372304511e-09,0.009685594588518143,-1.2714934660706945e-10,0.05206971615552902,-2.1634347646681817e-09,0.1106518879532814,0.006682825740426779,-4.5111103741390934e-10,6.301915152912008e-12,3.9530699723400176e-05,0.0,0.9644050598144531,8.192848621746407e-10,-0.010371208190917969,9.849600995925911e-11,0,0,0,0,1,0,0,0,1,0,13
0.050239283591508865,-4.9834452120478545e-09,0.010593279264867306,-7.154043329959947e-11,0.06529233604669571,2.5390701921423897e-05,0.14664900302886963,0.013831263408064842,2.7889425837201998e-05,2.8579492550306895e-07,7.812065632606391e-06,3.5719654079002794e-07,0.9536177515983582,1.7830531717777376e-08,-0.010990395210683346,1.1275595568349672e-07,0,0,0,0,1,0,0,0,1,0,18
0.06094103679060936,3.516673587000696e-06,0.010849579237401485,6.5534877649042755e-06,0.07886994630098343,5.256048825685866e-05,0.11541144549846649,0.012866326607763767,2.4854114599293098e-05,3.088642586135393e-08,3.5371118428884074e-05,4.671523186061677e-07,0.9426805973052979,4.321157689446409e-07,-0.011172715574502945,6.818577276135329e-07,0,0,0,0,1,0,0,0,1,0,18
0.0722273588180542,1.428539508196991e-05,0.011619267985224724,1.4491214642475825e-05,0.09126575291156769,7.612520130351186e-05,0.11316749453544617,0.012076400220394135,2.2740572603652254e-05,-1.8325891915083048e-07,5.7811892475001514e-05,2.6055434432237234e-07,0.9311493039131165,1.3959167972643627e-06,-0.011804524809122086,1.2025251407976612e-06,0,0,0,0,1,0,0,0,1,0,13
0.08420849591493607,3.1725652661407366e-05,0.01227075606584549,1.8936510969069786e-05,0.10294869542121887,9.801813575904816e-05,0.11222551017999649,0.011404020711779594,2.136365947080776e-05,-2.9843616289326746e-07,6.745577411493286e-05,-4.554713675447228e-14,0.9190320372581482,2.8715246571664466e-06,-0.012362704612314701,1.7997621171161882e-06,0,0,0,0,1,0,0,0,1,0,5
0.09678489714860916,5.318627881933935e-05,0.012805006466805935,2.398751712462399e-05,0.11400756239891052,0.00011873519542859867,0.10860082507133484,0.010777872055768967,2.0190656869090162e-05,-2.820672762027243e-07,6.375592784024775e-05,0.0,0.9064158201217651,5.2805298764724284e-06,-0.012806584127247334,2.923629381257342e-06,0,0,0,0,1,0,0,0,1,0,0
0.10982221364974976,-8.293164137285203e-05,0.013207074254751205,2.8787475457647815e-05,0.12444943934679031,0.00013829636736772954,0.10880784690380096,0.010170640423893929,1.9053108189837076e-05,-2.6617192361300113e-07,6.016306360834278e-05,-6.82984688227771e-14,0.8934142589569092,8.740543307794724e-06,-0.013147382065653801,3.73996749658545e-06,0,0,0,0,1,0,0,0,1,0,0
0.12306112051010132,-0.001921227085404098,0.013239067979156971,1.6694149962859228e-05,0.13430047035217285,0.00015675074246246368,0.11073842644691467,0.009594322182238102,1.7973465219256468e-05,-2.5108340651058825e-07,5.675258580595255e-05,-4.55259677070545e-14,0.8801179528236389,1.2805001460947096e-05,-0.013407538644969463,4.34262574344757e-06,0,0,0,0,1,0,0,0,1,0,0
0.13630016148090363,-0.0022478592582046986,0.013239067979156971,4.76979766972363e-06,0.14927279949188232,-7.531955634476617e-05,0.15857183933258057,0.015459519810974598,-0.0002578207931946963,-6.148678011186348e-08,1.0348776413593441e-05,-7.976236702234019e-07,0.8665978312492371,1.7469383237767033e-05,-0.013604585081338882,4.923281721858075e-06,0,0,0,0,1,0,0,0,1,0,0
0.1496288776397705,-0.002230605110526085,0.013456800021231174,5.1401875680312514e-05,0.16460849344730377,-0.00033104800968430936,0.11724098026752472,0.015128042548894882,-0.00025208908482454717,4.7141405445927376e-08,1.2750288988172542e-05,-9.645398222346557e-07,0.852908194065094,1.564624108141288e-05,-0.013753245584666729,-8.410784175794106e-06,0,0,0,0,1,0,0,0,1,0,0
0.1632242053747177,-0.002100627636536956,0.013697322458028793,0.00019716053793672472,0.178741455078125,-0.0005649751983582973,0.12570403516292572,0.01374825183302164,-0.00022708626056555659,1.704554961179383e-06,4.925530083710328e-05,-1.8303602473679348e-06,0.839091420173645,-5.280479058455967e-07,-0.01386404037475586,-2.240172034362331e-05,0,0,0,0,1,0,0,0,1,0,16
0.17702297866344452,-0.0018351967446506023,0.013874909840524197,0.00028796494007110596,0.19197767972946167,-0.00078316789586097,0.11795764416456223,0.012889514677226543,-0.00021233416919130832,2.9663929126400035e-06,7.62483905418776e-05,0.0,0.825178861618042,-2.9850025384803303e-05,-0.013948889449238777,-3.424314854783006e-05,0,0,0,0,1,0,0,0,1,0,0
0.19097664952278137,-0.001580315874889493,0.014012000523507595,0.00022547987464349717,0.20448541641235352,-0.000989212654531002,0.10695063322782516,0.012193022295832634,-0.00020086060976609588,2.806120619425201e-06,7.212870696093887e-05,0.0,0.811194896697998,-6.987410597503185e-05,-0.014010597951710224,-4.476007597986609e-05,0,0,0,0,1,0,0,0,1,0,18
0.2050469070672989,-0.00138910545501858,0.014113328419625759,0.0001635179651202634,0.21630120277404785,-0.001183859072625637,0.11112777888774872,0.011514473706483841,-0.00018968255608342588,2.6498826173337875e-06,6.81127785355784e-05,0.0,0.7971577048301697,-0.00012014652747893706,-0.014056879095733166,-5.339564086170867e-05,0,0,0,0,1,0,0,0,1,0,16
0.21912695467472076,-0.0012632299913093448,0.014121854677796364,0.0001007048922474496,0.22745448350906372,-0.001367591554298997,0.11018572747707367,0.010862900875508785,-0.0001789489178918302,2.4998919343488524e-06,6.425741594284773e-05,-3.643234260282402e-13,0.7830809950828552,-0.00017409157590009272,-0.014091940596699715,-5.4389238357543945e-05,0,0,0,0,1,0,0,0,1,0,0
0.2330760359764099,-0.001199015649035573,0.013680142350494862,3.6581815948011354e-05,0.24183553457260132,-0.001405508490279317,0.15713411569595337,0.015835177153348923,2.1325073248590343e-05,8.988106401375262e-07,1.2283413525437936e-05,-9.631056627767975e-07,0.7689745426177979,-0.00022901271586306393,-0.014117185026407242,-5.53522004338447e-05,0,0,0,0,1,0,0,0,1,0,0
0.24646200239658356,-0.0003790949995163828,0.013312519527971745,4.743987574329367e-06,0.2575588822364807,-0.0013843183405697346,0.13813930749893188,0.01563192531466484,2.1101015590829775e-05,8.988106401375262e-07,1.2283413525437936e-05,-9.631056627767975e-07,0.7548462152481079,-0.000280379899777472,-0.014136819168925285,-4.628138412954286e-05,0,0,0,0,1,0,0,0,1,0,5
0.259774386882782,0.0010152118047699332,0.013312522321939468,2.3724217044218676e-06,0.2728472352027893,-0.0012916414998471737,0.15094317495822906,0.01587522029876709,0.0002654611016623676,4.049072686029831e-07,-7.755484716653882e-07,1.8019230196841818e-07,0.7407012581825256,-0.00032027679844759405,-0.014151545241475105,-3.466770431259647e-05,0,0,0,0,1,0,0,0,1,0,18
0.27309009432792664,0.0010160921374335885,0.013344252482056618,-1.8706660966927302e-06,0.2886100113391876,-0.001028074068017304,0.1701432168483734,0.015671662986278534,0.00026204189634881914,4.049072686029831e-07,-7.755484716653882e-07,1.8019230196841818e-07,0.7265439033508301,-0.00034654929186217487,-0.014162063598632812,-1.5051108675834257e-05,0,0,0,0,1,0,0,0,1,0,5
0.2865903377532959,0.0009694065665826201,0.013615629635751247,-0.00010002226190408692,0.30402782559394836,-0.0007704494637437165,0.11693182587623596,0.01449597254395485,0.0002410466258879751,-6.415216944333224e-07,2.3246253476827405e-05,1.7086294974433258e-06,0.7123773694038391,-0.0003442184824962169,-0.014169776812195778,1.6557934941374697e-05,0,0,0,0,1,0,0,0,1,0,18
0.3003205358982086,0.0007935808389447629,0.01381425280123949,-0.00023570125631522387,0.3181036114692688,-0.0005367642152123153,0.13001041114330292,0.013940108940005302,0.00023135186347644776,-1.0175957640967681e-06,3.186515823472291e-05,1.916140263347188e-06,0.6982040405273438,-0.00031026170472614467,-0.014176088385283947,4.819572131964378e-05,0,0,0,0,1,0,0,0,1,0,14
0.31422072649002075,0.0005334297311492264,0.013965018093585968,-0.00024292501620948315,0.3314307630062103,-0.0003161347412969917,0.12117217481136322,0.012896706350147724,0.0002131970541086048,-2.838306727426243e-06,7.317447307286784e-05,3.3007822253239283e-07,0.6840254068374634,-0.00026246305787935853,-0.014180295169353485,4.747316415887326e-05,0,0,0,0,0,0,0,0,1,0,6
0.3277333080768585,0.0009283947292715311,0.013805338181555271,-0.00016054269508458674,0.3439624607563019,-0.00010898093751166016,0.11239121109247208,0.012229668907821178,0.00020216067787259817,-2.824261628120439e-06,7.234496297314763e-05,3.6446426389044606e-13,0.6698430180549622,-0.00021538956207223237,-0.014183801598846912,4.674615411204286e-05,0,0,0,0,0,1,0,0,1,0,12
0.34065788984298706,0.002017594873905182,0.013368270359933376,0.00016924225201364607,0.3563932180404663,0.0007345270132645965,0.128550723195076,0.014405906200408936,0.0034078890457749367,4.592056484398199e-06,1.4799364180362318e-05,1.6260979464277625e-05,0.6556577086448669,-0.000165044009918347,-0.014185905456542969,5.744645022787154e-05,0,0,0,0,0,1,0,0,1,0,6
0.35348695516586304,0.0026794825680553913,0.012407583184540272,0.0014420830411836505,0.3706274926662445,0.0040976619347929955,0.15288682281970978,0.014155554585158825,0.0033442892599850893,3.620147708716104e-06,1.611021980352234e-05,1.747985152178444e-05,0.6414703130722046,-9.752115875016898e-05,-0.014188009314239025,7.576742791570723e-05,0,0,0,0,0,1,0,0,1,0,12
0.3656563460826874,0.004859909415245056,0.01184169016778469,0.002562775043770671,0.384444922208786,0.007349242921918631,0.12132283300161362,0.013078253716230392,0.003039832226932049,-1.6678917745593935e-05,4.316318518249318e-05,2.7093195967609063e-05,0.6272821426391602,5.770863481302513e-06,-0.014186606742441654,0.0002104042359860614,0,0,0,0,0,1,0,0,1,0,7
0.37753066420555115,0.007422341965138912,0.012079407460987568,0.0025899431202560663,0.39717593789100647,0.010297938250005245,0.11544495075941086,0.012467455118894577,0.0028807129710912704,-2.7712550945580006e-05,5.7600274885771796e-05,1.91938343050424e-05,0.6131187677383423,0.0005457998486235738,-0.0141361178830266,0.0008094097720459104,0,0,0,0,0,0,1,0,1,0,12
0.3898632824420929,0.010020515881478786,0.012525389902293682,0.002595924772322178,0.40922635793685913,0.013076399452984333,0.10648492723703384,0.011762828566133976,0.0027117447461932898,-3.7885078199906275e-05,6.958510493859649e-05,5.830628948405581e-12,0.5990382432937622,0.0016831984976306558,-0.014026024378836155,0.0014050583122298121,0,0,0,0,0,0,1,0,1,0,7
0.402585506439209,0.01260953675955534,0.01286092959344387,0.0025996037293225527,0.4206334352493286,0.015706131234765053,0.11318567395210266,0.011119959875941277,0.002563540590927005,-3.5812354326481e-05,6.577806925633922e-05,-5.829577705979139e-12,0.5850794315338135,0.0033436929807066917,-0.013906815089285374,0.001840717624872923,0,0,0,0,0,0,1,0,1,0,5
0.4155716001987457,0.015250288881361485,0.013077259063720703,0.0026747798547148705,0.43140968680381775,0.018190434202551842,0.11169163137674332,0.01049906574189663,0.0024204037617892027,-3.3812459150794894e-05,6.21047438471578e-05,5.8286201386203995e-12,0.5712453126907349,0.005401021335273981,-0.01377042569220066,0.0022339692804962397,0,0,0,0,1,0,0,0,1,0,5
0.4282689690589905,0.01826566271483898,0.012462154030799866,0.002555702580139041,0.4415803849697113,0.020535126328468323,0.10880304127931595,0.009906916879117489,0.0022838928271085024,-3.1906172807794064e-05,5.860339661012404e-05,-5.827759282095446e-12,0.5575741529464722,0.007875891402363777,-0.013558654114603996,0.002729051513597369,0,0,0,0,1,0,0,0,1,0,6
0.43962475657463074,0.020831290632486343,0.010659140534698963,0.0017490173922851682,0.45636677742004395,0.022547608241438866,0.13938602805137634,0.06124350428581238,0.00015567474474664778,9.889030479826033e-06,3.148322139168158e-05,0.0008833042229525745,0.5441994071006775,0.010959385894238949,-0.013213648460805416,0.003371013328433037,0,0,0,0,0,1,0,0,1,0,0
0.4486033618450165,0.022167211398482323,0.008381114341318607,0.0012685379479080439,0.5160212516784668,0.02252902090549469,0.32076412439346313,0.0583859346807003,-0.00015584364882670343,9.889030479826033e-06,3.148322139168158e-05,0.0008833042229525745,0.531209409236908,0.01467506866902113,-0.012796767055988312,0.003994694910943508,0,0,0,0,0,1,0,0,1,0,3
0.45617881417274475,0.023343628272414207,0.00722969276830554,0.0009760046959854662,0.5729265213012695,0.02221827022731304,0.32626503705978394,0.05571984499692917,-0.00043233565520495176,9.889030479826033e-06,3.148322139168158e-05,0.0008833042229525745,0.5200402736663818,0.018145231530070305,-0.009559182450175285,0.002947264350950718,0,0,1,0,0,0,0,0,1,0,16
0.4629412889480591,0.023921789601445198,0.00613261666148901,0.0005071955965831876,0.6272556781768799,0.021649615839123726,0.16684173047542572,0.053213123232126236,-0.0006753042107447982,9.889030479826033e-06,3.148322139168158e-05,0.0008833042229525745,0.5131521821022034,0.020252037793397903,-0.0045166295021772385,0.0013721331488341093,0,0,1,0,0,0,0,0,1,0,2
0.46923479437828064,0.024426762014627457,0.006773542147129774,0.0004907829570583999,0.6745381951332092,0.02088089846074581,0.18214696645736694,0.04453858733177185,-0.0008407916757278144,1.0053238838736434e-05,5.515709926839918e-05,0.0008054161444306374,0.511788547039032,0.020666634663939476,0.0013666994636878371,-0.00021423448924906552,0,1,0,0,0,0,0,0,1,0,14
0.47684434056282043,0.024804159998893738,0.008263657800853252,0.0002519365807529539,0.7181921005249023,0.019955497235059738,0.12407483905553818,0.042927782982587814,-0.0009908700594678521,1.0053238838736434e-05,5.515709926839918e-05,0.0008054161444306374,0.5149638652801514,0.02053914964199066,0.003939516376703978,-1.627007259230595e-05,0,0,0,0,0,0,0,0,1,0,11
0.4857945740222931,0.02481539361178875,0.009330932050943375,-0.00018474587704986334,0.7569547891616821,0.01895332895219326,0.11515850573778152,0.03701506555080414,-0.0010210501495748758,1.0886070413107518e-05,8.790074934950098e-05,0.000659919751342386,0.5197514891624451,0.020525021478533745,0.005472057033330202,-5.632496322505176e-05,0,0,0,0,0,0,0,0,1,0,16
0.49521562457084656,0.024619482457637787,0.009833315387368202,-0.00021210061095189303,0.7907267212867737,0.017960375174880028,0.11058560758829117,0.03169158473610878,-0.0009658442577347159,1.2662127119256184e-05,0.00015127767983358353,0.0002740904747042805,0.5263987183570862,0.020448843017220497,0.007142154034227133,-7.228563481476158e-05,0,0,0,0,0,0,0,0,1,0,12
0.5055490732192993,0.024386832490563393,0.010781927965581417,-0.0002545086608733982,0.8206139802932739,0.017042774707078934,0.10918419808149338,0.02858484908938408,-0.0008780556381680071,1.2265562872926239e-05,0.00016907778626773506,-5.8794024336561446e-12,0.534473180770874,0.020361781120300293,0.008475338108837605,-7.579458178952336e-05,0,0,0,0,0,0,0,0,1,0,8
0.5167258977890015,0.0241197869181633,0.011566136963665485,-0.0002805908443406224,0.8477846384048462,0.016208160668611526,0.10947009921073914,0.026074521243572235,-0.0008009443408809602,1.1188502867298666e-05,0.00015423083095811307,2.9347438108145996e-12,0.5437941551208496,0.020259371027350426,0.009596087038516998,-0.00010149134323000908,0,0,0,0,0,0,0,1,1,0,6
0.5286481976509094,0.02382880263030529,0.012253125198185444,-0.00030616624280810356,0.8726509213447571,0.015444331802427769,0.10960286855697632,0.023925423622131348,-0.0007349293446168303,1.0266432582284324e-05,0.000141520329634659,5.861742948670701e-12,0.554059624671936,0.02013091742992401,0.010515091940760612,-0.00012420947314240038,0,0,0,0,0,1,0,0,1,0,12
0.5411723256111145,0.023513255640864372,0.012766629457473755,-0.0003259666555095464,0.8955304026603699,0.014741528779268265,0.10969839245080948,0.022061999887228012,-0.0006776897353120148,9.466911251365673e-06,0.00013049908739048988,5.855578608798817e-12,0.5651700496673584,0.019974859431385994,0.011418871581554413,-0.00016134092584252357,0,0,0,0,0,1,0,0,1,0,1
0.5541532635688782,0.023182889446616173,0.01317677367478609,-0.0003389613702893257,0.9166768193244934,0.01409196574240923,0.10976861417293549,0.02042829617857933,-0.0006275064079090953,8.765933671384118e-06,0.00012083631008863449,0.0,0.5770726799964905,0.01978878304362297,0.012077296152710915,-0.0001805443171178922,1,0,0,0,0,0,0,0,1,0,17
0.5674903392791748,0.022840308025479317,0.01348582562059164,-0.00035004541859962046,0.936295747756958,0.013489323668181896,0.10982097685337067,0.018982000648975372,-0.0005830800510011613,8.145361789502203e-06,0.00011228182120248675,-4.384877877461335e-12,0.5895320177078247,0.019582103937864304,0.012589330784976482,-0.00020218333520460874,1,0,0,0,0,0,0,0,1,1,14
0.579826831817627,0.02252303436398506,0.01068238914012909,-0.0002759139460977167,0.9545559287071228,0.01292841974645853,0.10986052453517914,0.017690524458885193,-0.0005434089689515531,7.591209396196064e-06,0.00010464298247825354,-5.843110717496103e-12,0.6022422909736633,0.01935585029423237,0.012820892035961151,-0.00022176826314534992,0,0,0,0,0,0,0,0,1,1,7
0.5877306461334229,0.022319959476590157,0.005270595662295818,-0.0001362557668471709,0.9715974926948547,0.01240494567900896,0.10989073663949966,0.01652836799621582,-0.0005077102687209845,7.092530267982511e-06,9.77688396233134e-05,1.4600657922275717e-12,0.6144816279411316,0.019136207178235054,0.012658863328397274,-0.00022274907678365707,0,0,0,0,0,0,1,0,1,1,4
0.5907123684883118,0.022243184968829155,0.0019592398311942816,-5.134840466780588e-05,0.9875385165214539,0.011915280483663082,0.10991407185792923,0.015475297346711159,-0.0004753627290483564,6.6406555561115965e-06,9.153982682619244e-05,2.918926168479774e-12,0.626477837562561,0.018921984359622,0.012805882841348648,-0.00022846546198707074,0,0,0,1,0,0,0,0,1,1,2
0.5912389755249023,0.02222936972975731,0.0,-0.0,1.0024785995483398,0.011456357315182686,0.10993225872516632,0.014515048824250698,-0.00044586631702259183,6.228611709957477e-06,8.585990872234106e-05,1.4589481966281737e-12,0.6394776105880737,0.018686214461922646,0.01314457692205906,-0.00024214030418079346,0,1,0,0,0,0,0,0,1,1,18
