lt_dp_posx,lt_dp_posy,lt_dp_velx,lt_dp_vely,ball_posx,ball_posy,ball_posz,ball_vel_x,ball_vel_y,ball_rot_x,ball_rot_y,ball_rot_z,rt_gk_posx,rt_gk_posy,rt_gk_velx,rt_gk_vely,action_left,action_top_left,action_top,action_top_right,action_right,action_bottom_right,action_bottom,action_bottom_left,action_sprint,action_dribble,sel_action
-1.0110293626785278,-0.0,0.0,-0.0,0.019999999552965164,-0.0,0.11061639338731766,0.0,-0.0,0.0,-0.0,0.0,1.0110293626785278,0.0,-0.0,0.0,0,0,0,0,0,0,0,0,0,0,5
0.0,-0.0,0.0,-0.0,0.019999999552965164,-0.0,0.11059734225273132,0.0,-0.0,0.0,-0.0,0.0,1.0110293626785278,0.0,-0.0,0.0,0,0,0,0,1,0,0,0,0,0,5
0.0,-0.0,0.0,-0.0,0.019999999552965164,-0.0,0.10930104553699493,0.0,-0.0,0.0,-0.0,0.0,1.0110293626785278,0.0,-0.0,0.0,0,0,0,0,1,0,0,0,0,0,5
0.002222941257059574,2.292615403076681e-10,0.003935635089874268,2.4066315607029765e-10,0.019999999552965164,-0.0,0.11075475811958313,0.0,-0.0,0.0,-0.0,0.0,1.0089819431304932,-1.558812107171903e-11,-0.003723537316545844,-2.5452712854034942e-11,0,0,0,0,1,0,0,0,0,0,5
0.005492351017892361,-9.790077637461536e-10,0.005578104872256517,-3.509905699417004e-10,0.019999999552965164,-0.0,0.11053141206502914,0.0,-0.0,0.0,-0.0,0.0,1.0043776035308838,-3.7697560351102055e-11,-0.005314630456268787,-1.6999930976813182e-11,0,0,0,0,1,0,0,0,0,0,13
0.01125802006572485,-1.7745168667815392e-09,0.007097138091921806,-2.6627675064894163e-10,0.02613699994981289,-3.535414738742304e-10,0.12408395856618881,0.008579914458096027,-4.939273434700908e-10,-3.4787702232752515e-12,-2.7208972824155353e-05,-1.5394411006369735e-12,0.9982317090034485,8.962908193410613e-11,-0.006807551719248295,6.657443485380554e-10,0,0,0,0,1,0,0,0,1,0,0
0.019116539508104324,-1.9314918553448024e-09,0.008456584066152573,-1.7845841471242352e-10,0.0343976728618145,-8.28691615328836e-10,0.11853152513504028,0.008039964362978935,-4.62318544558471e-10,-6.458654791541285e-12,-4.755981353810057e-05,-1.3888764701338189e-18,0.9906662106513977,6.550110454028868e-10,-0.008160226047039032,4.4508149943389697e-10,0,0,0,0,1,0,0,0,1,0,13
0.028236890211701393,-2.1214372480926613e-09,0.009634784422814846,-1.7957182962824447e-10,0.04220714792609215,-1.2777569002864198e-09,0.11089247465133667,0.007617080118507147,-4.380017459837404e-10,-6.11892958177207e-12,-4.5058142859488726e-05,6.943819867852558e-19,0.9818469882011414,9.151407964758107e-10,-0.009317257441580296,9.302075082429084e-11,0,0,0,0,1,0,0,0,1,0,16
0.03707406297326088,-2.8212814306982636e-09,0.009385167621076107,-2.1207580136461956e-10,0.049582552164793015,-1.7018618736486246e-09,0.11241153627634048,0.007181420922279358,-4.12950340589191e-10,-5.7688584811921295e-12,-4.24803038185928e-05,6.943272377684625e-19,0.9724517464637756,1.0913837611425947e-09,-0.009637720882892609,1.8371269783212796e-10,0,0,0,0,1,0,0,0,1,0,0
0.045413948595523834,-3.6155236582402495e-09,0.00997435487806797,-1.177801051133187e-10,0.05803060904145241,5.9305807553755585e-06,0.1259927749633789,0.014216872863471508,2.9581326089100912e-05,3.779778694479319e-07,-4.007558527518995e-05,-2.8214852676455848e-08,0.9623057246208191,1.2176928354534766e-09,-0.010538101196289062,7.228667664449517e-11,0,0,0,0,1,0,0,0,1,0,18
0.055850569158792496,2.5970192041313567e-07,0.010675542056560516,1.756026563271007e-06,0.07205856591463089,3.521114922477864e-05,0.13850748538970947,0.01395217701792717,2.9124874345143326e-05,3.8005242686267593e-07,-4.278356209397316e-05,-2.4532573306146332e-08,0.9514368772506714,1.2168308671789418e-07,-0.010879600420594215,4.789148420059064e-07,0,0,0,0,1,0,0,0,1,0,13
0.06665448099374771,6.480421234300593e-06,0.011097683571279049,9.712125574878883e-06,0.08557827025651932,6.373401993187144e-05,0.1254587471485138,0.013114516623318195,2.7909507480217144e-05,3.8989571748970775e-07,-7.758051651762798e-05,-4.55705453570026e-14,0.9404253959655762,1.256112227565609e-06,-0.011310156434774399,1.665972376940772e-06,0,0,0,0,1,0,0,0,1,0,13
0.07816209644079208,2.064139516733121e-05,0.011819601058959961,1.788314875739161e-05,0.09837764501571655,9.097285510506481e-05,0.11673936992883682,0.012501724995672703,2.6605395760270767e-05,3.716769754191773e-07,-7.395220018224791e-05,4.556178026006441e-14,0.9287715554237366,3.5654713883559452e-06,-0.011916019953787327,2.806991233228473e-06,0,0,0,0,1,0,0,0,1,0,5
0.0903337150812149,4.081238876096904e-05,0.012446238659322262,2.1819072571815923e-05,0.11050830036401749,0.00011678857845254242,0.10918530076742172,0.011826674453914165,2.51687833952019e-05,3.51616790794651e-07,-6.996089359745383e-05,-4.5552625527970486e-14,0.9165447354316711,6.6158668232674245e-06,-0.012460877187550068,3.3314208849333227e-06,0,0,0,0,1,0,0,0,1,0,0
0.10306200385093689,6.594951264560223e-05,0.012938940897583961,2.8152455342933536e-05,0.12196511030197144,0.00014117023965809494,0.11094468086957932,0.011160064488649368,2.3750151740387082e-05,3.3177994396282884e-07,-6.601395580219105e-05,-1.3663221487374144e-13,0.9038431644439697,1.0369819392508361e-05,-0.01288231648504734,4.095848908036714e-06,0,0,0,0,1,0,0,0,1,0,16
0.1160547211766243,9.741730900714174e-05,0.013312248513102531,3.2971878681564704e-05,0.13277357816696167,0.00016417211736552417,0.1104176789522171,0.01052626222372055,2.2401329260901548e-05,3.1294331392928143e-07,-6.226605182746425e-05,9.107283341098366e-14,0.8907760381698608,1.4799389646213967e-05,-0.013204882852733135,4.659676505980315e-06,0,0,0,0,1,0,0,0,1,0,5
0.12757490575313568,-0.0003554410068318248,0.013405043631792068,2.4259732526843436e-05,0.14296850562095642,0.0001858683244790882,0.10927583277225494,0.009929600171744823,2.113155642291531e-05,2.952075988105207e-07,-5.873719055671245e-05,0.0,0.8774299025535583,1.9812066966551356e-05,-0.013451716862618923,5.29920862391009e-06,0,0,0,0,1,0,0,0,1,0,16
0.1394585371017456,-0.0007588188163936138,0.013405084609985352,1.0781952369143255e-05,0.1555750072002411,0.00014416483463719487,0.1448395997285843,0.01536194235086441,-0.0001033768494380638,-2.546709652051504e-07,-5.0702357839327306e-05,-1.7567418808539514e-07,0.8638719320297241,2.5328372430521995e-05,-0.013637542724609375,5.095620963402325e-06,0,0,0,0,1,0,0,0,1,0,5
0.15284349024295807,-0.0007538688951171935,0.013405434787273407,5.902535122004338e-06,0.1708323359489441,4.1496816265862435e-05,0.13375630974769592,0.015169580467045307,-0.00010208669846178964,-2.546709652051504e-07,-5.0702357839327306e-05,-1.7567418808539514e-07,0.8501538634300232,2.7358115403330885e-05,-0.01377778872847557,-5.756152745561849e-07,0,0,0,0,1,0,0,0,1,0,16
0.16639623045921326,-0.0007254168740473688,0.013662085868418217,5.147941192262806e-05,0.18544909358024597,-5.562392107094638e-05,0.12540793418884277,0.014259298332035542,-9.424285963177681e-05,-1.3166292092137155e-06,-8.435261406702921e-05,-7.294086125028687e-13,0.8363156914710999,2.381167359999381e-05,-0.013882973231375217,-5.9849171520909294e-06,0,0,0,0,1,0,0,0,1,0,18
0.18016768991947174,-0.0006449236534535885,0.013852469623088837,0.00010351004311814904,0.19932405650615692,-0.00014732657291460782,0.11884315311908722,0.013546498492360115,-8.953181531978771e-05,-1.2507757674029563e-06,-8.013351907720789e-05,1.823078770194983e-13,0.8223875761032104,1.4862763237033505e-05,-0.01396151166409254,-1.1368193554517347e-05,0,0,0,0,1,0,0,0,1,0,16
0.1941017359495163,-0.0005437757936306298,0.013994469307363033,9.101962496060878e-05,0.2124713808298111,-0.00023422048252541572,0.1108894795179367,0.012819277122616768,-8.472547779092565e-05,-1.183649828817579e-06,-7.583295518998057e-05,-3.6453015627747887e-13,0.8083920478820801,5.25906216353178e-07,-0.014020415022969246,-1.6769947251304984e-05,0,0,0,0,1,0,0,0,1,0,13
0.20815663039684296,-0.0004663428117055446,0.01409965381026268,6.669784488622099e-05,0.22488702833652496,-0.0003162781067658216,0.11247704178094864,0.012094788253307343,-7.993711915332824e-05,-1.11671408831171e-06,-7.154462218750268e-05,3.644495729510089e-13,0.7943462133407593,-1.8689335774979554e-05,-0.014064592309296131,-2.0049335944349878e-05,0,0,0,0,1,0,0,0,1,0,18
0.22119544446468353,-1.1747854841814842e-05,0.014141110703349113,4.406009611557238e-05,0.23660224676132202,-0.00039370640297420323,0.11059851199388504,0.01140845101326704,-7.540098886238411e-05,-1.0533253771427553e-06,-6.748345913365483e-05,0.0,0.7802627086639404,-3.8774880522396415e-05,-0.014097549952566624,-2.0113113350817002e-05,0,0,0,0,1,0,0,0,1,0,5
0.23342560231685638,0.0007093491731211543,0.013974308967590332,2.1769776139990427e-05,0.24906843900680542,-0.0004071194271091372,0.1342328041791916,0.015452624298632145,0.00012594219879247248,9.934272071632222e-08,-5.3584859415423125e-05,1.272755412173865e-07,0.7661511898040771,-5.8917386922985315e-05,-0.014122093096375465,-2.01650273083942e-05,0,0,0,0,1,0,0,0,1,0,16
0.24700602889060974,0.0007190602482296526,0.013344252482056618,1.036486310113105e-06,0.26440486311912537,-0.00028220421518199146,0.14416387677192688,0.015249431133270264,0.00012421079736668617,1.1375007602509868e-07,-5.391263039200567e-05,1.3842486623616423e-07,0.7520185708999634,-7.619678945047781e-05,-0.014141026884317398,-1.4916200598236173e-05,0,0,0,0,1,0,0,0,1,0,16
0.2605065107345581,0.0006979429163038731,0.013616330921649933,-4.7491659643128514e-05,0.27924981713294983,-0.00016276349197141826,0.1266053020954132,0.014428943395614624,0.00011476853978820145,1.603313194209477e-06,-8.535241795470938e-05,-3.6472596318982975e-13,0.737870454788208,-8.821862866170704e-05,-0.014153649099171162,-9.651666005083825e-06,0,0,0,0,1,0,0,0,1,0,0
0.27423885464668274,0.0006130036199465394,0.013818285427987576,-0.00011451880709500983,0.29333236813545227,-5.075034641777165e-05,0.11851804703474045,0.013743579387664795,0.00010931709402939305,1.5271122038029716e-06,-8.129578054649755e-05,5.46959504597877e-13,0.7237105369567871,-9.31664471863769e-05,-0.014164167456328869,7.752480541967088e-07,0,0,0,0,1,0,0,0,1,0,16
0.28814342617988586,0.0004861077759414911,0.01396887470036745,-0.00011896019714185968,0.3066866397857666,5.54704965907149e-05,0.11485642939805984,0.013022065162658691,0.0001035780951497145,1.4469889038082329e-06,-7.70304468460381e-05,3.6455352083429593e-13,0.7095420360565186,-8.476150105707347e-05,-0.014171179383993149,1.4649447621195577e-05,0,0,0,0,1,0,0,0,1,0,6
0.3020854890346527,0.0004671904898714274,0.014051437377929688,-9.224531822837889e-05,0.31930550932884216,0.00015584164066240191,0.11187362670898438,0.012289118021726608,9.774820500751957e-05,1.3654785107064527e-06,-7.269123307196423e-05,-1.8223533034163186e-13,0.6953669786453247,-6.286458665272221e-05,-0.014177490957081318,2.5943683795048855e-05,0,0,0,0,0,1,0,0,1,0,7
0.31493598222732544,0.0014805924147367477,0.013683903031051159,0.0002793997700791806,0.3312119245529175,0.00025054614525288343,0.111027792096138,0.011595790274441242,9.22334220376797e-05,1.2884819398095715e-06,-6.859236600575969e-05,1.8219841325765873e-13,0.6811869144439697,-3.640778595581651e-05,-0.014182399027049541,2.6876370611716993e-05,0,0,0,0,0,0,1,0,1,0,12
0.3278934359550476,0.0021760580129921436,0.012900197878479958,0.0006468975334428251,0.3446713984012604,0.0027453568764030933,0.1499299556016922,0.014225984923541546,0.0034995886962860823,1.777015859261155e-05,-5.251992479315959e-05,2.783764557534596e-06,0.6670034527778625,-9.019117896968964e-06,-0.014184502884745598,2.780760951281991e-05,0,0,0,0,0,0,1,0,1,0,12
0.34030842781066895,0.003772241761907935,0.012195460498332977,0.0022969497367739677,0.3587862551212311,0.006216811016201973,0.11636681854724884,0.013946885243058205,0.0034243189729750156,2.028118797170464e-05,-5.502936619450338e-05,4.141401404922362e-06,0.65282142162323,0.00017562579887453467,-0.014175387099385262,0.0003760976833291352,0,0,0,0,0,0,1,0,1,0,12
0.35212281346321106,0.006412656977772713,0.01176595687866211,0.0026611548382788897,0.37220433354377747,0.009481566958129406,0.12080530822277069,0.013163617812097073,0.003199666738510132,4.4702686864184216e-05,-7.787342474330217e-05,0.0,0.6386662721633911,0.0007907513063400984,-0.014133312739431858,0.0008105082088150084,0,0,0,0,0,0,1,0,1,0,12
0.36416518688201904,0.00911234226077795,0.012254013679921627,0.0027183140628039837,0.38498637080192566,0.01258847676217556,0.11447641998529434,0.012485895305871964,0.003034933703020215,4.239985719323158e-05,-7.386184734059498e-05,-5.831880985074367e-12,0.6245673298835754,0.0018252218142151833,-0.014072306454181671,0.001186440815217793,0,0,0,0,0,0,1,0,1,0,12
0.37664228677749634,0.011833547614514828,0.012644950300455093,0.0027197329327464104,0.3970875144004822,0.015529891476035118,0.11210925877094269,0.011792189441621304,0.002866314724087715,4.0040340536506847e-05,-6.975151336519048e-05,-1.7492028658860903e-11,0.6105293035507202,0.003170871874317527,-0.014008494094014168,0.00147571403067559,0,0,0,0,0,0,1,0,1,0,12
0.38944315910339355,0.014578119851648808,0.012908262200653553,0.0027798721566796303,0.4085142910480499,0.018307387828826904,0.10899137705564499,0.011132147163152695,0.0027058785781264305,3.780177576118149e-05,-6.58518765703775e-05,-5.8295980889799814e-12,0.5965629816055298,0.004805015400052071,-0.013929955661296844,0.0017635239055380225,0,0,0,0,0,0,1,0,1,0,12
0.4024536907672882,0.017403682693839073,0.013085673563182354,0.0028608234133571386,0.419295072555542,0.02092786878347397,0.1114385575056076,0.01049888040870428,0.002551950514316559,3.565017686923966e-05,-6.210375431692228e-05,0.0,0.5826947093009949,0.006762087810784578,-0.01381460390985012,0.002114988164976239,0,0,0,0,0,0,1,0,1,0,5
0.4152275323867798,0.020601166412234306,0.01264702994376421,0.002776455134153366,0.42946475744247437,0.023399801924824715,0.1086067408323288,0.009905746206641197,0.0024077771231532097,3.363688301760703e-05,-5.859652083017863e-05,-5.827757113691101e-12,0.5689535140991211,0.009068909101188183,-0.013678214512765408,0.002463254611939192,0,0,0,0,1,0,0,0,1,0,14
0.42666780948638916,0.023465268313884735,0.01091480441391468,0.001978465821594,0.43906065821647644,0.025732258334755898,0.11126900464296341,0.07061007618904114,0.001693008583970368,2.671865513548255e-05,1.0079049388878047e-05,0.0005409506266005337,0.5553824305534363,0.011767175048589706,-0.013455923646688461,0.002936555538326502,0,0,0,0,0,0,0,0,1,0,1
0.43572816252708435,0.024994876235723495,0.008340442553162575,0.00137783691752702,0.5058341026306152,0.027268750593066216,0.36712613701820374,0.06514255702495575,0.0014286718796938658,2.6673236789065413e-05,6.456327810155926e-06,0.0005360259092412889,0.5420939922332764,0.015006564557552338,-0.013143174350261688,0.0034852318931370974,1,0,0,0,0,0,0,0,1,0,2
0.44338005781173706,0.026300808414816856,0.007356966380029917,0.0012751115718856454,0.5691248774528503,0.028568275272846222,0.5285637378692627,0.06182916834950447,0.0011949281906709075,2.6673236789065413e-05,6.456327810155926e-06,0.0005360259092412889,0.5292119979858398,0.018746327608823776,-0.012343771755695343,0.003747078822925687,0,1,0,0,0,0,0,0,1,0,18
0.45023155212402344,0.027015535160899162,0.00637068459764123,0.0006116748554632068,0.6292880177497864,0.029637973755598068,0.6006503701210022,0.05884542316198349,0.000968301494140178,2.6673236789065413e-05,6.456327810155926e-06,0.0005360259092412889,0.5186550617218018,0.021867098286747932,-0.008785374462604523,0.002504008123651147,0,1,0,0,0,0,0,0,1,0,4
0.45644375681877136,0.027605049312114716,0.006596831604838371,0.0005955331143923104,0.6866258978843689,0.030484898015856743,0.5875673294067383,0.05614360421895981,0.0007486444083042443,2.6673236789065413e-05,6.456327810155926e-06,0.0005360259092412889,0.5127013325691223,0.023510821163654327,-0.00347144459374249,0.0009308876469731331,0,0,0,1,0,0,0,0,1,0,3
0.4638843238353729,0.028143884614109993,0.008104829117655754,0.00046237805509008467,0.7413984537124634,0.031115896999835968,0.49281221628189087,0.05368450656533241,0.0005357281770557165,2.6673236789065413e-05,6.456327810155926e-06,0.0005360259092412889,0.512553870677948,0.02373616024851799,0.0027137643191963434,4.139528391533531e-05,0,0,1,0,0,0,0,0,1,0,7
0.4727173447608948,0.02844126895070076,0.009323217906057835,0.00014961051056161523,0.7938298583030701,0.03153755143284798,0.31935352087020874,0.05143555998802185,0.00032925695995800197,2.6673236789065413e-05,6.456327810155926e-06,0.0005360259092412889,0.5161169171333313,0.023944970220327377,0.004252265673130751,0.00033003577846102417,0,0,0,0,0,0,1,0,1,0,18
0.48216140270233154,0.028552541509270668,0.009771655313670635,0.00010928468691417947,0.8434241414070129,0.03177741542458534,0.12683464586734772,0.042997971177101135,0.0003337298985570669,2.4875154849723913e-05,-1.4179517165757716e-05,0.00048772600712254643,0.52122962474823,0.024156587198376656,0.005804791115224361,0.00016791968664620072,0,0,0,0,0,0,1,0,1,0,14
0.49247846007347107,0.028658611699938774,0.010735847987234592,0.00010181271500186995,0.8852533102035522,0.03206140920519829,0.2256021797657013,0.041197337210178375,0.00023820203205104917,2.472371852491051e-05,-1.5892877854639664e-05,0.00048344876267947257,0.5278480648994446,0.0243415217846632,0.0072619495913386345,0.00019666680600494146,0,0,0,0,0,0,0,0,1,0,1
0.5036339163780212,0.028758930042386055,0.011530127376317978,0.00010090789874084294,0.9257042407989502,0.032241594046354294,0.20193952322006226,0.03984997421503067,0.00013193843187764287,2.472371852491051e-05,-1.5892877854639664e-05,0.00048344876267947257,0.5360105037689209,0.02454204484820366,0.008717500604689121,0.00020721193868666887,1,0,0,0,0,0,0,0,1,0,17
0.5155184268951416,0.02886209823191166,0.012222117744386196,0.00010104055400006473,0.964046061038971,0.032342784106731415,0.12872789800167084,0.034883156418800354,0.00016607884026598185,2.171125015593134e-05,-4.1376079025212675e-05,0.0004116258060093969,0.5455715656280518,0.024740219116210938,0.009804090484976768,0.00020670107915066183,1,0,0,0,0,0,0,0,1,1,14
0.5279681086540222,0.02896365150809288,0.012344309128820896,9.791841875994578e-05,0.9981892108917236,0.03248016908764839,0.13652677834033966,0.0337146557867527,0.00010884643415920436,2.1538893633987755e-05,-4.279814311303198e-05,0.0004074418102391064,0.5560372471809387,0.024941569194197655,0.010693254880607128,0.00021107801876496524,0,0,0,0,0,0,0,0,1,1,18
