lt_dp_posx,lt_dp_posy,lt_dp_velx,lt_dp_vely,ball_posx,ball_posy,ball_posz,ball_vel_x,ball_vel_y,ball_rot_x,ball_rot_y,ball_rot_z,rt_gk_posx,rt_gk_posy,rt_gk_velx,rt_gk_vely,action_left,action_top_left,action_top,action_top_right,action_right,action_bottom_right,action_bottom,action_bottom_left,action_sprint,action_dribble,sel_action
-1.0110293626785278,-0.0,0.0,-0.0,0.019999999552965164,-0.0,0.11061639338731766,-0.0,0.0,0.0,-0.0,0.0,1.0110293626785278,0.0,-0.0,0.0,0,0,0,0,0,0,0,0,0,0,5
0.0,-0.0,0.0,-0.0,0.019999999552965164,-0.0,0.11059734225273132,-0.0,0.0,0.0,-0.0,0.0,1.010831356048584,-1.6283261197735932e-11,-0.0013190157478675246,-1.0749903051054943e-10,0,0,0,0,1,0,0,0,0,0,5
0.00015050964429974556,2.3460271919573117e-11,0.0013189289020374417,1.1476692859946347e-11,0.019999999552965164,-0.0,0.10930104553699493,-0.0,0.0,0.0,-0.0,0.0,1.007331371307373,-2.399091758586991e-10,-0.004367968533188105,-2.2594515147744687e-10,0,0,0,0,1,0,0,0,0,0,5
0.003169773379340768,-1.4493864441966764e-10,0.00444171903654933,-1.5154891230828582e-10,0.019999999552965164,-0.0,0.11075475811958313,-0.0,0.0,0.0,-0.0,0.0,1.0020980834960938,-4.074588721980632e-10,-0.0059268055483698845,-1.0296197922032846e-10,0,0,0,0,1,0,0,0,0,0,13
0.006755396723747253,-1.957444650813045e-09,0.006048675626516342,-3.87537057999765e-10,0.019999999552965164,-0.0,0.11053141206502914,0.00913205649703741,-6.147181652593758e-10,-9.637430827338922e-13,-9.290210982726421e-06,-1.3573547125687868e-13,0.9953674674034119,-3.840432485913148e-11,-0.007369237951934338,6.157855891864017e-10,0,0,0,0,1,0,0,0,1,0,0
0.013472573831677437,-2.375027507994787e-09,0.0075225005857646465,-1.680195566011733e-10,0.02855907380580902,-5.773715394674639e-10,0.11543484032154083,0.008211899548768997,-5.546685333257528e-10,2.7993885421545572e-12,1.5690209693275392e-05,-3.075214995845732e-12,0.9872784614562988,4.317577961820973e-10,-0.008651789277791977,3.312591034809742e-10,0,0,0,0,1,0,0,0,1,0,18
0.021728597581386566,-2.5135953318766724e-09,0.008830077946186066,-1.81885340122534e-10,0.036379411816596985,-1.1061840332615702e-09,0.11138299852609634,0.007620302028954029,-5.153768523058488e-10,7.19994723563655e-12,4.507770063355565e-05,0.0,0.9781137704849243,6.178398348488656e-10,-0.009335489943623543,2.3953705685642035e-10,0,0,0,0,1,0,0,0,1,0,5
0.030881790444254875,-2.922456943110774e-09,0.009742077440023422,-2.5578592022235114e-10,0.04376407340168953,-1.6056237450712274e-09,0.11308421939611435,0.007194009609520435,-4.865457481351143e-10,6.796908955802872e-12,4.255434760125354e-05,0.0,0.968501091003418,8.025724529403533e-10,-0.010017086751759052,1.428360901778447e-10,0,0,0,0,1,0,0,0,1,0,16
0.03869873657822609,-4.3936441151970484e-09,0.009488419629633427,-1.4568914130652644e-10,0.05072854459285736,-2.0766453001641594e-09,0.111333929002285,0.006776058580726385,-4.582789148166455e-10,6.401970099878529e-12,4.008169344160706e-05,6.942791578953578e-19,0.9580104947090149,8.805132178935082e-10,-0.010855057276785374,2.2578430444730735e-11,0,0,0,0,1,0,0,0,1,0,0
0.04813002794981003,-4.973140121933284e-09,0.010424151085317135,-8.550311153543433e-11,0.06252732127904892,1.980778506549541e-05,0.14545723795890808,0.013862470164895058,2.7951717129326425e-05,2.8575809096764715e-07,7.840256330382545e-06,3.5737642178901297e-07,0.9471069574356079,1.62864421948683e-09,-0.010882405564188957,7.740801888367344e-10,0,0,0,0,1,0,0,0,1,0,0
0.05878075584769249,2.2622389224125072e-06,0.010675542056560516,5.668308858730597e-06,0.07626029849052429,4.7447425458813086e-05,0.11189621686935425,0.013442620635032654,2.6799771148944274e-05,2.3780512492521666e-07,1.3059423508821055e-05,4.052058670822589e-07,0.9358362555503845,2.1565706997961342e-09,-0.01156821008771658,3.3421515555076553e-10,0,0,0,0,1,0,0,0,1,0,16
0.06991150975227356,1.1484563401609194e-05,0.011478189378976822,1.2574428183143027e-05,0.0888451412320137,7.155003549996763e-05,0.12182088941335678,0.0122311906889081,2.3126820451579988e-05,-1.318102818004263e-07,5.257704833638854e-05,3.361167273396859e-07,0.9239458441734314,4.566702216379781e-08,-0.012150231748819351,2.1071528522043081e-07,0,0,0,0,1,0,0,0,1,0,5
0.08176156133413315,2.7965594199486077e-05,0.01214584894478321,1.8356662621954456e-05,0.10066431760787964,9.372463682666421e-05,0.11328858882188797,0.01153589691966772,2.1608733732136898e-05,-3.0188436994649237e-07,6.824140291428193e-05,9.109768196952431e-14,0.911514401435852,9.61525415732467e-07,-0.012642495334148407,1.6097246771096252e-06,0,0,0,0,1,0,0,0,1,0,18
0.09422973543405533,4.844388604396954e-05,0.012709463015198708,2.275824772368651e-05,0.11184936761856079,0.00011467617878224701,0.11222801357507706,0.010902130044996738,2.0421579392859712e-05,-2.852877685199928e-07,6.448969361372292e-05,4.5540902591980487e-14,0.8986548185348511,3.462542281340575e-06,-0.013021862134337425,3.2227967494691256e-06,0,0,0,0,1,0,0,0,1,0,0
0.10718514025211334,7.4634728662204e-05,0.013138792477548122,2.9030972655164078e-05,0.12241337448358536,0.00013446439697872847,0.11061704903841019,0.010290587320923805,1.9276052626082674e-05,-2.6928015017801954e-07,6.087116707931273e-05,0.0,0.8854668736457825,6.9329835241660476e-06,-0.013312171213328838,3.7431702821777435e-06,0,0,0,0,1,0,0,0,1,0,5
0.12041448801755905,-0.0015572878764942288,0.013238980434834957,1.9075911040999927e-05,0.1323803961277008,0.00015313435869757086,0.11057812720537186,0.00970765296369791,1.8184113287134096e-05,-2.5402917458450247e-07,5.742365829064511e-05,0.0,0.8720289468765259,1.1029854249500204e-05,-0.013532358221709728,4.376129709271481e-06,0,0,0,0,1,0,0,0,1,0,13
0.13365352153778076,-0.0022489482071250677,0.013239067979156971,7.15291389496997e-06,0.14618335664272308,-2.3735496142762713e-05,0.15490058064460754,0.015498308464884758,-0.0002584803442005068,-6.146940023654679e-08,1.0350106094847433e-05,-7.976349252203363e-07,0.8584014177322388,1.3534130630432628e-05,-0.013698549941182137,-1.9899362087016925e-06,0,0,0,0,1,0,0,0,1,0,16
0.14694152772426605,-0.002239745343104005,0.013399124145507812,2.953495641122572e-05,0.16157445311546326,-0.00028042044141329825,0.1334289014339447,0.015303518623113632,-0.0002552282530814409,-6.146940023654679e-08,1.0350106094847433e-05,-7.976349252203363e-07,0.8446311354637146,4.260858077032026e-06,-0.013824069872498512,-1.4994196135376114e-05,0,0,0,0,1,0,0,0,1,0,18
0.16048797965049744,-0.002138615818694234,0.013655073940753937,0.00016761846200097352,0.17598877847194672,-0.0005194549448788166,0.1294790357351303,0.013877257704734802,-0.0002293538418598473,1.575376586515631e-06,4.642819840228185e-05,-1.8863893274101429e-06,0.8307538032531738,-1.760637496772688e-05,-0.013917334377765656,-2.7584332201513462e-05,0,0,0,0,1,0,0,0,1,0,13
0.1742507666349411,-0.0018932271050289273,0.013842477463185787,0.0002950109192170203,0.1893971711397171,-0.0007406179211102426,0.11955047398805618,0.013011065311729908,-0.00021434167865663767,2.9943334993731696e-06,7.696470856899396e-05,0.0,0.8167964816093445,-5.238711310084909e-05,-0.013987457379698753,-4.068074849783443e-05,0,0,0,0,1,0,0,0,1,0,5
0.18817661702632904,-0.0016261015553027391,0.013987807556986809,0.00023852908634580672,0.20204278826713562,-0.0009489389485679567,0.11305272579193115,0.0123354597017169,-0.00020321195188444108,2.8389185899868608e-06,7.296999683603644e-05,-3.6447586485369166e-13,0.8027791380882263,-0.0001003012148430571,-0.014039347879588604,-5.38391359441448e-05,0,0,0,0,1,0,0,0,1,0,0
0.20222631096839905,-0.0014224725309759378,0.014095447026193142,0.0001758158759912476,0.21399495005607605,-0.0011458364315330982,0.11263197660446167,0.011644318699836731,-0.00019182628602720797,2.6797520149557386e-06,6.88788277329877e-05,0.0,0.7887169122695923,-0.0001562621764605865,-0.014079318381845951,-5.562067963182926e-05,0,0,0,0,1,0,0,0,1,0,13
0.21631461381912231,-0.0012832327047362924,0.014121787622570992,0.00011329163680784404,0.22527851164340973,-0.0013317198026925325,0.10997515171766281,0.010991089046001434,-0.00018106513016391546,2.5294766601291485e-06,6.50162182864733e-05,3.643358943532238e-13,0.774621307849884,-0.0002112766815116629,-0.014108069241046906,-5.451267134048976e-05,0,0,0,0,1,0,0,0,1,0,13
0.2303355634212494,-0.0012068914948031306,0.013827050104737282,4.929860369884409e-05,0.23866933584213257,-0.0014097949024289846,0.14891332387924194,0.015875935554504395,2.139749631169252e-05,8.98818484529329e-07,1.2283048818062525e-05,-9.630675776861608e-07,0.7605006694793701,-0.0002653046976774931,-0.01413050852715969,-5.3934047173243016e-05,0,0,0,0,1,0,0,0,1,0,18
0.24380238354206085,-0.0007223005522973835,0.013312505558133125,5.2185432650730945e-06,0.25443336367607117,-0.0013885481748729944,0.14991557598114014,0.015672583132982254,2.1144716811249964e-05,8.98818484529329e-07,1.2283048818062525e-05,-9.630675776861608e-07,0.7463613748550415,-0.0003193751908838749,-0.014145934954285622,-5.417935608420521e-05,0,0,0,0,1,0,0,0,1,0,5
0.2571147382259369,0.0010147127322852612,0.013312675058841705,2.8463357466534944e-06,0.26967301964759827,-0.0013447680976241827,0.13528913259506226,0.015916738659143448,0.0002661653852555901,4.0488751551492896e-07,-7.756295303806837e-07,1.802452374022323e-07,0.732208251953125,-0.00037368200719356537,-0.0141578558832407,-5.44090689800214e-05,0,0,0,0,1,0,0,0,1,0,16
0.27042728662490845,0.001016254536807537,0.013312522321939468,4.7412785875167174e-07,0.28547656536102295,-0.0010805154452100396,0.17414537072181702,0.015711912885308266,0.0002627134963404387,4.0488751551492896e-07,-7.756295303806837e-07,1.802452374022323e-07,0.718045175075531,-0.0004164091660641134,-0.01416697259992361,-3.316622314741835e-05,0,0,0,0,1,0,0,0,1,0,6
0.28387242555618286,0.0009880263824015856,0.013567769899964333,-7.276347605511546e-05,0.30106449127197266,-0.0008198792929761112,0.11521957814693451,0.015382506884634495,0.0002570876677054912,3.1557920010527596e-07,1.2763357517542318e-06,3.595498867525748e-07,0.7038741111755371,-0.000437878945376724,-0.01417398452758789,-1.1896866453753319e-05,0,0,0,0,0,1,0,0,1,0,5
0.29756221175193787,0.0008394189644604921,0.013779542408883572,-0.0002096269017783925,0.3153144121170044,-0.0005831037415191531,0.13555510342121124,0.013996833004057407,0.00023232428065966815,-9.924923460857826e-07,3.129063406959176e-05,1.908558260765858e-06,0.6896973848342896,-0.00043743717833422124,-0.014178893528878689,1.119324952014722e-05,0,0,0,0,1,0,0,0,1,0,0
0.3114319145679474,0.0005826419219374657,0.01393801998347044,-0.0002551717043388635,0.3288481533527374,-0.00035887639387510717,0.12166450917720795,0.013023816049098969,0.000215336331166327,-2.623291493364377e-06,6.837336695753038e-05,7.766657290630974e-07,0.6755163669586182,-0.00041287936619482934,-0.014183100312948227,3.549408575054258e-05,0,0,0,0,1,0,0,0,1,0,7
0.32512590289115906,0.000748240971006453,0.013893191702663898,-0.00021515393746085465,0.3415127992630005,-0.00014952105993870646,0.11578289419412613,0.01236000843346119,0.00020431532175280154,-2.854287458831095e-06,7.311404624488205e-05,-7.289570965081371e-13,0.6613321900367737,-0.0003647101984824985,-0.014185905456542969,5.51730627194047e-05,0,0,0,0,0,0,1,0,1,0,7
0.33804818987846375,0.0018876686226576567,0.013500723987817764,0.00016552131273783743,0.35349950194358826,4.8623525799484923e-05,0.1115843802690506,0.01477891206741333,0.0035128258168697357,8.69074028742034e-06,9.262132152798586e-06,1.032600448525045e-05,0.6471454501152039,-0.000308900693198666,-0.01418730802834034,5.632986358250491e-05,0,0,0,0,0,0,1,0,1,0,12
0.35100752115249634,0.002410708460956812,0.012463681399822235,0.001044063363224268,0.3677975833415985,0.0034283900167793036,0.15605109930038452,0.014190609566867352,0.0033525952603667974,3.61997126674396e-06,1.6110474462038837e-05,1.7480060705565847e-05,0.6329569816589355,-0.0002519351546652615,-0.01418871060013771,5.7485107390675694e-05,0,0,0,0,0,0,1,0,1,0,12
0.36328646540641785,0.004346384201198816,0.01192864216864109,0.0025816296692937613,0.3818199932575226,0.006737987045198679,0.10035070776939392,0.013621392659842968,0.0031997961923480034,-1.9192093532183208e-06,2.351727380300872e-05,2.286588460265193e-05,0.618773341178894,-1.207914283440914e-05,-0.01417258195579052,0.00046243041288107634,0,0,0,0,0,0,1,0,1,0,7
0.3751225471496582,0.006904807407408953,0.011979131028056145,0.002579298336058855,0.39467746019363403,0.009719762951135635,0.12494634836912155,0.012613399885594845,0.002918323501944542,-2.458780181768816e-05,5.3560477681457996e-05,2.2445752620114945e-05,0.6046298146247864,0.0007280549616552889,-0.014112977311015129,0.0009670309955254197,0,0,0,0,0,0,1,0,1,0,12
0.38736504316329956,0.009501149877905846,0.012444047257304192,0.0025987625122070312,0.40686964988708496,0.012532435357570648,0.1146312803030014,0.011897892691195011,0.002742885611951351,-3.831963113043457e-05,7.038319745333865e-05,-5.830856630861803e-12,0.5905668139457703,0.0019620652310550213,-0.014020415022969246,0.0014317021705210209,0,0,0,0,0,0,1,0,1,0,6
0.40001875162124634,0.012090283446013927,0.012807635590434074,0.002586021553725004,0.4184061884880066,0.015192018821835518,0.11210114508867264,0.011245314963161945,0.0025924420915544033,-3.621467112679966e-05,6.651695002801716e-05,-1.7489332898579235e-11,0.5766053199768066,0.003617263399064541,-0.013908568769693375,0.0018375698709860444,0,0,0,0,0,1,0,0,1,0,10
0.41296082735061646,0.014716051518917084,0.013039743527770042,0.0026598928961902857,0.42930683493614197,0.017704986035823822,0.10899712890386581,0.010622164234519005,0.0024487837217748165,-3.42100283887703e-05,6.283494440140203e-05,-1.7486418563139594e-11,0.5627710819244385,0.0056763868778944016,-0.01376902312040329,0.0022397800348699093,0,0,0,0,0,1,0,0,1,0,5
0.4258178472518921,0.017650216817855835,0.012757517397403717,0.002616296987980604,0.4395962059497833,0.020077040418982506,0.11143915355205536,0.010021929629147053,0.0023104087449610233,-3.227590786991641e-05,5.928246901021339e-05,-2.913961173051094e-12,0.5491411685943604,0.008245476521551609,-0.013506762683391571,0.0028368032071739435,0,0,0,0,1,0,0,0,1,0,12
0.43750816583633423,0.02038504183292389,0.011347855441272259,0.0019419289892539382,0.4493052363395691,0.022315317764878273,0.10863298177719116,0.009457883425056934,0.002180376322939992,-3.045999983442016e-05,5.594711910816841e-05,0.0,0.535807192325592,0.011404757387936115,-0.013183495961129665,0.003421007189899683,0,0,0,0,1,0,0,0,1,0,17
0.4469299018383026,0.02191348373889923,0.00835481844842434,0.0012645310489460826,0.5048457384109497,0.023534568026661873,0.21104463934898376,0.05945222079753876,0.000958693097345531,-1.9999682990601286e-05,4.2129133362323046e-05,0.0010023749200627208,0.5233648419380188,0.0149159487336874,-0.011194102466106415,0.00333239883184433,0,0,0,0,1,0,0,0,1,1,7
0.4547192454338074,0.023128144443035126,0.0073944819159805775,0.0011787459952756763,0.5627497434616089,0.02428428642451763,0.13304457068443298,0.056659284979104996,0.0005804166430607438,-1.9999682990601286e-05,4.2129133362323046e-05,0.0010023749200627208,0.5146109461784363,0.017833618447184563,-0.006435548420995474,0.0025863423943519592,0,0,0,0,0,0,1,0,1,1,13
0.46169203519821167,0.023818233981728554,0.006643814034759998,0.0005494464421644807,0.6130215525627136,0.0247549619525671,0.13451674580574036,0.04812523350119591,0.00036589172668755054,-1.859217263699975e-05,6.844713789178059e-05,0.000899963197298348,0.5112600922584534,0.020348142832517624,-0.0012878109700977802,0.0029212122317403555,0,0,0,0,0,0,1,0,1,1,10
0.46778544783592224,0.024373788386583328,0.005681374575942755,0.0008042064146138728,0.6567542552947998,0.02504740096628666,0.11253780871629715,0.03989781066775322,0.00025874265702441335,-1.3742886949330568e-05,0.00012550530664157122,0.0006078010774217546,0.5129756927490234,0.02301924303174019,0.003933205269277096,0.002145382110029459,0,0,0,0,0,0,1,0,1,1,12
0.4718270003795624,0.025797830894589424,0.0026986878365278244,0.0020174889359623194,0.6933912038803101,0.025276124477386475,0.10889269411563873,0.034282512962818146,0.00021220670896582305,-9.20935326576e-06,0.00016226973093580455,0.0003485166816972196,0.5184242129325867,0.024360939860343933,0.0063310652039945126,0.0008440188830718398,0,0,0,0,0,0,1,0,1,1,0
0.4733203053474426,0.02872461825609207,0.0007334877736866474,0.003526056883856654,0.7255319356918335,0.025478458032011986,0.1091141551733017,0.030618028715252876,0.00019463224452920258,-2.7187663818040164e-06,0.00018110047676600516,1.4720301800413838e-12,0.5255627632141113,0.025000452995300293,0.007772095035761595,0.0005578595446422696,0,0,0,0,0,0,1,0,1,1,2
0.4737425148487091,0.03152512386441231,0.00023421119840350002,0.001590930623933673,0.7545574903488159,0.025662971660494804,0.109349824488163,0.02779594250023365,0.00017669296357780695,-2.468221737217391e-06,0.0001644112926442176,0.0,0.5340433716773987,0.025415973737835884,0.009029753506183624,0.00028644452686421573,0,1,0,0,0,0,0,0,1,1,18
0.4738297164440155,0.032117314636707306,3.295786154922098e-05,0.00022221980907488614,0.7810067534446716,0.025831105187535286,0.10951639711856842,0.025404030457139015,0.00016148807480931282,-2.255853587485035e-06,0.00015026514302007854,2.2001241974101138e-12,0.5433458685874939,0.025545185431838036,0.009334788657724857,6.739032687619328e-05,0,1,0,0,0,0,0,0,1,0,10
0.4744044244289398,0.03212466090917587,0.0022702356800436974,-8.932140917750075e-05,0.8052554726600647,0.025985250249505043,0.1096356213092804,0.023347869515419006,0.0001484174863435328,-2.073288214887725e-06,0.0001381042820867151,1.464944485163322e-12,0.5531207323074341,0.025603652000427246,0.010195549577474594,5.0022270443150774e-05,0,1,0,0,0,0,0,0,1,0,11
0.47801172733306885,0.03200244531035423,0.004390758462250233,-0.00012613939179573208,0.8275995254516602,0.02612728625535965,0.10972235351800919,0.02155865728855133,0.0001370437821606174,-1.9144190446240827e-06,0.00012752183829434216,7.317500555145684e-13,0.563772439956665,0.025640668347477913,0.011002316139638424,2.638004662003368e-05,0,1,0,0,0,0,0,0,1,0,15
0.4833347797393799,0.03189510479569435,0.006068454124033451,-8.284760406240821e-05,0.8482767343521118,0.02625872939825058,0.10978639870882034,0.01998509094119072,0.00012704097025562078,-1.7746955336406245e-06,0.0001182146806968376,3.6558175106962687e-13,0.5746811628341675,0.025665517896413803,0.011030014604330063,2.4041490178206004e-05,0,1,0,0,0,0,0,0,0,0,2
0.4904595911502838,0.03185116872191429,0.0077805304899811745,-4.874543083133176e-05,0.8674803376197815,0.02638080157339573,0.10983435064554214,0.01858816295862198,0.00011816100595751777,-1.6506545534866746e-06,0.00010995214688591659,3.653402179306514e-13,0.5860840678215027,0.025689123198390007,0.011687769554555416,2.3185921236290596e-05,0,1,0,0,0,0,0,0,0,0,10
0.4991820156574249,0.03185519576072693,0.009131100960075855,-3.272724643466063e-05,0.8853697776794434,0.026494517922401428,0.10987070947885513,0.017337685450911522,0.00011021198588423431,-1.5396159369629459e-06,0.0001025557066895999,3.6513907132260104e-13,0.5980882048606873,0.025712579488754272,0.01225822139531374,2.4526312699890696e-05,0,1,0,0,0,0,0,0,0,0,5
0.5088383555412292,0.031905222684144974,0.009634589776396751,2.361488077440299e-05,0.9020777940750122,0.026600725948810577,0.10989858210086823,0.01620992086827755,0.00010304302122676745,-1.4394717027244042e-06,9.58849850576371e-05,7.299396547269521e-13,0.6106133460998535,0.025739504024386406,0.012725941836833954,2.9003791496506892e-05,0,0,0,0,1,0,0,0,0,0,10
0.5190691947937012,0.03199254348874092,0.010532033629715443,1.322927710134536e-05,0.9177165627479553,0.026700137183070183,0.10992016643285751,0.015185968019068241,9.65339713729918e-05,-1.3485451972883311e-06,8.982825966086239e-05,0.0,0.6235445141792297,0.02577091194689274,0.013084972277283669,3.3024964068317786e-05,0,0,0,0,1,0,0,0,0,0,11
0.5301747918128967,0.03207942098379135,0.011355822905898094,-4.159643140155822e-06,0.932381272315979,0.026793355122208595,0.10993703454732895,0.014250565320253372,9.058784053195268e-05,-1.2654824104174622e-06,8.429533045273274e-05,-1.823515568145223e-13,0.6367866396903992,0.02580602467060089,0.013359153643250465,3.707466021296568e-05,0,0,0,0,1,0,0,0,0,0,16
0.5421091318130493,0.032224517315626144,0.012166427448391914,4.644188447855413e-05,0.946153461933136,0.026880905032157898,0.10995031893253326,0.013391274027526379,8.512550266459584e-05,-1.1891775102412794e-06,7.921257929410785e-05,-3.645970244464669e-13,0.6502655744552612,0.025845389813184738,0.013568121008574963,4.118139258935116e-05,0,0,0,0,1,0,0,0,0,0,2
0.5546433329582214,0.03233015164732933,0.01271818671375513,5.830702889397799e-07,0.9591033458709717,0.02696322277188301,0.10996086150407791,0.012597850523889065,8.008189615793526e-05,-1.118721684179036e-06,7.451940473401919e-05,0.0,0.6639236807823181,0.025888290256261826,0.013725196942687035,4.423292193678208e-05,0,1,0,0,0,0,0,0,0,0,4
0.5670170187950134,0.03232196718454361,0.01158909685909748,-0.00036241483758203685,0.9712918996810913,0.02704070322215557,0.10996927320957184,0.011861763894557953,7.540278602391481e-05,-1.053356527336291e-06,7.016531890258193e-05,-1.8221231815052086e-13,0.6777166724205017,0.025934159755706787,0.01384370494633913,4.7141857066890225e-05,0,0,0,1,0,0,0,0,0,0,13
0.5786511898040771,0.031696878373622894,0.011474376544356346,-0.0010536866029724479,0.9827725887298584,0.02711368538439274,0.10997603088617325,0.011175870895385742,7.104269025148824e-05,-9.924480082190712e-07,6.610815034946427e-05,9.108854078995754e-14,0.6916109919548035,0.02598276175558567,0.0139320595189929,4.965152402292006e-05,0,0,0,1,0,0,0,0,1,0,6
0.5901587605476379,0.030451782047748566,0.011533662676811218,-0.0014324997318908572,0.9935920834541321,0.027182461693882942,0.1099814772605896,0.010534127242863178,6.696325726807117e-05,-9.35460093387519e-07,6.231210863916203e-05,2.7321902878151005e-13,0.7055812478065491,0.0260335523635149,0.013998677022755146,5.17048902111128e-05,0,0,0,0,0,1,0,0,1,0,0
0.6021543741226196,0.03017386794090271,0.012038737535476685,0.0007915859459899366,1.0037916898727417,0.027247296646237373,0.10998588800430298,0.009931386448442936,6.313178164418787e-05,-8.819358185974124e-07,5.8746776630869135e-05,-1.8211853466260086e-13,0.7196081876754761,0.026086395606398582,0.014048464596271515,5.3729738283436745e-05,0,0,0,0,0,1,0,0,1,0,17
0.6141337752342224,0.03221477195620537,0.011861908249557018,0.002658350393176079,1.0134079456329346,0.027308424934744835,0.1099894791841507,0.009363249875605106,5.952021820121445e-05,-8.314831347888685e-07,5.5386117310263216e-05,0.0,0.733677864074707,0.026141012087464333,0.014085629023611546,5.535531818168238e-05,0,0,0,0,0,1,0,0,1,1,18
