lt_dp_posx,lt_dp_posy,lt_dp_velx,lt_dp_vely,ball_posx,ball_posy,ball_posz,ball_vel_x,ball_vel_y,ball_rot_x,ball_rot_y,ball_rot_z,rt_gk_posx,rt_gk_posy,rt_gk_velx,rt_gk_vely,action_left,action_top_left,action_top,action_top_right,action_right,action_bottom_right,action_bottom,action_bottom_left,action_sprint,action_dribble,sel_action
-1.0110293626785278,-0.0,0.0,-0.0,0.019999999552965164,-0.0,0.11061639338731766,-0.0,0.0,0.0,-0.0,0.0,1.0110293626785278,0.0,-0.0,0.0,0,0,0,0,0,0,0,0,0,0,5
0.0011741208145394921,7.735240920014874e-11,0.0034112120047211647,2.5561334299206706e-11,0.019999999552965164,-0.0,0.11059734225273132,-0.0,0.0,0.0,-0.0,0.0,1.0109632015228271,-5.533240966110187e-12,-0.0006619621999561787,-5.533241226318708e-11,0,0,0,0,1,0,0,0,0,0,5
0.004422922618687153,-8.490598224497603e-10,0.005096871871501207,-3.511485824336802e-10,0.019999999552965164,-0.0,0.10930104553699493,-0.0,0.0,0.0,-0.0,0.0,1.007768154144287,-2.1727848686925455e-10,-0.004207386635243893,-2.3121579650897672e-10,0,0,0,0,1,0,0,0,0,0,13
0.009172579273581505,-2.248098374124652e-09,0.006656940560787916,-3.111293167545881e-10,0.02351834625005722,-2.3498894496931655e-10,0.1237609013915062,0.008640825748443604,-5.774550837500669e-10,8.578172894235792e-13,2.8631586701521883e-06,-2.160265672943029e-12,1.0026906728744507,-3.96983113049032e-10,-0.005775339435786009,-1.1826414847426747e-10,0,0,0,0,1,0,0,0,1,0,18
0.016618236899375916,-2.3979764840476037e-09,0.008066108450293541,-6.756445403155453e-11,0.03173869848251343,-7.851597705332836e-10,0.11614876240491867,0.007883042097091675,-5.281650672372962e-10,7.136320180622935e-12,4.499864735407755e-05,-3.712325585825127e-13,0.9961044192314148,-1.0157552576828266e-10,-0.007231095340102911,6.246214656613347e-10,0,0,0,0,1,0,0,0,1,0,16
0.025379417464137077,-2.5590771723926764e-09,0.009301392361521721,-1.6886948783767508e-10,0.03938759118318558,-1.2976458796387647e-09,0.11215836554765701,0.007456739898771048,-4.996117408673229e-10,6.979599190271024e-12,4.410948167787865e-05,1.3887229247326137e-18,0.9881436228752136,3.8080377740001836e-10,-0.008531177416443825,3.448350494039687e-10,0,0,0,0,1,0,0,0,1,0,16
0.034123267978429794,-3.4658411696142366e-09,0.00938898604363203,-2.1288948381936734e-10,0.04660476744174957,-1.781206515616418e-09,0.10997506976127625,0.007023810409009457,-4.706049439029414e-10,6.574312275131611e-12,4.154816269874573e-05,-6.9430821261437375e-19,0.9790472984313965,6.128748064604395e-10,-0.009335489943623543,9.47609435364427e-10,0,0,0,0,1,0,0,0,1,0,5
0.04200782999396324,-4.873198733434947e-09,0.009879701770842075,-1.2068802901499254e-10,0.05416184291243553,2.9176910629757913e-06,0.11805255711078644,0.014280873350799084,2.919882899732329e-05,3.387698939150141e-07,1.9754040749830892e-06,2.8654977768383105e-07,0.9695028066635132,1.3751425553820695e-09,-0.009924523532390594,6.41902253573079e-10,0,0,0,0,1,0,0,0,1,0,5
0.052374325692653656,7.600381479733187e-08,0.010675586760044098,8.096020565062645e-07,0.06805383414030075,3.095910506090149e-05,0.14388057589530945,0.013800008222460747,2.78262778010685e-05,2.8579501076819724e-07,7.81202379585011e-06,3.571963418380619e-07,0.9590960144996643,1.8112182864626902e-09,-0.010777922347187996,2.6199989400232937e-10,0,0,0,0,1,0,0,0,1,0,16
0.0631360337138176,5.079401944385609e-06,0.011016691103577614,8.292555321531836e-06,0.08140779286623001,5.743060683016665e-05,0.12316214293241501,0.012638581916689873,2.420726559648756e-05,-2.3475928756511166e-08,4.119111326872371e-05,4.415138903368643e-07,0.9481951594352722,3.0304443043860374e-07,-0.01080527063459158,7.496607850043802e-07,0,0,0,0,1,0,0,0,1,0,0
0.07457146793603897,1.738605715218e-05,0.011754298582673073,1.580894968356006e-05,0.09365328401327133,8.060479012783617e-05,0.11358226090669632,0.011888263747096062,2.227019467682112e-05,-3.127945547021227e-07,7.048631960060447e-05,-9.110760241940255e-14,0.9369930624961853,1.6424950217697187e-06,-0.011505099013447762,1.8127055909644696e-06,0,0,0,0,1,0,0,0,1,0,0
0.08668049424886703,3.562166239134967e-05,0.012389439158141613,1.9674327631946653e-05,0.10521049052476883,0.00010225542064290494,0.11358392238616943,0.011278527788817883,2.1128564185346477e-05,-2.95163374630647e-07,6.671601295238361e-05,-9.109112254638077e-14,0.9251608848571777,3.991480753029464e-06,-0.012094132602214813,2.6165109829889843e-06,0,0,0,0,1,0,0,0,1,0,18
0.09935958683490753,5.8172412536805496e-05,0.012895552441477776,2.5244913558708504e-05,0.11614431440830231,0.00012273821630515158,0.11179264634847641,0.010653635486960411,1.9957918993895873e-05,-2.7880747666131356e-07,6.301909888861701e-05,0.0,0.9127786755561829,6.898688297951594e-06,-0.012599019333720207,3.1912836675473955e-06,0,0,0,0,1,0,0,0,1,0,18
0.11246998608112335,-0.00041433333535678685,0.013238980434834957,2.6232888558297418e-05,0.12646575272083282,0.00014207376807462424,0.11068522185087204,0.010052826255559921,1.883240111055784e-05,-2.6308561018595356e-07,5.946546298218891e-05,0.0,0.899957001209259,1.045573390001664e-05,-0.012988903559744358,3.849670974886976e-06,0,0,0,0,1,0,0,0,1,0,5
0.12570899724960327,-0.0022550132125616074,0.013238980434834957,1.4309534890344366e-05,0.13684134185314178,0.00013202668924350291,0.1198347881436348,0.015870558097958565,-0.00026511034229770303,-2.4892960936995223e-07,6.190531166794244e-06,-4.6713086021554773e-07,0.8867981433868408,1.4059464774618391e-05,-0.013286225497722626,3.1488254990108544e-06,0,0,0,0,1,0,0,0,1,0,5
0.13894805312156677,-0.0022472627460956573,0.013239067979156971,2.384898834861815e-06,0.15235882997512817,-0.00012678543862421066,0.15824943780899048,0.01542055793106556,-0.0002571671502664685,-6.148716380494079e-08,1.03487554952153e-05,-7.976235565365641e-07,0.8733821511268616,1.654112020332832e-05,-0.01351272314786911,1.9502072063914966e-06,0,0,0,0,1,0,0,0,1,0,13
0.1523285061120987,-0.002216427819803357,0.013511145487427711,7.768745126668364e-05,0.16754749417304993,-0.0003798691323027015,0.11589499562978745,0.014445397071540356,-0.00023942781263031065,1.0323091146346997e-06,3.448934148764238e-05,-1.8853313576983055e-06,0.8597712516784668,1.5315283235395327e-05,-0.013683823868632317,-8.707504093763418e-06,0,0,0,0,1,0,0,0,1,0,16
0.16596972942352295,-0.002056879922747612,0.013737117871642113,0.0002258844906464219,0.18146640062332153,-0.0006099596503190696,0.11777903139591217,0.013579584658145905,-0.00022412821999751031,1.8981190805789083e-06,5.347800106392242e-05,-1.7050655287675909e-06,0.8460135459899902,-7.353014552791137e-06,-0.01381285022944212,-3.369227852090262e-05,0,0,0,0,1,0,0,0,1,0,0
0.17980265617370605,-0.001779136247932911,0.013905588537454605,0.00027752164169214666,0.194536030292511,-0.0008253127452917397,0.11214467138051987,0.012757774442434311,-0.00021016367827542126,2.9361351607803954e-06,7.547071436420083e-05,3.6452316317346634e-13,0.8321457505226135,-5.3854892030358315e-05,-0.01390891894698143,-5.494853394338861e-05,0,0,0,0,1,0,0,0,1,0,18
0.19378255307674408,-0.0015371241606771946,0.014034789986908436,0.00021278181520756334,0.20690259337425232,-0.0010290318168699741,0.11327112466096878,0.01205158606171608,-0.00019853038247674704,2.773394953692332e-06,7.128762808861211e-05,3.644448837766129e-13,0.8181953430175781,-0.00010801102325785905,-0.013981145806610584,-5.349401180865243e-05,0,0,0,0,1,0,0,0,1,0,18
0.20786720514297485,-0.0013585687847808003,0.014121775515377522,0.00015106430510059,0.21858397126197815,-0.0012214635498821735,0.11138110607862473,0.011379918083548546,-0.00018746576097328216,2.618803819132154e-06,6.73140020808205e-05,3.6437468168594445e-13,0.8041831851005554,-0.0001606649166205898,-0.014035141095519066,-5.1955546950921416e-05,0,0,0,0,1,0,0,0,1,0,5
0.22194206714630127,-0.0012456751428544521,0.014121596701443195,8.811557927401736e-05,0.2296079397201538,-0.001403065980412066,0.11085900664329529,0.010735458694398403,-0.00017684942577034235,2.470520030328771e-06,6.350246985675767e-05,7.286222948772736e-13,0.7901248931884766,-0.00021267296688165516,-0.014075110666453838,-5.2678544307127595e-05,0,0,0,0,1,0,0,0,1,0,16
0.23579001426696777,-0.0011935691582038999,0.013533059507608414,2.4125265554175712e-05,0.24499648809432983,-0.001401251764036715,0.161333829164505,0.015794480219483376,2.1269004719215445e-05,8.98811151728296e-07,1.228343626280548e-05,-9.631065722714993e-07,0.7760322093963623,-0.00026628203340806067,-0.014105264097452164,-5.436628998722881e-05,0,0,0,0,1,0,0,0,1,0,5
0.24912448227405548,-1.0798618859553244e-05,0.01331253070384264,4.269574674253818e-06,0.2606728971004486,-0.0013801298337057233,0.12239395827054977,0.015528498217463493,2.0794212105101906e-05,8.826061730360379e-07,1.336816876573721e-05,-9.210077109855774e-07,0.7619139552116394,-0.00032059778459370136,-0.014127703383564949,-5.119244087836705e-05,0,0,0,0,1,0,0,0,1,0,16
0.2624369263648987,0.001015615533106029,0.013312522321939468,1.8982938172484864e-06,0.27601611614227295,-0.0012386535527184606,0.16264554858207703,0.015834003686904907,0.0002647642104420811,4.049070696510171e-07,-7.755405704301666e-07,1.8019264302893134e-07,0.7477767467498779,-0.0003638170601334423,-0.01414453238248825,-3.6688317777588964e-05,0,0,0,0,1,0,0,0,1,0,16
0.2757681608200073,0.0010143655817955732,0.01340525969862938,-1.1444127267168369e-05,0.291738361120224,-0.000975765404291451,0.16224001348018646,0.015631595626473427,0.00026137562235817313,4.049070696510171e-07,-7.755405704301666e-07,1.8019264302893134e-07,0.7336251139640808,-0.0003925084020011127,-0.014157154597342014,-2.2143196474644355e-05,0,0,0,0,1,0,0,0,1,0,16
0.2893202304840088,0.0009451787918806076,0.013660508207976818,-0.00012819989933632314,0.30688297748565674,-0.000723015982657671,0.12772521376609802,0.014215442351996899,0.00023610646894667298,-8.709401413398155e-07,2.8506770831882022e-05,1.8575916556073935e-06,0.7194622755050659,-0.00039991948870010674,-0.01416697259992361,5.868669177289121e-06,0,0,0,0,1,0,0,0,1,0,13
0.3030884265899658,0.000742544827517122,0.013847561553120613,-0.000261671346379444,0.32086890935897827,-0.0004908895934931934,0.12039799988269806,0.013780029490590096,0.0002285571681568399,-1.1529825769684976e-06,3.4959008189616725e-05,1.9426845483394573e-06,0.7052916884422302,-0.00037780802813358605,-0.014173283241689205,3.540496254572645e-05,0,0,0,0,1,0,0,0,1,0,16
0.3170175850391388,0.00048678298480808735,0.01399061270058155,-0.00022998319764155895,0.3339919149875641,-0.0002737969043664634,0.11646071076393127,0.01277538575232029,0.00021118154108989984,-2.950475163743249e-06,7.55775545258075e-05,-3.6452525026264837e-13,0.6911153793334961,-0.0003308192826807499,-0.014178192242980003,4.939195787301287e-05,0,0,0,0,1,0,0,0,1,0,6
0.33032700419425964,0.0011492628837004304,0.013769307173788548,-2.535692829042091e-06,0.34638717770576477,-6.889894575579092e-05,0.11196405440568924,0.012087318114936352,0.00019980753131676465,-2.791179895211826e-06,7.14975394657813e-05,3.644487055892709e-13,0.6769347190856934,-0.0002822965616360307,-0.014181697741150856,4.7810714022489265e-05,0,0,0,0,0,1,0,0,1,0,12
0.343313992023468,0.0020512540359050035,0.013251515105366707,0.0001677610562182963,0.3592540919780731,0.0014105371665209532,0.1414707750082016,0.014295564033091068,0.003377904649823904,3.6201536204316653e-06,1.611020888958592e-05,1.747986789268907e-05,0.6627508401870728,-0.00023504298587795347,-0.014184502884745598,4.9370122724212706e-05,0,0,0,0,0,1,0,0,1,0,15
0.3559684753417969,0.00301060127094388,0.012411089614033699,0.0017083754064515233,0.3734533190727234,0.004765286576002836,0.1457274705171585,0.014120439067482948,0.003336042631417513,3.6201536204316653e-06,1.611020888958592e-05,1.747986789268907e-05,0.6485649943351746,-0.0001692505757091567,-0.014186606742441654,7.922959775896743e-05,0,0,0,0,0,1,0,0,0,0,12
0.3680117130279541,0.005369669757783413,0.011754386126995087,0.002543920651078224,0.38703393936157227,0.007950102910399437,0.12847749888896942,0.012907412834465504,0.002994310576468706,-1.965367300726939e-05,4.709641507361084e-05,2.5936087695299648e-05,0.6343777179718018,-7.359621668001637e-05,-0.01418730802834034,0.00010909319098573178,0,0,0,0,0,1,0,0,0,0,6
0.37996119260787964,0.00794141460210085,0.012176177464425564,0.0025966735556721687,0.39963972568511963,0.010866355150938034,0.11383721977472305,0.012260674498975277,0.0028264792636036873,-3.967566954088397e-05,7.276597170857713e-05,-5.831552688656538e-12,0.6201980113983154,0.00022820562298875302,-0.014162063598632812,0.0005795471370220184,0,0,0,0,0,1,0,0,0,0,12
0.39238008856773376,0.010539185255765915,0.012602525763213634,0.0025922530330717564,0.4115583300590515,0.013614018447697163,0.1145234927535057,0.011627142317593098,0.00268046697601676,-3.7444791814778e-05,6.877637497382239e-05,0.0,0.606084406375885,0.0011692297412082553,-0.01406318973749876,0.0012360921828076243,0,0,0,0,0,1,0,0,0,0,15
0.40516528487205505,0.013131649233400822,0.01291036605834961,0.0026141058187931776,0.42283886671066284,0.016214579343795776,0.11012726277112961,0.01099580992013216,0.002534921746701002,-3.541342812241055e-05,6.50453002890572e-05,5.829382115907222e-12,0.5921053886413574,0.0027508072089403868,-0.013912425376474857,0.0018222872167825699,0,0,0,0,0,1,0,0,0,0,14
0.4181925058364868,0.015787426382303238,0.013112671673297882,0.0026890821754932404,0.4334915280342102,0.01867038942873478,0.1092800721526146,0.010379001498222351,0.0023927262518554926,-3.3426615118514746e-05,6.139602919574827e-05,5.828441895783243e-12,0.5782724618911743,0.004810492508113384,-0.01376306265592575,0.0022532232105731964,0,0,0,0,0,0,0,0,0,0,18
0.43065521121025085,0.018854252994060516,0.012128796428442001,0.0023676990531384945,0.44354450702667236,0.020987944677472115,0.1111873909831047,0.009792421944439411,0.0022574986796826124,-3.1536805181531236e-05,5.792493175249547e-05,-8.741396495537401e-12,0.5646063089370728,0.007298360578715801,-0.013582145795226097,0.002679007826372981,0,0,0,0,0,0,0,0,0,0,0
0.4416506290435791,0.02115151658654213,0.009950820356607437,0.0015507617499679327,0.4695664644241333,0.0225137360394001,0.16594216227531433,0.0639600157737732,-8.94074109965004e-05,-3.938213922083378e-06,4.578025982482359e-05,0.0008274838328361511,0.5511983036994934,0.010319392196834087,-0.013244502246379852,0.0033187095541507006,0,0,0,0,0,0,0,0,0,0,7
0.4502468705177307,0.02241796813905239,0.008052587509155273,0.0012386073358356953,0.5317716598510742,0.022270724177360535,0.20849813520908356,0.060798678547143936,-0.0003661976952571422,-3.938213922083378e-06,4.578025982482359e-05,0.0008274838328361511,0.5381816625595093,0.013994853012263775,-0.012818855233490467,0.003964179661124945,0,0,0,0,0,0,1,0,0,0,11
0.4575752913951874,0.023478055372834206,0.0068994127213954926,0.0005705647636204958,0.5895965695381165,0.021781984716653824,0.13095000386238098,0.05151019245386124,-0.0005179062718525529,-2.8154342999187065e-06,7.024568185443059e-05,0.0007512789452448487,0.525951623916626,0.018076011911034584,-0.011209179647266865,0.0038138844538480043,0,0,0,0,0,0,1,0,0,0,0
0.4641679525375366,0.0240232702344656,0.00613261666148901,0.0005072098574601114,0.6392168998718262,0.021173154935240746,0.11595579236745834,0.04600127786397934,-0.0006328873569145799,-1.350585534964921e-06,9.450285870116204e-05,0.0006605564267374575,0.5168744921684265,0.021166767925024033,-0.007037555333226919,0.0023979605175554752,0,0,0,0,0,0,1,0,0,0,4
0.470636248588562,0.024523690342903137,0.007085239049047232,0.0004733008099719882,0.6810558438301086,0.020543428137898445,0.10727251321077347,0.038581084460020065,-0.0006128419772721827,2.0193203909002477e-06,0.00014239914889913052,0.00044287965283729136,0.5127679109573364,0.02258608303964138,-0.0015553305856883526,0.0007245956803672016,0,0,0,1,0,0,0,0,0,0,11
0.47853586077690125,0.02486714906990528,0.008534683845937252,0.00020630622748285532,0.7166708707809448,0.01995791122317314,0.10890701413154602,0.033524539321660995,-0.0005614286055788398,5.611027972918237e-06,0.0001797398435883224,0.000179617854882963,0.5144959092140198,0.023269692435860634,0.0035503332037478685,0.000579533982090652,0,0,0,1,0,0,0,0,0,0,0
0.4875780940055847,0.02486521191895008,0.00924247782677412,-0.00011463888949947432,0.7482708096504211,0.019427914172410965,0.1091533824801445,0.030164809897542,-0.0005058703827671707,7.066395937727066e-06,0.00017842039233073592,-5.886123619763817e-12,0.5193371176719666,0.023654751479625702,0.005495845805853605,0.00024172938719857484,0,0,0,1,0,0,0,0,0,0,12
0.49711334705352783,0.024735502898693085,0.010030674748122692,-0.00014703974011354148,0.7768837809562683,0.018948068842291832,0.10937792807817459,0.027413703501224518,-0.0004597336519509554,6.422033038688824e-06,0.00016215081268455833,-1.468664924918206e-12,0.5260075926780701,0.023680666461586952,0.007207035552710295,-3.783274223678745e-05,0,0,0,1,0,0,0,0,0,0,13
0.5076212882995605,0.0245695561170578,0.010947860777378082,-0.00018440648273099214,0.8029822111129761,0.018510395660996437,0.10953638702630997,0.02507680095732212,-0.0004205432487651706,5.8746504691953305e-06,0.00014832989836577326,-1.4664517430235113e-12,0.5341688394546509,0.02360130287706852,0.008523134514689445,-0.0001019924457068555,0,0,0,1,0,0,0,0,1,0,5
0.5189357995986938,0.024373933672904968,0.011709615588188171,-0.00020524235151242465,0.8269282579421997,0.01810881495475769,0.10965006798505783,0.023064102977514267,-0.0003867899067699909,5.40319160791114e-06,0.00013642595149576664,-1.4647074785684167e-12,0.5435051918029785,0.023452846333384514,0.009696606546640396,-0.00017493889026809484,0,0,0,0,1,0,0,0,1,0,16
0.5309693217277527,0.02415836974978447,0.012359792366623878,-0.00022546605032403022,0.8490085005760193,0.017738526687026024,0.10973295569419861,0.021309826523065567,-0.00035737029975280166,4.992250069335569e-06,0.00012605005758814514,-2.9266172818509517e-12,0.5536051988601685,0.023269090801477432,0.010273301042616367,-0.00018856169481296092,0,0,0,0,1,0,0,0,1,0,12
0.5435629487037659,0.02392430044710636,0.01282810140401125,-0.00024011320783756673,0.869452953338623,0.017395667731761932,0.10979429632425308,0.019764751195907593,-0.00033145907218568027,4.630309376807418e-06,0.00011691138206515461,0.0,0.5645039081573486,0.02306700125336647,0.01107238233089447,-0.00020662449242081493,0,0,0,0,1,0,0,0,1,0,11
0.5565982460975647,0.023679407313466072,0.013231673277914524,-0.00024943932658061385,0.8884496092796326,0.017077092081308365,0.10984031111001968,0.01839136891067028,-0.0003084272611886263,4.308586085244315e-06,0.00010878808097913861,-1.4612304422012556e-12,0.5762144327163696,0.02284766361117363,0.011913415044546127,-0.00022302049910649657,0,0,0,0,1,0,0,0,1,0,8
0.5699783563613892,0.02342621609568596,0.013528354465961456,-0.00025686054141260684,0.90615314245224,0.016780195757746696,0.10987526178359985,0.017160551622509956,-0.00028778621344827116,4.0202521631726995e-06,0.0001015078742057085,-1.4604469977114176e-12,0.5885543823242188,0.022616669535636902,0.012461883947253227,-0.0002326377434656024,0,0,0,0,0,0,0,1,1,0,8
0.5836005806922913,0.02316756173968315,0.013736755587160587,-0.0002611089439596981,0.9226934313774109,0.01650281250476837,0.10990209132432938,0.016049381345510483,-0.0002691516128834337,3.75994318346784e-06,9.493530524196103e-05,-2.9195732203363134e-12,0.6013704538345337,0.022377245128154755,0.012963222339749336,-0.00024166138609871268,0,0,0,0,0,0,0,1,1,0,1
0.597422182559967,0.022904831916093826,0.013905945234000683,-0.0002647188084665686,0.938179612159729,0.01624310202896595,0.10992290079593658,0.015039555728435516,-0.0002522165887057781,3.5233745165896835e-06,8.896218059817329e-05,7.296126593517305e-13,0.6145779490470886,0.02213117480278015,0.013270738534629345,-0.0002458743401803076,1,0,0,0,0,0,0,0,1,0,4
0.6113936901092529,0.022641003131866455,0.014029261656105518,-0.00026554433861747384,0.9527047872543335,0.015999509021639824,0.10993918031454086,0.014116283506155014,-0.00023673297255299985,3.3070805329771247e-06,8.35009923321195e-05,0.0,0.6280391216278076,0.02188204601407051,0.01350346114486456,-0.0002484340511728078,0,0,0,1,0,0,0,0,1,0,4
0.6254724264144897,0.02237565629184246,0.01412307471036911,-0.0002674718271009624,0.9663485884666443,0.015770697966217995,0.10995201766490936,0.013267474249005318,-0.00022249840549193323,3.108232931481325e-06,7.848021050449461e-05,3.645822792969211e-13,0.6417259573936462,0.021629512310028076,0.013717041350901127,-0.0002517427783459425,0,0,0,1,0,0,0,0,1,0,0
0.6396302580833435,0.022108910605311394,0.014187726192176342,-0.0002678068995010108,0.9791797995567322,0.015555518679320812,0.10996221005916595,0.012483160942792892,-0.00020934524945914745,2.9244902179925703e-06,7.38408780307509e-05,0.0,0.6555522084236145,0.02137565240263939,0.013840784318745136,-0.0002524831215851009,0,0,0,1,0,0,0,0,1,0,6
0.65384441614151,0.021841522306203842,0.014240344986319542,-0.0002695221337489784,0.9912580847740173,0.015352961607277393,0.10997035354375839,0.011755045503377914,-0.00019713460642378777,2.7539144866750576e-06,6.953397678444162e-05,3.644134148085565e-13,0.669491708278656,0.02112058736383915,0.013960595242679119,-0.00025436258874833584,0,0,0,0,0,1,0,0,1,0,0
0.6681026220321655,0.02157263271510601,0.01427732314914465,-0.00027100410079583526,1.0026358366012573,0.015162152238190174,0.10997690260410309,0.011076162569224834,-0.00018574955174699426,2.5948691018129466e-06,6.551824480993673e-05,-3.6434426981500623e-13,0.6835149526596069,0.020864548161625862,0.01402287557721138,-0.00025436372379772365,0,0,0,0,0,1,0,0,1,0,4
0.6823912858963013,0.021303599700331688,0.014303131960332394,-0.00027067126939073205,1.0133591890335083,0.014982320368289948,0.10998218506574631,0.010440605692565441,-0.00017509108874946833,2.445974359943648e-06,6.175880116643384e-05,3.6428331054785823e-13,0.6975910067558289,0.020608611404895782,0.014092954806983471,-0.00025574275059625506,0,0,0,1,0,0,0,0,1,0,5
