lt_dp_posx,lt_dp_posy,lt_dp_velx,lt_dp_vely,ball_posx,ball_posy,ball_posz,ball_vel_x,ball_vel_y,ball_rot_x,ball_rot_y,ball_rot_z,rt_gk_posx,rt_gk_posy,rt_gk_velx,rt_gk_vely,action_left,action_top_left,action_top,action_top_right,action_right,action_bottom_right,action_bottom,action_bottom_left,action_sprint,action_dribble,sel_action
-1.0110293626785278,-0.0,0.0,-0.0,0.019999999552965164,-0.0,0.11061639338731766,-0.0,0.0,0.0,-0.0,0.0,1.0110293626785278,0.0,-0.0,0.0,0,0,0,0,0,0,0,0,0,0,5
0.0015069420915096998,9.174210696683005e-11,0.003586255246773362,2.5862921179675702e-11,0.019999999552965164,-0.0,0.11059734225273132,-0.0,0.0,0.0,-0.0,0.0,1.0110293626785278,0.0,-0.0,0.0,0,0,0,0,1,0,0,0,0,0,5
0.00464782677590847,-1.8564798587306086e-09,0.005265382118523121,-3.6326505692407807e-10,0.019999999552965164,-0.0,0.10930104553699493,-0.0,0.0,0.0,-0.0,0.0,1.0110293626785278,0.0,-0.0,0.0,0,0,0,0,1,0,0,0,0,0,13
0.00921948254108429,-4.506941930770836e-09,0.00681169331073761,-3.145188554043443e-10,0.023584002628922462,-3.7888581161382717e-10,0.12418566644191742,0.008803398348391056,-9.313531057486557e-10,1.4795921649338184e-12,2.538643002480967e-06,-3.416231490402377e-12,1.0081888437271118,-1.948044087152212e-10,-0.004046103451400995,-2.3767060541857177e-10,0,0,0,0,1,0,0,0,1,0,16
0.01681027188897133,-4.655686947074855e-09,0.008202935568988323,-7.154383335761239e-11,0.03196088224649429,-1.2668261994974728e-09,0.11617855727672577,0.007993858307600021,-8.488175717857871e-10,1.1187864003281422e-11,4.438766336534172e-05,-9.97578972553037e-13,1.0032682418823242,-3.8871830754239056e-10,-0.005623172502964735,-1.3787886110616654e-10,0,0,0,0,1,0,0,0,1,0,18
0.025697490200400352,-4.791060881359499e-09,0.009418520145118237,-1.1297969504386884e-10,0.039730194956064224,-2.0918331511410315e-09,0.11511452496051788,0.007578098215162754,-8.04702249279643e-10,1.1241584919885472e-11,4.4826800149166957e-05,6.943769203040039e-19,0.9968275427818298,-1.7194619339466755e-10,-0.0070915501564741135,6.361990378955795e-10,0,0,0,0,1,0,0,0,1,0,0
0.03457627072930336,-6.208548342101494e-09,0.009487852454185486,-2.184487174483607e-10,0.04707711562514305,-2.8719862044113142e-09,0.10721345245838165,0.007154013495892286,-7.596693829547974e-10,1.0612574187496282e-11,4.231857747072354e-05,-6.943238256484357e-19,0.9889967441558838,3.2799879479128435e-10,-0.008409163914620876,3.6103645073559676e-10,0,0,0,0,1,0,0,0,1,0,0
0.042578261345624924,-8.580380850276015e-09,0.009879671037197113,-1.2068075705418124e-10,0.05475374311208725,2.9161358270357596e-06,0.11805135011672974,0.014280557632446289,2.9196711693657562e-05,3.38617610395886e-07,2.294853175044409e-06,2.890495522933634e-07,0.9799808859825134,4.742656267708867e-10,-0.009335489943623543,-3.884527075004307e-11,0,0,0,0,1,0,0,0,1,0,0
0.052944768220186234,7.225368392482778e-08,0.010675630532205105,8.091726613201899e-07,0.0686461552977562,3.095549254794605e-05,0.14384551346302032,0.013800475746393204,2.7824196877190843e-05,2.854333160939859e-07,8.133003575494513e-06,3.5940200859840843e-07,0.9704952239990234,2.2758715090276382e-07,-0.00983055867254734,3.8891886333658476e-07,0,0,0,0,1,0,0,0,1,0,18
0.06370651721954346,5.073016382084461e-06,0.01101673487573862,8.288241588161327e-06,0.08200079947710037,5.742290886701085e-05,0.12317443639039993,0.012640985660254955,2.420397686364595e-05,-2.5372356660113837e-08,4.154718408244662e-05,4.404358264764596e-07,0.9601738452911377,8.876771744326106e-07,-0.010699383914470673,8.91733861863031e-07,0,0,0,0,1,0,0,0,1,0,18
0.07514198124408722,1.7373202354065143e-05,0.011754298582673073,1.58006096171448e-05,0.09425072371959686,8.059960964601487e-05,0.11358180642127991,0.011894912458956242,2.227987533842679e-05,-3.1288703894460923e-07,7.052048749756068e-05,-4.5553875748600633e-14,0.9492757320404053,2.0925465378240915e-06,-0.010805971920490265,1.5118517922019237e-06,0,0,0,0,1,0,0,0,1,0,18
0.0872509554028511,3.55986958311405e-05,0.012389264069497585,1.9662826161948033e-05,0.10581433027982712,0.00010225950973108411,0.11358556151390076,0.011284740641713142,2.113756454491522e-05,-2.952890838514577e-07,6.675275653833523e-05,0.0,0.9381436109542847,4.0497511690773536e-06,-0.011441286653280258,2.309538558620261e-06,0,0,0,0,1,0,0,0,1,0,5
0.09992998838424683,5.8135985455010086e-05,0.012895464897155762,2.5229817765648477e-05,0.11675415933132172,0.00012275102199055254,0.11179306358098984,0.010659477673470974,1.996637729462236e-05,-2.789255972857063e-07,6.305365968728438e-05,4.553798879864193e-14,0.9263702630996704,6.795346052967943e-06,-0.012035930529236794,2.995222757817828e-06,0,0,0,0,1,0,0,0,1,0,13
0.11304035782814026,-0.00041438377229496837,0.013238980434834957,2.6214351237285882e-05,0.1270812302827835,0.00014209476648829877,0.11068510264158249,0.010058329440653324,1.8840350094251335e-05,-2.631966253829887e-07,5.949801561655477e-05,0.0,0.9140385389328003,1.0051514436781872e-05,-0.012554140761494637,3.518646053635166e-06,0,0,0,0,1,0,0,0,1,0,5
0.12627936899662018,-0.002255065366625786,0.013238980434834957,1.4298983842309099e-05,0.13746125996112823,0.0001320509472861886,0.1198311522603035,0.015866780653595924,-0.0002651473041623831,-2.488891084340139e-07,6.209288130776258e-06,-4.6717659074602125e-07,0.9012559056282043,1.3919024240749422e-05,-0.01295384205877781,4.1459588828729466e-06,0,0,0,0,1,0,0,0,1,0,0
0.13951842486858368,-0.00224732025526464,0.013238980434834957,2.38311622524634e-06,0.15297502279281616,-0.00012679616338573396,0.1582086682319641,0.015416872687637806,-0.0002572021330706775,-6.126785478954844e-08,1.0369019946665503e-05,-7.978029543664888e-07,0.8881267309188843,1.2901385161967482e-05,-0.013260280713438988,-9.897725249174982e-06,0,0,0,0,1,0,0,0,1,0,0
0.1528988629579544,-0.002216503256931901,0.013511145487427711,7.76411106926389e-05,0.16815951466560364,-0.00037990426062606275,0.11589747667312622,0.014440430328249931,-0.00023943031555972993,1.0346504950575763e-06,3.4541793866083026e-05,-1.8855265579986735e-06,0.8747334480285645,-1.1040617209800985e-05,-0.013493089005351067,-3.5148095776094124e-05,0,0,0,0,1,0,0,0,1,0,18
0.16654008626937866,-0.0020570510532706976,0.01373694185167551,0.00022574725153390318,0.18207429349422455,-0.000610007846262306,0.11780518293380737,0.013576163910329342,-0.00022415172134060413,1.9001340660906862e-06,5.351151048671454e-05,-1.7033835320034996e-06,0.8611401319503784,-5.723421782022342e-05,-0.013668396510183811,-5.0298491260036826e-05,0,0,0,0,1,0,0,0,1,0,5
0.18037302792072296,-0.0017794735031202435,0.013905588537454605,0.0002773594460450113,0.1951410472393036,-0.0008253909763880074,0.11213546991348267,0.012754998169839382,-0.00021019346604589373,2.9365512546064565e-06,7.545432890765369e-05,0.0,0.8473958969116211,-0.0001085039257304743,-0.013800228014588356,-5.203107502893545e-05,0,0,0,0,1,0,0,0,1,0,13
0.19435293972492218,-0.0015375937800854445,0.014034789986908436,0.00021267308329697698,0.20750494301319122,-0.0010291392682120204,0.11327014863491058,0.012049010954797268,-0.00019855926802847534,2.773798314592568e-06,7.127239223336801e-05,3.6444463983112407e-13,0.8335380554199219,-0.00016139214858412743,-0.013899803161621094,-5.3575779020320624e-05,0,0,0,0,1,0,0,0,1,0,5
0.208439439535141,-0.0013589761219918728,0.0141217689961195,0.00015101002645678818,0.21918384730815887,-0.0012215989409014583,0.1113809123635292,0.011377506889402866,-0.00018749332230072469,2.619188535391004e-06,6.729971937602386e-05,-1.093123313221367e-12,0.8195955157279968,-0.00021427396859508008,-0.013974133878946304,-5.2300223615020514e-05,0,0,0,0,1,0,0,0,1,0,16
0.22253549098968506,-0.0012445359025150537,0.01412187796086073,8.808357233647257e-05,0.23020552098751068,-0.001403228146955371,0.11085903644561768,0.010733198374509811,-0.00017687560466583818,2.4708854198252084e-06,6.348908937070519e-05,3.643109305982023e-13,0.8055891990661621,-0.0002658326702658087,-0.014029530808329582,-5.094134030514397e-05,0,0,0,0,1,0,0,0,1,0,16
0.2363872528076172,-0.0011921614641323686,0.013533059507608414,2.4116352506098337e-05,0.24559386074543,-0.0014012651517987251,0.16133412718772888,0.01579444669187069,2.1435846065287478e-05,8.989372872747481e-07,1.2278234862606041e-05,-9.62519834502018e-07,0.7915350198745728,-0.0003162667853757739,-0.014072306454181671,-5.0294314860366285e-05,0,0,0,0,1,0,0,0,1,0,18
0.24972181022167206,-1.0033062608272303e-05,0.013312779366970062,4.270002591511002e-06,0.2612702548503876,-0.0013799777952954173,0.12239532917737961,0.015528482384979725,2.0958230379619636e-05,8.827035458125465e-07,1.3362758181756362e-05,-9.203789090861392e-07,0.7774453163146973,-0.00036647196975536644,-0.014103160239756107,-5.012721157982014e-05,0,0,0,0,1,0,0,0,1,0,16
0.2630343735218048,0.0010158231016248465,0.013312697410583496,1.8982938172484864e-06,0.2766134738922119,-0.0012384242145344615,0.16264545917510986,0.015834014862775803,0.00026476336643099785,4.0460818695464695e-07,-7.783458499943663e-07,1.8099561316375912e-07,0.7633291482925415,-0.0004158751107752323,-0.014126300811767578,-4.580993117997423e-05,0,0,0,0,1,0,0,0,1,0,5
0.276365727186203,0.0010145731503143907,0.01340525969862938,-1.1444127267168369e-05,0.29233571887016296,-0.0009755368810147047,0.16224059462547302,0.01563160866498947,0.0002613748365547508,4.0460818695464695e-07,-7.783458499943663e-07,1.8099561316375912e-07,0.749193012714386,-0.0004502253432292491,-0.014143130742013454,-2.4965238480945118e-05,0,0,0,0,1,0,0,0,1,0,18
0.28991779685020447,0.0009453874081373215,0.013660508207976818,-0.00012819810945075005,0.3074803650379181,-0.0007227874011732638,0.1277250200510025,0.014215461909770966,0.00023610767675563693,-8.710800329936319e-07,2.8503534849733114e-05,1.8580154801384197e-06,0.735042154788971,-0.0004637004167307168,-0.014155752956867218,-4.0679633457330056e-06,0,0,0,0,1,0,0,0,1,0,18
0.3036859929561615,0.0007427565869875252,0.013847561553120613,-0.0002616668934933841,0.3214663565158844,-0.0004906599060632288,0.1203974112868309,0.013780017383396626,0.00022855801216792315,-1.1531043355716974e-06,3.495608689263463e-05,1.9430590327829123e-06,0.7208802700042725,-0.00045617809519171715,-0.014166271314024925,1.704231181065552e-05,0,0,0,0,1,0,0,0,1,0,16
0.3176151216030121,0.00048699890612624586,0.01399061270058155,-0.00022997919586487114,0.3345893323421478,-0.00027356637292541564,0.11646097898483276,0.012775320559740067,0.00021118212316650897,-2.9504840313165914e-06,7.557716890005395e-05,-7.290503921050795e-13,0.7067103385925293,-0.00042748998384922743,-0.014173283241689205,3.821898280875757e-05,0,0,0,0,1,0,0,0,1,0,7
0.3309248089790344,0.0011496020015329123,0.013769295997917652,-2.5297752017650055e-06,0.34698450565338135,-6.866781041026115e-05,0.11196406930685043,0.012087264098227024,0.00019980820070486516,-2.7911883080378175e-06,7.149721204768866e-05,0.0,0.6925342082977295,-0.00037946488009765744,-0.014178893528878689,5.201770909479819e-05,0,0,0,0,0,0,1,0,1,0,12
0.3439120352268219,0.0020517033990472555,0.013251515105366707,0.0001677681866567582,0.3598514497280121,0.0014107779134064913,0.14147095382213593,0.014295609667897224,0.0033779272343963385,3.6201940929458942e-06,1.6110026990645565e-05,1.7480013411841355e-05,0.6783535480499268,-0.000325955159496516,-0.014182399027049541,5.472990596899763e-05,0,0,0,0,0,0,1,0,1,0,12
0.35656651854515076,0.0030110543593764305,0.012411089614033699,0.0017083806451410055,0.3740508556365967,0.004765547811985016,0.1457281857728958,0.014120482839643955,0.0033360631205141544,3.6201940929458942e-06,1.6110026990645565e-05,1.7480013411841355e-05,0.6641695499420166,-0.0002697346790228039,-0.014185204170644283,5.743943256675266e-05,0,0,0,0,0,0,1,0,1,0,12
0.368609756231308,0.005370127037167549,0.011754386126995087,0.002543927635997534,0.38763144612312317,0.00795038789510727,0.1284773349761963,0.012907466851174831,0.0029943345580250025,-1.9653449271572754e-05,4.709598943009041e-05,2.5936551537597552e-05,0.6499926447868347,4.4918979256181046e-05,-0.014164868742227554,0.0005250078975223005,0,0,0,0,0,0,1,0,1,0,16
0.38055893778800964,0.007941882126033306,0.012175826355814934,0.0025966805405914783,0.4002372920513153,0.010866659693419933,0.11383724212646484,0.012260712683200836,0.0028264960274100304,-3.967590964748524e-05,7.276620453922078e-05,-1.1663106244674815e-11,0.6358566880226135,0.0008265572250820696,-0.01410736795514822,0.0009913278045132756,0,0,0,0,0,0,1,0,1,0,18
0.3929775655269623,0.010539651848375797,0.012602174654603004,0.0025922388304024935,0.4121559262275696,0.013614337891340256,0.11452346295118332,0.011627176776528358,0.00268048164434731,-3.744500281754881e-05,6.877657142467797e-05,0.0,0.6217911839485168,0.002041164319962263,-0.01403443980962038,0.0013635862851515412,0,0,0,0,0,0,1,0,1,0,12
0.4057626724243164,0.013132095336914062,0.01291036605834961,0.002614077180624008,0.42343655228614807,0.016214914619922638,0.11012730747461319,0.010995842516422272,0.002534938044846058,-3.541365003911778e-05,6.504550401587039e-05,0.0,0.6077983975410461,0.0035750153474509716,-0.013955901376903057,0.0016728942282497883,0,0,0,0,0,0,1,0,1,0,14
0.41878992319107056,0.015787851065397263,0.013112671673297882,0.002689067739993334,0.4340892434120178,0.018670739606022835,0.10928008705377579,0.010379037819802761,0.0023927423171699047,-3.342683703522198e-05,6.13962474744767e-05,2.9142209478916214e-12,0.5938939452171326,0.005420296918600798,-0.013854223303496838,0.0020012438762933016,0,0,0,0,0,0,0,0,1,0,12
0.4312525987625122,0.018854619935154915,0.012128773145377636,0.0023676748387515545,0.4441421926021576,0.020988311618566513,0.1111873909831047,0.009792453609406948,0.00225751381367445,-3.153701254632324e-05,5.7925135479308665e-05,-2.9137987595656556e-12,0.5801220536231995,0.007646697107702494,-0.013700302690267563,0.0024099312722682953,0,0,0,0,0,0,0,0,1,0,7
0.4422481060028076,0.021151836961507797,0.009950820356607437,0.001550747430883348,0.4709066152572632,0.022728512063622475,0.20950859785079956,0.06653379648923874,0.0006086460198275745,-1.6738702470320277e-05,3.0499912099912763e-05,0.0012374009238556027,0.5665198564529419,0.010279098525643349,-0.013517632149159908,0.0028136102482676506,0,0,0,0,0,0,1,0,1,0,14
0.45084434747695923,0.022418281063437462,0.008052587509155273,0.0012385788140818477,0.5355659127235413,0.02309332601726055,0.41525429487228394,0.06316956132650375,0.00016755257092881948,-1.6738702470320277e-05,3.0499912099912763e-05,0.0012374009238556027,0.5541554689407349,0.013021260499954224,-0.010814035311341286,0.0025738084223121405,0,0,0,0,0,0,0,0,1,0,4
0.4581727385520935,0.02347836270928383,0.0068994127213954926,0.0005705647636204958,0.5970109701156616,0.02302583120763302,0.44204849004745483,0.060069791972637177,-0.00025714648654684424,-1.6738702470320277e-05,3.0499912099912763e-05,0.0012374009238556027,0.5460734367370605,0.015357338823378086,-0.005587059073150158,0.002181943506002426,0,0,0,1,0,0,0,0,1,0,18
0.46476539969444275,0.024023570120334625,0.00613261666148901,0.0005071813357062638,0.6554787755012512,0.022543752565979958,0.3011849522590637,0.057186588644981384,-0.0006631937576457858,-1.6738702470320277e-05,3.0499912099912763e-05,0.0012374009238556027,0.5434817671775818,0.017873870208859444,-0.0004235435917507857,0.0030225401278585196,0,0,0,1,0,0,0,0,1,0,11
0.4712340533733368,0.024523138999938965,0.007085589691996574,0.0004705915052909404,0.7090591788291931,0.021759698167443275,0.16076849400997162,0.0474356934428215,-0.0007237462559714913,-1.4529956388287246e-05,5.0601149268914014e-05,0.0011391377774998546,0.5459923148155212,0.020365716889500618,0.004515928216278553,0.0018887970363721251,0,0,0,1,0,0,0,0,1,0,18
0.4791346490383148,0.024859143421053886,0.008535385131835938,0.000194328255020082,0.7555292844772339,0.02089584618806839,0.2049996256828308,0.045681219547986984,-0.0009769725147634745,-1.4529956388287246e-05,5.0601149268914014e-05,0.0011391377774998546,0.5517674684524536,0.021596914157271385,0.006584209389984608,0.000798659457359463,0,0,0,1,0,0,0,0,1,0,16
0.48825788497924805,0.02483050525188446,0.009331983514130116,-0.0001466160174459219,0.7995308637619019,0.019825827330350876,0.12855595350265503,0.04032367840409279,-0.0010074146557599306,-1.0966701665893197e-05,7.356057176366448e-05,0.000997404451481998,0.5591508150100708,0.022289473563432693,0.008012266829609871,0.0005770243005827069,0,0,0,1,0,0,0,0,1,0,15
0.49789372086524963,0.024669598788022995,0.010077742859721184,-0.00017522054258733988,0.838681161403656,0.01875334605574608,0.10128386318683624,0.03762946277856827,-0.0010954538593068719,-9.48224806052167e-06,8.202582830563188e-05,0.0009382193675264716,0.5678589344024658,0.022664424031972885,0.0092439791187644,0.00019632457406260073,0,0,0,1,0,0,0,0,0,0,16
0.5084862112998962,0.02447400614619255,0.010986888781189919,-0.00021229519916232675,0.8728381991386414,0.01777406595647335,0.11196459084749222,0.0320919007062912,-0.0009231335134245455,2.488664904376492e-06,0.0001423284411430359,0.0004461788630578667,0.5771992206573486,0.022692812606692314,0.009437519125640392,-2.250146644655615e-05,0,0,0,1,0,0,0,0,0,0,4
0.519923985004425,0.02424798719584942,0.011791902594268322,-0.00023511037579737604,0.9029557704925537,0.01690956950187683,0.10928773134946823,0.028717180714011192,-0.0008219215087592602,1.1481261935841758e-05,0.00016985926777124405,-2.9399753031372766e-12,0.5871622562408447,0.022641537711024284,0.010368754155933857,-8.008126314962283e-05,0,0,0,1,0,0,0,0,0,0,17
0.5320827960968018,0.02400110848248005,0.01243423018604517,-0.0002564140595495701,0.9302473664283752,0.016128448769450188,0.10946370661258698,0.02618720568716526,-0.0007495105965062976,1.0470004781382158e-05,0.00015489717770833522,2.9349565312808412e-12,0.5979467630386353,0.02252332866191864,0.01098829135298729,-0.00014202446618583053,0,0,0,1,0,0,0,0,0,1,10
0.5447992086410522,0.023734664544463158,0.012927195988595486,-0.000272555771516636,0.9552175998687744,0.015413772314786911,0.10959761589765549,0.02402273379266262,-0.0006875607068650424,9.604717888578307e-06,0.00014209579967428,2.9310395256720856e-12,0.6088809370994568,0.022366158664226532,0.011169209145009518,-0.00017410831060260534,0,0,0,1,0,0,0,0,0,1,1
0.5579407215118408,0.02345634624361992,0.013300951570272446,-0.00028285113512538373,0.9781874418258667,0.014756347984075546,0.10969455540180206,0.02214703895151615,-0.0006338758976198733,8.854847692418844e-06,0.00013100194337312132,2.9279246128305347e-12,0.6204075813293457,0.02217283844947815,0.011798914521932602,-0.00020921515533700585,1,0,0,0,0,0,0,0,0,1,18
0.5714071393013,0.02317114919424057,0.013587717898190022,-0.00028786188340745866,0.9994133114814758,0.014148836955428123,0.10976576805114746,0.020503373816609383,-0.0005868322332389653,8.197730494430289e-06,0.00012128028174629435,-1.4627034392727944e-12,0.6325189471244812,0.021951453760266304,0.012356393039226532,-0.0002303762303199619,1,0,0,0,0,0,0,0,0,0,7
