lt_dp_posx,lt_dp_posy,lt_dp_velx,lt_dp_vely,ball_posx,ball_posy,ball_posz,ball_vel_x,ball_vel_y,ball_rot_x,ball_rot_y,ball_rot_z,rt_gk_posx,rt_gk_posy,rt_gk_velx,rt_gk_vely,action_left,action_top_left,action_top,action_top_right,action_right,action_bottom_right,action_bottom,action_bottom_left,action_sprint,action_dribble,sel_action
-1.0110293626785278,-0.0,0.0,-0.0,0.019999999552965164,-0.0,0.11061639338731766,0.0,-0.0,0.0,-0.0,0.0,1.0110293626785278,0.0,-0.0,0.0,0,0,0,0,0,0,0,0,0,0,5
0.0,-0.0,0.0,-0.0,0.019999999552965164,-0.0,0.11059734225273132,0.0,-0.0,0.0,-0.0,0.0,1.0109632015228271,-5.900687924387249e-13,-0.0006619621999561787,-5.900687924387249e-12,0,0,0,0,1,0,0,0,0,0,5
0.00032308624940924346,5.012149029148816e-11,0.0019679905381053686,1.5585761847791701e-10,0.019999999552965164,-0.0,0.10930104553699493,0.0,-0.0,0.0,-0.0,0.0,1.007768154144287,-2.3127210216355998e-11,-0.004207386635243893,-2.4562249803516956e-11,0,0,0,0,1,0,0,0,0,0,5
0.00346941570751369,-6.651652839639866e-11,0.004606739617884159,-1.0011581147439941e-10,0.019999999552965164,-0.0,0.11075475811958313,0.0,-0.0,0.0,-0.0,0.0,1.0026906728744507,-4.209868564863939e-11,-0.005775339435786009,-1.2325308308691607e-11,0,0,0,0,1,0,0,0,0,0,13
0.0072206053882837296,-1.5883747650491387e-09,0.006202893331646919,-3.5571864898109595e-10,0.020900558680295944,-4.999721470166918e-11,0.11566377431154251,0.009005608968436718,-4.999721747722674e-10,-1.3729235847151355e-12,-1.2968798728252295e-05,-5.856774483795069e-13,0.9961044192314148,2.824864786532544e-10,-0.007231095340102911,6.303542132712892e-10,0,0,0,0,1,0,0,0,1,0,16
0.014238657429814339,-1.8248648148144753e-09,0.007660851813852787,-9.95643775758559e-11,0.02951611578464508,-5.276450387725617e-10,0.11027590185403824,0.008348003029823303,-4.624153560062183e-10,-4.771135309750152e-12,-3.732015466084704e-05,-1.223029815443366e-12,0.9881436228752136,7.794647705061664e-10,-0.008531177416443825,3.674296422673251e-10,0,0,0,0,1,0,0,0,1,0,18
0.02262367494404316,-1.9539567741588826e-09,0.008950777351856232,-1.8719571726055761e-10,0.03758316487073898,-9.743351681024137e-10,0.107444629073143,0.00787985511124134,-4.363154837427885e-10,-6.095439691183868e-12,-4.661308048525825e-05,0.0,0.9790472984313965,9.714385962311667e-10,-0.009335489943623543,2.526812370451381e-10,0,0,0,0,1,0,0,0,1,0,0
0.03205844387412071,-2.2025756774013416e-09,0.009951052255928516,-2.721601000121865e-10,0.045222748070955276,-1.3973463497407579e-09,0.11318864673376083,0.007444428279995918,-4.1220543645081875e-10,-5.758455344506697e-12,-4.403610364533961e-05,-1.7358997268078575e-18,0.9695028066635132,1.1666979604640915e-09,-0.009924523532390594,1.570078511647921e-10,0,0,0,0,1,0,0,0,1,0,16
0.04024920240044594,-3.132879511369424e-09,0.009588802233338356,-1.5734924474486434e-10,0.052430372685194016,-1.7964403298265097e-09,0.11169138550758362,0.007014590781182051,-3.8840500260484134e-10,-5.4259240329923575e-12,-4.1493152821203694e-05,0.0,0.9590960144996643,1.2589542741636706e-09,-0.010777922347187996,3.7637518102151546e-11,0,0,0,0,1,0,0,0,1,0,5
0.049514032900333405,-3.5913427787193086e-09,0.010337285697460175,-9.28635154884283e-11,0.06368239969015121,1.768489892128855e-05,0.1434321403503418,0.014048906974494457,2.9327509764698334e-05,3.8005308056199283e-07,-4.279286440578289e-05,-2.459872305848876e-08,0.9481951594352722,1.4367731449027588e-09,-0.01080527063459158,1.9959196795316103e-10,0,0,0,0,1,0,0,0,1,0,18
0.060139648616313934,1.8403250123810722e-06,0.010675542056560516,5.268630502541782e-06,0.07761934399604797,4.679743142332882e-05,0.11461465060710907,0.01373550295829773,2.8797894628951326e-05,3.8255660683716997e-07,-4.697274198406376e-05,-1.9977946408289426e-08,0.9369930624961853,1.5628179861337799e-09,-0.011505099013447762,6.66091348744402e-11,0,0,0,0,1,0,0,0,1,0,13
0.07119016349315643,1.1092251043010037e-05,0.01140530500560999,1.2710568626062013e-05,0.09079436212778091,7.479307532776147e-05,0.11870206892490387,0.012912080623209476,2.7478703486849554e-05,3.8390263057408447e-07,-7.638469833182171e-05,1.3670283709275172e-13,0.9251608848571777,2.7927095302970883e-08,-0.012094132602214813,1.548005030826971e-07,0,0,0,0,1,0,0,0,1,0,5
0.08297347277402878,2.8337686671875417e-05,0.012080897577106953,1.9659955796669237e-05,0.10333219915628433,0.00010147530701942742,0.10670075565576553,0.01223208848387003,2.6031579182017595e-05,3.636766336967412e-07,-7.236035889945924e-05,-4.555806686762365e-14,0.9127786755561829,9.428338785255619e-07,-0.012599019333720207,1.7031971992764738e-06,0,0,0,0,1,0,0,0,1,0,13
0.09538528323173523,5.008978769183159e-05,0.012659587897360325,2.408994987490587e-05,0.1151905283331871,0.00012671145668718964,0.11036428809165955,0.011557010933756828,2.459492316120304e-05,3.435936264395423e-07,-6.836446846136823e-05,-9.10982105180834e-14,0.899957001209259,3.7002812405262375e-06,-0.012988903559744358,3.6088888464291813e-06,0,0,0,0,1,0,0,0,1,0,0
0.10829773545265198,7.790386734995991e-05,0.013101013377308846,3.0926592444302514e-05,0.12638430297374725,0.00015053334936965257,0.11027523875236511,0.010902435518801212,2.3201893782243133e-05,3.241272565901454e-07,-6.44912724965252e-05,-4.5540909368244065e-14,0.8867981433868408,7.727690899628215e-06,-0.013286225497722626,4.330051069700858e-06,0,0,0,0,1,0,0,0,1,0,5
0.12107253074645996,4.833556886296719e-05,0.013405117206275463,3.234649921068922e-05,0.13694272935390472,0.00017300312174484134,0.10931479185819626,0.010283277370035648,2.1884234229219146e-05,3.057226081182307e-07,-6.0829326685052365e-05,4.5533601167975155e-14,0.8733821511268616,1.2475257790356409e-05,-0.01351272314786911,5.077128207631176e-06,0,0,0,0,1,0,0,0,1,0,5
0.13190044462680817,-0.0006368888425640762,0.013405021280050278,1.886921927507501e-05,0.14690251648426056,0.00019419896125327796,0.11076351255178452,0.009700190275907516,2.064334876195062e-05,2.8838087473559426e-07,-5.737884566769935e-05,-4.552710273120382e-14,0.8597712516784668,1.7735805158736184e-05,-0.013683823868632317,5.052536380389938e-06,0,0,0,0,1,0,0,0,1,0,0
0.1448391079902649,-0.0007539879879914224,0.013405084609985352,5.3909761845716275e-06,0.1617206186056137,0.00010312662925571203,0.15310484170913696,0.015286575071513653,-0.00010265957826049998,-2.539984222948988e-07,-5.070270344731398e-05,-1.7531175444673863e-07,0.8460135459899902,2.22465350816492e-05,-0.013812148943543434,4.081540737388423e-06,0,0,0,0,1,0,0,0,1,0,0
0.15825243294239044,-0.0007463383954018354,0.013516930863261223,2.013171797443647e-05,0.17682819068431854,1.887044277282257e-06,0.11548401415348053,0.014662185683846474,-9.695854532765225e-05,-9.77895410869678e-07,-7.442843343596905e-05,-2.8405028729139303e-07,0.8321455717086792,2.572764606156852e-05,-0.01390891894698143,2.266283217977616e-06,0,0,0,0,1,0,0,0,1,0,16
0.1719004213809967,-0.0006976640434004366,0.013745006173849106,7.279288547579199e-05,0.19111096858978271,-9.234718163497746e-05,0.11024405807256699,0.013999268412590027,-9.234229946741834e-05,-1.2901400623377413e-06,-8.281839836854488e-05,-1.8233578167291264e-13,0.818195104598999,2.254642458865419e-05,-0.013981145806610584,-7.64574360800907e-06,0,0,0,0,1,0,0,0,1,0,5
0.1857425719499588,-0.0006005394970998168,0.013914178125560284,0.00010483795631444082,0.20469215512275696,-0.00018193165306001902,0.10663392394781113,0.013257825747132301,-8.745156083023176e-05,-1.2217712992423913e-06,-7.842958439141512e-05,-1.8229063820495578e-13,0.8041829466819763,9.415382919542026e-06,-0.014035141095519066,-1.7628384739509784e-05,0,0,0,0,1,0,0,0,1,0,16
0.19972923398017883,-0.0005085136508569121,0.014040224254131317,8.080671250354499e-05,0.21754300594329834,-0.0002666985965333879,0.11323954164981842,0.012522803619503975,-8.260317554231733e-05,-1.1539557362993946e-06,-7.40762916393578e-05,3.6449657311518613e-13,0.7901245951652527,-1.081662776414305e-05,-0.014075811952352524,-2.0379156921990216e-05,0,0,0,0,1,0,0,0,1,0,13
0.21382300555706024,-0.0004407565575093031,0.014133312739431858,5.725272058043629e-05,0.22967451810836792,-0.00034672088804654777,0.11170554161071777,0.011816355399787426,-7.794326666044071e-05,-1.0888479664572515e-06,-6.989682879066095e-05,0.0,0.7760318517684937,-3.098885281360708e-05,-0.014105264097452164,-2.000073618546594e-05,0,0,0,0,1,0,0,0,1,0,0
0.22587166726589203,0.00036432407796382904,0.014140954241156578,3.517978984746151e-05,0.24111799895763397,-0.0004222045827191323,0.1107015535235405,0.011142978444695473,-7.3501534643583e-05,-1.0268041705785436e-06,-6.591401324840263e-05,-1.8217545527665635e-13,0.7619133591651917,-5.0705184548860416e-05,-0.014127703383564949,-1.9259494365542196e-05,0,0,0,0,1,0,0,0,1,0,5
0.23895499110221863,0.0007103123934939504,0.013680142350494862,1.2762684491463006e-05,0.25524455308914185,-0.00035621534334495664,0.1510060876607895,0.015365071594715118,0.00012441920989658684,1.1187378134991377e-07,-5.391289232647978e-05,1.3733684056660422e-07,0.7477756142616272,-6.910649972269312e-05,-0.01414453238248825,-1.7697691873763688e-05,0,0,0,0,1,0,0,0,1,0,18
0.25238698720932007,0.0007112564635463059,0.013462760485708714,-1.1371938853699248e-05,0.2704921364784241,-0.00023278775915969163,0.11839707940816879,0.015082411468029022,0.00012176639575045556,2.1638066982632154e-07,-5.623986362479627e-05,2.0750641738231934e-07,0.7336235642433167,-8.594104292569682e-05,-0.014157154597342014,-1.6127254639286548e-05,0,0,0,0,1,0,0,0,1,0,5
0.2659885585308075,0.0006667897687293589,0.013704510405659676,-7.47727244743146e-05,0.2849862575531006,-0.00011793016892625019,0.12017247825860977,0.0142111387103796,0.00011237598664592952,1.5700106814620085e-06,-8.40704160509631e-05,5.47047379183957e-13,0.7194607257843018,-9.392398351337761e-05,-0.01416697259992361,5.235904598777097e-09,0,0,0,0,1,0,0,0,1,0,18
0.27979594469070435,0.00055693433387205,0.013883674517273903,-0.0001322085881838575,0.29878032207489014,-8.852267455949914e-06,0.11480221152305603,0.013474578969180584,0.00010655158257577568,1.4885908967698924e-06,-7.971055310918018e-05,5.469107155001152e-13,0.7052901387214661,-8.414836338488385e-05,-0.014173283241689205,1.7771941202227026e-05,0,0,0,0,1,0,0,0,1,0,6
0.29375654458999634,0.0004376764118205756,0.014017609879374504,-0.00010625187132973224,0.31183919310569763,9.441252768738195e-05,0.11213070154190063,0.012723908759653568,0.00010061560169560835,1.4055261772227823e-06,-7.526261470047757e-05,5.467787680957237e-13,0.6911137700080872,-5.928758764639497e-05,-0.014178192242980003,2.658736593730282e-05,0,0,0,0,0,1,0,0,1,0,6
0.30730998516082764,0.0007824735366739333,0.013886021450161934,-9.063905599759892e-05,0.3241681456565857,0.0001919053465826437,0.10892973840236664,0.012010348029434681,9.497308928985149e-05,1.3267979284137255e-06,-7.104688847903162e-05,0.0,0.6769330501556396,-3.27816596836783e-05,-0.014182399027049541,2.6438950953888707e-05,0,0,0,0,0,1,0,0,1,0,6
0.3199927508831024,0.0019446236547082663,0.013446420431137085,0.0002907428133767098,0.3361169993877411,0.0006332275806926191,0.11905869096517563,0.014506425708532333,0.003583064302802086,1.3695636880584061e-05,-4.834404171560891e-05,-2.67847354962214e-07,0.6627491116523743,-6.098273388488451e-06,-0.014185204170644283,2.9558310416177846e-05,0,0,0,0,0,1,0,0,1,0,12
0.3329111933708191,0.002611537231132388,0.012391805648803711,0.0014061847468838096,0.35035979747772217,0.004138241987675428,0.1491917073726654,0.014154843054711819,0.003482559695839882,1.7769474652595818e-05,-5.251765833236277e-05,2.782808905976708e-06,0.6485625505447388,4.1362218325957656e-05,-0.01418730802834034,6.210877472767606e-05,0,0,0,0,0,1,0,0,1,0,6
0.34509626030921936,0.004815001040697098,0.011829418130218983,0.00267840176820755,0.3642462193965912,0.007541266735643148,0.1234356015920639,0.013465466909110546,0.0032738468144088984,4.38811766798608e-05,-7.795983401592821e-05,1.5165957165663713e-06,0.6343746781349182,0.00012137625162722543,-0.01418871060013771,9.466437040828168e-05,0,0,0,0,0,1,0,0,1,0,12
0.356891006231308,0.007481246255338192,0.011972119100391865,0.002694978378713131,0.3774144947528839,0.010742496699094772,0.1138637363910675,0.012873014435172081,0.0031294526997953653,4.371179238660261e-05,-7.613701018271968e-05,-5.832576609188234e-12,0.6201934218406677,0.00040042566251941025,-0.01416557002812624,0.0005433193291537464,0,0,0,0,0,1,0,0,1,0,18
0.3691186010837555,0.01019658800214529,0.012421958148479462,0.0027225064113736153,0.38992199301719666,0.013783077709376812,0.11460207402706146,0.012196498923003674,0.002964989747852087,4.141927638556808e-05,-7.214394281618297e-05,-5.831368807968085e-12,0.6060709953308105,0.0012876319233328104,-0.014077214524149895,0.0011679836316034198,0,0,0,0,0,1,0,0,1,0,8
0.3817408084869385,0.01291903480887413,0.012766263447701931,0.0027318461798131466,0.40175095200538635,0.016658710315823555,0.110049307346344,0.011526954360306263,0.0028022215701639652,3.914773333235644e-05,-6.818737892899662e-05,-1.7490708534295685e-11,0.5920689105987549,0.0027827960439026356,-0.013943980447947979,0.0017173232045024633,0,0,0,0,0,0,0,1,1,0,16
0.3946343958377838,0.01569548062980175,0.012985398061573505,0.0028144230600446463,0.41291487216949463,0.019372668117284775,0.10923715680837631,0.010874759405851364,0.002643671352416277,3.6932393413735554e-05,-6.43287057755515e-05,-1.74875808278685e-11,0.5781906247138977,0.004710238426923752,-0.01382056437432766,0.0020988499745726585,0,0,0,0,0,0,0,1,1,0,5
0.40767785906791687,0.01859777607023716,0.013099612668156624,0.0028763958252966404,0.4234459400177002,0.02193278633058071,0.11118925362825394,0.010256798006594181,0.00249344389885664,3.483289765426889e-05,-6.0671824030578136e-05,0.0,0.5644493103027344,0.007017205469310284,-0.013672604225575924,0.0024766300339251757,0,0,0,0,1,0,0,0,1,0,5
0.4199831187725067,0.021861588582396507,0.011935821734368801,0.002417710144072771,0.43338140845298767,0.024348095059394836,0.10842853039503098,0.009677876718342304,0.0023527073208242655,3.286750506958924e-05,-5.724852599087171e-05,5.827439225614128e-12,0.5509154200553894,0.009792766533792019,-0.01340403314679861,0.003035502042621374,0,0,0,0,1,0,0,0,1,0,7
0.4306439459323883,0.02419275790452957,0.00944067444652319,0.0015412791399285197,0.4635705351829529,0.02556902915239334,0.25647830963134766,0.06077877804636955,-0.0004806823271792382,-8.64388951526962e-08,6.386743734765332e-06,0.001502509694546461,0.5376908779144287,0.013141132891178131,-0.013068844564259052,0.0036022025160491467,0,0,0,0,0,0,1,0,1,0,1
0.43897029757499695,0.025533175095915794,0.0076844412833452225,0.0013096480397507548,0.5227111577987671,0.024824662134051323,0.5504534244537354,0.05784403905272484,-0.00095413438975811,-8.64388951526962e-08,6.386743734765332e-06,0.001502509694546461,0.5251964926719666,0.016873415559530258,-0.011409731581807137,0.0035781608894467354,1,0,0,0,0,0,0,0,1,0,4
0.4461840093135834,0.02662421204149723,0.0068804798647761345,0.0006608415278606117,0.579069197177887,0.02362869866192341,0.7496100664138794,0.05517979711294174,-0.0013879286125302315,-8.64388951526962e-08,6.386743734765332e-06,0.001502509694546461,0.5161030888557434,0.020047269761562347,-0.006887491792440414,0.0027689067646861076,0,0,0,1,0,0,0,0,1,0,13
0.4526819884777069,0.027248376980423927,0.006115787196904421,0.0005874622147530317,0.6328940391540527,0.02202027663588524,0.8580443263053894,0.052748776972293854,-0.001783169573172927,-8.64388951526962e-08,6.386743734765332e-06,0.001502509694546461,0.5123338103294373,0.0223388709127903,-0.0015977551229298115,0.0021773946937173605,0,0,0,1,0,0,0,0,1,0,11
0.4592490792274475,0.027804143726825714,0.007236003875732422,0.00047572492621839046,0.6844014525413513,0.02003694511950016,0.8792110085487366,0.05052008107304573,-0.002141779288649559,-8.64388951526962e-08,6.386743734765332e-06,0.001502509694546461,0.5134148597717285,0.024901723489165306,0.003366961143910885,0.0022864798083901405,0,0,0,1,0,0,0,0,1,0,2
0.4673014283180237,0.028039464727044106,0.008671424351632595,-1.1065360013162717e-05,0.7337791919708252,0.01771404594182968,0.816066324710846,0.048467908054590225,-0.0024661454372107983,-8.64388951526962e-08,6.386743734765332e-06,0.001502509694546461,0.5184804797172546,0.02637837454676628,0.006051624659448862,0.0009191378485411406,0,1,0,0,0,0,0,0,1,0,12
0.4766031801700592,0.02771381288766861,0.00942270178347826,-0.00046509617823176086,0.7811915278434753,0.015084399841725826,0.67117840051651,0.04657042399048805,-0.002758870366960764,-8.64388951526962e-08,6.386743734765332e-06,0.001502509694546461,0.5253723859786987,0.026985567063093185,0.007545246742665768,0.00046902295434847474,0,1,0,0,0,0,0,0,1,0,11
0.48646843433380127,0.027229484170675278,0.010252104140818119,-0.0005307145183905959,0.8267828226089478,0.012178190052509308,0.44681280851364136,0.04480907320976257,-0.003022607183083892,-8.64388951526962e-08,6.386743734765332e-06,0.001502509694546461,0.5336456298828125,0.02722131833434105,0.00883340835571289,2.4212604330386966e-05,0,1,0,0,0,0,0,0,1,0,16
0.497258722782135,0.026667971163988113,0.011125192046165466,-0.0006079809390939772,0.8706799149513245,0.009022971615195274,0.1449992060661316,0.04316794499754906,-0.0032599486876279116,-8.64388951526962e-08,6.386743734765332e-06,0.001502509694546461,0.5428821444511414,0.026986554265022278,0.009318660013377666,-0.000361021637218073,0,1,0,0,0,0,0,0,1,0,18
0.5089061856269836,0.026057856157422066,0.011938889510929585,-0.0006498884176835418,0.9072624444961548,0.0061187767423689365,0.24833425879478455,0.034723591059446335,-0.00285834027454257,-4.4157491174701136e-06,-1.678119951975532e-05,0.001342768780887127,0.5525514483451843,0.026582548394799232,0.010083353146910667,-0.0004464644589461386,0,1,0,0,0,0,0,0,1,0,8
0.5212161540985107,0.02538839913904667,0.01253043208271265,-0.0007118650828488171,0.9414355158805847,0.003195329336449504,0.313840389251709,0.03372810035943985,-0.002974478993564844,-4.4157491174701136e-06,-1.678119951975532e-05,0.001342768780887127,0.5630944967269897,0.026080500334501266,0.010896079242229462,-0.0005467656883411109,0,0,0,0,0,0,0,1,1,0,10
0.5340420007705688,0.02467343956232071,0.013007992878556252,-0.0007376994471997023,0.9746321439743042,0.0001636158413020894,0.2640840411186218,0.03276662528514862,-0.0030765586998313665,-4.4157491174701136e-06,-1.678119951975532e-05,0.001342768780887127,0.5739648342132568,0.025509709492325783,0.010918869636952877,-0.0005919397226534784,0,0,0,0,0,0,0,1,1,0,18
0.5472621321678162,0.023937758058309555,0.013348781503736973,-0.0007626244914717972,1.006853461265564,-0.002960153855383396,0.10303691029548645,0.031530655920505524,-0.0031357554253190756,-4.913739303447073e-06,-1.885197161755059e-05,0.0013246777234598994,0.5852596163749695,0.024873599410057068,0.01158223394304514,-0.0006712509784847498,0,0,0,0,0,0,0,1,1,0,18
