lt_dp_posx,lt_dp_posy,lt_dp_velx,lt_dp_vely,ball_posx,ball_posy,ball_posz,ball_vel_x,ball_vel_y,ball_rot_x,ball_rot_y,ball_rot_z,rt_gk_posx,rt_gk_posy,rt_gk_velx,rt_gk_vely,action_left,action_top_left,action_top,action_top_right,action_right,action_bottom_right,action_bottom,action_bottom_left,action_sprint,action_dribble,sel_action
-1.0110293626785278,-0.0,0.0,-0.0,0.019999999552965164,-0.0,0.11061639338731766,-0.0,0.0,0.0,-0.0,0.0,1.0110293626785278,0.0,-0.0,0.0,0,0,0,0,0,0,0,0,0,0,5
0.0,-0.0,0.0,-0.0,0.019999999552965164,-0.0,0.11059734225273132,-0.0,0.0,0.0,-0.0,0.0,1.0106345415115356,-3.1861822208378854e-11,-0.001967654563486576,-1.5578560663698227e-10,0,0,0,0,1,0,0,0,0,0,5
0.00032308624940924346,3.615717447669198e-11,0.0019679905381053686,1.6625298360217755e-11,0.019999999552965164,-0.0,0.10930104553699493,-0.0,0.0,0.0,-0.0,0.0,1.0068784952163696,-2.6190344337706506e-10,-0.004527849145233631,-2.1994273069481096e-10,0,0,0,0,1,0,0,0,0,0,5
0.003517754143103957,-4.4129966347838945e-10,0.00461391219869256,-1.5669146535834955e-10,0.019999999552965164,-0.0,0.11075475811958313,-0.0,0.0,0.0,-0.0,0.0,1.0014904737472534,-4.1574887976736363e-10,-0.006076167803257704,-8.290019365420065e-11,0,0,0,0,1,0,0,0,0,0,13
0.006782666780054569,-4.028840372427567e-09,0.006209590006619692,-3.971326323348734e-10,0.019999999552965164,-0.0,0.11053141206502914,0.009301592595875263,-9.824338009778444e-10,-1.3329711683399137e-12,-9.536828656564467e-06,-1.9272257401059534e-13,0.9946169853210449,2.0773516587468954e-11,-0.007505276706069708,5.925429036324203e-10,0,0,0,0,1,0,0,0,1,0,18
0.013608739711344242,-4.606135917128995e-09,0.007666833233088255,-1.6548507009161995e-10,0.028724046424031258,-9.239055631660165e-10,0.11649638414382935,0.008379608392715454,-8.888570990350786e-10,4.3357786978781565e-12,1.4811776054557413e-05,-4.8763311097377304e-12,0.986401379108429,4.607445536208843e-10,-0.008770297281444073,2.9582544747164263e-10,0,0,0,0,1,0,0,0,1,0,5
0.021998636424541473,-4.733373248910766e-09,0.008955181576311588,-1.5050247159642538e-10,0.03670034185051918,-1.7712383781898211e-09,0.1108342632651329,0.007768489886075258,-8.254645855743092e-10,1.1531954210997064e-11,4.5954315282870084e-05,0.0,0.9771802425384521,6.382355755008007e-10,-0.009335489943623543,2.2249506403948516e-10,0,0,0,0,1,0,0,0,1,0,5
0.03128108009696007,-5.236657774077003e-09,0.009851337410509586,-2.586511560487281e-10,0.044229645282030106,-2.571286961128294e-09,0.11303352564573288,0.007336480543017387,-7.795601386639817e-10,1.0890240965955034e-11,4.339710721978918e-05,-2.777385258485358e-18,0.9674903154373169,8.030662801417066e-10,-0.010107545182108879,1.153909537365827e-10,0,0,0,0,1,0,0,0,1,0,13
0.03928247466683388,-7.526324452555855e-09,0.009585121646523476,-1.4680384685661352e-10,0.05133315175771713,-3.326092290478755e-09,0.11132440716028214,0.006912638898938894,-7.345238306477597e-10,1.0261005586875704e-11,4.08896230510436e-05,0.0,0.9569175243377686,8.446509602855201e-10,-0.01093008928000927,-1.9698012318491998e-11,0,0,0,0,1,0,0,0,1,0,16
0.04875368997454643,-8.404120954708105e-09,0.010424151085317135,-8.550311153543433e-11,0.06317287683486938,1.980688284675125e-05,0.14544127881526947,0.013863089494407177,2.795229920593556e-05,2.854024501175445e-07,8.161829100572504e-06,3.5960084687758354e-07,0.9460111856460571,1.6531072066783281e-09,-0.010957437567412853,7.12874925756779e-10,0,0,0,0,1,0,0,0,1,0,18
0.05940442159771919,2.257786036352627e-06,0.010675586760044098,5.6657531786186155e-06,0.07690628618001938,4.7446239477721974e-05,0.1118243932723999,0.013442622497677803,2.6796515157911927e-05,2.3701809936937934e-07,1.3407649930741172e-05,4.0730273553890584e-07,0.9346734285354614,2.109255659021869e-09,-0.011628516018390656,2.437535451260686e-10,0,0,0,0,1,0,0,0,1,0,16
0.07053516805171967,1.147595321526751e-05,0.011478145606815815,1.256876112165628e-05,0.08949404209852219,7.15493515599519e-05,0.12184744328260422,0.012235801666975021,2.3131568013923243e-05,-1.339994781801579e-07,5.291341585689224e-05,3.3340521099489706e-07,0.9227253198623657,7.538223201208893e-08,-0.012204927392303944,3.0258229344326537e-07,0,0,0,0,1,0,0,0,1,0,13
0.08238522708415985,2.7949581635766663e-05,0.01214584894478321,1.834850263549015e-05,0.10131950676441193,9.373435023007914e-05,0.11328329145908356,0.011542401276528835,2.162018972740043e-05,-3.020444410140044e-07,6.827987817814574e-05,9.109784459985018e-14,0.9102458953857422,1.1274061080257525e-06,-0.012685270980000496,1.7566268297741772e-06,0,0,0,0,1,0,0,0,1,0,18
0.09485340118408203,4.841870759264566e-05,0.012709463015198708,2.2747888579033315e-05,0.11251083016395569,0.00011469692981336266,0.1122271865606308,0.010908231139183044,2.043231506831944e-05,-2.8543763619381934e-07,6.452578963944688e-05,4.5540980519011634e-14,0.8973493576049805,3.7488373436644906e-06,-0.013054819777607918,3.2129548799275653e-06,0,0,0,0,1,0,0,0,1,0,13
0.10780879855155945,7.45971265132539e-05,0.013138792477548122,2.9016824555583298e-05,0.12308074533939362,0.00013449553807731718,0.11061712354421616,0.010296326130628586,1.9286138922325335e-05,-2.694210650133755e-07,6.090510942158289e-05,-4.553374685764208e-14,0.8841332197189331,7.242291758302599e-06,-0.01333671435713768,3.7753238757431973e-06,0,0,0,0,1,0,0,0,1,0,5
0.12103816866874695,-0.0015573296695947647,0.013239067979156971,1.906564284581691e-05,0.13305331766605377,0.00015317529323510826,0.11057806015014648,0.009713064879179,1.819362660171464e-05,-2.5416198923267075e-07,5.7455661590211093e-05,-2.2763620822303585e-14,0.8706738948822021,1.1366689250280615e-05,-0.0135505897924304,4.400930720294127e-06,0,0,0,0,1,0,0,0,1,0,16
0.13427720963954926,-0.0022489926777780056,0.013239067979156971,7.149349130486371e-06,0.1468552201986313,-2.3717051590210758e-05,0.15487439930438995,0.01549452729523182,-0.00025851611280813813,-6.1245572169355e-08,1.0370954441896174e-05,-7.97824554865656e-07,0.8570301532745361,1.4415333680517506e-05,-0.013712574727833271,3.8312617789415526e-07,0,0,0,0,1,0,0,0,1,0,0
0.14756521582603455,-0.0022397954016923904,0.013399211689829826,2.9517132134060375e-05,0.162242591381073,-0.0002804379619192332,0.13336381316184998,0.015299826860427856,-0.0002552643418312073,-6.1245572169355e-08,1.0370954441896174e-05,-7.97824554865656e-07,0.8432477116584778,1.0983240827044938e-05,-0.013833887875080109,-6.429753284464823e-06,0,0,0,0,1,0,0,0,1,0,16
0.16111165285110474,-0.0021387278102338314,0.013655073940753937,0.00016751686052884907,0.1766522377729416,-0.0005194815457798541,0.12949620187282562,0.013873097486793995,-0.00022936805908102542,1.5777980024722638e-06,4.6475000999635085e-05,-1.8851662844099337e-06,0.8293613195419312,1.9554013874767406e-07,-0.013925047591328621,-1.6692209101165645e-05,0,0,0,0,1,0,0,0,1,0,16
0.1748744398355484,-0.001893489621579647,0.013842477463185787,0.0002948326582554728,0.19005738198757172,-0.0007406710647046566,0.11954529583454132,0.013008235953748226,-0.00021437337272800505,2.994776878040284e-06,7.694802479818463e-05,1.0936557649082745e-12,0.8153970837593079,-2.6890391382039525e-05,-0.013993768021464348,-3.561185076250695e-05,0,0,0,0,1,0,0,0,1,0,16
0.18880029022693634,-0.0016265184385702014,0.013987807556986809,0.0002383989776717499,0.2027001976966858,-0.0009490224183537066,0.11305633187294006,0.01233275979757309,-0.00020324165234342217,2.839335820681299e-06,7.2954069764819e-05,0.0,0.8013746738433838,-7.2964743594639e-05,-0.014043555594980717,-5.464797141030431e-05,0,0,0,0,1,0,0,0,1,0,5
0.20284996926784515,-0.001422988367266953,0.01409527100622654,0.00017574102093931288,0.2146497368812561,-0.0011459490051493049,0.11263246089220047,0.011641810648143291,-0.00019185489509254694,2.680153329492896e-06,6.886404298711568e-05,-3.644015970048764e-13,0.7873086929321289,-0.00012916600098833442,-0.014082123525440693,-5.584270184044726e-05,0,0,0,0,1,0,0,0,1,0,18
0.21695296466350555,-0.0012827024329453707,0.014121786691248417,0.00011324710067128763,0.22593088448047638,-0.0013318603159859776,0.10997552424669266,0.010988745838403702,-0.0001810923859011382,2.5298593300249195e-06,6.500243034679443e-05,7.286713550255786e-13,0.7732102274894714,-0.00018455511599313468,-0.014110873453319073,-5.501264604390599e-05,0,0,0,0,1,0,0,0,1,0,5
0.23098665475845337,-0.0012054328108206391,0.013827050104737282,4.9278994993073866e-05,0.2393205761909485,-0.0014098623069003224,0.1489134430885315,0.015875892713665962,2.1568892407231033e-05,8.989474622467242e-07,1.2277810128580313e-05,-9.624698122934205e-07,0.7590874433517456,-0.00023958990641403943,-0.014131911098957062,-5.579803109867498e-05,0,0,0,0,1,0,0,0,1,0,16
0.24445347487926483,-0.0007211080519482493,0.013312393799424171,5.218686055741273e-06,0.2550845742225647,-0.001388445496559143,0.1499163806438446,0.015672532841563225,2.131389919668436e-05,8.989474622467242e-07,1.2277810128580313e-05,-9.624698122934205e-07,0.7449466586112976,-0.00029671809170395136,-0.014147337526082993,-5.8214569435222074e-05,0,0,0,0,1,0,0,0,1,0,16
0.2577657699584961,0.0010149396257475019,0.013312561437487602,2.8463357466534944e-06,0.2703242003917694,-0.0013445186195895076,0.13528886437416077,0.015916721895337105,0.00026616474497132003,4.0457160821461e-07,-7.778881467856991e-07,1.810869179053043e-07,0.7307925224304199,-0.0003560083277989179,-0.014158557169139385,-5.814304677187465e-05,0,0,0,0,1,0,0,0,1,0,13
0.27107828855514526,0.0010164814302697778,0.013312522321939468,4.7412785875167174e-07,0.2861277163028717,-0.0010802662000060081,0.17414522171020508,0.015711896121501923,0.00026271294336766005,4.0457160821461e-07,-7.778881467856991e-07,1.810869179053043e-07,0.71662837266922,-0.0004018571344204247,-0.014167673885822296,-3.578462201403454e-05,0,0,0,0,1,0,0,0,1,0,0
0.28452345728874207,0.0009882538579404354,0.013567769899964333,-7.276169344549999e-05,0.3017156720161438,-0.0008196306298486888,0.11521993577480316,0.015382492914795876,0.0002570872602518648,3.1527969213129836e-07,1.2739145631712745e-06,3.603444440614112e-07,0.7024567127227783,-0.00042532989755272865,-0.014174685813486576,-1.3395894711720757e-05,0,0,0,0,1,0,0,0,1,0,0
0.2982132136821747,0.0008396491757594049,0.013779542408883572,-0.00020962422422599047,0.31596559286117554,-0.0005828543216921389,0.13555482029914856,0.013996792957186699,0.00023232516832649708,-9.92687432699313e-07,3.128899697912857e-05,1.908988224386121e-06,0.6882794499397278,-0.00042550478246994317,-0.014179594814777374,1.1253852790105157e-05,0,0,0,0,1,0,0,0,1,0,13
0.3120829463005066,0.0005828766152262688,0.01393801998347044,-0.00025516768801026046,0.3294992446899414,-0.00035862604272551835,0.12166457623243332,0.013023747131228447,0.00021533743711188436,-2.6228797196381493e-06,6.836227112216875e-05,7.775562949063897e-07,0.6740980744361877,-0.000400161457946524,-0.014182399027049541,3.6872799682896584e-05,0,0,0,0,1,0,0,0,1,0,6
0.32577693462371826,0.0007484968518838286,0.013893104158341885,-0.00021515079424716532,0.3421638607978821,-0.00014926999574527144,0.11578278243541718,0.01235992182046175,0.0002043160202447325,-2.8542970085254638e-06,7.311353692784905e-05,-7.289569880879199e-13,0.6599137783050537,-0.0003507209476083517,-0.014185204170644283,5.4865369747858495e-05,0,0,0,0,0,1,0,0,1,0,6
0.3386993408203125,0.001887975842691958,0.013500639237463474,0.00016552608576603234,0.3541504740715027,4.887531395070255e-05,0.11158435791730881,0.0147789241746068,0.003512835828587413,8.690764843777288e-06,9.26191933103837e-06,1.0325990842829924e-05,0.6457273364067078,-0.0002957584511023015,-0.01418730802834034,5.504138607648201e-05,0,0,0,0,0,1,0,0,1,0,12
0.3516586720943451,0.0024110223166644573,0.012463681399822235,0.001044063363224268,0.36844852566719055,0.0034286517184227705,0.15605123341083527,0.014190621674060822,0.003352605039253831,3.6201518014422618e-06,1.6110056094476022e-05,1.7479889720561914e-05,0.6315391659736633,-0.00024062093871179968,-0.01418871060013771,5.5215619795490056e-05,0,0,0,0,0,1,0,0,1,0,6
0.3639376163482666,0.004346699453890324,0.01192864216864109,0.0025816368870437145,0.3824709355831146,0.006738259457051754,0.10035105794668198,0.013621417805552483,0.0031998089980334044,-1.91882418221212e-06,2.351659168198239e-05,2.286564813402947e-05,0.6173577904701233,3.665480835479684e-05,-0.014169075526297092,0.0004992321482859552,0,0,0,0,0,1,0,0,1,0,6
0.37577348947525024,0.00690512964501977,0.01197878085076809,0.0025793055538088083,0.3953284025192261,0.00972004421055317,0.12494631856679916,0.012613404542207718,0.0029183304868638515,-2.4587014195276424e-05,5.3559291700366884e-05,2.2446431103162467e-05,0.6032183170318604,0.0008066533482633531,-0.014108769595623016,0.0009912222158163786,0,0,0,0,0,1,0,0,1,0,18
0.3880157172679901,0.009501487016677856,0.012443697080016136,0.002598776714876294,0.407520592212677,0.012532717548310757,0.11463122814893723,0.011897871270775795,0.002742883050814271,-3.8319602026604116e-05,7.03830664861016e-05,-5.830856630861803e-12,0.5891585946083069,0.0020557104144245386,-0.014017609879374504,0.001442081294953823,0,0,0,0,0,1,0,0,1,0,12
0.40066930651664734,0.012090614065527916,0.012807635590434074,0.0025860073510557413,0.419057160615921,0.015192298218607903,0.11210114508867264,0.011245299130678177,0.0025924404617398977,-3.6214649298926815e-05,6.651685544056818e-05,-1.165955526571949e-11,0.5752009749412537,0.0037232129834592342,-0.013904361054301262,0.001851437147706747,0,0,0,0,0,1,0,0,1,0,12
0.41361135244369507,0.014716367237269878,0.013039743527770042,0.002659878693521023,0.42995768785476685,0.017705263569951057,0.10899712890386581,0.01062215119600296,0.002448783256113529,-3.421002111281268e-05,6.283486436586827e-05,-1.7486418563139594e-11,0.5613732933998108,0.005800046492367983,-0.0137546481564641,0.0022767228074371815,0,0,0,0,0,1,0,0,1,0,14
0.4264684021472931,0.01765049621462822,0.012757517397403717,0.0026162550784647465,0.4402470588684082,0.020077316090464592,0.11143915355205536,0.010021919384598732,0.0023104092106223106,-3.2275911507895216e-05,5.9282414440531284e-05,-2.913961173051094e-12,0.5477592945098877,0.00840463675558567,-0.01348993368446827,0.002871111501008272,0,0,0,0,0,0,0,0,1,0,0
0.43815869092941284,0.02038528211414814,0.011347505263984203,0.0019419011659920216,0.44995608925819397,0.02231559343636036,0.10863298177719116,0.009457872249186039,0.002180376322939992,-3.0459996196441352e-05,5.594705362454988e-05,0.0,0.5344437956809998,0.011596746742725372,-0.013163860887289047,0.003452620469033718,0,0,0,0,0,0,0,0,1,0,5
0.4475804567337036,0.021913699805736542,0.00835481844842434,0.0012645168462768197,0.5051631927490234,0.024823056533932686,0.4318294823169708,0.05917320400476456,0.0022797840647399426,9.24668802326778e-06,2.46292202064069e-05,0.0015366491861641407,0.5222180485725403,0.015061752870678902,-0.010836474597454071,0.003238984849303961,0,0,0,0,1,0,0,0,1,0,5
0.455369770526886,0.023128332570195198,0.0073944819159805775,0.0011787032708525658,0.5628662705421448,0.02675987407565117,0.6282073855400085,0.056529708206653595,0.0016655192011967301,9.24668802326778e-06,2.46292202064069e-05,0.0015366491861641407,0.513948380947113,0.017892073839902878,-0.0058745634742081165,0.002510895486921072,0,0,0,0,1,0,0,0,1,0,18
0.4623425602912903,0.023818403482437134,0.006643814034759998,0.0005494179204106331,0.6180272102355957,0.02811593934893608,0.6660534739494324,0.054065555334091187,0.0011116830864921212,9.24668802326778e-06,2.46292202064069e-05,0.0015366491861641407,0.5111018419265747,0.020456334576010704,-0.0007261247956193984,0.002951642032712698,0,0,0,0,1,0,0,0,1,0,13
0.4685491621494293,0.02432854287326336,0.0064541311003267765,0.0005127995973452926,0.6708089709281921,0.028949685394763947,0.5547200441360474,0.05175230652093887,0.0006145319784991443,9.24668802326778e-06,2.46292202064069e-05,0.0015366491861641407,0.5132891535758972,0.02306949347257614,0.004274704959243536,0.002040318213403225,0,0,0,0,1,0,0,0,1,0,8
0.47585421800613403,0.024786699563264847,0.007975451648235321,0.0003813556395471096,0.7213499546051025,0.02931549772620201,0.30275973677635193,0.04956768825650215,0.00016985810361802578,9.24668802326778e-06,2.46292202064069e-05,0.0015366491861641407,0.5189135670661926,0.024433838203549385,0.0064541311003267765,0.0009580947807990015,0,0,0,0,0,0,0,1,1,0,8
0.4845734238624573,0.025006255134940147,0.009293065406382084,6.64206818328239e-05,0.7667009234428406,0.029235899448394775,0.19410398602485657,0.04003716632723808,-0.00028068560641258955,8.799252100288868e-06,4.563919719657861e-05,0.0014136781683191657,0.5261718034744263,0.025263488292694092,0.007892356254160404,0.0007464269874617457,0,0,0,0,0,0,0,1,1,0,17
0.4928135275840759,0.025232655927538872,0.006709866691380739,0.00037960399640724063,0.806063711643219,0.028808290138840675,0.28891855478286743,0.03880967199802399,-0.0005430974997580051,8.799252100288868e-06,4.563919719657861e-05,0.0014136781683191657,0.5347719788551331,0.025858255103230476,0.00914826150983572,0.0004542501410469413,0,0,0,0,0,0,0,1,1,1,7
0.4974488317966461,0.025966227054595947,0.003065093420445919,0.0011869692243635654,0.8441948890686035,0.028134912252426147,0.22585010528564453,0.03757498785853386,-0.0007757549756206572,8.799252100288868e-06,4.563919719657861e-05,0.0014136781683191657,0.5440864562988281,0.026145920157432556,0.009328828193247318,0.0002223909250460565,0,0,0,0,0,0,1,0,1,1,12
0.49902573227882385,0.02675800584256649,0.0011724956566467881,0.000715924019459635,0.8800029158592224,0.02726152166724205,0.14666083455085754,0.03283863142132759,-0.0009187990217469633,9.567423148837406e-06,6.956799188628793e-05,0.0012072722893208265,0.5539515614509583,0.026351062580943108,0.010279347188770771,0.00018480292055755854,0,0,0,0,0,0,1,0,1,1,13
0.5024363994598389,0.028284456580877304,0.0021309873554855585,0.0016971781151369214,0.9123751521110535,0.02626867964863777,0.16231028735637665,0.031981222331523895,-0.00105074152816087,9.567423148837406e-06,6.956799188628793e-05,0.0012072722893208265,0.5646726489067078,0.026503724977374077,0.011000212281942368,0.0001274227543035522,0,0,0,0,0,0,1,0,1,1,15
0.5006337761878967,0.031078454107046127,-0.0026228055357933044,0.0027125452179461718,0.9429075717926025,0.025184376165270805,0.13428226113319397,0.02874201536178589,-0.0010820470051839948,1.1310409718134906e-05,9.968503582058474e-05,0.0008715896983630955,0.5755900144577026,0.026600763201713562,0.011101190000772476,7.343634206335992e-05,0,0,0,0,0,0,1,0,0,1,15
0.5000379681587219,0.03306793421506882,-0.00034318267717026174,0.002049506176263094,0.9708331823348999,0.02408730611205101,0.11883966624736786,0.026629997417330742,-0.0010795212583616376,1.336780951533001e-05,0.0001304329198319465,0.00043226551497355103,0.5870567560195923,0.026650207117199898,0.011745971627533436,2.9203423764556646e-05,0,0,0,0,0,0,1,0,0,1,1
0.5015469789505005,0.03432386741042137,0.0018224618397653103,0.0011781651992350817,0.9962956309318542,0.023043815046548843,0.11392926424741745,0.024544576182961464,-0.001008444232866168,1.4088169336901046e-05,0.00014519225805997849,-5.863910051973065e-12,0.5991167426109314,0.026663219556212425,0.012309410609304905,2.5667071668067365e-07,1,0,0,0,0,0,0,0,0,1,5
