lt_dp_posx,lt_dp_posy,lt_dp_velx,lt_dp_vely,ball_posx,ball_posy,ball_posz,ball_vel_x,ball_vel_y,ball_rot_x,ball_rot_y,ball_rot_z,rt_gk_posx,rt_gk_posy,rt_gk_velx,rt_gk_vely,action_left,action_top_left,action_top,action_top_right,action_right,action_bottom_right,action_bottom,action_bottom_left,action_sprint,action_dribble,sel_action
-1.0110293626785278,-0.0,0.0,-0.0,0.019999999552965164,-0.0,0.11061639338731766,-0.0,0.0,0.0,-0.0,0.0,1.0110293626785278,0.0,-0.0,0.0,0,0,0,0,0,0,0,0,0,0,5
0.0011741208145394921,7.735240920014874e-11,0.0034112120047211647,2.5561334299206706e-11,0.019999999552965164,-0.0,0.11059734225273132,-0.0,0.0,0.0,-0.0,0.0,1.0100501775741577,-7.528704049075685e-11,-0.003236181568354368,-2.3501611767784425e-10,0,0,0,0,1,0,0,0,0,0,5
0.004422922618687153,-8.490598224497603e-10,0.005096871871501207,-3.511485824336802e-10,0.019999999552965164,-0.0,0.10930104553699493,-0.0,0.0,0.0,-0.0,0.0,1.0059254169464111,-3.033686080122777e-10,-0.00484480569139123,-2.0306796522095993e-10,0,0,0,0,1,0,0,0,0,0,13
0.009172579273581505,-2.248098374124652e-09,0.006656940560787916,-3.111293167545881e-10,0.02351834625005722,-2.3498894496931655e-10,0.1237609013915062,0.008640825748443604,-5.774550837500669e-10,8.578172894235792e-13,2.8631586701521883e-06,-2.160265672943029e-12,1.0002306699752808,-4.257901808912834e-10,-0.0063720871694386005,-4.051920951542165e-11,0,0,0,0,1,0,0,0,1,0,13
0.016618236899375916,-2.3979764840476037e-09,0.008066108450293541,-6.756445403155453e-11,0.03173869848251343,-7.851597705332836e-10,0.11614876240491867,0.007883042097091675,-5.281650672372962e-10,7.136320180622935e-12,4.499864735407755e-05,-3.712325585825127e-13,0.9930757880210876,1.2574442875834535e-10,-0.0077724456787109375,5.289739757330381e-10,0,0,0,0,1,0,0,0,1,0,18
0.025379417464137077,-2.5590771723926764e-09,0.009301392361521721,-1.6886948783767508e-10,0.03938759118318558,-1.2976458796387647e-09,0.11215836554765701,0.007456739898771048,-4.996117408673229e-10,6.979599190271024e-12,4.410948167787865e-05,1.3887229247326137e-18,0.9846126437187195,4.794495911397689e-10,-0.00900100264698267,1.9324893074657012e-10,0,0,0,0,1,0,0,0,1,0,18
0.034123267978429794,-3.4658411696142366e-09,0.00938898604363203,-2.1288948381936734e-10,0.04660476744174957,-1.781206515616418e-09,0.10997506976127625,0.007023810409009457,-4.706049439029414e-10,6.574312275131611e-12,4.154816269874573e-05,-6.9430821261437375e-19,0.975313127040863,9.487416408049398e-10,-0.009335489943623543,7.799498269456251e-10,0,0,0,0,1,0,0,0,1,0,0
0.04200782999396324,-4.873198733434947e-09,0.009879701770842075,-1.2068802901499254e-10,0.05416184291243553,2.9176910629757913e-06,0.11805255711078644,0.014280873350799084,2.919882899732329e-05,3.387698939150141e-07,1.9754040749830892e-06,2.8654977768383105e-07,0.9654421806335449,1.5956782561943328e-09,-0.010284255258738995,5.026919991379941e-10,0,0,0,0,1,0,0,0,1,0,5
0.052374325692653656,7.600381479733187e-08,0.010675586760044098,8.096020565062645e-07,0.06805383414030075,3.095910506090149e-05,0.14388057589530945,0.013800008222460747,2.78262778010685e-05,2.8579501076819724e-07,7.81202379585011e-06,3.571963418380619e-07,0.9547167420387268,1.338238231340938e-08,-0.011003718711435795,1.15119860311097e-07,0,0,0,0,1,0,0,0,1,0,13
0.0631360337138176,5.079401944385609e-06,0.011016691103577614,8.292555321531836e-06,0.08140779286623001,5.743060683016665e-05,0.12316214293241501,0.012638581916689873,2.420726559648756e-05,-2.3475928756511166e-08,4.119111326872371e-05,4.415138903368643e-07,0.9437978863716125,7.457728656845575e-07,-0.011102592572569847,1.2745272215397563e-06,0,0,0,0,1,0,0,0,1,0,16
0.07457146793603897,1.738605715218e-05,0.011754298582673073,1.580894968356006e-05,0.09365328401327133,8.060479012783617e-05,0.11358226090669632,0.011888263747096062,2.227019467682112e-05,-3.127945547021227e-07,7.048631960060447e-05,-9.110760241940255e-14,0.9323297739028931,2.6173502192250453e-06,-0.011747725307941437,2.367361730648554e-06,0,0,0,0,1,0,0,0,1,0,16
0.08668049424886703,3.562166239134967e-05,0.012389439158141613,1.9674327631946653e-05,0.10521049052476883,0.00010225542064290494,0.11358392238616943,0.011278527788817883,2.1128564185346477e-05,-2.95163374630647e-07,6.671601295238361e-05,-9.109112254638077e-14,0.9202682971954346,5.337529728421941e-06,-0.012311514467000961,2.905478140746709e-06,0,0,0,0,1,0,0,0,1,0,18
0.09935958683490753,5.8172412536805496e-05,0.012895552441477776,2.5244913558708504e-05,0.11614431440830231,0.00012273821630515158,0.11179264634847641,0.010653635486960411,1.9957918993895873e-05,-2.7880747666131356e-07,6.301909888861701e-05,0.0,0.9076964855194092,8.534863809472881e-06,-0.012767314910888672,3.445072024987894e-06,0,0,0,0,1,0,0,0,1,0,13
0.11246998608112335,-0.00041433333535678685,0.013238980434834957,2.6232888558297418e-05,0.12646575272083282,0.00014207376807462424,0.11068522185087204,0.010052826255559921,1.883240111055784e-05,-2.6308561018595356e-07,5.946546298218891e-05,0.0,0.89472895860672,1.2256553418410476e-05,-0.01311722956597805,3.905525318259606e-06,0,0,0,0,1,0,0,0,1,0,5
0.12570899724960327,-0.0022550132125616074,0.013238980434834957,1.4309534890344366e-05,0.13684134185314178,0.00013202668924350291,0.1198347881436348,0.015870558097958565,-0.00026511034229770303,-2.4892960936995223e-07,6.190531166794244e-06,-4.6713086021554773e-07,0.8814587593078613,1.6442094420199282e-05,-0.013384398072957993,4.433738922671182e-06,0,0,0,0,1,0,0,0,1,0,5
0.13894805312156677,-0.0022472627460956573,0.013239067979156971,2.384898834861815e-06,0.15235882997512817,-0.00012678543862421066,0.15824943780899048,0.01542055793106556,-0.0002571671502664685,-6.148716380494079e-08,1.03487554952153e-05,-7.976235565365641e-07,0.8679583072662354,2.116534233209677e-05,-0.01358705386519432,4.954544237989467e-06,0,0,0,0,1,0,0,0,1,0,0
0.1523285061120987,-0.002216427819803357,0.013511145487427711,7.768745126668364e-05,0.16754749417304993,-0.0003798691323027015,0.11589499562978745,0.014445397071540356,-0.00023942781263031065,1.0323091146346997e-06,3.448934148764238e-05,-1.8853313576983055e-06,0.8542835116386414,1.6370504454243928e-05,-0.01373992208391428,-1.6435615179943852e-05,0,0,0,0,1,0,0,0,1,0,16
0.16596972942352295,-0.002056879922747612,0.013737117871642113,0.0002258844906464219,0.18146640062332153,-0.0006099596503190696,0.11777903139591217,0.013579584658145905,-0.00022412821999751031,1.8981190805789083e-06,5.347800106392242e-05,-1.7050655287675909e-06,0.8404778838157654,-1.4272975022322498e-05,-0.013854924589395523,-4.193332642898895e-05,0,0,0,0,1,0,0,0,1,0,16
0.17980265617370605,-0.001779136247932911,0.013905588537454605,0.00027752164169214666,0.194536030292511,-0.0008253127452917397,0.11214467138051987,0.012757774442434311,-0.00021016367827542126,2.9361351607803954e-06,7.547071436420083e-05,3.6452316317346634e-13,0.8265745639801025,-6.611531716771424e-05,-0.01393977366387844,-5.403999239206314e-05,0,0,0,0,1,0,0,0,1,0,13
0.19378255307674408,-0.0015371241606771946,0.014034789986908436,0.00021278181520756334,0.20690259337425232,-0.0010290318168699741,0.11327112466096878,0.01205158606171608,-0.00019853038247674704,2.773394953692332e-06,7.128762808861211e-05,3.644448837766129e-13,0.8125977516174316,-0.00011963071301579475,-0.014004286378622055,-5.3073690651217476e-05,0,0,0,0,1,0,0,0,1,0,5
0.20786720514297485,-0.0013585687847808003,0.014121775515377522,0.00015106430510059,0.21858397126197815,-0.0012214635498821735,0.11138110607862473,0.011379918083548546,-0.00018746576097328216,2.618803819132154e-06,6.73140020808205e-05,3.6437468168594445e-13,0.7985658645629883,-0.00017216031847056001,-0.014052671380341053,-5.22520967933815e-05,0,0,0,0,1,0,0,0,1,0,13
0.22194206714630127,-0.0012456751428544521,0.014121596701443195,8.811557927401736e-05,0.2296079397201538,-0.001403065980412066,0.11085900664329529,0.010735458694398403,-0.00017684942577034235,2.470520030328771e-06,6.350246985675767e-05,7.286222948772736e-13,0.7844926118850708,-0.0002250098332297057,-0.014088434167206287,-5.333314402378164e-05,0,0,0,0,1,0,0,0,1,0,0
0.23579001426696777,-0.0011935691582038999,0.013533059507608414,2.4125265554175712e-05,0.24499648809432983,-0.001401251764036715,0.161333829164505,0.015794480219483376,2.1269004719215445e-05,8.98811151728296e-07,1.228343626280548e-05,-9.631065722714993e-07,0.7703887224197388,-0.0002789229329209775,-0.014115782454609871,-5.438366861199029e-05,0,0,0,0,1,0,0,0,1,0,18
0.24912448227405548,-1.0798618859553244e-05,0.01331253070384264,4.269574674253818e-06,0.2606728971004486,-0.0013801298337057233,0.12239395827054977,0.015528498217463493,2.0794212105101906e-05,8.826061730360379e-07,1.336816876573721e-05,-9.210077109855774e-07,0.7562623023986816,-0.00033031977363862097,-0.014134715311229229,-4.6526914957212284e-05,0,0,0,0,1,0,0,0,1,0,0
0.2624369263648987,0.001015615533106029,0.013312522321939468,1.8982938172484864e-06,0.27601611614227295,-0.0012386535527184606,0.16264554858207703,0.015834003686904907,0.0002647642104420811,4.049070696510171e-07,-7.755405704301666e-07,1.8019264302893134e-07,0.7421188354492188,-0.00037041434552520514,-0.014149441383779049,-3.482611646177247e-05,0,0,0,0,1,0,0,0,1,0,16
0.2757681608200073,0.0010143655817955732,0.01340525969862938,-1.1444127267168369e-05,0.291738361120224,-0.000975765404291451,0.16224001348018646,0.015631595626473427,0.00026137562235817313,4.049070696510171e-07,-7.755405704301666e-07,1.8019264302893134e-07,0.7279625535011292,-0.0003975606232415885,-0.014161362312734127,-1.6946951291174628e-05,0,0,0,0,1,0,0,0,1,0,6
0.2893202304840088,0.0009451787918806076,0.013660508207976818,-0.00012819989933632314,0.30688297748565674,-0.000723015982657671,0.12772521376609802,0.014215442351996899,0.00023610646894667298,-8.709401413398155e-07,2.8506770831882022e-05,1.8575916556073935e-06,0.713796854019165,-0.00039677010499872267,-0.014169075526297092,1.530889312562067e-05,0,0,0,0,0,1,0,0,1,0,5
0.3030884265899658,0.000742544827517122,0.013847561553120613,-0.000261671346379444,0.32086890935897827,-0.0004908895934931934,0.12039799988269806,0.013780029490590096,0.0002285571681568399,-1.1529825769684976e-06,3.4959008189616725e-05,1.9426845483394573e-06,0.6996241211891174,-0.0003637053305283189,-0.014175387099385262,4.7595709474990144e-05,0,0,0,0,1,0,0,0,1,0,16
0.3170175850391388,0.00048678298480808735,0.01399061270058155,-0.00022998319764155895,0.3339919149875641,-0.0002737969043664634,0.11646071076393127,0.01277538575232029,0.00021118154108989984,-2.950475163743249e-06,7.55775545258075e-05,-3.6452525026264837e-13,0.6854459047317505,-0.0003136482264380902,-0.014180295169353485,4.9287238653050736e-05,0,0,0,0,1,0,0,0,1,0,7
0.33032700419425964,0.0011492628837004304,0.013769307173788548,-2.535692829042091e-06,0.34638717770576477,-6.889894575579092e-05,0.11196405440568924,0.012087318114936352,0.00019980753131676465,-2.791179895211826e-06,7.14975394657813e-05,3.644487055892709e-13,0.6712638735771179,-0.00026530332979746163,-0.014183100312948227,4.757298302138224e-05,0,0,0,0,0,0,1,0,1,0,12
0.343313992023468,0.0020512540359050035,0.013251515105366707,0.0001677610562182963,0.3592540919780731,0.0014105371665209532,0.1414707750082016,0.014295564033091068,0.003377904649823904,3.6201536204316653e-06,1.611020888958592e-05,1.747986789268907e-05,0.6570791006088257,-0.00021463200391735882,-0.014185905456542969,5.9331709053367376e-05,0,0,0,0,0,0,1,0,1,0,12
0.3559684753417969,0.00301060127094388,0.012411089614033699,0.0017083754064515233,0.3734533190727234,0.004765286576002836,0.1457274705171585,0.014120439067482948,0.003336042631417513,3.6201536204316653e-06,1.611020888958592e-05,1.747986789268907e-05,0.6428925395011902,-0.00014142011059448123,-0.01418730802834034,8.456899377051741e-05,0,0,0,0,0,0,1,0,1,0,3
0.3680117130279541,0.005369669757783413,0.011754386126995087,0.002543920651078224,0.38703393936157227,0.007950102910399437,0.12847749888896942,0.012907412834465504,0.002994310576468706,-1.965367300726939e-05,4.709641507361084e-05,2.5936087695299648e-05,0.6287047863006592,-3.697580541484058e-05,-0.014186606742441654,0.0001697448460618034,0,0,1,0,0,0,0,0,1,0,10
0.37996119260787964,0.00794141460210085,0.012176177464425564,0.0025966735556721687,0.39963972568511963,0.010866355150938034,0.11383721977472305,0.012260674498975277,0.0028264792636036873,-3.967566954088397e-05,7.276597170857713e-05,-5.831552688656538e-12,0.6145396828651428,0.0004760085139423609,-0.01413752045482397,0.0007934992900118232,0,0,1,0,0,0,0,0,1,0,15
0.39238008856773376,0.010539185255765915,0.012602525763213634,0.0025922530330717564,0.4115583300590515,0.013614018447697163,0.1145234927535057,0.011627142317593098,0.00268046697601676,-3.7444791814778e-05,6.877637497382239e-05,0.0,0.6004592180252075,0.0016110267024487257,-0.014023921452462673,0.0014136933023110032,0,0,1,0,0,0,0,0,0,0,6
0.40516528487205505,0.013131649233400822,0.01291036605834961,0.0026141058187931776,0.42283886671066284,0.016214579343795776,0.11012726277112961,0.01099580992013216,0.002534921746701002,-3.541342812241055e-05,6.50453002890572e-05,5.829382115907222e-12,0.5865100026130676,0.0033062107395380735,-0.013892791233956814,0.0018859701231122017,0,0,0,0,0,1,0,0,0,0,5
0.4181925058364868,0.015787426382303238,0.013112671673297882,0.0026890821754932404,0.4334915280342102,0.01867038942873478,0.1092800721526146,0.010379001498222351,0.0023927262518554926,-3.3426615118514746e-05,6.139602919574827e-05,5.828441895783243e-12,0.5726943016052246,0.005416460335254669,-0.013747986406087875,0.0022931103594601154,0,0,0,0,1,0,0,0,0,0,15
0.43065521121025085,0.018854252994060516,0.012128796428442001,0.0023676990531384945,0.44354450702667236,0.020987944677472115,0.1111873909831047,0.009792421944439411,0.0022574986796826124,-3.1536805181531236e-05,5.792493175249547e-05,-8.741396495537401e-12,0.559046745300293,0.007947579957544804,-0.013536214828491211,0.0027766709681600332,0,0,0,0,1,0,0,0,0,0,18
0.4416506290435791,0.02115151658654213,0.009950820356607437,0.0015507617499679327,0.4679708480834961,0.022087829187512398,0.20388264954090118,0.058825284242630005,-0.0015242757508531213,-9.101715477299877e-06,5.079089169157669e-05,0.0015514838742092252,0.5457035303115845,0.011088746599853039,-0.013173677958548069,0.0034367069602012634,0,0,0,0,1,0,0,0,0,0,12
0.4502468705177307,0.02241796813905239,0.008052587509155273,0.0012386073358356953,0.5253391861915588,0.020329931750893593,0.36610090732574463,0.05619065836071968,-0.001945348922163248,-9.101715477299877e-06,5.079089169157669e-05,0.0015514838742092252,0.5327646732330322,0.014879375696182251,-0.01273540873080492,0.004076957702636719,0,0,0,0,1,0,0,0,0,0,9
0.4575752913951874,0.023478055372834206,0.0068994127213954926,0.0005705647636204958,0.5801212191581726,0.01816490851342678,0.3141377866268158,0.053640663623809814,-0.002340784529224038,-9.101715477299877e-06,5.079089169157669e-05,0.0015514838742092252,0.5213769674301147,0.01859378069639206,-0.009871580637991428,0.0032182943541556597,0,0,0,0,1,0,0,0,0,0,6
0.4641679525375366,0.0240232702344656,0.00613261666148901,0.0005072098574601114,0.6317358613014221,0.01566937007009983,0.12847857177257538,0.04501430690288544,-0.002233377890661359,-5.209688879403984e-06,7.082635420374572e-05,0.0014072128105908632,0.5140715837478638,0.020973479375243187,-0.0050032841973006725,0.001627634628675878,0,0,0,0,0,1,0,0,0,0,17
0.470638632774353,0.024509036913514137,0.007092251442372799,0.0004255030071362853,0.6755872368812561,0.013322711922228336,0.1923014223575592,0.04314282909035683,-0.0024522936437278986,-4.925056146021234e-06,7.22738477634266e-05,0.0013955601025372744,0.5121375322341919,0.021571671590209007,0.0006861546426080167,-0.00020041705283802003,0,0,0,0,0,1,0,0,0,1,13
0.47854769229888916,0.024720700457692146,0.008540294133126736,-6.445286999223754e-06,0.7170166969299316,0.010824739001691341,0.1296776384115219,0.037845999002456665,-0.002318211365491152,1.477241312386468e-06,9.804422734305263e-05,0.0011598559794947505,0.5153504610061646,0.021267186850309372,0.004225969314575195,-0.00023985878215171397,0,0,0,0,0,1,0,0,1,1,12
0.48755085468292236,0.024425994604825974,0.008770717307925224,-0.0002176276029786095,0.7538126707077026,0.008473066613078117,0.11540593951940536,0.034951817244291306,-0.0022742990404367447,8.044907190196682e-06,0.0001214191215694882,0.0009091721149161458,0.5205482244491577,0.021001141518354416,0.0058998167514801025,-0.0003945177886635065,0,0,0,0,0,1,0,0,1,1,11
0.49561870098114014,0.025297774001955986,0.007733501959592104,0.0019425277132540941,0.7864525318145752,0.0063270386308431625,0.10791642218828201,0.03087065927684307,-0.0020354369189590216,2.286924427608028e-05,0.00016781642625574023,0.00027205049991607666,0.5273870229721069,0.020759878680109978,0.007372085005044937,-0.00029717342113144696,0,0,0,0,0,1,0,0,1,1,16
0.5030408501625061,0.02835400588810444,0.007335351780056953,0.003771830117329955,0.815660297870636,0.004402387421578169,0.10931550711393356,0.027956891804933548,-0.00184199761133641,2.5730840206961147e-05,0.00016536326438654214,1.7630501225607276e-11,0.5353900790214539,0.02061976119875908,0.008568462915718555,-0.00031859875889495015,0,0,0,0,0,1,0,0,1,1,6
0.5103530883789062,0.03244901821017265,0.0074284919537603855,0.004268833436071873,0.8422521948814392,0.002650330075994134,0.10949979722499847,0.025532901287078857,-0.0016822880133986473,2.3500162569689564e-05,0.00015102740144357085,0.0,0.5445119142532349,0.020122263580560684,0.00930218119174242,-0.0005108032491989434,0,0,0,0,0,1,0,0,1,1,4
0.5182164311408997,0.036929015070199966,0.008001936599612236,0.004767938982695341,0.8666157722473145,0.0010450893314555287,0.10962370783090591,0.023452337831258774,-0.0015452061779797077,2.1585457943729125e-05,0.00013872225827071816,5.860129655838042e-12,0.5543462038040161,0.019575580954551697,0.010245337150990963,-0.00057594059035182,0,0,0,1,0,0,0,0,1,1,17
0.5265944600105286,0.04175180196762085,0.008602086454629898,0.004468088503926992,0.8890536427497864,-0.00043327390449121594,0.10971362143754959,0.021644286811351776,-0.0014260784955695271,1.992147008422762e-05,0.00012802844867110252,-5.854267157850979e-12,0.5650290250778198,0.01896617002785206,0.01095954142510891,-0.0006314812926575541,0,0,0,1,0,0,0,0,1,1,4
0.5345648527145386,0.04464814066886902,0.007098493631929159,0.0014778260374441743,0.9098080396652222,-0.0018007210455834866,0.10977990925312042,0.020055994391441345,-0.0013214306673035026,1.845970837166533e-05,0.00011863421241287142,5.849510979760719e-12,0.5759044885635376,0.01833411306142807,0.011057362891733646,-0.0006472807726822793,0,0,0,1,0,0,0,0,1,1,13
0.5406859517097473,0.04429192095994949,0.005954680498689413,-0.0016024463111534715,0.9290758967399597,-0.003070223843678832,0.10982946306467056,0.01864744909107685,-0.0012286256533116102,1.7163349184556864e-05,0.00011030297173419967,0.0,0.5873250961303711,0.01766072027385235,0.011697937734425068,-0.0006936811259947717,0,0,0,1,0,0,0,0,1,1,16
0.5460562109947205,0.041351452469825745,0.005185746122151613,-0.003684426425024867,0.9470193386077881,-0.004252461716532707,0.10986698418855667,0.017387719824910164,-0.001145626069046557,1.6003930795704946e-05,0.00010285174357704818,2.921174803785509e-12,0.5993353128433228,0.016945626586675644,0.012258922681212425,-0.0007317824638448656,0,0,0,1,0,0,0,0,1,1,18
0.5513312816619873,0.03809754177927971,0.005633813329041004,-0.003599830437451601,0.9637733101844788,-0.005356330890208483,0.10989571362733841,0.016252540051937103,-0.0010708327172324061,1.4959134205128066e-05,9.613716247258708e-05,5.8396161170537475e-12,0.6118526458740234,0.016194628551602364,0.012711216695606709,-0.0007658769027329981,0,0,0,1,0,0,0,0,1,0,12
0.5571525692939758,0.035203587263822556,0.006712214555591345,-0.0032310686074197292,0.9794513583183289,-0.006389314774423838,0.10991793125867844,0.015222628600895405,-0.0010029750410467386,1.4011220628162846e-05,9.004524326883256e-05,2.9186486127236178e-12,0.6247630715370178,0.015413191169500351,0.01305902749300003,-0.0007924138335511088,0,0,0,1,0,0,0,0,1,0,0
0.5641065239906311,0.03206902742385864,0.00744363060221076,-0.0029618588741868734,0.9941501021385193,-0.007357767783105373,0.10993528366088867,0.01428242027759552,-0.0009410271304659545,1.3145856428309344e-05,8.448386506643146e-05,-2.9176574350975315e-12,0.6379743814468384,0.014609270729124546,0.013324793428182602,-0.000812890415545553,0,0,0,1,0,0,0,0,1,0,17
0.5720517039299011,0.030079929158091545,0.008057910948991776,-0.001795363612473011,1.0079518556594849,-0.00826712604612112,0.10994893312454224,0.0134192556142807,-0.0008841555682010949,1.2351393706921954e-05,7.937815826153383e-05,2.9168028669451784e-12,0.6514143943786621,0.013786924071609974,0.01352604664862156,-0.0008295454899780452,0,0,0,1,0,0,0,0,1,1,0
