lt_dp_posx,lt_dp_posy,lt_dp_velx,lt_dp_vely,ball_posx,ball_posy,ball_posz,ball_vel_x,ball_vel_y,ball_rot_x,ball_rot_y,ball_rot_z,rt_gk_posx,rt_gk_posy,rt_gk_velx,rt_gk_vely,action_left,action_top_left,action_top,action_top_right,action_right,action_bottom_right,action_bottom,action_bottom_left,action_sprint,action_dribble,sel_action
-1.0110293626785278,-0.0,0.0,-0.0,0.019999999552965164,-0.0,0.11061639338731766,-0.0,0.0,0.0,-0.0,0.0,1.0110293626785278,0.0,-0.0,0.0,0,0,0,0,0,0,0,0,0,0,5
0.0,-0.0,0.0,-0.0,0.019999999552965164,-0.0,0.11059734225273132,-0.0,0.0,0.0,-0.0,0.0,1.0110293626785278,0.0,-0.0,0.0,0,0,0,0,1,0,0,0,0,0,5
0.0011738373432308435,7.744034580259296e-11,0.0034112127032130957,2.5561308278354566e-11,0.019999999552965164,-0.0,0.10930104553699493,-0.0,0.0,0.0,-0.0,0.0,1.0081888437271118,-1.9418572305696102e-10,-0.004046103451400995,-2.3631410717150914e-10,0,0,0,0,1,0,0,0,0,0,5
0.00442265160381794,-8.389731687152846e-10,0.0050968751311302185,-3.420025096456669e-10,0.019999999552965164,-0.0,0.11075475811958313,-0.0,0.0,0.0,-0.0,0.0,1.0032682418823242,-3.853151686605827e-10,-0.005623172502964735,-1.3369805262897216e-10,0,0,0,0,1,0,0,0,0,0,13
0.00917257834225893,-2.2344774919247357e-09,0.006656940560787916,-3.2433725150049497e-10,0.023521598428487778,-2.365284079708374e-10,0.1245177686214447,0.008653565309941769,-5.815478654191963e-10,8.111915002564918e-13,2.5089022983593168e-06,-2.1285896222716927e-12,0.9968275427818298,-1.632297491616086e-10,-0.0070915501564741135,6.442884559199058e-10,0,0,0,0,1,0,0,0,1,0,16
0.016618236899375916,-2.4076329818711883e-09,0.008066108450293541,-8.788801630910115e-11,0.03175758942961693,-7.908435573078521e-10,0.11630871891975403,0.007858331315219402,-5.296175720204133e-10,7.081689835236604e-12,4.436245944816619e-05,-4.773446178260587e-13,0.9889967441558838,3.598189246556416e-10,-0.008409163914620876,3.981504015371229e-10,0,0,0,0,1,0,0,0,1,0,5
0.02537941373884678,-2.574654711651192e-09,0.009301370941102505,-1.7123570617005868e-10,0.0393972210586071,-1.3057331882393441e-09,0.11498811841011047,0.007451809477061033,-5.022312010716234e-10,7.016100807971659e-12,4.4079752115067095e-05,0.0,0.9799808859825134,5.627230903471059e-10,-0.009335489943623543,3.311163149222196e-11,0,0,0,0,1,0,0,0,1,0,16
0.034132156521081924,-3.463002995474085e-09,0.009388974867761135,-2.1289396634482927e-10,0.04662004113197327,-1.7925310125121996e-09,0.10737019777297974,0.007032405119389296,-4.739645342866083e-10,6.621275142754124e-12,4.159919990343042e-05,1.3886183897827023e-18,0.9704952239990234,7.667525503407546e-10,-0.00983055867254734,1.667769533586494e-10,0,0,0,0,1,0,0,0,1,0,18
0.04203260689973831,-4.8359907189876594e-09,0.009879720397293568,-1.2068911148244155e-10,0.05418930947780609,2.9174168503232067e-06,0.11805228888988495,0.014280705712735653,2.919623329944443e-05,3.3874468385874934e-07,2.015978907365934e-06,2.8685761321867176e-07,0.9601738452911377,8.68622285210563e-10,-0.010699383914470673,4.524610200395962e-11,0,0,0,0,1,0,0,0,1,0,13
0.052399106323719025,7.602933749240037e-08,0.010675586760044098,8.094853001239244e-07,0.06808121502399445,3.095630745519884e-05,0.143874853849411,0.0137999402359128,2.7823760319733992e-05,2.8574416433002625e-07,7.852933777030557e-06,3.5746427329286234e-07,0.9492757320404053,2.358199253649218e-07,-0.010805971920490265,6.668256560260488e-07,0,0,0,0,1,0,0,0,1,0,13
0.06316081434488297,5.078705271444051e-06,0.011016691103577614,8.291357517009601e-06,0.08143512904644012,5.742504799854942e-05,0.12316391617059708,0.012638741172850132,2.4204722649301402e-05,-2.3726711262384015e-08,4.123845064896159e-05,4.413427632243838e-07,0.9381436109542847,1.5146996474868502e-06,-0.011441286653280258,1.7556407101437799e-06,0,0,0,0,1,0,0,0,1,0,5
0.07459624856710434,1.7383581507601775e-05,0.011754298582673073,1.580666685185861e-05,0.09368103742599487,8.059756510192528e-05,0.11358216404914856,0.011889006942510605,2.226955803052988e-05,-3.1278011647373205e-07,7.049005944281816e-05,9.110762274819328e-14,0.9263702630996704,3.865600774588529e-06,-0.012035930529236794,2.6680413611757103e-06,0,0,0,0,1,0,0,0,1,0,5
0.0867052748799324,3.561630001058802e-05,0.012389439158141613,1.9670931578730233e-05,0.10523895174264908,0.000102247555332724,0.11358419060707092,0.011279221624135971,2.1127936634002253e-05,-2.951546491658519e-07,6.672012386843562e-05,-4.5545564661322174e-14,0.9140385389328003,6.736872364854207e-06,-0.012554140761494637,3.0727239845873555e-06,0,0,0,0,1,0,0,0,1,0,5
0.0993843674659729,5.8163168432656676e-05,0.012895552441477776,2.524073534004856e-05,0.11617346853017807,0.00012272977619431913,0.11179271340370178,0.010654293932020664,1.9957340555265546e-05,-2.787993764741259e-07,6.302300607785583e-05,0.0,0.9012559056282043,1.0074712918139994e-05,-0.01295384205877781,3.5490102163748816e-06,0,0,0,0,1,0,0,0,1,0,0
0.11249476671218872,-0.0004143470723647624,0.013238980434834957,2.622875399538316e-05,0.12649552524089813,0.0001420647749910131,0.11068519949913025,0.010053449310362339,1.883185177575797e-05,-2.630779931678262e-07,5.946916280663572e-05,-2.27654978473147e-14,0.8881267309188843,1.3836553989676759e-05,-0.013260280713438988,3.961170477850828e-06,0,0,0,0,1,0,0,0,1,0,16
0.12573377788066864,-0.0022550304420292377,0.013238980434834957,1.4308394383988343e-05,0.13687163591384888,0.00013201682304497808,0.11983438581228256,0.015870139002799988,-0.00026511444593779743,-2.489134089955769e-07,6.192745786393061e-06,-4.67152801775228e-07,0.8747334480285645,1.808591878216248e-05,-0.013492387719452381,4.477325092011597e-06,0,0,0,0,1,0,0,0,1,0,5
0.13897283375263214,-0.0022472809068858624,0.013239067979156971,2.38311622524634e-06,0.15238872170448303,-0.00012679917563218623,0.15824487805366516,0.015420145355165005,-0.0002571709919720888,-6.145269537682907e-08,1.0351108358008787e-05,-7.976562415024091e-07,0.8611396551132202,2.100963865814265e-05,-0.013669097796082497,-3.131251787635847e-06,0,0,0,0,1,0,0,0,1,0,13
0.15235328674316406,-0.0022164478432387114,0.013511145487427711,7.768210343783721e-05,0.167576864361763,-0.0003798856632784009,0.11589527875185013,0.014444848522543907,-0.00023942813277244568,1.032533987199713e-06,3.449430732871406e-05,-1.8853394294637837e-06,0.8473948240280151,3.3414205518056406e-06,-0.013800929300487041,-2.9296541470102966e-05,0,0,0,0,1,0,0,0,1,0,18
0.16599449515342712,-0.0020569106563925743,0.01373694185167551,0.00022586845443584025,0.1814953088760376,-0.0006099775200709701,0.11778201162815094,0.013579203747212887,-0.00022413079568650573,1.898345090012299e-06,5.348171544028446e-05,-1.7048748759407317e-06,0.833536684513092,-3.9555332477902994e-05,-0.013899803161621094,-5.406394484452903e-05,0,0,0,0,1,0,0,0,1,0,5
0.17982743680477142,-0.001779185957275331,0.013905588537454605,0.0002775020548142493,0.19456462562084198,-0.0008253338164649904,0.1121436133980751,0.012757467105984688,-0.00021016695245634764,2.936182227131212e-06,7.546893175458536e-05,0.0,0.8195940852165222,-9.373736975248903e-05,-0.013974133878946304,-5.426780990092084e-05,0,0,0,0,1,0,0,0,1,0,16
0.19380734860897064,-0.0015371895860880613,0.014034789986908436,0.00021276755433063954,0.20693086087703705,-0.0010290559148415923,0.11327101290225983,0.012051300145685673,-0.000198533438378945,2.7734383820643416e-06,7.128595461836085e-05,7.288897133431171e-13,0.8055877685546875,-0.00014808330161031336,-0.014030232094228268,-5.440026870928705e-05,0,0,0,0,1,0,0,0,1,0,18
0.20789217948913574,-0.0013586280401796103,0.014121698215603828,0.0001510560978204012,0.218611940741539,-0.0012214905582368374,0.11138108372688293,0.011379649862647057,-0.0001874686568044126,2.6188445190200582e-06,6.731242319801822e-05,-3.6437468168594445e-13,0.7915341258049011,-0.00020243949256837368,-0.0140709038823843,-5.4219017329160124e-05,0,0,0,0,1,0,0,0,1,0,16
0.2219693511724472,-0.001245570252649486,0.014121674932539463,8.811054431134835e-05,0.22963565587997437,-0.0014030957827344537,0.11085901409387589,0.010735207237303257,-0.00017685210332274437,2.4705575469852192e-06,6.35010001133196e-05,7.286221864570563e-13,0.7774448990821838,-0.0002564442693255842,-0.014102458953857422,-5.382376184570603e-05,0,0,0,0,1,0,0,0,1,0,0
0.23581770062446594,-0.0011934363283216953,0.013533059507608414,2.4124374249367975e-05,0.2450241893529892,-0.001401265966705978,0.161333829164505,0.015794476494193077,2.1286312403390184e-05,8.988234299067699e-07,1.2282899660931434e-05,-9.630429076423752e-07,0.7633291482925415,-0.00031005797791294754,-0.014125599525868893,-5.355015673558228e-05,0,0,0,0,1,0,0,0,1,0,18
0.2491522878408432,-1.0731955626397394e-05,0.013312707655131817,4.2698598008428235e-06,0.26070061326026917,-0.0013801270397379994,0.12239403277635574,0.015528500080108643,2.0811223294003867e-05,8.826152679830557e-07,1.3367628525884356e-05,-9.209391578224313e-07,0.7491937279701233,-0.0003637910704128444,-0.014142429456114769,-5.387990677263588e-05,0,0,0,0,1,0,0,0,1,0,16
0.26246488094329834,0.0010156246135011315,0.013312697410583496,1.8982938172484864e-06,0.2760438323020935,-0.0012386427260935307,0.16264566779136658,0.015834026038646698,0.00026476397761143744,4.0487330466021376e-07,-7.757118396511942e-07,1.8028219983534655e-07,0.7350434064865112,-0.0004178445669822395,-0.014155752956867218,-5.419361696112901e-05,0,0,0,0,1,0,0,0,1,0,18
0.27579623460769653,0.0010143746621906757,0.01340525969862938,-1.1444127267168369e-05,0.29176610708236694,-0.0009757546940818429,0.16224044561386108,0.015631617978215218,0.000261375360423699,4.0487330466021376e-07,-7.757118396511942e-07,1.8028219983534655e-07,0.7208821177482605,-0.0004565900599118322,-0.01416557002812624,-1.9792609236901626e-05,0,0,0,0,1,0,0,0,1,0,18
0.289348304271698,0.0009451876976527274,0.013660508207976818,-0.00012819989933632314,0.3069107234477997,-0.000723005214240402,0.12772513926029205,0.01421547681093216,0.00023610671632923186,-8.709523058314517e-07,2.850646706065163e-05,1.8576369029688067e-06,0.7067124843597412,-0.00045266817323863506,-0.01417258195579052,2.3330743715632707e-05,0,0,0,0,1,0,0,0,1,0,5
0.30311647057533264,0.0007425531512126327,0.013847210444509983,-0.00026167178293690085,0.320896714925766,-0.0004908785922452807,0.12039768695831299,0.013780053704977036,0.00022855722636450082,-1.1529945140864584e-06,3.4958782634930685e-05,1.9427257029747125e-06,0.6925371289253235,-0.00040975879528559744,-0.014177490957081318,4.986363273928873e-05,0,0,0,0,1,0,0,0,1,0,6
0.3170456290245056,0.000486790289869532,0.01399061270058155,-0.00022998453641775995,0.3340197205543518,-0.0002737858158070594,0.11646080762147903,0.012775406241416931,0.00021118170116096735,-2.950477210106328e-06,7.557767094112933e-05,-7.290505005252967e-13,0.6783573627471924,-0.000359014724381268,-0.014181697741150856,5.146381590748206e-05,0,0,0,0,0,1,0,0,1,0,7
0.33035531640052795,0.0011493887286633253,0.013769297860562801,-2.535621433708002e-06,0.3464149832725525,-6.88876534695737e-05,0.11196406185626984,0.012087337672710419,0.00019980772049166262,-2.7911826236959314e-06,7.149765588110313e-05,3.644487055892709e-13,0.6641741991043091,-0.00030667215469293296,-0.014184502884745598,5.306109960656613e-05,0,0,0,0,0,0,1,0,1,0,12
0.34334254264831543,0.002051485003903508,0.013251515105366707,0.00016776283155195415,0.3592819273471832,0.0014105550944805145,0.1414709836244583,0.014295610599219799,0.003377920249477029,3.620198185672052e-06,1.6110165233840235e-05,1.7479998859926127e-05,0.6499884128570557,-0.0002481517440173775,-0.014186606742441654,6.298681546468288e-05,0,0,0,0,0,0,1,0,1,0,12
0.3559970259666443,0.0030108324717730284,0.012411089614033699,0.0017083788989111781,0.3734813332557678,0.004765320103615522,0.1457282155752182,0.014120488427579403,0.003336057998239994,3.620198185672052e-06,1.6110165233840235e-05,1.7479998859926127e-05,0.6358008980751038,-0.00017970574845094234,-0.014188009314239025,7.291253132279962e-05,0,0,0,0,0,0,1,0,1,0,6
0.3680402338504791,0.00536990026012063,0.011754386126995087,0.002543920651078224,0.3870619535446167,0.007950155064463615,0.1284773349761963,0.01290747057646513,0.0029943292029201984,-1.9653403796837665e-05,4.7096062189666554e-05,2.593648423498962e-05,0.6216160655021667,1.7515460058348253e-05,-0.014175387099385262,0.0004223641590215266,0,0,0,0,0,1,0,0,1,0,12
0.37998974323272705,0.007941649295389652,0.012176177464425564,0.0025966735556721687,0.39966779947280884,0.010866421274840832,0.11383723467588425,0.01226071361452341,0.0028264906723052263,-3.9675840525887907e-05,7.276620453922078e-05,0.0,0.6074733734130859,0.0007559713558293879,-0.014108069241046906,0.00099667115136981,0,0,0,0,0,1,0,0,1,0,16
0.3924086093902588,0.010539417155086994,0.012602525763213634,0.002592245815321803,0.4115864038467407,0.013614094816148281,0.11452347040176392,0.011627190746366978,0.002680479781702161,-3.744498098967597e-05,6.877666601212695e-05,-5.83040083226849e-12,0.5934270024299622,0.002061871811747551,-0.013993768021464348,0.0015342117985710502,0,0,0,0,0,1,0,0,1,0,12
0.4051938056945801,0.01313187275081873,0.01291036605834961,0.002614091383293271,0.4228670597076416,0.01621466688811779,0.11012730002403259,0.010995849967002869,0.002534933853894472,-3.5413599107414484e-05,6.504554039565846e-05,5.829382115907222e-12,0.5794954895973206,0.0038173608481884003,-0.013876311480998993,0.001936024404130876,0,0,0,0,0,1,0,0,1,0,14
0.41822102665901184,0.015787644311785698,0.013112671673297882,0.002689067739993334,0.43351972103118896,0.01867048814892769,0.10928008705377579,0.01037904154509306,0.0023927383590489626,-3.342678246553987e-05,6.139626202639192e-05,5.828441895783243e-12,0.5656965374946594,0.0059726424515247345,-0.013731507584452629,0.002334045944735408,0,0,0,0,0,0,0,0,1,0,5
0.4306837320327759,0.018854456022381783,0.012128796428442001,0.0023676694836467505,0.44357267022132874,0.02098805084824562,0.1111873909831047,0.009792455472052097,0.0022575100883841515,-3.1536957976641133e-05,5.792513911728747e-05,-5.827597519131311e-12,0.5520994067192078,0.008612544275820255,-0.01346223521977663,0.0029245561454445124,0,0,0,0,1,0,0,0,1,0,17
0.4416791796684265,0.0211517084389925,0.009950820356607437,0.001550747430883348,0.470914363861084,0.022771410644054413,0.16111387312412262,0.0682377740740776,0.0007813504198566079,-4.883486781182e-06,3.2020303478930146e-05,0.0002809592988342047,0.5388292670249939,0.011882427148520947,-0.01310250349342823,0.003549884306266904,0,0,0,0,1,0,0,0,1,1,5
0.45027539134025574,0.022418154403567314,0.008052237331867218,0.0012386073358356953,0.5371477603912354,0.023476341739296913,0.208379328250885,0.0646417960524559,0.0006433031521737576,-4.883486781182e-06,3.2020303478930146e-05,0.0002809592988342047,0.5261746644973755,0.015622326172888279,-0.011779981665313244,0.003566111670807004,0,0,0,0,1,0,0,0,1,1,18
0.4576038122177124,0.023478232324123383,0.0068994127213954926,0.000570550502743572,0.5992862582206726,0.024043671786785126,0.12039799988269806,0.05571115389466286,0.0004889117553830147,-4.989145963918418e-06,5.350415813154541e-05,0.00026338669704273343,0.5164048671722412,0.018493788316845894,-0.007800494786351919,0.0022197882644832134,0,0,0,0,1,0,0,0,1,0,13
0.46419647336006165,0.02402344159781933,0.00613261666148901,0.0005071813357062638,0.6521403193473816,0.02446884661912918,0.10162673145532608,0.05022582784295082,0.0003742591943591833,-5.006100764148869e-06,6.459296128014103e-05,0.0002523317816667259,0.5115633010864258,0.01984040066599846,-0.002284610876813531,0.0006220699870027602,0,0,0,0,1,0,0,0,1,0,11
0.47066372632980347,0.024531347677111626,0.007081382442265749,0.0004977986100129783,0.6962228417396545,0.024790242314338684,0.11008015275001526,0.040419675409793854,0.0002863729896489531,-4.7651692511863075e-06,0.00012781644181814045,0.00017176332767121494,0.5125197768211365,0.0199167151004076,0.0030205529183149338,6.50232468615286e-05,0,0,0,0,1,0,0,0,1,0,18
0.4785565435886383,0.024942394345998764,0.008526970632374287,0.0003155053418595344,0.7332572340965271,0.02504776231944561,0.10895925760269165,0.03464437276124954,0.00023854704340919852,-4.211467057757545e-06,0.00016537339251954108,9.781614789972082e-05,0.5163908004760742,0.020123708993196487,0.004563962575048208,0.0002915351651608944,0,0,0,0,1,0,0,0,1,0,8
0.48767733573913574,0.025100283324718475,0.009334437549114227,7.246669701999053e-05,0.7657325863838196,0.02527131326496601,0.10908479243516922,0.030929747968912125,0.00021314164041541517,-2.977308668050682e-06,0.00018294360779691488,-2.9447562010370687e-12,0.5218100547790527,0.02026047371327877,0.006103866267949343,0.00013871626288164407,0,0,0,0,0,0,0,1,1,0,11
0.4972637891769409,0.02516944520175457,0.010049398988485336,6.63158789393492e-05,0.795041561126709,0.02547328919172287,0.10932967811822891,0.028057904914021492,0.00019335134129505605,-2.7009139103029156e-06,0.00016596022760495543,0.0,0.5289553999900818,0.020406724885106087,0.007680967450141907,0.00016070004494395107,0,0,0,0,0,0,0,1,1,0,6
0.5078018307685852,0.025231949985027313,0.01096276007592678,5.609174331766553e-05,0.8217308521270752,0.025657210499048233,0.10950210690498352,0.025627586990594864,0.00017660371668171138,-2.466998921590857e-06,0.00015158706810325384,2.200432761348403e-12,0.5375022888183594,0.020569777116179466,0.008942603133618832,0.00017896867939271033,0,0,0,0,0,1,0,0,1,0,3
0.5191561579704285,0.025290530174970627,0.011737147346138954,5.6819237215677276e-05,0.8461859226226807,0.025825731456279755,0.10962531715631485,0.023541172966361046,0.00016222576959989965,-2.2661740786134033e-06,0.0001392472768202424,7.325537745850319e-13,0.547203779220581,0.020736580714583397,0.009962874464690685,0.00018037307017948478,0,0,1,0,0,0,0,0,1,0,15
0.5312345623970032,0.025347884744405746,0.012389090843498707,5.275295188766904e-05,0.8687095642089844,0.02598094567656517,0.1097147986292839,0.021727727726101875,0.00014972902135923505,-2.0916186258546077e-06,0.00012852155487053096,7.318158123763296e-13,0.5577830076217651,0.020910771563649178,0.010821372270584106,0.000187472251127474,0,0,1,0,0,0,0,0,0,0,0
0.5438851714134216,0.02540089376270771,0.012878580950200558,5.121255890117027e-05,0.8895446062088013,0.02612452208995819,0.10978078097105026,0.020134450867772102,0.00013874955766368657,-1.938253262778744e-06,0.00011909786553587765,3.656085850733959e-13,0.5692049860954285,0.021083887666463852,0.011680150404572487,0.0001841643825173378,0,0,1,0,0,0,0,0,0,0,17
0.556967556476593,0.025454020127654076,0.013264895416796207,5.034730565967038e-05,0.9088884592056274,0.026257827877998352,0.10983012616634369,0.018721286207437515,0.00012901121226605028,-1.802221845537133e-06,0.0001107392818084918,-3.653624711802417e-13,0.5813212394714355,0.021258970722556114,0.01228128932416439,0.00018901565636042506,0,0,1,0,0,0,0,0,0,1,12
0.570384681224823,0.025505928322672844,0.013556740246713161,4.871397322858684e-05,0.9269031882286072,0.026381973177194595,0.10986748337745667,0.017457257956266403,0.00012030061043333262,-1.6805450968604418e-06,0.00010326273331884295,-3.651576924949135e-13,0.5939595103263855,0.021434588357806206,0.01281475555151701,0.00018033082596957684,0,0,1,0,0,0,0,0,0,1,6
0.5840438604354858,0.025558913126587868,0.013764302246272564,5.029849853599444e-05,0.9437245726585388,0.026497893035411835,0.10989609360694885,0.016318101435899734,0.0001124505142797716,-1.5708873206676799e-06,9.652470180299133e-05,0.0,0.6070291996002197,0.02160525508224964,0.01315684337168932,0.0001843969657784328,0,0,0,0,0,1,0,0,0,1,7
0.5978924632072449,0.025610968470573425,0.01392710953950882,4.915134559269063e-05,0.9594662189483643,0.02660636603832245,0.10991822928190231,0.015284469351172447,0.00010532761370996013,-1.4713858718096162e-06,9.041070006787777e-05,0.0,0.6203861236572266,0.021778618916869164,0.01341860182583332,0.00018709016148932278,0,0,0,0,0,0,1,0,0,1,2
0.6118785738945007,0.025663098320364952,0.014042913913726807,5.041555414209142e-05,0.9742248058319092,0.026708073914051056,0.10993551462888718,0.01434076577425003,9.882448648568243e-05,-1.380543153572944e-06,8.482870907755569e-05,0.0,0.6339867115020752,0.0219460166990757,0.013649377040565014,0.00017870870942715555,0,1,0,0,0,0,0,0,0,1,0
0.6259675025939941,0.02571551688015461,0.014133885502815247,4.9822738219518214e-05,0.9880829453468323,0.026803573593497276,0.10994911938905716,0.01347433403134346,9.285378473578021e-05,-1.2971368050784804e-06,7.970372826093808e-05,7.292139982129076e-13,0.6477504372596741,0.022114228457212448,0.01379010733217001,0.00018174971046391875,0,1,0,0,0,0,0,0,0,1,5
0.6401338577270508,0.025767624378204346,0.014196490868926048,5.110019264975563e-05,1.0011123418807983,0.026893358677625656,0.1099599078297615,0.012674710713326931,8.734345465200022e-05,-1.2201612662465777e-06,7.497390470234677e-05,-1.8225681109717423e-13,0.6616402864456177,0.022280782461166382,0.013919892720878124,0.00017327156092505902,0,0,0,0,1,0,0,0,0,1,13
0.6543549299240112,0.02582060731947422,0.014247309416532516,5.047946615377441e-05,1.013374924659729,0.026977861300110817,0.10996851325035095,0.011933215893805027,8.22337024146691e-05,-1.148780597759469e-06,7.058786286506802e-05,0.0,0.6756269931793213,0.022443925961852074,0.013993378728628159,0.0001762095489539206,0,0,0,0,1,0,0,0,1,1,18
