lt_dp_posx,lt_dp_posy,lt_dp_velx,lt_dp_vely,ball_posx,ball_posy,ball_posz,ball_vel_x,ball_vel_y,ball_rot_x,ball_rot_y,ball_rot_z,rt_gk_posx,rt_gk_posy,rt_gk_velx,rt_gk_vely,action_left,action_top_left,action_top,action_top_right,action_right,action_bottom_right,action_bottom,action_bottom_left,action_sprint,action_dribble,sel_action
-1.0110293626785278,-0.0,0.0,-0.0,0.019999999552965164,-0.0,0.11061639338731766,-0.0,0.0,0.0,-0.0,0.0,1.0110293626785278,0.0,-0.0,0.0,0,0,0,0,0,0,0,0,0,0,5
0.0,-0.0,0.0,-0.0,0.019999999552965164,-0.0,0.11059734225273132,-0.0,0.0,0.0,-0.0,0.0,1.0110293626785278,0.0,-0.0,0.0,0,0,0,0,1,0,0,0,0,0,5
0.0,-0.0,0.0,-0.0,0.019999999552965164,-0.0,0.10930104553699493,-0.0,0.0,0.0,-0.0,0.0,1.0110293626785278,0.0,-0.0,0.0,0,0,0,0,1,0,0,0,0,0,5
0.002605511574074626,1.3680566401941263e-10,0.004109719302505255,2.5224112729094195e-11,0.019999999552965164,-0.0,0.11075475811958313,-0.0,0.0,0.0,-0.0,0.0,1.0081888437271118,-1.9418572305696102e-10,-0.004046103451400995,-2.3631410717150914e-10,0,0,0,0,1,0,0,0,0,0,5
0.005889641121029854,-1.5970879063686994e-09,0.005736230872571468,-3.9207298518917355e-10,0.019999999552965164,-0.0,0.11053141206502914,-0.0,0.0,0.0,-0.0,0.0,1.0032682418823242,-3.853151686605827e-10,-0.005623172502964735,-1.3369805262897216e-10,0,0,0,0,1,0,0,0,0,0,13
0.011982080526649952,-2.3340314125874784e-09,0.007240616716444492,-2.362129658539658e-10,0.02691209688782692,-4.666663722119324e-10,0.12254813313484192,0.008374633267521858,-5.659687718484463e-10,2.0085038233280672e-12,1.0416755685582757e-05,-2.8667975111862365e-12,0.9968275427818298,-1.6382978307305507e-10,-0.0070915501564741135,6.41905861797909e-10,0,0,0,0,1,0,0,0,1,0,5
0.019974837079644203,-2.479345617700801e-09,0.008583002723753452,-1.7994919443431456e-10,0.03486180678009987,-1.0046676823805e-09,0.11699162423610687,0.007705577649176121,-5.217304921423249e-10,7.288690484497096e-12,4.558203727356158e-05,0.0,0.9889967441558838,3.5241423668175287e-10,-0.008409163914620876,3.8721945094799537e-10,0,0,0,0,1,0,0,0,1,0,16
0.029211096465587616,-2.6511925987904306e-09,0.009742094203829765,-1.496287399538332e-10,0.04233737289905548,-1.510824132466837e-09,0.10775913298130035,0.007286667823791504,-4.933667918649576e-10,6.8923690539623994e-12,4.31035332439933e-05,6.943401107667453e-19,0.9799808859825134,5.386368573390143e-10,-0.009335489943623543,1.1917739364819546e-11,0,0,0,0,1,0,0,0,1,0,13
0.03715028613805771,-4.070698444991194e-09,0.009281553328037262,-1.6718125495085445e-10,0.049390897154808044,-1.9884056623453716e-09,0.11127554625272751,0.006866077426820993,-4.648892382164149e-10,6.494466856660219e-12,4.061513391206972e-05,-6.942896010505913e-19,0.9704952239990234,7.425701165075793e-10,-0.00983055867254734,1.6661122481664847e-10,0,0,0,0,1,0,0,0,1,0,5
0.04607756808400154,-4.900661654261285e-09,0.010248887352645397,-1.0085627472067316e-10,0.05977779999375343,1.4214143448043615e-05,0.1403011828660965,0.013893861323595047,2.8018363082082942e-05,2.857442211734451e-07,7.852933777030557e-06,3.574642164494435e-07,0.9601738452911377,8.441596310859723e-10,-0.010699383914470673,4.486788371393935e-11,0,0,0,0,1,0,0,0,1,0,18
0.05666933208703995,1.209588958772656e-06,0.010675542056560516,4.048628852615366e-06,0.0735815018415451,4.204217475489713e-05,0.12649618089199066,0.013696718961000443,2.7571653845370747e-05,2.785293133911182e-07,8.640456144348718e-06,3.6553785776050063e-07,0.9492757320404053,2.3641648283501127e-07,-0.010805971920490265,6.685908715553524e-07,0,0,0,0,1,0,0,0,1,0,0
0.06764684617519379,9.054887414094992e-06,0.011330842971801758,1.0955336620099843e-05,0.08641690015792847,6.69076616759412e-05,0.12636925280094147,0.01235953439027071,2.3456506824004464e-05,-9.507835585509383e-08,4.876920866081491e-05,3.7999774349373183e-07,0.9381436109542847,1.5186844848358305e-06,-0.011441286653280258,1.7602943671590765e-06,0,0,0,0,1,0,0,0,1,0,16
0.07936257123947144,2.4316739654750563e-05,0.012014280073344707,1.7938891687663272e-05,0.09837605804204941,8.939208782976493e-05,0.11752312630414963,0.011652267538011074,2.1826706870342605e-05,-3.049231338536629e-07,6.892834790050983e-05,9.110068385428938e-14,0.9263702630996704,3.876206392305903e-06,-0.012035930529236794,2.6779841846291674e-06,0,0,0,0,1,0,0,0,1,0,16
0.09171651303768158,4.395041105453856e-05,0.01260839868336916,2.160557050956413e-05,0.10968796163797379,0.00011058121890528128,0.11176754534244537,0.0110254418104887,2.0652551029343158e-05,-2.885046797018731e-07,6.521696195704862e-05,-4.55424103106266e-14,0.9140385389328003,6.781210686312988e-06,-0.012554140761494637,3.1325469080911716e-06,0,0,0,0,1,0,0,0,1,0,13
0.10458483546972275,6.889075302751735e-05,0.013062182813882828,2.7766725906985812e-05,0.12037452310323715,0.00013059900084044784,0.11096896231174469,0.010411463677883148,1.9502460418152623e-05,-2.7244587386121566e-07,6.158681935630739e-05,-4.553507500530338e-14,0.9012559056282043,1.0215468137175776e-05,-0.01295384205877781,3.6749713672179496e-06,0,0,0,0,1,0,0,0,1,0,13
0.11779036372900009,-0.0011668414808809757,0.013238980434834957,2.145966936950572e-05,0.13045881688594818,0.0001494886091677472,0.10908360034227371,0.009821703657507896,1.8397733583697118e-05,-2.570160688719625e-07,5.8098921726923436e-05,-4.5528430878865114e-14,0.8881267309188843,1.412143319612369e-05,-0.013260280713438988,4.114766397833591e-06,0,0,0,0,1,0,0,0,1,0,0
0.1310293972492218,-0.0022505000233650208,0.013239067979156971,9.537812729831785e-06,0.1431073695421219,2.7994654374197125e-05,0.1472282111644745,0.015537279658019543,-0.00025914341676980257,-6.145261011170078e-08,1.0351108358008787e-05,-7.97656298345828e-07,0.8747334480285645,1.8537371943239123e-05,-0.013492387719452381,4.6541899791918695e-06,0,0,0,0,1,0,0,0,1,0,13
0.14428842067718506,-0.0022447635419666767,0.01333785429596901,1.321675972576486e-05,0.15853729844093323,-0.0002293430588906631,0.14566361904144287,0.015342291444540024,-0.00025587400887161493,-6.145261011170078e-08,1.0351108358008787e-05,-7.97656298345828e-07,0.8611396551132202,2.1632975403917953e-05,-0.013669097796082497,-3.0073726975388126e-06,0,0,0,0,1,0,0,0,1,0,5
0.15778285264968872,-0.002170633291825652,0.013610019348561764,0.00013727426994591951,0.17323258519172668,-0.0004734790127258748,0.12910307943820953,0.014003572054207325,-0.00023157746181823313,1.456201971450355e-06,4.381480175652541e-05,-1.918556336022448e-06,0.8473948240280151,3.966590156778693e-06,-0.013800929300487041,-2.9392389478744008e-05,0,0,0,0,1,0,0,0,1,0,13
0.17150762677192688,-0.0019523954251781106,0.013809168711304665,0.0002824732509907335,0.18681393563747406,-0.0006976486183702946,0.11690471321344376,0.013139991089701653,-0.0002164687612093985,3.0237451937864535e-06,7.772020762786269e-05,-3.6456715467661494e-13,0.833536684513092,-3.914034823537804e-05,-0.013899803161621094,-5.4368072596844286e-05,0,0,0,0,1,0,0,0,1,0,13
0.1854040026664734,-0.0016744860913604498,0.013961861841380596,0.00025186705170199275,0.19959409534931183,-0.000908189918845892,0.1149793490767479,0.012468472123146057,-0.0002054059732472524,2.8694814773189137e-06,7.375453424174339e-05,3.644905015830202e-13,0.8195940852165222,-9.31485919863917e-05,-0.013974133878946304,-5.3699768614023924e-05,0,0,0,0,1,0,0,0,1,0,18
0.19943185150623322,-0.0014582672156393528,0.01407651323825121,0.0001880950730992481,0.21168439090251923,-0.001107366057112813,0.10733582079410553,0.011780688539147377,-0.00019407537183724344,2.711302158786566e-06,6.968885281821713e-05,0.0,0.8055877685546875,-0.00014644194743596017,-0.014030232094228268,-5.2950479584978893e-05,0,0,0,0,1,0,0,0,1,0,5
0.2135240137577057,-0.0013057789765298367,0.01412181742489338,0.00012587745732162148,0.22309879958629608,-0.0012954073026776314,0.11101727187633514,0.01111898198723793,-0.0001831744593800977,2.5588706193957478e-06,6.577090243808925e-05,0.0,0.7915336489677429,-0.00019928667461499572,-0.014072306454181671,-5.310120468493551e-05,0,0,0,0,1,0,0,0,1,0,16
0.22758762538433075,-0.0012173341820016503,0.013973958790302277,6.227651465451345e-05,0.23551695048809052,-0.0014140820130705833,0.13666029274463654,0.015916774049401283,2.147306440747343e-05,8.988234299067699e-07,1.2282899660931434e-05,-9.630429076423752e-07,0.7774439454078674,-0.00025280675617977977,-0.014103160239756107,-5.385807162383571e-05,0,0,0,0,1,0,0,0,1,0,0
0.24116477370262146,-0.0010370410745963454,0.013312673196196556,5.693384082405828e-06,0.2513216733932495,-0.001392776146531105,0.15771380066871643,0.015713201835751534,2.1191086489125155e-05,8.988234299067699e-07,1.2282899660931434e-05,-9.630429076423752e-07,0.763327956199646,-0.00030669436091557145,-0.014125599525868893,-5.209747178014368e-05,0,0,0,0,1,0,0,0,1,0,13
0.25447729229927063,0.0007004057988524437,0.013312689028680325,3.3214616905752337e-06,0.2666681110858917,-0.0013729291968047619,0.12169547379016876,0.014493783004581928,1.5940669982228428e-05,4.634405286196852e-07,4.097482451470569e-05,-1.2733747212223534e-07,0.7491923570632935,-0.0003523336781654507,-0.014143130742013454,-4.034832454635762e-05,0,0,0,0,1,0,0,0,1,0,0
0.26778995990753174,0.001016146270558238,0.013312697410583496,9.482557175033435e-07,0.28235700726509094,-0.00113308138679713,0.1742367297410965,0.015752393752336502,0.0002633905678521842,4.0487327623850433e-07,-7.757118396511942e-07,1.8028227088962012e-07,0.7350420355796814,-0.0003862016601487994,-0.014155752956867218,-2.8561302315210924e-05,0,0,0,0,1,0,0,0,1,0,7
0.28118664026260376,0.0010013086721301079,0.013516930863261223,-4.796623034053482e-05,0.2979988157749176,-0.0008715346339158714,0.1347707211971283,0.01555195078253746,0.0002600571315269917,4.0487327623850433e-07,-7.757118396511942e-07,1.8028227088962012e-07,0.7208807468414307,-0.0004012787248939276,-0.01416557002812624,-1.2169579122200957e-06,0,0,0,0,0,0,1,0,1,0,6
0.29483333230018616,0.0008800413925200701,0.013742377050220966,-0.0001832566485973075,0.3125383257865906,-0.000629585178103298,0.13702881336212158,0.014029093086719513,0.00023286580108106136,-9.924951882567257e-07,3.129049582639709e-05,1.9085771327809198e-06,0.7067112326622009,-0.0003853056696243584,-0.014171880669891834,3.0042059734114446e-05,0,0,0,0,0,1,0,0,1,0,7
0.3086709678173065,0.0006342396955005825,0.01390891894698143,-0.00026568182511255145,0.3262609839439392,-0.000402056728489697,0.11793908476829529,0.01318079698830843,0.00021800672402605414,-2.3809025151422247e-06,6.290276360232383e-05,1.172635393231758e-06,0.6925355792045593,-0.0003412446822039783,-0.014178192242980003,4.858317697653547e-05,0,0,0,0,0,0,1,0,1,0,7
0.32250943779945374,0.0005904858116991818,0.01397092454135418,-0.00021635601297020912,0.3390592932701111,-0.0001904797536553815,0.1149919331073761,0.012490350753068924,0.00020646967459470034,-2.884269633796066e-06,7.388213998638093e-05,7.289858820758166e-13,0.6783552765846252,-0.00029297531000338495,-0.014182399027049541,4.80121307191439e-05,0,0,0,0,0,0,1,0,1,0,7
0.33550921082496643,0.0016543602105230093,0.01361006312072277,0.00015642996004316956,0.3511820137500763,9.913527719618287e-06,0.10941587388515472,0.011816035024821758,0.00019532296573743224,-2.7287080683890963e-06,6.98973672115244e-05,0.0,0.6641716957092285,-0.00024527942878194153,-0.014185204170644283,4.74370717711281e-05,0,0,0,0,0,0,1,0,1,0,12
0.34852954745292664,0.0022211705800145864,0.012725241482257843,0.0006778085371479392,0.3649826645851135,0.0027574801351875067,0.15521076321601868,0.014225674793124199,0.003360981121659279,3.6201963666826487e-06,1.611016887181904e-05,1.7479993402957916e-05,0.6499854326248169,-0.00018485407053958625,-0.014186606742441654,7.105233817128465e-05,0,0,0,0,0,0,1,0,1,0,2
0.3609176278114319,0.003835872281342745,0.01214847806841135,0.0023421344812959433,0.37910178303718567,0.006092769093811512,0.11946232616901398,0.013959459029138088,0.0032939384691417217,2.3932013846206246e-06,1.7754782675183378e-05,1.8869353880290873e-05,0.6357976198196411,-0.00010081252548843622,-0.014188009314239025,9.466949995839968e-05,0,1,0,0,0,0,0,0,1,0,12
0.3727577030658722,0.006389925722032785,0.011874997988343239,0.002564546884968877,0.3921743333339691,0.009134726598858833,0.130285382270813,0.012716471217572689,0.0029448512941598892,-2.2740059648640454e-05,5.1151320803910494e-05,2.398928700131364e-05,0.6216139197349548,0.00013135910558048636,-0.014171179383993149,0.00047397566959261894,0,1,0,0,0,0,0,0,1,0,12
0.3849062919616699,0.008981588296592236,0.012358496896922588,0.0026003452949225903,0.4045092463493347,0.011982547119259834,0.11858467012643814,0.012015972286462784,0.0027701067738234997,-3.8698875869158655e-05,7.107978308340535e-05,-5.831057858785016e-12,0.6074807643890381,0.000943593739066273,-0.014091940596699715,0.0010884781368076801,0,1,0,0,0,0,0,0,1,0,0
0.3974859118461609,0.011573991738259792,0.012745927087962627,0.0025825637858361006,0.41617557406425476,0.014672059565782547,0.11102475225925446,0.011379636824131012,0.0026234097313135862,-3.6649998946813866e-05,6.73165122861974e-05,0.0,0.5934600830078125,0.0023618738632649183,-0.01396151166409254,0.0016579199582338333,0,1,0,0,0,0,0,0,1,0,12
0.41038069128990173,0.014185099862515926,0.01299942284822464,0.0026445782277733088,0.42720139026641846,0.017213892191648483,0.11248773336410522,0.010743958875536919,0.0024768642615526915,-3.4601562219904736e-05,6.355402001645416e-05,-1.1657982738888517e-11,0.5795665979385376,0.0042421589605510235,-0.013833887875080109,0.0020616648253053427,0,1,0,0,0,0,0,0,1,0,5
0.4233332872390747,0.017030144110322,0.012941759079694748,0.002654050709679723,0.4376112222671509,0.01961372420191765,0.10797764360904694,0.01013909000903368,0.0023374208249151707,-3.265400664531626e-05,5.9976860939059407e-05,8.742136355099905e-12,0.5658153891563416,0.006523999851197004,-0.013679265975952148,0.0024613081477582455,0,0,0,0,1,0,0,0,1,0,3
0.435280978679657,0.019895656034350395,0.011681132949888706,0.0020371221471577883,0.44743332266807556,0.021878059953451157,0.1113424226641655,0.009567737579345703,0.0022057045716792345,-3.081324030063115e-05,5.659583257511258e-05,0.0,0.5522823333740234,0.009299824014306068,-0.013385450467467308,0.00307055888697505,0,0,1,0,0,0,0,0,1,0,9
0.4452933967113495,0.02166944183409214,0.008467365987598896,0.0011533356737345457,0.49490293860435486,0.021478623151779175,0.370143324136734,0.06280519813299179,-0.001675280393101275,-2.4455791844957275e-06,3.878790812450461e-05,0.0018557475414127111,0.5391067862510681,0.012727542780339718,-0.012992761097848415,0.0037170483265072107,0,0,1,0,0,0,0,0,1,0,12
0.4532661437988281,0.02289264090359211,0.0073944819159805775,0.0011787174735218287,0.5560246706008911,0.01950249820947647,0.5645555853843689,0.059773873537778854,-0.002216586610302329,-2.4455791844957275e-06,3.878790812450461e-05,0.0018557475414127111,0.5265771150588989,0.016641493886709213,-0.011653058230876923,0.003738465951755643,0,0,1,0,0,0,0,0,1,0,14
0.46036356687545776,0.02370646968483925,0.006899062544107437,0.0005705647636204958,0.6142159700393677,0.017006536945700645,0.5643998384475708,0.056920282542705536,-0.002718426752835512,-2.4455791844957275e-06,3.878790812450461e-05,0.0018557475414127111,0.5169439911842346,0.01969676837325096,-0.007671819068491459,0.0023927984293550253,0,0,0,0,0,0,0,0,1,0,16
0.46664959192276,0.02422633394598961,0.00613261666148901,0.0005071813357062638,0.669635534286499,0.014031346887350082,0.3823918402194977,0.05421132594347,-0.003179046558216214,-2.4455791844957275e-06,3.878790812450461e-05,0.0018557475414127111,0.5121914148330688,0.02115986868739128,-0.002235875464975834,0.0006801774143241346,0,0,0,0,0,0,0,0,1,0,13
0.4736590087413788,0.02463107742369175,0.007703725248575211,0.00025230730534531176,0.7214683890342712,0.01069637667387724,0.13433679938316345,0.04311447590589523,-0.0028889901004731655,2.0649420093832305e-06,6.060349551262334e-05,0.0016773657407611609,0.5131303668022156,0.021136242896318436,0.003000217257067561,-0.000147956408909522,0,0,0,0,0,0,0,0,1,0,2
0.4821738004684448,0.024581536650657654,0.009089888073503971,-0.0003570902335923165,0.763737678527832,0.007664685137569904,0.26858705282211304,0.04162013158202171,-0.0031476656440645456,2.1258590550132794e-06,6.089489397709258e-05,0.0016745980829000473,0.5169992446899414,0.02106480300426483,0.004572026897221804,-4.582998371915892e-05,0,1,0,0,0,0,0,0,1,0,14
0.49149248003959656,0.024005979299545288,0.00941748358309269,-0.0006345065776258707,0.8045481443405151,0.004385708831250668,0.2130853831768036,0.040141910314559937,-0.0033822949044406414,2.1258590550132794e-06,6.089489397709258e-05,0.0016745980829000473,0.5228395462036133,0.020753653720021248,0.006483736447989941,-0.000364923442248255,0,0,0,0,0,0,0,0,1,0,3
0.5014793872833252,0.02332870289683342,0.010421736165881157,-0.0007291315123438835,0.8423888087272644,0.0010621041292324662,0.15474604070186615,0.03508549928665161,-0.0031481359619647264,8.738346878089942e-06,8.404888649238274e-05,0.0014184238389134407,0.5303117036819458,0.020320294424891472,0.007889390923082829,-0.00045096839312464,0,0,1,0,0,0,0,0,1,0,0
0.5123786330223083,0.022563640028238297,0.011273167096078396,-0.0008009082521311939,0.8769083023071289,-0.002154172398149967,0.1340492218732834,0.03404064476490021,-0.0032689645886421204,8.738346878089942e-06,8.404888649238274e-05,0.0014184238389134407,0.5390684604644775,0.01980317384004593,0.009096506051719189,-0.0005264297942630947,0,0,1,0,0,0,0,0,1,0,16
0.5240697264671326,0.021738700568675995,0.012005303055047989,-0.0008694523712620139,0.9085636138916016,-0.005236334167420864,0.1170259416103363,0.030254587531089783,-0.0029828196857124567,2.0068719095434062e-05,0.00011774822633014992,0.000948875502217561,0.5488488674163818,0.01920083723962307,0.009964141994714737,-0.0006114926072768867,0,0,1,0,0,0,0,0,1,0,18
0.5363953113555908,0.020845111459493637,0.012572524137794971,-0.0009350699838250875,0.9369524717330933,-0.008040569722652435,0.11055254191160202,0.02714592218399048,-0.0026823340449482203,3.746754373423755e-05,0.00016055804735515267,-1.1747196097811052e-11,0.5594527125358582,0.01852346397936344,0.010806781239807606,-0.0006906630005687475,0,0,1,0,0,0,0,0,1,0,18
0.5492178201675415,0.019905393943190575,0.013009343296289444,-0.0009682634845376015,0.9627969264984131,-0.010594295337796211,0.10954535752534866,0.02483179233968258,-0.0024536720011383295,3.4275817597517744e-05,0.00014688068768009543,0.0,0.5708914399147034,0.017765605822205544,0.011675368063151836,-0.0007738964632153511,0,0,1,0,0,0,0,0,1,0,11
0.562414824962616,0.018925970420241356,0.013337682001292706,-0.0010069074342027307,0.9865080714225769,-0.012937236577272415,0.10964876413345337,0.022837109863758087,-0.0022565743420273066,3.152281351503916e-05,0.00013508331903722137,1.7574242408557872e-11,0.583010196685791,0.01693701185286045,0.012256759218871593,-0.000843360205180943,0,0,1,0,0,0,0,0,1,0,18
0.5758925676345825,0.017916332930326462,0.01358424685895443,-0.0010246260790154338,1.0083701610565186,-0.01509747002273798,0.10973192751407623,0.02109881304204464,-0.002084810519590974,2.9123581043677405e-05,0.0001248019834747538,-1.75577764133239e-11,0.5956299304962158,0.01604326255619526,0.012784960679709911,-0.0009127181256189942,0,0,1,0,0,0,0,0,1,0,1
