lt_dp_posx,lt_dp_posy,lt_dp_velx,lt_dp_vely,ball_posx,ball_posy,ball_posz,ball_vel_x,ball_vel_y,ball_rot_x,ball_rot_y,ball_rot_z,rt_gk_posx,rt_gk_posy,rt_gk_velx,rt_gk_vely,action_left,action_top_left,action_top,action_top_right,action_right,action_bottom_right,action_bottom,action_bottom_left,action_sprint,action_dribble,sel_action
-1.0110293626785278,-0.0,0.0,-0.0,0.019999999552965164,-0.0,0.11061639338731766,-0.0,0.0,0.0,-0.0,0.0,1.0110293626785278,0.0,-0.0,0.0,0,0,0,0,0,0,0,0,0,0,5
0.0022227545268833637,1.214716660591364e-10,0.003935635089874268,2.5671381687075723e-11,0.019999999552965164,-0.0,0.11059734225273132,-0.0,0.0,0.0,-0.0,0.0,1.0110293626785278,0.0,-0.0,0.0,0,0,0,0,1,0,0,0,0,0,5
0.005271322093904018,-2.6352731108403304e-09,0.005585023667663336,-4.004820364222894e-10,0.019999999552965164,-0.0,0.10930104553699493,-0.0,0.0,0.0,-0.0,0.0,1.010373830795288,-5.182214032894983e-11,-0.0026071772444993258,-1.9942997253608041e-10,0,0,0,0,1,0,0,0,0,0,13
0.010625659488141537,-4.5637658097064104e-09,0.007103427313268185,-2.554758071759977e-10,0.025320498272776604,-5.634832600520667e-10,0.1260860562324524,0.008659591898322105,-9.180178284218243e-10,2.2965069516184267e-12,6.04173601459479e-06,-4.012789232843428e-12,1.0064098834991455,-2.8390467754491056e-10,-0.0046870289370417595,-2.1297859309488132e-10,0,0,0,0,1,0,0,0,1,0,16
0.01848970539867878,-4.6795465280524695e-09,0.008461274206638336,-1.3390841213656302e-10,0.03355647996068001,-1.4382255386635734e-09,0.11838945001363754,0.007918355986475945,-8.42004965750931e-10,1.176400036412284e-11,4.684515806729905e-05,0.0,1.0008678436279297,-4.2502643071706814e-10,-0.006225530058145523,-6.332499802308433e-11,0,0,0,0,1,0,0,0,1,0,13
0.027614345774054527,-4.809848963560626e-09,0.009638728573918343,-8.884844249212875e-11,0.041250068694353104,-2.2563302337630375e-09,0.1135486587882042,0.007504452485591173,-7.979922833634134e-10,1.1148005261973903e-11,4.439179610926658e-05,-6.943675111245361e-19,0.9938530325889587,6.55045184760894e-11,-0.007639211602509022,5.489023124916059e-10,0,0,0,0,1,0,0,0,1,0,0
0.03612228110432625,-6.656200479682184e-09,0.009277104400098324,-1.8268359047723948e-10,0.048517677932977676,-3.0291376074131904e-09,0.11264698207378387,0.007074202410876751,-7.522412137639378e-10,1.0508609607495778e-11,4.1845705709420145e-05,-2.0829425256238677e-18,0.9855127334594727,4.3736744781419645e-10,-0.008886702358722687,2.0825022262194182e-10,0,0,0,0,1,0,0,0,1,0,5
0.04460865631699562,-8.484513536188842e-09,0.010067443363368511,-1.1342846106821014e-10,0.05758916214108467,8.605913535575382e-06,0.13116511702537537,0.013979627750813961,2.82593955489574e-05,2.9465124384842056e-07,7.136271051422227e-06,3.4855759167840006e-07,0.9762466549873352,8.296209275115984e-10,-0.009335489943623543,8.141621266055665e-10,0,0,0,0,1,0,0,0,1,0,18
0.055106088519096375,4.77037247037515e-07,0.010675542056560516,2.4280604975501774e-06,0.07142878323793411,3.651112274383195e-05,0.13711479306221008,0.013769258745014668,2.7762731406255625e-05,2.854166609722597e-07,8.147850167006254e-06,3.5950483834312763e-07,0.9664705991744995,1.4875997100816107e-09,-0.010197303257882595,5.099691224863534e-10,0,0,0,0,1,0,0,0,1,0,16
0.06596015393733978,6.92342246111366e-06,0.011177010834217072,9.552155461278744e-06,0.08453243225812912,6.21985673205927e-05,0.12683330476284027,0.012486477382481098,2.3782886273693293e-05,-6.458757439986584e-08,4.5695003791479394e-05,4.101929391708836e-07,0.9558171629905701,1.7754865355712468e-09,-0.011003718711435795,1.0693668173189508e-10,0,0,0,0,1,0,0,0,1,0,13
0.07753842324018478,2.0731586118927225e-05,0.011883500963449478,1.7103986465372145e-05,0.09663836658000946,8.502074342686683e-05,0.1176246926188469,0.011771108955144882,2.2048556274967268e-05,-3.080120904996875e-07,6.962900806684047e-05,0.0,0.9449081420898438,6.363296733979951e-07,-0.011031066998839378,1.164803393294278e-06,0,0,0,0,1,0,0,0,1,0,13
0.08977188169956207,3.966278745792806e-05,0.012501724064350128,2.055774712061975e-05,0.10808058828115463,0.00010645325528457761,0.11083377152681351,0.011161502450704575,2.090670204779599e-05,-2.920708368492342e-07,6.602532812394202e-05,4.554409760025753e-14,0.9335045218467712,2.4503972326783696e-06,-0.011688821017742157,2.3476068236050196e-06,0,0,0,0,1,0,0,0,1,0,18
0.10254812240600586,6.3369981944561e-05,0.012981190346181393,2.649111411301419e-05,0.1188960000872612,0.00012671167496591806,0.10950885713100433,0.010538773611187935,1.9740258721867576e-05,-2.757730328539765e-07,6.234108150238171e-05,-4.5536562395158756e-14,0.9214994311332703,5.20549565408146e-06,-0.012258922681212425,2.9809773423039587e-06,0,0,0,0,1,0,0,0,1,0,18
0.11571427434682846,-0.0007769088260829449,0.013238980434834957,2.3831020371289924e-05,0.1291036754846573,0.00014583177107851952,0.11070510745048523,0.009941724129021168,1.8621918570715934e-05,-2.6014203058366547e-07,5.880753815290518e-05,-6.829461990506477e-14,0.908973217010498,8.550261554773897e-06,-0.01272664312273264,3.664060841401806e-06,0,0,0,0,1,0,0,0,1,0,18
0.12895330786705017,-0.0022525659296661615,0.013239067979156971,1.1915582035726402e-05,0.140615314245224,7.988599827513099e-05,0.13553325831890106,0.01557299867272377,-0.0002598423161543906,-6.126012408458337e-08,1.036990033753682e-05,-7.978075018399977e-07,0.896040678024292,1.2453772797016427e-05,-0.01308637484908104,3.324200633869623e-06,0,0,0,0,1,0,0,0,1,0,5
0.14219574630260468,-0.0022468690294772387,0.013272990472614765,3.3491965041321237e-06,0.15608079731464386,-0.0001781393657438457,0.15389469265937805,0.015377793461084366,-0.0002565539616625756,-6.126012408458337e-08,1.036990033753682e-05,-7.978075018399977e-07,0.8827971816062927,9.781350854609627e-06,-0.013360556215047836,-8.492943379678763e-06,0,0,0,0,1,0,0,0,1,0,16
0.15563490986824036,-0.002196631161496043,0.013562160544097424,0.00010679462866391987,0.17103396356105804,-0.00042704708175733685,0.12458185106515884,0.014172323048114777,-0.00023464793048333377,1.2913152431792696e-06,4.019002153654583e-05,-1.932192162712454e-06,0.8693169951438904,-5.813640655105701e-06,-0.013568822294473648,-2.1286265109665692e-05,0,0,0,0,1,0,0,0,1,0,16
0.16931922733783722,-0.0020076557993888855,0.013774283230304718,0.00025409332010895014,0.18478500843048096,-0.0006542741321027279,0.10572804510593414,0.013355893082916737,-0.00022030368563719094,2.1954676867608214e-06,5.991645957692526e-05,-1.4151382856653072e-06,0.8556580543518066,-3.339754039188847e-05,-0.01372589822858572,-3.3319625799776986e-05,0,0,0,0,1,0,0,0,1,0,16
0.1831846684217453,-0.001725860289297998,0.013934689573943615,0.00026497329236008227,0.19769737124443054,-0.0008670638198964298,0.11271274089813232,0.01260455697774887,-0.000207717705052346,2.90160551230656e-06,7.455514423782006e-05,7.290113066167614e-13,0.8418644070625305,-7.396560249617323e-05,-0.013844406232237816,-4.6279936213977635e-05,0,0,0,0,1,0,0,0,1,0,5
0.19718925654888153,-0.0014969457406550646,0.014056352898478508,0.00020027445862069726,0.20992252230644226,-0.001068528858013451,0.11237554252147675,0.011916355229914188,-0.00019637640798464417,2.7433950435806764e-06,7.049003761494532e-05,3.6443049099277314e-13,0.8279698491096497,-0.00012582882482092828,-0.0139320595189929,-5.348097693058662e-05,0,0,0,0,1,0,0,0,1,0,5
0.2112855464220047,-0.0013310274807736278,0.014121859334409237,0.00013841709005646408,0.22146748006343842,-0.0012587840901687741,0.11105363070964813,0.011247918009757996,-0.0001853607827797532,2.5894830741890473e-06,6.653536547673866e-05,3.643614002093315e-13,0.8139995336532593,-0.00017877919890452176,-0.013998677022755146,-5.250342292129062e-05,0,0,0,0,1,0,0,0,1,0,16
0.22538252174854279,-0.0012291098246350884,0.014120737090706825,7.549019937869161e-05,0.2329203486442566,-0.001418543979525566,0.12036368995904922,0.016202325001358986,2.2783331587561406e-05,9.569889698468614e-07,8.313909347634763e-06,-1.1230620202695718e-06,0.7999724745750427,-0.00023070999304763973,-0.014048464596271515,-5.145312024978921e-05,0,0,0,0,1,0,0,0,1,0,5
0.23909927904605865,-0.0011891196481883526,0.013386151753365993,1.1927167179237586e-05,0.24877412617206573,-0.0013969874707981944,0.16152387857437134,0.015753796324133873,2.1391195332398638e-05,8.989440516415925e-07,1.2278042959223967e-05,-9.624997119317413e-07,0.7859027981758118,-0.0002821040397975594,-0.01408492773771286,-5.1339491619728506e-05,0,0,0,0,1,0,0,0,1,0,16
0.2524116039276123,0.000357985234586522,0.013312599621713161,3.7958748180244584e-06,0.2643519937992096,-0.00137598707806319,0.10267231613397598,0.015166591852903366,1.9513561710482463e-05,7.958136052366171e-07,1.9121653167530894e-05,-7.102553354343399e-07,0.7718015313148499,-0.0003333640634082258,-0.014112977311015129,-5.1190658268751577e-05,0,0,0,0,1,0,0,0,1,0,0
0.2657240331172943,0.0010161364916712046,0.013312522321939468,1.4232747389542055e-06,0.2798015773296356,-0.0011855685152113438,0.17040634155273438,0.01579304225742817,0.0002640736638568342,4.045866432988987e-07,-7.778239137223864e-07,1.8104755383774318e-07,0.7576766610145569,-0.00038036180194467306,-0.014134014025330544,-3.9304039091803133e-05,0,0,0,0,1,0,0,0,1,0,0
0.2790824770927429,0.0010100062936544418,0.013462585397064686,-2.7134015908814035e-05,0.29548346996307373,-0.0009233541204594076,0.1504458338022232,0.015591677278280258,0.0002607136848382652,4.045866432988987e-07,-7.778239137223864e-07,1.8104755383774318e-07,0.7435341477394104,-0.0004088097484782338,-0.014148740097880363,-1.955777406692505e-05,0,0,0,0,1,0,0,0,1,0,13
0.29268333315849304,0.0009155547013506293,0.013702932745218277,-0.0001561351091368124,0.31032794713974,-0.0006759605021215975,0.1344221979379654,0.01407252624630928,0.00023360838531516492,-9.809391485759988e-07,3.1020234018797055e-05,1.904934265439806e-06,0.7293787002563477,-0.00041741179302334785,-0.014159959740936756,7.285705123649677e-07,0,0,0,0,1,0,0,0,1,0,14
0.30648720264434814,0.000688004307448864,0.01387876644730568,-0.0002729546104092151,0.32421186566352844,-0.00044560377136804163,0.10671103000640869,0.013519799336791039,0.00022400567831937224,-1.4116085367277265e-06,4.0852839447325096e-05,1.9270405573479366e-06,0.7152137756347656,-0.00040441963938064873,-0.014168374240398407,2.3029513613437302e-05,0,0,0,0,0,0,0,0,1,0,6
0.32044389843940735,0.0004429569817148149,0.014014454558491707,-0.00021702845697291195,0.3371511399745941,-0.0002316628088010475,0.10754548758268356,0.012635797262191772,0.0002088762412313372,-2.9181892386986874e-06,7.475016900571063e-05,0.0,0.7010417580604553,-0.0003691149177029729,-0.014174685813486576,4.535028347163461e-05,0,0,0,0,0,1,0,0,1,0,7
0.33353251218795776,0.0014054286293685436,0.013691570609807968,0.00015737237117718905,0.3494088053703308,-2.9037024432909675e-05,0.11276651173830032,0.01195143349468708,0.00019756334950216115,-2.7599380700848997e-06,7.069655111990869e-05,0.0,0.6868640780448914,-0.0003192640724591911,-0.014179594814777374,5.038878589402884e-05,0,0,0,0,0,0,1,0,1,0,12
0.34656211733818054,0.002101719845086336,0.013037989847362041,0.0003355185326654464,0.36273258924484253,0.00208508362993598,0.15035368502140045,0.014260595664381981,0.0033694044686853886,3.6201511193212355e-06,1.6110083379317075e-05,1.7479884263593704e-05,0.6726824045181274,-0.00026848362176679075,-0.014183100312948227,5.1100643759127706e-05,0,0,0,0,0,0,1,0,1,0,7
0.3590753972530365,0.003386939875781536,0.01239776611328125,0.0019756159745156765,0.3768967390060425,0.005431510973721743,0.1345832198858261,0.014085211791098118,0.003327844897285104,3.6201511193212355e-06,1.6110083379317075e-05,1.7479884263593704e-05,0.6584987044334412,-0.00017319295147899538,-0.01418099645525217,0.00022700642875861377,0,0,0,0,0,0,1,0,1,0,5
0.37098395824432373,0.005877894349396229,0.011766658164560795,0.002545606577768922,0.3902234137058258,0.008544874377548695,0.13146385550498962,0.012800402007997036,0.0029664048925042152,-2.1424861188279465e-05,4.942740633850917e-05,2.4914461391745135e-05,0.6443313956260681,0.00029494642512872815,-0.01415084395557642,0.0006652945303358138,0,0,0,0,1,0,0,0,1,0,6
0.3830345869064331,0.00846150703728199,0.012268739752471447,0.002599931787699461,0.4026968777179718,0.01142739225178957,0.11832620203495026,0.012131649069488049,0.002796776592731476,-3.9069920603651553e-05,7.176122744567692e-05,5.831256484623015e-12,0.6302126049995422,0.0012006779434159398,-0.014087732881307602,0.0011021627578884363,0,0,0,0,0,1,0,0,1,0,12
0.39553558826446533,0.011057214811444283,0.01267580408602953,0.002587796887382865,0.41448986530303955,0.01414609607309103,0.11485911905765533,0.011504095047712326,0.0026521040126681328,-3.704997288878076e-05,6.805108569096774e-05,-5.8301983033026694e-12,0.6161601543426514,0.0024791026953607798,-0.014021116308867931,0.001422408502548933,0,0,0,0,0,1,0,0,1,0,12
0.4083782434463501,0.013656959868967533,0.012956647202372551,0.0026292065158486366,0.4256429970264435,0.016717301681637764,0.11186166107654572,0.010865462012588978,0.002504877047613263,-3.499162630760111e-05,6.427042535506189e-05,-5.829178285898795e-12,0.6021841764450073,0.004076858051121235,-0.013936267234385014,0.0017409297870472074,0,0,0,0,0,1,0,0,1,0,14
0.4213826060295105,0.01640917919576168,0.013046467676758766,0.002675442025065422,0.4361737370491028,0.019145004451274872,0.11103268712759018,0.01025848276913166,0.0023649469949305058,-3.30378461512737e-05,6.068185030017048e-05,0.0,0.588308572769165,0.006010598503053188,-0.013816356658935547,0.0021103965118527412,0,0,0,0,0,0,0,0,1,0,2
0.43359342217445374,0.019390055909752846,0.011752490885555744,0.0020900643430650234,0.4461106061935425,0.021435804665088654,0.10831203311681747,0.009679327718913555,0.002231431193649769,-3.117326195933856e-05,5.725707524106838e-05,-8.741161440506406e-12,0.5745777487754822,0.00834187213331461,-0.013657176867127419,0.0025112947914749384,0,1,0,0,0,0,0,0,1,0,3
0.444156289100647,0.02143057808279991,0.009226448833942413,0.0013418032322078943,0.48224785923957825,0.023099295794963837,0.29134535789489746,0.06215677410364151,0.0010978605132550001,1.3075701872367063e-06,4.405757863423787e-05,0.0003423883463256061,0.5610976219177246,0.011046072468161583,-0.012953491881489754,0.0027428260073065758,0,0,1,0,0,0,0,0,1,0,8
0.4523825943470001,0.022656822577118874,0.0073944819159805775,0.0011787317926064134,0.5427942872047424,0.024102404713630676,0.48809298872947693,0.05925541743636131,0.0009280003141611814,1.3075701872367063e-06,4.405757863423787e-05,0.0003423883463256061,0.5501488447189331,0.013592874631285667,-0.008959279395639896,0.002387009095400572,0,0,0,0,0,0,0,1,1,0,11
0.4595790505409241,0.023592276498675346,0.006899062544107437,0.0005705647636204958,0.6005292534828186,0.02494439296424389,0.478450745344162,0.05651206150650978,0.0007739207940176129,1.3075701872367063e-06,4.405757863423787e-05,0.0003423883463256061,0.5442866683006287,0.01596311666071415,-0.0032098854426294565,0.0025390724185854197,0,0,0,0,0,0,0,1,1,0,0
0.4660184383392334,0.024124806746840477,0.00613261666148901,0.0005071813357062638,0.6555929780006409,0.02564057521522045,0.2760215997695923,0.05389586091041565,0.0006347328890115023,1.3075701872367063e-06,4.405757863423787e-05,0.0003423883463256061,0.5436316728591919,0.01890963688492775,0.001777270226739347,0.002721308497712016,0,0,0,0,0,0,0,1,1,0,7
0.47272104024887085,0.02462806925177574,0.007385716773569584,0.00047561083920300007,0.7045415639877319,0.026156241074204445,0.19901208579540253,0.04442702233791351,0.00041645573219284415,6.768968319192936e-07,6.368604954332113e-05,0.0003205097164027393,0.5477240085601807,0.02098779007792473,0.005411400459706783,0.0015478812856599689,0,0,0,0,0,0,1,0,1,0,13
0.4808965027332306,0.025001846253871918,0.008790633641183376,0.0002643423213157803,0.7481293082237244,0.026524100452661514,0.22313356399536133,0.04289383441209793,0.00032939581433311105,6.768968319192936e-07,6.368604954332113e-05,0.0003205097164027393,0.5540996193885803,0.02216934785246849,0.007074370048940182,0.001040771254338324,0,0,0,0,0,0,1,0,1,0,1
0.4901387691497803,0.025128519162535667,0.009334437549114227,7.916865433799103e-05,0.7894374132156372,0.02680317871272564,0.13264569640159607,0.03776196762919426,0.00022007386723998934,1.6529941149201477e-07,8.695853466633707e-05,0.0002801587397698313,0.5619571208953857,0.02306717447936535,0.008471923880279064,0.0007469545817002654,1,0,0,0,0,0,0,0,1,0,16
0.4999558627605438,0.025205444544553757,0.010277243331074715,7.477673352696002e-05,0.8264721632003784,0.0269925594329834,0.12287004292011261,0.03643175959587097,0.00016520472127012908,1.381028056357536e-07,8.83465982042253e-05,0.0002773206797428429,0.5710245370864868,0.023578522726893425,0.00932427030056715,0.00029343165806494653,1,0,0,0,0,0,0,0,1,0,11
0.5107288360595703,0.025274768471717834,0.011152379214763641,6.46239859634079e-05,0.8598960041999817,0.02712189592421055,0.11057982593774796,0.031760960817337036,0.00010928896517725661,-5.394023787630431e-07,0.00012867155601270497,0.0001786517386790365,0.5805010199546814,0.023842576891183853,0.00982214417308569,0.0002504821168258786,1,0,0,0,0,0,0,0,1,0,15
0.5223296284675598,0.025340678170323372,0.011939160525798798,6.599289190489799e-05,0.8896355032920837,0.02721727266907692,0.11182273179292679,0.028449341654777527,8.946760499384254e-05,-1.249839442607481e-06,0.00016828511434141546,-7.348561863185221e-13,0.5908154249191284,0.024067603051662445,0.010693774558603764,0.0002019713429035619,1,0,0,0,0,0,0,0,0,0,0
0.5346176028251648,0.025405170395970345,0.012549582868814468,6.294136255746707e-05,0.9166976809501648,0.027302375063300133,0.10939531773328781,0.02597811631858349,8.16960891825147e-05,-1.141228381129622e-06,0.0001536611234769225,1.1004610851045316e-12,0.6017091870307922,0.024246610701084137,0.010803166776895523,0.00016292887448798865,1,0,0,0,0,0,0,0,0,0,6
0.5474349856376648,0.02546706236898899,0.013016953133046627,6.211431173142046e-05,0.9414759278297424,0.02738029509782791,0.10960818082094193,0.02384391985833645,7.498444756492972e-05,-1.0474785767655703e-06,0.0001410382246831432,-3.6634142442683315e-13,0.6128383278846741,0.024399571120738983,0.011438481509685516,0.0001461311912862584,0,0,0,0,0,1,0,0,0,0,16
0.5606548190116882,0.02552936226129532,0.013370373286306858,6.231394945643842e-05,0.9642804861068726,0.027452008798718452,0.10970275849103928,0.021992206573486328,6.916119309607893e-05,-9.661390549808857e-07,0.0001300861913478002,-5.489397456558132e-13,0.62460857629776,0.024536199867725372,0.01203242503106594,0.00013286987086758018,0,0,0,0,0,1,0,0,0,0,6
0.5741777420043945,0.025591662153601646,0.013635789975523949,6.242802191991359e-05,0.9853625297546387,0.02751830592751503,0.10977185517549515,0.02036786638200283,6.405296153388917e-05,-8.947852165874792e-07,0.00012047872587572783,0.0,0.6369367837905884,0.024667270481586456,0.01255063433200121,0.00012793608766514808,0,0,0,0,0,1,0,0,0,0,18
0.5879271030426025,0.02565462328493595,0.013833536766469479,6.336914520943537e-05,1.00492525100708,0.02757982537150383,0.10982340574264526,0.018929123878479004,5.9528429119382054e-05,-8.315840318573464e-07,0.00011196893319720402,0.0,0.649716317653656,0.024789854884147644,0.012951037846505642,0.0001181255720439367,0,0,0,0,0,1,0,0,0,0,18
